# X Y attrib
1.125718918613673125e+00 -4.281827898010330258e-01 9.878536621552155284e-01
6.028753007728564484e-01 -2.619177110465670810e-01 9.946048937884953700e-01
1.111945631387034616e+00 -4.533176119315109887e-01 9.873699492547158840e-01
7.251645265595465517e-01 -1.459800452593339459e-01 9.907580887728142383e-01
4.322489840747749668e-01 -1.237210794987202156e-01 9.709784841028255009e-01
1.207015657286120813e+00 -4.700603261778817377e-01 9.879833066410615983e-01
8.589086101954253039e-01 -3.338394699658788212e-01 9.942763528098645942e-01
3.663727825510445513e-01 -9.059918194149069182e-02 9.685946705519414834e-01
2.301461042003820623e-01 -1.711629439501170524e-01 9.548122197891638629e-01
7.332122387221220450e-01 -2.441530314928142820e-01 9.927252491202830376e-01
3.644647278840293936e-01 -1.908186973587777946e-01 9.835944667323670565e-01
2.688002704277998589e-01 -1.864028322879767996e-01 9.872386486757345203e-01
8.141179645403306964e-01 -2.477326271247641543e-01 9.939592940722922210e-01
1.270698205900314903e+00 -4.676780351895334364e-01 9.907534698771660597e-01
8.333275447065231489e-01 -2.220866189979278926e-01 9.894503432405300503e-01
6.459416617217597079e-01 -1.440801329368312789e-01 9.881306657468990062e-01
4.509886974699695017e-01 -1.652126747784226635e-01 9.828177457230679037e-01
9.619392811603848514e-01 -4.175782363307699585e-01 9.924474120557712498e-01
1.260370610161505311e+00 -5.575179960160527859e-01 7.650760460355215953e-01
1.460807867029423335e-01 -2.019609652650828646e-01 8.631280205769770175e-01
5.873366761740612674e-01 -1.743212634355797985e-01 9.854948289682046170e-01
7.207963252011824196e-01 -1.375427103754750524e-01 9.913008183537074247e-01
1.134793464748224956e+00 -4.439873996786668497e-01 9.884197575389197521e-01
7.724238208365958869e-01 -2.919655626842120322e-01 9.940862152666546381e-01
1.186045885813215683e+00 -4.938662008771146916e-01 9.859874657183045343e-01
1.141211441006835692e+00 -4.733122055947104334e-01 9.877219601859745790e-01
6.011014444346889363e-01 -2.479968956223710386e-01 9.945816266643787706e-01
1.134124882583806837e+00 -4.696034446072591129e-01 9.853568073219775014e-01
4.336991637053495552e-01 -1.199411556136961432e-01 9.699165497641312195e-01
8.856324865599658480e-01 -3.576974321412410562e-01 9.930860073595356718e-01
5.616697730295941327e+00 -3.191359521688613921e+00 9.969101455913828014e-01
4.825890731529041133e+00 -2.801281224256722879e+00 9.893324292682550425e-01
4.837393434324017250e+00 -2.925534725982109396e+00 9.966201730493451372e-01
6.012089938527255484e+00 -3.193111908666154797e+00 9.977703850107492167e-01
4.336576865564968131e+00 -2.659094416283074302e+00 9.969928008960216026e-01
4.052231527829361468e+00 -2.512395299826099215e+00 9.969083730658705456e-01
5.556424755217244993e+00 -3.256914140419962855e+00 9.972483920914723132e-01
4.646856418197067740e+00 -2.812739420545772084e+00 9.950271950818995181e-01
4.131212992020437014e+00 -2.510632295349201293e+00 9.968859263148247551e-01
4.162047992429386056e+00 -2.450125791348118920e+00 9.878781995510014236e-01
5.726995746843298818e+00 -3.170784066984089655e+00 9.966391358709130177e-01
5.046681994356875478e+00 -3.036133853953514539e+00 9.971820821811383517e-01
4.030053719132597578e+00 -2.405974338699880199e+00 9.953396256358745253e-01
4.118199783286145887e+00 -2.475885793442034188e+00 9.963690776027288587e-01
4.762350462284469899e+00 -2.750423096943440449e+00 9.898806619960400788e-01
5.252061891192532528e+00 -3.111040584028732514e+00 9.972541019513931904e-01
5.232733762160407309e+00 -3.149868831095026245e+00 9.973446818654261303e-01
5.674819157084169063e+00 -3.344472315414248609e+00 9.974231731831008085e-01
5.937833550713710551e+00 -3.243827551100988860e+00 9.976377623172761888e-01
4.335513405573147239e+00 -2.539133783332824912e+00 9.870444229393688929e-01
5.095351955026909962e+00 -3.156107060711875523e+00 9.972684554202074780e-01
4.753428927317226993e+00 -2.865270428598847730e+00 9.951524737381078900e-01
5.825075502616156697e+00 -3.184370552088368722e+00 9.975434985333028193e-01
4.308437355298229576e+00 -2.433648880128271408e+00 9.847362455527710612e-01
5.712099448734125673e+00 -3.294381524763764002e+00 9.976661278118482690e-01
4.964985029235601033e+00 -3.017285311233984135e+00 9.978058182503047879e-01
4.395522019280470261e+00 -2.667437244520511008e+00 9.967845487427481332e-01
4.256716089046062024e+00 -2.607964930972999973e+00 9.970607274241130025e-01
5.809969022540249384e+00 -3.262745516384848887e+00 9.976245543050744624e-01
6.265425018007158897e+00 -2.946727686542500280e+00 9.911487547244046681e-01
4.879046095564968155e+00 -2.902392544488068271e+00 9.901365785193899649e-01
5.776067032521780220e+00 -3.235603170984605370e+00 9.972605464288720745e-01
5.369107724186411801e+00 -3.195315927592513816e+00 9.972956897829141631e-01
4.330591020468302688e+00 -2.628545758198018945e+00 9.971197826497970595e-01
5.161106773786075408e+00 -3.242272283677708256e+00 9.974344048223831027e-01
5.814729477613637343e+00 -3.137349883213669255e+00 9.939420322418334175e-01
5.523408184564253531e+00 -3.121463693899851233e+00 9.947273962639492373e-01
5.695595431346134774e+00 -3.109959173433485269e+00 9.935958801835557130e-01
6.167460291893108959e+00 -3.023567490000889091e+00 9.930006396453655571e-01
4.120100948954526388e+00 -2.439039127695115550e+00 9.906682392299001050e-01
5.463760208975379840e+00 -3.131570871241798670e+00 9.955042316809826763e-01
4.208159894949652369e+00 -2.501975318824877892e+00 9.916667671196008893e-01
4.687579943254938541e+00 -2.829995607272615121e+00 9.938841126652703251e-01
5.992043674957537647e+00 -3.159484980111431085e+00 9.974156152549313870e-01
4.006144957317872013e+00 -2.444381398004407568e+00 9.974276505523069769e-01
4.911253294012395187e+00 -2.960990348761019852e+00 9.958216643598628570e-01
5.024182568174069274e+00 -3.084177158909290117e+00 9.973455254829091121e-01
6.040803229045209832e+00 -3.143934818767995409e+00 9.967550730513594637e-01
4.856444578568636317e+00 -2.921504928068022977e+00 9.954886458225303825e-01
4.293135196192331193e+00 -2.613610015255798835e+00 9.974949848846883516e-01
5.444280220604055032e+00 -3.192970334031381086e+00 9.972890717261824189e-01
4.264265168456971011e+00 -2.591296266707895590e+00 9.972154785607889593e-01
5.722809318210970275e+00 -3.301487726729189998e+00 9.976779545910953173e-01
5.799243575631878755e+00 -3.271971061558999416e+00 9.975197528006142234e-01
6.016588381841422972e+00 -3.056137542016050368e+00 9.901623678906815718e-01
4.158025550691165861e+00 -2.449949655395235570e+00 9.885388919738167246e-01
4.361958773345751439e+00 -2.527282136439680471e+00 9.805567065779712266e-01
4.304593857132022805e+00 -2.519174049964622242e+00 9.899470108400616475e-01
6.235798410780290624e+00 -3.072735122862070956e+00 9.955970026602612988e-01
4.460606532607517494e+00 -2.655293441298443913e+00 9.897593268966905500e-01
6.222525399338795893e+00 -2.992073553233137062e+00 9.908362259504023273e-01
4.323619391778496635e+00 -2.541617704976486092e+00 9.866092551068417205e-01
4.664032029867362539e+00 -2.864679152578479826e+00 9.972620602567153769e-01
