# X mu var std 2std
-1.731812249505963575e+00 -2.054812648550088383e+00 4.258717772956822911e-02 2.063666100161754002e-01 4.127332200323508005e-01
-1.727040759632686440e+00 -2.143882214394725594e+00 3.995315463915870280e-02 1.998828522889312398e-01 3.997657045778624796e-01
-1.722269269759409083e+00 -2.212049144622827868e+00 3.805690823157444058e-02 1.950817988218645771e-01 3.901635976437291542e-01
-1.717497779886131948e+00 -2.258009538627545165e+00 3.703065396289389327e-02 1.924335053022053488e-01 3.848670106044106975e-01
-1.712726290012854813e+00 -2.281474473227507183e+00 3.694408821836931561e-02 1.922084499140693792e-01 3.844168998281387584e-01
-1.707954800139577456e+00 -2.283219943498736360e+00 3.779419043035841391e-02 1.944072797771688732e-01 3.888145595543377464e-01
-1.703183310266300321e+00 -2.265065622071179785e+00 3.950314292523693371e-02 1.987539758727782935e-01 3.975079517455565870e-01
-1.698411820393023186e+00 -2.229780934236058609e+00 4.192460048884535245e-02 2.047549767132544052e-01 4.095099534265088104e-01
-1.693640330519745829e+00 -2.180922988140397756e+00 4.485720783807978229e-02 2.117952025851383147e-01 4.235904051702766293e-01
-1.688868840646468694e+00 -2.122616692980007880e+00 4.806321652537446504e-02 2.192332468522383282e-01 4.384664937044766564e-01
-1.684097350773191559e+00 -2.059292386792166862e+00 5.128950846208447240e-02 2.264718712380954235e-01 4.529437424761908471e-01
-1.679325860899914202e+00 -1.995400011818566188e+00 5.428836847982470432e-02 2.329986448025496704e-01 4.659972896050993407e-01
-1.674554371026637067e+00 -1.935120987773417234e+00 5.683588597157711308e-02 2.384027809644365670e-01 4.768055619288731339e-01
-1.669782881153359932e+00 -1.882099273061582423e+00 5.874670314322393005e-02 2.423771918791533808e-01 4.847543837583067616e-01
-1.665011391280082576e+00 -1.839211671376355328e+00 5.988470171869385295e-02 2.447135094732079685e-01 4.894270189464159371e-01
-1.660239901406805441e+00 -1.808394393444691328e+00 6.016988739990711266e-02 2.452955103541585580e-01 4.905910207083171160e-01
-1.655468411533528306e+00 -1.790538508298791909e+00 5.958203830292733982e-02 2.440943225536541250e-01 4.881886451073082500e-01
-1.650696921660250949e+00 -1.785461597984919324e+00 5.816160709066851842e-02 2.411671766444773157e-01 4.823343532889546315e-01
-1.645925431786973814e+00 -1.791957103918261351e+00 5.600801460257565090e-02 2.366601246568074690e-01 4.733202493136149380e-01
-1.641153941913696679e+00 -1.807916982229347713e+00 5.327504488656556458e-02 2.308138749871107009e-01 4.616277499742214019e-01
-1.636382452040419322e+00 -1.830517816736238812e+00 5.016277196894736168e-02 2.239704711986545693e-01 4.479409423973091386e-01
-1.631610962167142187e+00 -1.856455876884145484e+00 4.690549271438456541e-02 2.165767594050307387e-01 4.331535188100614775e-01
-1.626839472293865052e+00 -1.882213092995368209e+00 4.375557451871984332e-02 2.091783318575799466e-01 4.183566637151598933e-01
-1.622067982420587695e+00 -1.904333803691077520e+00 4.096388263500542332e-02 2.023953621874904074e-01 4.047907243749808148e-01
-1.617296492547310560e+00 -1.919691557248576430e+00 3.875833981969698666e-02 1.968713788738652160e-01 3.937427577477304319e-01
-1.612525002674033425e+00 -1.925726250240459514e+00 3.732293263358842789e-02 1.931914403735021379e-01 3.863828807470042759e-01
-1.607753512800756068e+00 -1.920634371978736210e+00 3.677986461889572872e-02 1.917807722867329867e-01 3.835615445734659734e-01
-1.602982022927478933e+00 -1.903498883661407737e+00 3.717740368243797888e-02 1.928144280971680335e-01 3.856288561943360671e-01
-1.598210533054201798e+00 -1.874349985766879279e+00 3.848525773939255601e-02 1.961765983480001085e-01 3.923531966960002171e-01
-1.593439043180924442e+00 -1.834153328652434745e+00 4.059817262585968534e-02 2.014898821922820049e-01 4.029797643845640098e-01
-1.588667553307647307e+00 -1.784727670169546698e+00 4.334713539955561273e-02 2.081997487980127570e-01 4.163994975960255140e-01
-1.583896063434370172e+00 -1.728599149689274972e+00 4.651639214972237701e-02 2.156765915664525246e-01 4.313531831329050492e-01
-1.579124573561092815e+00 -1.668803838718413646e+00 4.986372501220243114e-02 2.233018697015375087e-01 4.466037394030750174e-01
-1.574353083687815680e+00 -1.608653726885142410e+00 5.314123913989785009e-02 2.305238363811817348e-01 4.610476727623634696e-01
-1.569581593814538545e+00 -1.551483590385796196e+00 5.611429243200677375e-02 2.368845550727332050e-01 4.737691101454664100e-01
-1.564810103941261188e+00 -1.500397160328760471e+00 5.857701087007657903e-02 2.420268804700762555e-01 4.840537609401525110e-01
-1.560038614067984053e+00 -1.458030661652320648e+00 6.036381433022693088e-02 2.456904848182503986e-01 4.913809696365007973e-01
-1.555267124194706918e+00 -1.426350224616947937e+00 6.135724261849584416e-02 2.477039414674216400e-01 4.954078829348432800e-01
-1.550495634321429561e+00 -1.406497048423755780e+00 6.149287948867299125e-02 2.479775786007133997e-01 4.959551572014267995e-01
-1.545724144448152426e+00 -1.398690737412607632e+00 6.076220089353449871e-02 2.464999003925447685e-01 4.929998007850895370e-01
-1.540952654574875291e+00 -1.402197178979390557e+00 5.921375253540114847e-02 2.433387608569607674e-01 4.866775217139215348e-01
-1.536181164701597934e+00 -1.415362944329642936e+00 5.695236767903043978e-02 2.386469519583906962e-01 4.772939039167813924e-01
-1.531409674828320799e+00 -1.435713725548271258e+00 5.413544711283275329e-02 2.326702540352607040e-01 4.653405080705214081e-01
-1.526638184955043664e+00 -1.460110029402802656e+00 5.096494218897032469e-02 2.257541631708490093e-01 4.515083263416980186e-01
-1.521866695081766307e+00 -1.484949478987142246e+00 4.767384799040138427e-02 2.183434175568418345e-01 4.366868351136836690e-01
-1.517095205208489173e+00 -1.506401869171287489e+00 4.450682078138679804e-02 2.109663972801990861e-01 4.219327945603981722e-01
-1.512323715335211816e+00 -1.520660803856361598e+00 4.169588101365657995e-02 2.041956929361062323e-01 4.083913858722124646e-01
-1.507552225461934681e+00 -1.524194502860983791e+00 3.943375393929762773e-02 1.985793391551538833e-01 3.971586783103077667e-01
-1.502780735588657546e+00 -1.513978341405851191e+00 3.784879983409562137e-02 1.945476801046355786e-01 3.890953602092711572e-01
-1.498009245715380189e+00 -1.487692936607158511e+00 3.698623025877565557e-02 1.923180445480237588e-01 3.846360890960475176e-01
-1.493237755842103054e+00 -1.443874086790790878e+00 3.680003554463505411e-02 1.918333535770957998e-01 3.836667071541915996e-01
-1.488466265968825919e+00 -1.382004453653221887e+00 3.715863095237408043e-02 1.927657411273436816e-01 3.855314822546873632e-01
-1.483694776095548562e+00 -1.302541295965493617e+00 3.786483739712372121e-02 1.945888933036100110e-01 3.891777866072200220e-01
-1.478923286222271427e+00 -1.206879461880226323e+00 3.868791633994455442e-02 1.966924409832379872e-01 3.933848819664759744e-01
-1.474151796348994292e+00 -1.097253804136819610e+00 3.940264555394446672e-02 1.985009963550421752e-01 3.970019927100843504e-01
-1.469380306475716935e+00 -9.765897545863986284e-01 3.982855203753762896e-02 1.995709198193404976e-01 3.991418396386809953e-01
-1.464608816602439800e+00 -8.483145638674607358e-01 3.986194627570160270e-02 1.996545673800166343e-01 3.993091347600332686e-01
-1.459837326729162665e+00 -7.161443368429766254e-01 3.949453889991053068e-02 1.987323297803116062e-01 3.974646595606232125e-01
-1.455065836855885308e+00 -5.838632494027464759e-01 3.881497370778891343e-02 1.970151611114964729e-01 3.940303222229929458e-01
-1.450294346982608173e+00 -4.551111359125826206e-01 3.799301841850880046e-02 1.949179786949084836e-01 3.898359573898169672e-01
-1.445522857109331039e+00 -3.331940595240192593e-01 3.724962781817840046e-02 1.930016264651114311e-01 3.860032529302228621e-01
-1.440751367236053682e+00 -2.209297308134338667e-01 3.681882589083521756e-02 1.918823230285562620e-01 3.837646460571125240e-01
-1.435979877362776547e+00 -1.205360470437212839e-01 3.690873222083693173e-02 1.921164548414240614e-01 3.842329096828481227e-01
-1.431208387489499412e+00 -3.356697771479449227e-02 3.766882260908537006e-02 1.940845759175245933e-01 3.881691518350491865e-01
-1.426436897616222055e+00 3.910406329143641113e-02 3.916880837060123660e-02 1.979111122969128278e-01 3.958222245938256556e-01
-1.421665407742944920e+00 9.725695480079783739e-02 4.139183153017236133e-02 2.034498255840303249e-01 4.068996511680606498e-01
-1.416893917869667785e+00 1.412603775344408730e-01 4.424168677048459508e-02 2.103370789244839723e-01 4.206741578489679445e-01
-1.412122427996390428e+00 1.719789341092163304e-01 4.756118209818083198e-02 2.180852633677498875e-01 4.361705267354997750e-01
-1.407350938123113293e+00 1.906618942715173626e-01 5.115705656746086238e-02 2.261792575977312481e-01 4.523585151954624961e-01
-1.402579448249836158e+00 1.988237595894291054e-01 5.482632617553444276e-02 2.341502213869003368e-01 4.683004427738006736e-01
-1.397807958376558801e+00 1.981261298900335588e-01 5.837947227241629261e-02 2.416184435684003984e-01 4.832368871368007968e-01
-1.393036468503281666e+00 1.902689307642173033e-01 6.165722817779870080e-02 2.483087356050904249e-01 4.966174712101808497e-01
-1.388264978630004531e+00 1.768971551998417546e-01 6.453944278795684109e-02 2.540461430290899547e-01 5.080922860581799094e-01
-1.383493488756727174e+00 1.595271268815168786e-01 6.694618807171806574e-02 2.587396144229137107e-01 5.174792288458274214e-01
-1.378721998883450039e+00 1.394941399741526922e-01 6.883261186398055564e-02 2.623596993899416363e-01 5.247193987798832726e-01
-1.373950509010172905e+00 1.179213678792350034e-01 7.017984839169215394e-02 2.649147945881696886e-01 5.298295891763393772e-01
-1.369179019136895548e+00 9.570830977226775504e-02 7.098456461562774322e-02 2.664292863324670968e-01 5.328585726649341936e-01
-1.364407529263618413e+00 7.353585077472081510e-02 7.124952718847532562e-02 2.669260706421823781e-01 5.338521412843647562e-01
-1.359636039390341278e+00 5.188428588057748814e-02 7.097706062512205982e-02 2.664152034421498061e-01 5.328304068842996122e-01
-1.354864549517063921e+00 3.106038664492331153e-02 7.016657004524454178e-02 2.648897318607207341e-01 5.297794637214414681e-01
-1.350093059643786786e+00 1.122972158101577696e-02 6.881652836923379812e-02 2.623290459884947690e-01 5.246580919769895379e-01
-1.345321569770509651e+00 -7.549102553514542603e-03 6.693054872024020718e-02 2.587093904755685680e-01 5.174187809511371361e-01
-1.340550079897232294e+00 -2.529092542461785359e-02 6.452642812643959169e-02 2.540205269785093534e-01 5.080410539570187067e-01
-1.335778590023955159e+00 -4.205307545795781282e-02 6.164641240546991918e-02 2.482869557698710872e-01 4.965739115397421743e-01
-1.331007100150678024e+00 -5.790795642036305341e-02 5.836647077888360707e-02 2.415915370597314649e-01 4.831830741194629297e-01
-1.326235610277400667e+00 -7.291938211739862341e-02 5.480218267652629816e-02 2.340986601339834494e-01 4.681973202679668988e-01
-1.321464120404123532e+00 -8.712222480706716121e-02 5.110903260239761658e-02 2.260730691665807646e-01 4.521461383331615291e-01
-1.316692630530846175e+00 -1.005045175848591349e-01 4.747555270158904800e-02 2.178888540095363646e-01 4.357777080190727292e-01
-1.311921140657569040e+00 -1.129909901122191224e-01 4.410884177481755319e-02 2.100210507897185830e-01 4.200421015794371660e-01
-1.307149650784291905e+00 -1.244271507936819537e-01 4.121341148829615192e-02 2.030108654439366500e-01 4.060217308878733000e-01
-1.302378160911014549e+00 -1.345634601096915017e-01 3.896583979579225365e-02 1.973976691751760659e-01 3.947953383503521319e-01
-1.297606671037737414e+00 -1.430398396034696651e-01 3.748903761374732663e-02 1.936208604818895063e-01 3.872417209637790125e-01
-1.292835181164460279e+00 -1.493716611804989935e-01 3.683072259486680489e-02 1.919133205248317320e-01 3.838266410496634640e-01
-1.288063691291182922e+00 -1.529393533989631127e-01 3.695066420325139600e-02 1.922255555415340600e-01 3.844511110830681200e-01
-1.283292201417905787e+00 -1.529846983617142997e-01 3.772027411492275689e-02 1.942170798743580173e-01 3.884341597487160347e-01
-1.278520711544628652e+00 -1.486175981955187575e-01 3.893621757115162813e-02 1.973226230596776543e-01 3.946452461193553085e-01
-1.273749221671351295e+00 -1.388373747455314000e-01 4.034718331460016710e-02 2.008660830369332628e-01 4.017321660738665257e-01
-1.268977731798074160e+00 -1.225723527336618907e-01 4.169023039091805660e-02 2.041818561746318872e-01 4.083637123492637744e-01
-1.264206241924797025e+00 -9.874043053857080310e-02 4.273080335761381826e-02 2.067143037083157830e-01 4.134286074166315661e-01
-1.259434752051519668e+00 -6.633150514473480641e-02 4.329915089663739780e-02 2.080844801916697517e-01 4.161689603833395035e-01
-1.254663262178242533e+00 -2.451003638421222000e-02 4.331594432830140201e-02 2.081248287165695099e-01 4.162496574331390198e-01
-1.249891772304965398e+00 2.726711375102993523e-02 4.280155945348271956e-02 2.068853775729032063e-01 4.137707551458064126e-01
-1.245120282431688041e+00 8.912583797018980292e-02 4.186658691100504648e-02 2.046132618160539651e-01 4.092265236321079303e-01
-1.240348792558410906e+00 1.606544427848372314e-01 4.068511418440509675e-02 2.017055135200946647e-01 4.034110270401893295e-01
-1.235577302685133771e+00 2.408018677018820553e-01 3.945629723548685353e-02 1.986360924794053073e-01 3.972721849588106147e-01
-1.230805812811856415e+00 3.278098609549513487e-01 3.836268873604314206e-02 1.958639546625237093e-01 3.917279093250474187e-01
-1.226034322938579280e+00 4.191941637109199981e-01 3.753481349545724488e-02 1.937390345166849492e-01 3.874780690333698985e-01
-1.221262833065302145e+00 5.117874045277652773e-01 3.703009840476410158e-02 1.924320617900356634e-01 3.848641235800713267e-01
-1.216491343192024788e+00 6.018519562320607807e-01 3.683063814076285858e-02 1.919131004928086026e-01 3.838262009856172052e-01
-1.211719853318747653e+00 6.852646530899685340e-01 3.685927779111860397e-02 1.919877021871937706e-01 3.839754043743875411e-01
-1.206948363445470518e+00 7.577675139655374315e-01 3.700851797011146804e-02 1.923759807515258990e-01 3.847519615030517981e-01
-1.202176873572193161e+00 8.152702625785133161e-01 3.717332765053057292e-02 1.928038579762618998e-01 3.856077159525237996e-01
-1.197405383698916026e+00 8.541824885908579912e-01 3.727823451922232523e-02 1.930757222418767183e-01 3.861514444837534366e-01
-1.192633893825638891e+00 8.717468555021314902e-01 3.729137097334038475e-02 1.931097381628911758e-01 3.862194763257823515e-01
-1.187862403952361534e+00 8.663408756512368525e-01 3.722277725942643029e-02 1.929320534784887131e-01 3.858641069569774262e-01
-1.183090914079084399e+00 8.377142566206531304e-01 3.710963952199022864e-02 1.926386241696877999e-01 3.852772483393755998e-01
-1.178319424205807264e+00 7.871321227354065586e-01 3.699537702904595604e-02 1.923418234005437322e-01 3.846836468010874643e-01
-1.173547934332529907e+00 7.174014983930362410e-01 3.691106528833678485e-02 1.921225267591928909e-01 3.842450535183857818e-01
-1.168776444459252772e+00 6.327687578816163505e-01 3.686603860604756311e-02 1.920053087965214733e-01 3.840106175930429466e-01
-1.164004954585975637e+00 5.386882706917137664e-01 3.685032995512311366e-02 1.919643976239425454e-01 3.839287952478850907e-01
-1.159233464712698281e+00 4.414758084713192865e-01 3.684654567266330838e-02 1.919545406409114141e-01 3.839090812818228282e-01
-1.154461974839421146e+00 3.478728486209115012e-01 3.684485720585770757e-02 1.919501425002276551e-01 3.839002850004553102e-01
-1.149690484966144011e+00 2.645581564330286017e-01 3.685358799619301018e-02 1.919728834918958404e-01 3.839457669837916809e-01
-1.144918995092866654e+00 1.976496451721162506e-01 3.689985664531163917e-02 1.920933539852736349e-01 3.841867079705472698e-01
-1.140147505219589519e+00 1.522416282660457865e-01 3.701909530935451609e-02 1.924034701073619180e-01 3.848069402147238360e-01
-1.135376015346312384e+00 1.320198759454413728e-01 3.723722084593683590e-02 1.929694816439553873e-01 3.859389632879107745e-01
-1.130604525473035027e+00 1.389896604893905707e-01 3.755277699822584525e-02 1.937853890215303354e-01 3.875707780430606708e-01
-1.125833035599757892e+00 1.733410690994883485e-01 3.792703409786159913e-02 1.947486433787450066e-01 3.894972867574900133e-01
-1.121061545726480757e+00 2.334625659712425971e-01 3.828750648210989260e-02 1.956719358572145684e-01 3.913438717144291368e-01
-1.116290055853203400e+00 3.160996324907942023e-01 3.854554544654523185e-02 1.963301949434809457e-01 3.926603898869618914e-01
-1.111518565979926265e+00 4.166418853270420497e-01 3.862336717616778048e-02 1.965282859442064600e-01 3.930565718884129200e-01
-1.106747076106648908e+00 5.295107808120117499e-01 3.848202965958692767e-02 1.961683706910645753e-01 3.923367413821291505e-01
-1.101975586233371773e+00 6.486119402488706998e-01 3.814087550418709255e-02 1.952968906669716731e-01 3.905937813339433462e-01
-1.097204096360094638e+00 7.678119081175119875e-01 3.768117263162148317e-02 1.941163893946656893e-01 3.882327787893313786e-01
-1.092432606486817281e+00 8.813989297064467321e-01 3.723136679035832231e-02 1.929543127021480231e-01 3.859086254042960462e-01
-1.087661116613540147e+00 9.844907942399665490e-01 3.693696883699942174e-02 1.921899290727779597e-01 3.843798581455559193e-01
-1.082889626740263012e+00 1.073359252348244031e+00 3.692285780794914152e-02 1.921532144096193273e-01 3.843064288192386546e-01
-1.078118136866985655e+00 1.145649060637068173e+00 3.725825389682217714e-02 1.930239723371741656e-01 3.860479446743483312e-01
-1.073346646993708520e+00 1.200479314908506678e+00 3.793412709701243085e-02 1.947668531783897650e-01 3.895337063567795299e-01
-1.068575157120431385e+00 1.238424436851523147e+00 3.885957581398322147e-02 1.971283232160797871e-01 3.942566464321595743e-01
-1.063803667247154028e+00 1.261381165014222816e+00 3.987870868851326606e-02 1.996965415036356384e-01 3.993930830072712768e-01
-1.059032177373876893e+00 1.272335588606018142e+00 4.080418876289822888e-02 2.020004672343562457e-01 4.040009344687124915e-01
-1.054260687500599758e+00 1.275050326067920681e+00 4.145927041486753561e-02 2.036154964998183325e-01 4.072309929996366651e-01
-1.049489197627322401e+00 1.273696296277813556e+00 4.171796063118769077e-02 2.042497506269902174e-01 4.084995012539804349e-01
-1.044717707754045266e+00 1.272456238973562082e+00 4.153338213868661144e-02 2.037974046416848040e-01 4.075948092833696079e-01
-1.039946217880768131e+00 1.275128383820951505e+00 4.094736561145225634e-02 2.023545542147550946e-01 4.047091084295101893e-01
-1.035174728007490774e+00 1.284758619681136249e+00 4.007901045166867987e-02 2.001974286839585671e-01 4.003948573679171341e-01
-1.030403238134213639e+00 1.303328283129119303e+00 3.909526043276120855e-02 1.977252144587564042e-01 3.954504289175128084e-01
-1.025631748260936504e+00 1.331522262710403970e+00 3.817110587805254418e-02 1.953742712796455727e-01 3.907485425592911454e-01
-1.020860258387659147e+00 1.368598385686204510e+00 3.744965153824496296e-02 1.935191244767425212e-01 3.870382489534850423e-01
-1.016088768514382012e+00 1.412373833756705777e+00 3.701222710748367645e-02 1.923856208438761706e-01 3.847712416877523411e-01
-1.011317278641104878e+00 1.459337459617248145e+00 3.686589374430038896e-02 1.920049315624481334e-01 3.840098631248962668e-01
-1.006545788767827521e+00 1.504888313588587323e+00 3.695081215993351736e-02 1.922259403928968102e-01 3.844518807857936205e-01
-1.001774298894550386e+00 1.543690648810768229e+00 3.716433126190740038e-02 1.927805261480199372e-01 3.855610522960398745e-01
-9.970028090212731398e-01 1.570124695532807424e+00 3.739398322355470122e-02 1.933752394272718056e-01 3.867504788545436112e-01
-9.922313191479960048e-01 1.578801487069758203e+00 3.754929349562130536e-02 1.937764007706338498e-01 3.875528015412676996e-01
-9.874598292747187589e-01 1.565100216646138520e+00 3.758319904631154951e-02 1.938638673046412519e-01 3.877277346092825039e-01
-9.826883394014415130e-01 1.525679444793579087e+00 3.749765801889816397e-02 1.936431202467522872e-01 3.872862404935045744e-01
-9.779168495281643780e-01 1.458910405024679280e+00 3.733345848456605387e-02 1.932186804751705456e-01 3.864373609503410911e-01
-9.731453596548871321e-01 1.365182865578155491e+00 3.714940571765500826e-02 1.927418110261886197e-01 3.854836220523772394e-01
-9.683738697816098862e-01 1.247042175057001101e+00 3.699915885140288990e-02 1.923516541426220361e-01 3.847033082852440722e-01
-9.636023799083326402e-01 1.109130181240866042e+00 3.691393970562950599e-02 1.921300073013830489e-01 3.842600146027660979e-01
-9.588308900350555053e-01 9.579217108215482002e-01 3.689630062822593648e-02 1.920840978015252998e-01 3.841681956030505996e-01
-9.540594001617782594e-01 8.012703875787137164e-01 3.692543650469531230e-02 1.921599242940507379e-01 3.843198485881014759e-01
-9.492879102885010134e-01 6.478001648019003911e-01 3.697010970847734723e-02 1.922761288056251405e-01 3.845522576112502811e-01
-9.445164204152238785e-01 5.061990447596071974e-01 3.700287616420929598e-02 1.923613167042929617e-01 3.847226334085859234e-01
-9.397449305419466326e-01 3.844860488799848319e-01 3.700975520166325389e-02 1.923791963848046904e-01 3.847583927696093808e-01
-9.349734406686693866e-01 2.893290775774071122e-01 3.699230402131759021e-02 1.923338348323497538e-01 3.846676696646995075e-01
-9.302019507953922517e-01 2.254883087649655893e-01 3.696276719580238873e-02 1.922570341906958413e-01 3.845140683813916826e-01
-9.254304609221150058e-01 1.954469904170688943e-01 3.693583175935280516e-02 1.921869708366121532e-01 3.843739416732243064e-01
-9.206589710488377598e-01 1.992701154995937529e-01 3.692135069799032387e-02 1.921492927335157475e-01 3.842985854670314949e-01
-9.158874811755606249e-01 2.347041449688206383e-01 3.692110132631544472e-02 1.921486438315801459e-01 3.842972876631602919e-01
-9.111159913022833789e-01 2.975013422204339508e-01 3.693014684563152017e-02 1.921721802073118046e-01 3.843443604146236092e-01
-9.063445014290061330e-01 3.819245971818171492e-01 3.694106027368639772e-02 1.922005730316286021e-01 3.844011460632572041e-01
-9.015730115557289981e-01 4.813669071228388607e-01 3.694825277274212116e-02 1.922192830408596675e-01 3.844385660817193351e-01
-8.968015216824517521e-01 5.890071874844730049e-01 3.695020832927702059e-02 1.922243697590839406e-01 3.844487395181678813e-01
-8.920300318091745062e-01 6.984226775108390850e-01 3.694899118734583376e-02 1.922212037922607364e-01 3.844424075845214728e-01
-8.872585419358973713e-01 8.040880295547302437e-01 3.694795730179604998e-02 1.922185144615264352e-01 3.844370289230528703e-01
-8.824870520626201253e-01 9.017105998566583569e-01 3.694933827215538674e-02 1.922221066166828474e-01 3.844442132333656947e-01
-8.777155621893428794e-01 9.883773432294160610e-01 3.695304907925119065e-02 1.922317587685530849e-01 3.844635175371061697e-01
-8.729440723160657445e-01 1.062516906210689394e+00 3.695709621242013188e-02 1.922422851830994373e-01 3.844845703661988745e-01
-8.681725824427884985e-01 1.123706567749243934e+00 3.695901100333888467e-02 1.922472652688169970e-01 3.844945305376339939e-01
-8.634010925695112526e-01 1.172373603636563955e+00 3.695732198439077160e-02 1.922428723890453328e-01 3.844857447780906656e-01
-8.586296026962340067e-01 1.209451584750635300e+00 3.695229839467988747e-02 1.922298062077779923e-01 3.844596124155559846e-01
-8.538581128229568717e-01 1.236052777388595203e+00 3.694575133643055592e-02 1.922127762049925526e-01 3.844255524099851051e-01
-8.490866229496796258e-01 1.253208669582233759e+00 3.694016878781951341e-02 1.921982538625663928e-01 3.843965077251327855e-01
-8.443151330764023799e-01 1.261713784711917308e+00 3.693765539256194802e-02 1.921917152027161346e-01 3.843834304054322693e-01
-8.395436432031252449e-01 1.262086633379526424e+00 3.693908035164097936e-02 1.921954222962684866e-01 3.843908445925369732e-01
-8.347721533298479990e-01 1.254639732915499684e+00 3.694368296980159866e-02 1.922073957208764727e-01 3.844147914417529455e-01
-8.300006634565707531e-01 1.239631799499122167e+00 3.694926850395101325e-02 1.922219251384997829e-01 3.844438502769995658e-01
-8.252291735832936181e-01 1.217462434111370007e+00 3.695301970922734713e-02 1.922316823763121074e-01 3.844633647526242148e-01
-8.204576837100163722e-01 1.188864593165326555e+00 3.695275110703739874e-02 1.922309837332093485e-01 3.844619674664186970e-01
-8.156861938367391263e-01 1.155053122963465739e+00 3.694813674394305247e-02 1.922189812269929077e-01 3.844379624539858153e-01
-8.109147039634619913e-01 1.117797518763613551e+00 3.694122596789491814e-02 1.922010040761882033e-01 3.844020081523764065e-01
-8.061432140901847454e-01 1.079401631754712598e+00 3.693569196276309807e-02 1.921866071368218409e-01 3.843732142736436819e-01
-8.013717242169074995e-01 1.042589467024852334e+00 3.693485487702266590e-02 1.921844293303249518e-01 3.843688586606499036e-01
-7.966002343436303645e-01 1.010311605578434024e+00 3.693936951850552985e-02 1.921961745678241462e-01 3.843923491356482924e-01
-7.918287444703531186e-01 9.854987050622879829e-01 3.694605060524884521e-02 1.922135546865746947e-01 3.844271093731493893e-01
-7.870572545970758727e-01 9.707953799040909271e-01 3.694910439065163255e-02 1.922214982530612570e-01 3.844429965061225141e-01
-7.822857647237987377e-01 9.683089515170298922e-01 3.694390318659110384e-02 1.922079685824474582e-01 3.844159371648949164e-01
-7.775142748505214918e-01 9.794035266547573837e-01 3.693183092115556732e-02 1.921765618413326937e-01 3.843531236826653874e-01
-7.727427849772442459e-01 1.004561859096613663e+00 3.692353672928193331e-02 1.921549810160588512e-01 3.843099620321177023e-01
-7.679712951039671109e-01 1.043327224316964674e+00 3.693801432735801388e-02 1.921926489940705696e-01 3.843852979881411391e-01
-7.631998052306898650e-01 1.094326957494743402e+00 3.699654655682600018e-02 1.923448636091590613e-01 3.846897272183181227e-01
-7.584283153574126191e-01 1.155370013600567347e+00 3.711312544718071288e-02 1.926476717927852744e-01 3.852953435855705488e-01
-7.536568254841353731e-01 1.223604059696350221e+00 3.728522984140743984e-02 1.930938368809513306e-01 3.861876737619026612e-01
-7.488853356108582382e-01 1.295713742873773056e+00 3.748952553064570370e-02 1.936221204579830768e-01 3.872442409159661536e-01
-7.441138457375809923e-01 1.368140821574384214e+00 3.768552873561407252e-02 1.941276094109595507e-01 3.882552188219191014e-01
-7.393423558643037463e-01 1.437308246321176819e+00 3.782700900692971546e-02 1.944916682198230273e-01 3.889833364396460547e-01
-7.345708659910266114e-01 1.499833184744164827e+00 3.787731716512857116e-02 1.946209576719027667e-01 3.892419153438055335e-01
-7.297993761177493655e-01 1.552717499808322410e+00 3.782262516222267140e-02 1.944803978868376027e-01 3.889607957736752053e-01
-7.250278862444721195e-01 1.593507541838975916e+00 3.767743471747453388e-02 1.941067611328222975e-01 3.882135222656445950e-01
-7.202563963711949846e-01 1.620417811478543246e+00 3.747967223393453007e-02 1.935966741293210502e-01 3.871933482586421005e-01
-7.154849064979177387e-01 1.632414928385231612e+00 3.727703510735985715e-02 1.930726161509183358e-01 3.861452323018366717e-01
-7.107134166246404927e-01 1.629259536087154236e+00 3.711007965372896400e-02 1.926397665429673556e-01 3.852795330859347112e-01
-7.059419267513633578e-01 1.611504630595428145e+00 3.699909652813799382e-02 1.923514921390993282e-01 3.847029842781986564e-01
-7.011704368780861119e-01 1.580449739738690296e+00 3.694032901056713142e-02 1.921986706784600263e-01 3.843973413569200526e-01
-6.963989470048088659e-01 1.538051766102545015e+00 3.691311828396661582e-02 1.921278696180400980e-01 3.842557392360801960e-01
-6.916274571315317310e-01 1.486795341053974928e+00 3.689478296998695978e-02 1.920801472562611301e-01 3.841602945125222601e-01
-6.868559672582544851e-01 1.429528201347209926e+00 3.687651644923999050e-02 1.920325921536237268e-01 3.840651843072474536e-01
-6.820844773849772391e-01 1.369270149818615057e+00 3.687286543270313494e-02 1.920230856764444660e-01 3.840461713528889320e-01
-6.773129875117001042e-01 1.309007178580410935e+00 3.691981345173377810e-02 1.921452925567883330e-01 3.842905851135766659e-01
-6.725414976384228583e-01 1.251484808399161208e+00 3.706117669377288065e-02 1.925127961818976774e-01 3.850255923637953548e-01
-6.677700077651456123e-01 1.199016136731837046e+00 3.732803812436286811e-02 1.932046534749172761e-01 3.864093069498345523e-01
-6.629985178918684774e-01 1.153320106846555726e+00 3.771925617662089114e-02 1.942144592367439915e-01 3.884289184734879830e-01
-6.582270280185912315e-01 1.115403917287229651e+00 3.819131310264693713e-02 1.954259785766645219e-01 3.908519571533290438e-01
-6.534555381453139855e-01 1.085500318795587171e+00 3.866274787530742801e-02 1.966284513373063036e-01 3.932569026746126073e-01
-6.486840482720367396e-01 1.063066057532752406e+00 3.903323662668332916e-02 1.975683087610037858e-01 3.951366175220075716e-01
-6.439125583987596046e-01 1.046842373753998912e+00 3.921194724459861614e-02 1.980200677825321165e-01 3.960401355650642330e-01
-6.391410685254823587e-01 1.034972835323443974e+00 3.914610231091877890e-02 1.978537396940446558e-01 3.957074793880893115e-01
-6.343695786522051128e-01 1.025168502344383503e+00 3.884009125700817883e-02 1.970788960213857577e-01 3.941577920427715154e-01
-6.295980887789279778e-01 1.014906070936650417e+00 3.835821993183166634e-02 1.958525464011935391e-01 3.917050928023870782e-01
-6.248265989056507319e-01 1.001641706030744983e+00 3.780934784387737085e-02 1.944462595265781246e-01 3.888925190531562492e-01
-6.200551090323734860e-01 9.830220514223994011e-01 3.731750265521662641e-02 1.931773865006373436e-01 3.863547730012746872e-01
-6.152836191590963510e-01 9.570745064982151273e-01 3.698714485361286747e-02 1.923204223518991396e-01 3.846408447037982792e-01
-6.105121292858191051e-01 9.223611837864620355e-01 3.687360428159487669e-02 1.920250095211425145e-01 3.840500190422850291e-01
-6.057406394125418592e-01 8.780847245023171155e-01 3.696776658197469673e-02 1.922700355801046090e-01 3.845400711602092181e-01
-6.009691495392647242e-01 8.241389190873930071e-01 3.719985663188803832e-02 1.928726435549843188e-01 3.857452871099686376e-01
-5.961976596659874783e-01 7.611023332197588420e-01 3.746150883808355148e-02 1.935497580419142660e-01 3.870995160838285321e-01
-5.914261697927102324e-01 6.901783241082430909e-01 3.763998171387943070e-02 1.940102618777662380e-01 3.880205237555324760e-01
-5.866546799194330974e-01 6.130894269928743867e-01 3.765494552115714738e-02 1.940488225193782168e-01 3.880976450387564336e-01
-5.818831900461558515e-01 5.319376660162438153e-01 3.748767961952269995e-02 1.936173536115053384e-01 3.872347072230106768e-01
-5.771117001728786056e-01 4.490445969941251336e-01 3.719480191713468026e-02 1.928595393469938746e-01 3.857190786939877492e-01
-5.723402102996014706e-01 3.667856799267103507e-01 3.690301175033182390e-02 1.921015662360195941e-01 3.842031324720391883e-01
-5.675687204263242247e-01 2.874329289098286333e-01 3.678640903479899610e-02 1.917978337594014593e-01 3.835956675188029186e-01
-5.627972305530469788e-01 2.130178711647637002e-01 3.703230252439319858e-02 1.924377887120749531e-01 3.848755774241499061e-01
-5.580257406797697328e-01 1.452239624374150884e-01 3.780391628018967692e-02 1.944322922772595275e-01 3.888645845545190549e-01
-5.532542508064925979e-01 8.531413034278842455e-02 3.920854980495661751e-02 1.980114890731257959e-01 3.960229781462515919e-01
-5.484827609332153520e-01 3.409545850420000329e-02 4.127774947409858231e-02 2.031692631135393612e-01 4.063385262270787224e-01
-5.437112710599381060e-01 -8.080427847947073070e-03 4.396267278687139568e-02 2.096727755023798934e-01 4.193455510047597867e-01
-5.389397811866609711e-01 -4.128563202973554308e-02 4.714410912262576026e-02 2.171269424153201566e-01 4.342538848306403132e-01
-5.341682913133837252e-01 -6.595941851561595848e-02 5.065353947219281006e-02 2.250634121135481336e-01 4.501268242270962672e-01
-5.293968014401064792e-01 -8.283457271163412183e-02 5.429983104997851417e-02 2.330232414373693273e-01 4.660464828747386545e-01
-5.246253115668293443e-01 -9.285480859180313129e-02 5.789588205630030043e-02 2.406156313631770405e-01 4.812312627263540810e-01
-5.198538216935520984e-01 -9.709088840962168399e-02 6.128054580483372621e-02 2.475490775681334077e-01 4.950981551362668154e-01
-5.150823318202748524e-01 -9.666201559005217769e-02 6.433297749593680503e-02 2.536394636012637704e-01 5.072789272025275409e-01
-5.103108419469977175e-01 -9.266752424050692105e-02 6.697857395539041914e-02 2.588021907855310721e-01 5.176043815710621443e-01
-5.055393520737204716e-01 -8.613214288868595303e-02 6.918741118815804891e-02 2.630349999299675945e-01 5.260699998599351890e-01
-5.007678622004432256e-01 -7.796636785412019988e-02 7.096721383190397747e-02 2.663967226373177288e-01 5.327934452746354577e-01
-4.959963723271660352e-01 -6.894191769393774594e-02 7.235332538830280269e-02 2.689857345442371317e-01 5.379714690884742634e-01
-4.912248824538888448e-01 -5.968097772464400069e-02 7.339798551870818644e-02 2.709206258643077070e-01 5.418412517286154140e-01
-4.864533925806116543e-01 -5.065704952047421494e-02 7.416066733414267143e-02 2.723245624877467241e-01 5.446491249754934483e-01
-4.816819027073344084e-01 -4.220470782420064626e-02 7.470051653004530778e-02 2.733139523149985539e-01 5.466279046299971078e-01
-4.769104128340572180e-01 -3.453540547782567305e-02 7.507126028306013166e-02 2.739913507449827090e-01 5.479827014899654181e-01
-4.721389229607799720e-01 -2.775659354728298583e-02 7.531843960682538253e-02 2.744420514549936740e-01 5.488841029099873481e-01
-4.673674330875027816e-01 -2.189175967572887585e-02 7.547851023726954989e-02 2.747335258705598249e-01 5.494670517411196498e-01
-4.625959432142255912e-01 -1.689945040781184321e-02 7.557923965029116065e-02 2.749167867742731142e-01 5.498335735485462283e-01
-4.578244533409483452e-01 -1.268985801111326660e-02 7.564085214404407675e-02 2.750288205698523947e-01 5.500576411397047893e-01
-4.530529634676711548e-01 -9.138059669266321641e-03 7.567748016029078595e-02 2.750954019250245186e-01 5.501908038500490372e-01
-4.482814735943939644e-01 -6.093456451623613206e-03 7.569861522093802864e-02 2.751338132998887298e-01 5.502676265997774596e-01
-4.435099837211167184e-01 -3.385350339853220730e-03 7.571037876158701052e-02 2.751551903228194873e-01 5.503103806456389746e-01
-4.387384938478395280e-01 -8.249161109504212419e-04 7.571653160807069460e-02 2.751663707796988545e-01 5.503327415593977090e-01
-4.339670039745623376e-01 1.795919948910948503e-03 7.571920465337157735e-02 2.751712278806989764e-01 5.503424557613979529e-01
-4.291955141012850916e-01 4.707974549089768632e-03 7.571936524568670390e-02 2.751715196848807388e-01 5.503430393697614775e-01
-4.244240242280079012e-01 8.169777053979775105e-03 7.571704110343557836e-02 2.751672965732584464e-01 5.503345931465168928e-01
-4.196525343547306552e-01 1.247295506130868641e-02 7.571131470998010426e-02 2.751568910821244884e-01 5.503137821642489769e-01
-4.148810444814534648e-01 1.794682857957806410e-02 7.570008441816857003e-02 2.751364832554355488e-01 5.502729665108710977e-01
-4.101095546081762744e-01 2.496087887296306873e-02 7.567957198402475161e-02 2.750992038956578956e-01 5.501984077913157911e-01
-4.053380647348990284e-01 3.392367470610412744e-02 7.564354844148926671e-02 2.750337223714380830e-01 5.500674447428761660e-01
-4.005665748616218380e-01 4.527683267362690722e-02 7.558226059649079953e-02 2.749222810113629012e-01 5.498445620227258024e-01
-3.957950849883446476e-01 5.948270186108443880e-02 7.548107900063422138e-02 2.747382008396979658e-01 5.494764016793959316e-01
-3.910235951150674016e-01 7.700474026264218785e-02 7.531896354007619476e-02 2.744430059959193091e-01 5.488860119918386182e-01
-3.862521052417902112e-01 9.828002786421657921e-02 7.506695741280526579e-02 2.739834984315757671e-01 5.479669968631515342e-01
-3.814806153685130208e-01 1.236840579141424284e-01 7.468706518128383209e-02 2.732893433364788627e-01 5.465786866729577254e-01
-3.767091254952357748e-01 1.534888539347556147e-01 7.413201889347556528e-02 2.722719575965831251e-01 5.445439151931662503e-01
-3.719376356219585844e-01 1.878165283354895077e-01 7.334654010759091014e-02 2.708256636797755634e-01 5.416513273595511269e-01
-3.671661457486813385e-01 2.265915396064013820e-01 7.227069975958932968e-02 2.688321032904911756e-01 5.376642065809823512e-01
-3.623946558754041480e-01 2.694959884791330307e-01 7.084579319465321434e-02 2.661687306853553481e-01 5.323374613707106962e-01
-3.576231660021269576e-01 3.159331566148265158e-01 6.902273639443198827e-02 2.627217851538619087e-01 5.254435703077238173e-01
-3.528516761288497117e-01 3.650049571914027458e-01 6.677235636993063272e-02 2.584034759246295887e-01 5.168069518492591774e-01
-3.480801862555725212e-01 4.155088683206300537e-01 6.409618050647891696e-02 2.531722348648818843e-01 5.063444697297637687e-01
-3.433086963822953308e-01 4.659591304546965573e-01 6.103560599130082587e-02 2.470538524113737033e-01 4.941077048227474067e-01
-3.385372065090180849e-01 5.146354506401595863e-01 5.767690269623994975e-02 2.401601605101061632e-01 4.803203210202123263e-01
-3.337657166357408944e-01 5.596602074012165806e-01 5.414963272351733942e-02 2.327007364051891791e-01 4.654014728103783582e-01
-3.289942267624636485e-01 5.991023373097326132e-01 5.061693503551764617e-02 2.249820771428640842e-01 4.499641542857281684e-01
-3.242227368891864581e-01 6.311029633187877907e-01 4.725771688584880226e-02 2.173884009919775095e-01 4.347768019839550191e-01
-3.194512470159092676e-01 6.540147399773266201e-01 4.424285515197150243e-02 2.103398563087164885e-01 4.206797126174329771e-01
-3.146797571426320217e-01 6.665442374179378904e-01 4.170953515463619171e-02 2.042291241587158857e-01 4.084582483174317713e-01
-3.099082672693548313e-01 6.678848599085263071e-01 3.973919894898281929e-02 1.993469311250685438e-01 3.986938622501370877e-01
-3.051367773960776408e-01 6.578271318032532511e-01 3.834465186298278983e-02 1.958179048580154513e-01 3.916358097160309026e-01
-3.003652875228003949e-01 6.368339036047888646e-01 3.747038036786315418e-02 1.935726746414977717e-01 3.871453492829955434e-01
-2.955937976495232045e-01 6.060701921689236604e-01 3.700722035152789052e-02 1.923726081112586417e-01 3.847452162225172834e-01
-2.908223077762460140e-01 5.673808457680917794e-01 3.681883799084605807e-02 1.918823545583231982e-01 3.837647091166463964e-01
-2.860508179029687681e-01 5.232137094143938238e-01 3.677406485632348648e-02 1.917656508771148072e-01 3.835313017542296143e-01
-2.812793280296915777e-01 4.764910015902887319e-01 3.677705048843561003e-02 1.917734353043601681e-01 3.835468706087203361e-01
-2.765078381564143317e-01 4.304366501163851555e-01 3.678724551122956182e-02 1.918000143671255431e-01 3.836000287342510862e-01
-2.717363482831371413e-01 3.883718013394431012e-01 3.682358848488650332e-02 1.918947328221556614e-01 3.837894656443113228e-01
-2.669648584098599509e-01 3.534940986097408477e-01 3.695139933482825823e-02 1.922274676908278246e-01 3.844549353816556492e-01
-2.621933685365827049e-01 3.286582344449064386e-01 3.725524518827737913e-02 1.930161785661434759e-01 3.860323571322869518e-01
-2.574218786633055145e-01 3.161755033545748939e-01 3.780505251040704867e-02 1.944352141727599959e-01 3.888704283455199917e-01
-2.526503887900283241e-01 3.176486065989497232e-01 3.862479514190966107e-02 1.965319188882804768e-01 3.930638377765609537e-01
-2.478788989167511059e-01 3.338549683178929084e-01 3.967257062881242302e-02 1.991797445244180009e-01 3.983594890488360019e-01
-2.431074090434738877e-01 3.646876589611102171e-01 4.083793620528205354e-02 2.020839830498252498e-01 4.041679660996504997e-01
-2.383359191701966695e-01 4.091581413924357813e-01 4.195786682796628919e-02 2.048361951120120927e-01 4.096723902240241855e-01
-2.335644292969194513e-01 4.654599598493058266e-01 4.284789711774876497e-02 2.069973360160675124e-01 4.139946720321350249e-01
-2.287929394236422609e-01 5.310876701996425364e-01 4.334121323237098006e-02 2.081855259915323109e-01 4.163710519830646217e-01
-2.240214495503650427e-01 6.030011824970437084e-01 4.332661055583932747e-02 2.081504517310479585e-01 4.163009034620959170e-01
-2.192499596770878245e-01 6.778225698994231330e-01 4.277668055926443780e-02 2.068252415912149589e-01 4.136504831824299178e-01
-2.144784698038106063e-01 7.520504837412476107e-01 4.176006071806556696e-02 2.043527849530452634e-01 4.087055699060905267e-01
-2.097069799305334159e-01 8.222766688799840740e-01 4.043531701101957254e-02 2.010853475791301304e-01 4.021706951582602607e-01
-2.049354900572561977e-01 8.853896477033300627e-01 3.902804221508174992e-02 1.975551624612268964e-01 3.951103249224537928e-01
-2.001640001839789795e-01 9.387522927477177648e-01 3.779610472785257386e-02 1.944122031351236402e-01 3.888244062702472803e-01
-1.953925103107017891e-01 9.803425251128903284e-01 3.698999859616721592e-02 1.923278414483124699e-01 3.846556828966249397e-01
-1.906210204374245709e-01 1.008849503613054699e+00 3.681563779025533861e-02 1.918740154118200036e-01 3.837480308236400073e-01
-1.858495305641473527e-01 1.023721132887691398e+00 3.740581234681481654e-02 1.934058229392662809e-01 3.868116458785325618e-01
-1.810780406908701345e-01 1.025162243523080274e+00 3.880429886270173045e-02 1.969880678180831735e-01 3.939761356361663469e-01
-1.763065508175929441e-01 1.014086128651593866e+00 4.096388738015628583e-02 2.023953739099693117e-01 4.047907478199386233e-01
-1.715350609443157259e-01 9.920250389511604538e-01 4.375697048843988496e-02 2.091816686242843060e-01 4.183633372485686119e-01
-1.667635710710385077e-01 9.610075680638742179e-01 4.699534991455606853e-02 2.167841089991516534e-01 4.335682179983033069e-01
-1.619920811977612896e-01 9.234124865019579520e-01 5.045486289660087997e-02 2.246215993545609135e-01 4.492431987091218271e-01
-1.572205913244840991e-01 8.818094495387253096e-01 5.390038992444769195e-02 2.321645750851057122e-01 4.643291501702114243e-01
-1.524491014512068809e-01 8.387971211262368332e-01 5.710763082360098553e-02 2.389720293749897917e-01 4.779440587499795834e-01
-1.476776115779296628e-01 7.968486859378292042e-01 5.987942070064770916e-02 2.447027190299439769e-01 4.894054380598879539e-01
-1.429061217046524723e-01 7.581735750212573732e-01 6.205591909126550315e-02 2.491102548898087854e-01 4.982205097796175708e-01
-1.381346318313752541e-01 7.246026469757738120e-01 6.351937831151795166e-02 2.520305106758266023e-01 5.040610213516532045e-01
-1.333631419580980360e-01 6.975021980901289220e-01 6.419510486345028633e-02 2.533675292207947516e-01 5.067350584415895032e-01
-1.285916520848208178e-01 6.777201691329234334e-01 6.405053287949549756e-02 2.530820674790995595e-01 5.061641349581991189e-01
-1.238201622115436135e-01 6.655659033892982190e-01 6.309404404679498646e-02 2.511852783241784182e-01 5.023705566483568363e-01
-1.190486723382664092e-01 6.608228943974351344e-01 6.137443999932304384e-02 2.477386526146516388e-01 4.954773052293032776e-01
-1.142771824649891910e-01 6.627922195684450291e-01 5.898103718660871464e-02 2.428601185592412504e-01 4.857202371184825007e-01
-1.095056925917119867e-01 6.703628405916736144e-01 5.604348163510040198e-02 2.367350452195458033e-01 4.734700904390916065e-01
-1.047342027184347685e-01 6.821036995979820050e-01 5.272981743398641452e-02 2.296297398726619976e-01 4.592594797453239952e-01
-9.996271284515756417e-02 6.963715789169016013e-01 4.924125478468960315e-02 2.219037061085046558e-01 4.438074122170093117e-01
-9.519122297188034598e-02 7.114280463893559725e-01 4.580252017056932190e-02 2.140152335011910323e-01 4.280304670023820646e-01
-9.041973309860314167e-02 7.255585011911728222e-01 4.264754940321729276e-02 2.065128310861513716e-01 4.130256621723027433e-01
-8.564824322532593737e-02 7.371863872353241476e-01 4.000140262749888459e-02 2.000035065380076915e-01 4.000070130760153830e-01
-8.087675335204871918e-02 7.449760629486974484e-01 3.806036296044309347e-02 1.950906531857513060e-01 3.901813063715026120e-01
-7.610526347877151487e-02 7.479185999227846438e-01 3.697294282228265339e-02 1.922834959695778334e-01 3.845669919391556668e-01
-7.133377360549429669e-02 7.453958951755931261e-01 3.682474441337442450e-02 1.918977446802708764e-01 3.837954893605417528e-01
-6.656228373221709238e-02 7.372198590643759264e-01 3.762970929970221173e-02 1.939837861773560934e-01 3.879675723547121868e-01
-6.179079385893988113e-02 7.236449909980380291e-01 3.932930911380651262e-02 1.983161846996016331e-01 3.966323693992032662e-01
-5.701930398566266989e-02 7.053542644246968418e-01 4.179988237353742669e-02 2.044501953374890380e-01 4.089003906749780759e-01
-5.224781411238545864e-02 6.834197890551423349e-01 4.486691199211136072e-02 2.118181106329469765e-01 4.236362212658939530e-01
-4.747632423910824739e-02 6.592410874240173246e-01 4.832388001511287584e-02 2.198269319603785021e-01 4.396538639207570043e-01
-4.270483436583103615e-02 6.344649237137908182e-01 5.195268013051645983e-02 2.279313057272222554e-01 4.558626114544445107e-01
-3.793334449255382490e-02 6.108914002975870394e-01 5.554253723368057782e-02 2.356746427464791460e-01 4.713492854929582920e-01
-3.316185461927661365e-02 5.903714788142561121e-01 5.890494886572275601e-02 2.427034174990594373e-01 4.854068349981188746e-01
-2.839036474599940241e-02 5.747012151140216130e-01 6.188316484968073294e-02 2.487632707006416921e-01 4.975265414012833842e-01
-2.361887487272219116e-02 5.655178789719600418e-01 6.435591523968157979e-02 2.536846767932221525e-01 5.073693535864443049e-01
-1.884738499944498338e-02 5.642028328353404509e-01 6.623622087890025656e-02 2.573639852016988416e-01 5.147279704033976833e-01
-1.407589512616777214e-02 5.717956385342486403e-01 6.746695503180231979e-02 2.597440182791556085e-01 5.194880365583112170e-01
-9.304405252890560890e-03 5.889233963151621065e-01 6.801523006213712474e-02 2.607972968842605099e-01 5.215945937685210199e-01
-4.532915379613350511e-03 6.157488148852037213e-01 6.786761824384927866e-02 2.605141421187135431e-01 5.210282842374270862e-01
2.385744936638605461e-04 6.519399481120071727e-01 6.702772891357397511e-02 2.588971396396143598e-01 5.177942792792287197e-01
5.010064366941071115e-03 6.966638692998513571e-01 6.551687331916994372e-02 2.559626404754606899e-01 5.119252809509213797e-01
9.781554240218282362e-03 7.486057300490916999e-01 6.337761580621263657e-02 2.517491128211033491e-01 5.034982256422066982e-01
1.455304411349549187e-02 8.060136173163507944e-01 6.067911641816009505e-02 2.463313143271884109e-01 4.926626286543768218e-01
1.932453398677270312e-02 8.667683579862516252e-01 5.752249150484015777e-02 2.398384696099442603e-01 4.796769392198885207e-01
2.409602386004991437e-02 9.284759503183424023e-01 5.404410205436106091e-02 2.324738739178255631e-01 4.649477478356511262e-01
2.886751373332712561e-02 9.885787076512925209e-01 5.041481560198311784e-02 2.245324377500567681e-01 4.490648755001135362e-01
3.363900360660433686e-02 1.044479617948817163e+00 4.683388877858213339e-02 2.164113878209326935e-01 4.328227756418653871e-01
3.841049347988154811e-02 1.093673030054607587e+00 4.351710072090220899e-02 2.086075279583702036e-01 4.172150559167404071e-01
4.318198335315875935e-02 1.133873766915614256e+00 4.067995607872213620e-02 2.016927268860286282e-01 4.033854537720572564e-01
4.795347322643597060e-02 1.163136315446056113e+00 3.851792596340124220e-02 1.962598429720182058e-01 3.925196859440364117e-01
5.272496309971317491e-02 1.179955982510920931e+00 3.718654354141223695e-02 1.928381278207508265e-01 3.856762556415016530e-01
5.749645297299038615e-02 1.183344892056352071e+00 3.678450134391138271e-02 1.917928605133970565e-01 3.835857210267941131e-01
6.226794284626759740e-02 1.172877392973339816e+00 3.734259912036878154e-02 1.932423326302205036e-01 3.864846652604410071e-01
6.703943271954480865e-02 1.148701719166286050e+00 3.882049745907718841e-02 1.970291792072361714e-01 3.940583584144723428e-01
7.181092259282202683e-02 1.111517378419187407e+00 4.111192091211953586e-02 2.027607479570923688e-01 4.055214959141847375e-01
7.658241246609923114e-02 1.062520474895335409e+00 4.405750629275417135e-02 2.098988001222354960e-01 4.197976002444709920e-01
8.135390233937643545e-02 1.003321701409174205e+00 4.746322117729145917e-02 2.178605544317085974e-01 4.357211088634171947e-01
8.612539221265365363e-02 9.358438018052901430e-01 5.112145024158284284e-02 2.261005312722259852e-01 4.522010625444519705e-01
9.089688208593085794e-02 8.622066876246251566e-01 5.483161414047081628e-02 2.341615129359878866e-01 4.683230258719757733e-01
9.566837195920807613e-02 7.846089685942319036e-01 5.841755167234092411e-02 2.416972314122380061e-01 4.833944628244760122e-01
1.004398618324852804e-01 7.052143953109645258e-01 6.173972848231107369e-02 2.484748045221307211e-01 4.969496090442614422e-01
1.052113517057624986e-01 6.260506867350944527e-01 6.470141109906332733e-02 2.543647206258433102e-01 5.087294412516866204e-01
1.099828415790397029e-01 5.489265821084640118e-01 6.724901468010416328e-02 2.593241498204595930e-01 5.186482996409191859e-01
1.147543314523169211e-01 4.753709335237759626e-01 6.936768577541889413e-02 2.633774587458442840e-01 5.267549174916885679e-01
1.195258213255941254e-01 4.065954855341822327e-01 7.107368971918934242e-02 2.665964923234912520e-01 5.331929846469825041e-01
1.242973111988713436e-01 3.434809094087322712e-01 7.240530615595572317e-02 2.690823408474731782e-01 5.381646816949463563e-01
1.290688010721485479e-01 2.865838735753722943e-01 7.341375165613053810e-02 2.709497216387766194e-01 5.418994432775532388e-01
1.338402909454257661e-01 2.361615829749509066e-01 7.415525548012474877e-02 2.723146259019605941e-01 5.446292518039211883e-01
1.386117808187029565e-01 1.922093849132630594e-01 7.468493960799266196e-02 2.732854544391132845e-01 5.465709088782265690e-01
1.433832706919801747e-01 1.545067256157230950e-01 7.505270699040131333e-02 2.739574912105914861e-01 5.479149824211829722e-01
1.481547605652573929e-01 1.226668987619655288e-01 7.530099589982251762e-02 2.744102693045989416e-01 5.488205386091978832e-01
1.529262504385346111e-01 9.618655972464157378e-02 7.546404443302719145e-02 2.747071976360051515e-01 5.494143952720103030e-01
1.576977403118118015e-01 7.449176708868379682e-02 7.556822277882357941e-02 2.748967493056685418e-01 5.497934986113370837e-01
1.624692301850890197e-01 5.697823035398138364e-02 7.563300362887760697e-02 2.750145516675028823e-01 5.500291033350057646e-01
1.672407200583662379e-01 4.304437388639187345e-02 7.567221548948371845e-02 2.750858329494336729e-01 5.501716658988673458e-01
1.720122099316434561e-01 3.211667860385785528e-02 7.569532393736856657e-02 2.751278319933637140e-01 5.502556639867274280e-01
1.767836998049206465e-01 2.366746957515279692e-02 7.570858497257904052e-02 2.751519307084343002e-01 5.503038614168686005e-01
1.815551896781978647e-01 1.722584470755857827e-02 7.571599636369930053e-02 2.751653981947935756e-01 5.503307963895871513e-01
1.863266795514750829e-01 1.238277934948431476e-02 7.572003089267831388e-02 2.751727291950972210e-01 5.503454583901944419e-01
1.910981694247523011e-01 8.791608008119431578e-03 7.572217036059224193e-02 2.751766166675363445e-01 5.503532333350726891e-01
1.958696592980294915e-01 6.165106305405844769e-03 7.572327566607539584e-02 2.751786250166887160e-01 5.503572500333774320e-01
2.006411491713067097e-01 4.270310259137061887e-03 7.572383203348265202e-02 2.751796359352970955e-01 5.503592718705941911e-01
2.054126390445839279e-01 2.922053937231990344e-03 7.572410491793962750e-02 2.751801317645218847e-01 5.503602635290437695e-01
2.101841289178611183e-01 1.976015203326965744e-03 7.572423534363935393e-02 2.751803687468263870e-01 5.503607374936527741e-01
2.149556187911383365e-01 1.321861115609296788e-03 7.572429609114506022e-02 2.751804791244194526e-01 5.503609582488389051e-01
2.197271086644155547e-01 8.769004029188587693e-04 7.572432365910816698e-02 2.751805292151102700e-01 5.503610584302205400e-01
2.244985985376927728e-01 5.804935025947655699e-04 7.572433583242842159e-02 2.751805513338986264e-01 5.503611026677972529e-01
2.292700884109699633e-01 3.893473026063795812e-04 7.572434101692163133e-02 2.751805607540649401e-01 5.503611215081298802e-01
2.340415782842471815e-01 2.737330031866756579e-04 7.572434302350100621e-02 2.751805643999972184e-01 5.503611287999944368e-01
2.388130681575243996e-01 2.146085890639889960e-04 7.572434340006149733e-02 2.751805650842034101e-01 5.503611301684068202e-01
2.435845580308016178e-01 2.015970848633541652e-04 7.572434243014680710e-02 2.751805633218792901e-01 5.503611266437585803e-01
2.483560479040788083e-01 2.317616381326837176e-04 7.572433930769086052e-02 2.751805576484117610e-01 5.503611152968235221e-01
2.531275377773560264e-01 3.091217348962875251e-04 7.572433156910092500e-02 2.751805435874798977e-01 5.503610871749597955e-01
2.578990276506332169e-01 4.448648219174674645e-04 7.572431345878108400e-02 2.751805106812273416e-01 5.503610213624546832e-01
2.626705175239104628e-01 6.582179884548516099e-04 7.572427236253370664e-02 2.751804360097819813e-01 5.503608720195639625e-01
2.674420073971876533e-01 9.779493400624815220e-04 7.572418157328433819e-02 2.751802710466074164e-01 5.503605420932148329e-01
2.722134972704648437e-01 1.444463039486315473e-03 7.572398620150636028e-02 2.751799160576701153e-01 5.503598321153402306e-01
2.769849871437420896e-01 2.112431177943020245e-03 7.572357667589060815e-02 2.751791719514589674e-01 5.503583439029179347e-01
2.817564770170192801e-01 3.053866184776835024e-03 7.572274060000097617e-02 2.751776527990617560e-01 5.503553055981235120e-01
2.865279668902965260e-01 4.361477426084816623e-03 7.572107834704291940e-02 2.751746324555425227e-01 5.503492649110850454e-01
2.912994567635737164e-01 6.152075244430066370e-03 7.571786047492487515e-02 2.751687854298246472e-01 5.503375708596492943e-01
2.960709466368509069e-01 8.569688235315130881e-03 7.571179610002647109e-02 2.751577658363043022e-01 5.503155316726086044e-01
3.008424365101281528e-01 1.178795212377155288e-02 7.570067199471749997e-02 2.751375510444139527e-01 5.502751020888279054e-01
3.056139263834053432e-01 1.601122263013770794e-02 7.568081508595647655e-02 2.751014632566618490e-01 5.502029265133236979e-01
3.103854162566825337e-01 2.147377607229648822e-02 7.564633095315019540e-02 2.750387808167244486e-01 5.500775616334488971e-01
3.151569061299597796e-01 2.843640983737532463e-02 7.558808473629119451e-02 2.749328731459575459e-01 5.498657462919150918e-01
3.199283960032369700e-01 3.717976225630298392e-02 7.549242697183516926e-02 2.747588523993997889e-01 5.495177047987995778e-01
3.246998858765141605e-01 4.799375957888050992e-02 7.533973326611069499e-02 2.744808431678077976e-01 5.489616863356155951e-01
3.294713757497914064e-01 6.116278472989139514e-02 7.510292743848127894e-02 2.740491332562124405e-01 5.480982665124248809e-01
3.342428656230685968e-01 7.694645859560672596e-02 7.474628793270635119e-02 2.733976736051467182e-01 5.467953472102934365e-01
3.390143554963458428e-01 9.555632801940595888e-02 7.422497768613250946e-02 2.724426135650084291e-01 5.448852271300168582e-01
3.437858453696230332e-01 1.171292481664039653e-01 7.348585098795462622e-02 2.710827382699876331e-01 5.421654765399752662e-01
3.485573352429002236e-01 1.416987954304959607e-01 7.247012276803227460e-02 2.692027540127185925e-01 5.384055080254371850e-01
3.533288251161774696e-01 1.691665980401036995e-01 7.111837344751384404e-02 2.666802831997781009e-01 5.333605663995562018e-01
3.581003149894546600e-01 1.992759579634104661e-01 6.937805289443885193e-02 2.633971391158963504e-01 5.267942782317927009e-01
3.628718048627318504e-01 2.315904844502468807e-01 6.721312287172717670e-02 2.592549379890905503e-01 5.185098759781811006e-01
3.676432947360090964e-01 2.654805924330906342e-01 6.461478483296025088e-02 2.541943839524395399e-01 5.083887679048790798e-01
3.724147846092862868e-01 3.001205761056852661e-01 6.161150718559181561e-02 2.482166537232983750e-01 4.964333074465967499e-01
3.771862744825634772e-01 3.344985112528920390e-01 5.827599946377599871e-02 2.414042242044989461e-01 4.828084484089978923e-01
3.819577643558407232e-01 3.674404654001350856e-01 5.472662781904606699e-02 2.339372305107634276e-01 4.678744610215268551e-01
3.867292542291179136e-01 3.976494395597245379e-01 5.112124477051733368e-02 2.261000768918872694e-01 4.522001537837745389e-01
3.915007441023951595e-01 4.237582085972738111e-01 4.764261249141027443e-02 2.182718774634292425e-01 4.365437549268584849e-01
3.962722339756723500e-01 4.443938856904424139e-01 4.447642316305140675e-02 2.108943412305114562e-01 4.217886824610229124e-01
4.010437238489495404e-01 4.582507523977200625e-01 4.178500727077460314e-02 2.044138137963640856e-01 4.088276275927281711e-01
4.058152137222267863e-01 4.641668204156779165e-01 3.968161210453825805e-02 1.992024400064875134e-01 3.984048800129750267e-01
4.105867035955039768e-01 4.611988630657919419e-01 3.821099806003447341e-02 1.954763363173007418e-01 3.909526726346014835e-01
4.153581934687811672e-01 4.486903799547857230e-01 3.734154198090553628e-02 1.932395973420187318e-01 3.864791946840374637e-01
4.201296833420584131e-01 4.263271927474213130e-01 3.697190401573462876e-02 1.922807947137067375e-01 3.845615894274134750e-01
4.249011732153356036e-01 3.941761078622685321e-01 3.695194609438180039e-02 1.922288898536892721e-01 3.844577797073785441e-01
4.296726630886127940e-01 3.527032540595816945e-01 3.711380867821255369e-02 1.926494450503622724e-01 3.852988901007245448e-01
4.344441529618900399e-01 3.027701847769316279e-01 3.730597468554196910e-02 1.931475464134659037e-01 3.862950928269318074e-01
4.392156428351672304e-01 2.456074637038537789e-01 3.742184580439670422e-02 1.934472687953921466e-01 3.868945375907842932e-01
4.439871327084444763e-01 1.827670497388136361e-01 3.741546117961341844e-02 1.934307658559346610e-01 3.868615317118693220e-01
4.487586225817216667e-01 1.160561980939418814e-01 3.730040538513113707e-02 1.931331286577503137e-01 3.862662573155006274e-01
4.535301124549988572e-01 4.745666822469696289e-02 3.713278678061920912e-02 1.926986942888280485e-01 3.853973885776560970e-01
4.583016023282761031e-01 -2.096629831743795913e-02 3.698394669924580380e-02 1.923121075212005648e-01 3.846242150424011297e-01
4.630730922015532935e-01 -8.716050692842963743e-02 3.691170035224999174e-02 1.921241795096337857e-01 3.842483590192675713e-01
4.678445820748304840e-01 -1.491842240619473958e-01 3.693927506335881877e-02 1.921959288417910694e-01 3.843918576835821388e-01
4.726160719481077299e-01 -2.053002177777828452e-01 3.704845806052822071e-02 1.924797601321453777e-01 3.849595202642907554e-01
4.773875618213849203e-01 -2.540626644996670791e-01 3.718859802290258587e-02 1.928434547058898441e-01 3.856869094117796881e-01
4.821590516946621108e-01 -2.943936679077370222e-01 3.729764368151838871e-02 1.931259787846223153e-01 3.862519575692446305e-01
4.869305415679393567e-01 -3.256465476878248611e-01 3.732724220425844702e-02 1.932025936789111831e-01 3.864051873578223661e-01
4.917020314412165471e-01 -3.476533177438310140e-01 3.726254769966464570e-02 1.930350944767936505e-01 3.860701889535873010e-01
4.964735213144937931e-01 -3.607538888496246710e-01 3.712933279420481403e-02 1.926897319376536244e-01 3.853794638753072488e-01
5.012450111877709835e-01 -3.658045631210912196e-01 3.698560089699776121e-02 1.923164082885227000e-01 3.846328165770454000e-01
5.060165010610482295e-01 -3.641634503792217092e-01 3.690054214345264011e-02 1.920951382608436508e-01 3.841902765216873017e-01
5.107879909343253644e-01 -3.576506717979270888e-01 3.692834525838754878e-02 1.921674927202505490e-01 3.843349854405010979e-01
5.155594808076026103e-01 -3.484817680735012857e-01 3.708638476943913742e-02 1.925782562218256722e-01 3.851565124436513443e-01
5.203309706808798563e-01 -3.391737129259762007e-01 3.734590532162284510e-02 1.932508869879329683e-01 3.865017739758659365e-01
5.251024605541569912e-01 -3.324244064839976254e-01 3.763899464441752829e-02 1.940077180021906322e-01 3.880154360043812645e-01
5.298739504274342371e-01 -3.309684672444128672e-01 3.787989446609984351e-02 1.946275788938963414e-01 3.892551577877926827e-01
5.346454403007114831e-01 -3.374144467458335961e-01 3.799357014250318021e-02 1.949193939619738858e-01 3.898387879239477716e-01
5.394169301739886180e-01 -3.540710610334557584e-01 3.794175672739655281e-02 1.947864387666568275e-01 3.895728775333136551e-01
5.441884200472658639e-01 -3.827723978733182930e-01 3.773738249158448826e-02 1.942611193512085443e-01 3.885222387024170887e-01
5.489599099205431099e-01 -4.247140037008679259e-01 3.744211973839083052e-02 1.934996634064019005e-01 3.869993268128038011e-01
5.537313997938202448e-01 -4.803129566676775375e-01 3.714751041591209807e-02 1.927368942779562888e-01 3.854737885559125776e-01
5.585028896670974907e-01 -5.491052041168583697e-01 3.694571124366648890e-02 1.922126719123026239e-01 3.844253438246052479e-01
5.632743795403747367e-01 -6.296923751905568745e-01 3.689949158462284967e-02 1.920924037660595440e-01 3.841848075321190881e-01
5.680458694136519826e-01 -7.197478799065786248e-01 3.702147852227337388e-02 1.924096632767527404e-01 3.848193265535054808e-01
5.728173592869291175e-01 -8.160884274632919100e-01 3.726965334622568682e-02 1.930534986635199235e-01 3.861069973270398470e-01
5.775888491602063635e-01 -9.148123479488945442e-01 3.756076221343224858e-02 1.938059911701190130e-01 3.876119823402380260e-01
5.823603390334836094e-01 -1.011500641990749294e+00 3.779738988218371565e-02 1.944155083376419291e-01 3.888310166752838581e-01
5.871318289067607443e-01 -1.101470993886626948e+00 3.789991728561926954e-02 1.946790109015845427e-01 3.893580218031690854e-01
5.919033187800379903e-01 -1.180069624376309578e+00 3.783293027696966321e-02 1.945068900501205067e-01 3.890137801002410134e-01
5.966748086533152362e-01 -1.242981406000050804e+00 3.761740389978487226e-02 1.939520659848326389e-01 3.879041319696652779e-01
6.014462985265923711e-01 -1.286535644001971734e+00 3.732457231683238008e-02 1.931956840015645327e-01 3.863913680031290654e-01
6.062177883998696171e-01 -1.307983750427869740e+00 3.705331247243985604e-02 1.924923699070689165e-01 3.849847398141378330e-01
6.109892782731468630e-01 -1.305725948271556192e+00 3.689820427425599680e-02 1.920890529787056822e-01 3.841781059574113644e-01
6.157607681464239979e-01 -1.279467166590416927e+00 3.691847036890518602e-02 1.921417975582230819e-01 3.842835951164461639e-01
6.205322580197012439e-01 -1.230287233802147329e+00 3.711778358682541606e-02 1.926597612030737927e-01 3.853195224061475854e-01
6.253037478929784898e-01 -1.160616942779754135e+00 3.744154468297786198e-02 1.934981774668119714e-01 3.869963549336239428e-01
6.300752377662556247e-01 -1.074118975995401071e+00 3.779276358572980499e-02 1.944036100120823396e-01 3.888072200241646792e-01
6.348467276395328707e-01 -9.754803610944995373e-01 3.806185134851931134e-02 1.950944677547759576e-01 3.901889355095519152e-01
6.396182175128101166e-01 -8.701303617079059194e-01 3.816126149374517856e-02 1.953490759992101422e-01 3.906981519984202844e-01
6.443897073860872515e-01 -7.639038233085364560e-01 3.805434277235184709e-02 1.950752233687093606e-01 3.901504467374187213e-01
6.491611972593644975e-01 -6.626744327155507097e-01 3.776943450575123706e-02 1.943435990861320795e-01 3.886871981722641589e-01
6.539326871326417434e-01 -5.719847266805011543e-01 3.739460862709559352e-02 1.933768564929515821e-01 3.867537129859031642e-01
6.587041770059188783e-01 -4.966998194915820397e-01 3.705419505560848814e-02 1.924946624081002589e-01 3.849893248162005177e-01
6.634756668791961243e-01 -4.407097465389330782e-01 3.687360252128088489e-02 1.920250049375885060e-01 3.840500098751770119e-01
6.682471567524733702e-01 -4.067012760724498799e-01 3.694240003205420675e-02 1.922040583131745528e-01 3.844081166263491056e-01
6.730186466257506162e-01 -3.960144273353496391e-01 3.728619491907670530e-02 1.930963358509857897e-01 3.861926717019715793e-01
6.777901364990277511e-01 -4.085922701529499657e-01 3.785543041405428633e-02 1.945647203735926256e-01 3.891294407471852512e-01
6.825616263723049970e-01 -4.430254513247297021e-01 3.853457574621375892e-02 1.963022560904834901e-01 3.926045121809669802e-01
6.873331162455822430e-01 -4.966858852076641573e-01 3.916963651527446272e-02 1.979132044995342565e-01 3.958264089990685131e-01
6.921046061188593779e-01 -5.659377034215588020e-01 3.960700391577725438e-02 1.990150846437959142e-01 3.980301692875918285e-01
6.968760959921366238e-01 -6.464083396087954014e-01 3.973367865115783049e-02 1.993330846878104967e-01 3.986661693756209934e-01
7.016475858654138698e-01 -7.332988724797484537e-01 3.950856568002620445e-02 1.987676172821574161e-01 3.975352345643148322e-01
7.064190757386910047e-01 -8.217106747659781441e-01 3.897683008622947892e-02 1.974255051563233998e-01 3.948510103126467996e-01
7.111905656119682506e-01 -9.069650906303398097e-01 3.826355045599131449e-02 1.956107115062754309e-01 3.912214230125508618e-01
7.159620554852454966e-01 -9.848942307340274871e-01 3.754797291448105923e-02 1.937729932536550737e-01 3.875459865073101473e-01
7.207335453585226315e-01 -1.052083855052041717e+00 3.702429258328724521e-02 1.924169758188898627e-01 3.848339516377797254e-01
7.255050352317998774e-01 -1.106053432962496919e+00 3.685799143615508394e-02 1.919843520606694665e-01 3.839687041213389329e-01
7.302765251050771234e-01 -1.145363479578436428e+00 3.714768928696325634e-02 1.927373583064872775e-01 3.854747166129745550e-01
7.350480149783542583e-01 -1.169645773943957190e+00 3.790110291906570450e-02 1.946820559760598646e-01 3.893641119521197291e-01
7.398195048516315042e-01 -1.179557661260827617e+00 3.903045782555818188e-02 1.975612761285930330e-01 3.951225522571860660e-01
7.445909947249087502e-01 -1.176666934770475459e+00 4.036834242872330142e-02 2.009187458370256252e-01 4.018374916740512504e-01
7.493624845981858851e-01 -1.163278430625505511e+00 4.170051033426794285e-02 2.042070281216294136e-01 4.084140562432588273e-01
7.541339744714631310e-01 -1.142217159874877375e+00 4.280847841334681908e-02 2.069020986199676393e-01 4.138041972399352786e-01
7.589054643447403770e-01 -1.116585331150838911e+00 4.351269392898934885e-02 2.085969652918981121e-01 4.171939305837962242e-01
7.636769542180176229e-01 -1.089511856798426992e+00 4.370697742738010455e-02 2.090621377183829177e-01 4.181242754367658354e-01
7.684484440912947578e-01 -1.063912843013280263e+00 4.337690986464877441e-02 2.082712410887513077e-01 4.165424821775026154e-01
7.732199339645720038e-01 -1.042280185277227877e+00 4.259842764149082001e-02 2.063938653194198614e-01 4.127877306388397227e-01
7.779914238378492497e-01 -1.026512846901130649e+00 4.151736441434775854e-02 2.037581026961817754e-01 4.075162053923635508e-01
7.827629137111263846e-01 -1.017801883209713099e+00 4.031504828707177523e-02 2.007860759292630082e-01 4.015721518585260164e-01
7.875344035844036306e-01 -1.016576037665104293e+00 3.916830277879543992e-02 1.979098349723819039e-01 3.958196699447638078e-01
7.923058934576808765e-01 -1.022510075589753376e+00 3.821348232930259908e-02 1.954826906130120723e-01 3.909653812260241446e-01
7.970773833309580114e-01 -1.034593263318486445e+00 3.752309739898280344e-02 1.937087953578329469e-01 3.874175907156658938e-01
8.018488732042352574e-01 -1.051250885488293596e+00 3.710033146507518004e-02 1.926144632811232493e-01 3.852289265622464987e-01
8.066203630775125033e-01 -1.070507751916201178e+00 3.689209779961554608e-02 1.920731574156460397e-01 3.841463148312920795e-01
8.113918529507896382e-01 -1.090179576143837759e+00 3.681643336951022361e-02 1.918760885819549566e-01 3.837521771639099133e-01
8.161633428240668842e-01 -1.108076149550791811e+00 3.679629775592414831e-02 1.918236110491201851e-01 3.836472220982403702e-01
8.209348326973441301e-01 -1.122199544520223302e+00 3.679027856676675423e-02 1.918079210219608144e-01 3.836158420439216288e-01
8.257063225706212650e-01 -1.130921212929519415e+00 3.681173827909654112e-02 1.918638534979857646e-01 3.837277069959715292e-01
8.304778124438985110e-01 -1.133123747153471639e+00 3.693125075316724959e-02 1.921750523693625812e-01 3.843501047387251623e-01
8.352493023171757569e-01 -1.128296077019335319e+00 3.726178308369137993e-02 1.930331139563659926e-01 3.860662279127319851e-01
8.400207921904528918e-01 -1.116574732508603729e+00 3.793064081892411066e-02 1.947579030974715408e-01 3.895158061949430817e-01
8.447922820637301378e-01 -1.098728187643487120e+00 3.904544617425582953e-02 1.975992059049221650e-01 3.951984118098443299e-01
8.495637719370073837e-01 -1.076085863176257318e+00 4.066255791132664804e-02 2.016495918947684152e-01 4.032991837895368303e-01
8.543352618102845186e-01 -1.050417755405407050e+00 4.276524765530406724e-02 2.067976007000663086e-01 4.135952014001326171e-01
8.591067516835617646e-01 -1.023774561398570038e+00 4.525615795325882429e-02 2.127349476537854223e-01 4.254698953075708445e-01
8.638782415568390105e-01 -9.983013293377306363e-01 4.796503759172685011e-02 2.190092180519506160e-01 4.380184361039012320e-01
8.686497314301162564e-01 -9.760398852124150260e-01 5.066949993540399017e-02 2.250988670238124323e-01 4.501977340476248646e-01
8.734212213033933914e-01 -9.587364469261087097e-01 5.312433658229727407e-02 2.304871722727693806e-01 4.609743445455387612e-01
8.781927111766706373e-01 -9.476708627612893121e-01 5.509404252179640055e-02 2.347212016878671426e-01 4.694424033757342851e-01
8.829642010499478832e-01 -9.435227758933825148e-01 5.638351408450528041e-02 2.374521300904779975e-01 4.749042601809559949e-01
8.877356909232250182e-01 -9.462877304964425473e-01 5.686291566083148674e-02 2.384594633492902183e-01 4.769189266985804365e-01
8.925071807965022641e-01 -9.552528483540836390e-01 5.648396999532238894e-02 2.376635647197996304e-01 4.753271294395992608e-01
8.972786706697795100e-01 -9.690373223133461611e-01 5.528606716131063969e-02 2.351298942314878071e-01 4.702597884629756142e-01
9.020501605430566450e-01 -9.856977758081747476e-01 5.339153565383183975e-02 2.310660850359304574e-01 4.621321700718609149e-01
9.068216504163338909e-01 -1.002892808910754052e+00 5.099033265693023176e-02 2.258103909410065779e-01 4.516207818820131559e-01
9.115931402896111369e-01 -1.018095191916734255e+00 4.831551941932342442e-02 2.198079148241105230e-01 4.396158296482210459e-01
9.163646301628882718e-01 -1.028834694442340103e+00 4.561229268153417504e-02 2.135703459788698688e-01 4.271406919577397376e-01
9.211361200361655177e-01 -1.032950055435565284e+00 4.310486748538629870e-02 2.076171175153587733e-01 4.152342350307175467e-01
9.259076099094427637e-01 -1.028825738943957013e+00 4.096668221067330945e-02 2.024022781756008582e-01 4.048045563512017164e-01
9.306790997827198986e-01 -1.015588454345457192e+00 3.929961431121574422e-02 1.982413032423257226e-01 3.964826064846514453e-01
9.354505896559971445e-01 -9.932403592798066949e-01 3.812667845811503614e-02 1.952605399411643516e-01 3.905210798823287033e-01
9.402220795292743905e-01 -9.627105585460828951e-01 3.739997131821674176e-02 1.933907219031376912e-01 3.867814438062753823e-01
9.449935694025515254e-01 -9.258137735832103754e-01 3.702195723886463063e-02 1.924109072762368866e-01 3.848218145524737732e-01
9.497650592758287713e-01 -8.851143223063329124e-01 3.687460179800190058e-02 1.920276068642264300e-01 3.840552137284528600e-01
9.545365491491060173e-01 -8.437039048039342015e-01 3.684859638462846532e-02 1.919598822270644767e-01 3.839197644541289534e-01
9.593080390223831522e-01 -8.049119585771785657e-01 3.686493380976853251e-02 1.920024317808723402e-01 3.840048635617446804e-01
9.640795288956603981e-01 -7.719762260028271150e-01 3.688361779668183904e-02 1.920510812171642989e-01 3.841021624343285978e-01
9.688510187689376441e-01 -7.477074213656320634e-01 3.689860641241544253e-02 1.920900997251431541e-01 3.841801994502863082e-01
9.736225086422148900e-01 -7.341844963481231057e-01 3.692272353427679399e-02 1.921528650170920283e-01 3.843057300341840565e-01
9.783939985154920249e-01 -7.325153977964952157e-01 3.696950571195226076e-02 1.922745581504538559e-01 3.845491163009077118e-01
9.831654883887692709e-01 -7.426923385043008308e-01 3.703951661379036031e-02 1.924565317514330687e-01 3.849130635028661374e-01
9.879369782620465168e-01 -7.635609828206098015e-01 3.711630244982107307e-02 1.926559172458013891e-01 3.853118344916027782e-01
9.927084681353236517e-01 -7.929106350895899213e-01 3.717280687353412272e-02 1.928025074358062363e-01 3.856050148716124726e-01
9.974799580086008977e-01 -8.276789624195074468e-01 3.718449146889817036e-02 1.928328070347423151e-01 3.856656140694846302e-01
1.002251447881878033e+00 -8.642516447549889458e-01 3.714252649543839380e-02 1.927239645073710039e-01 3.854479290147420079e-01
1.007022937755155390e+00 -8.988262661767387751e-01 3.706045241164190873e-02 1.925109150454641371e-01 3.850218300909282743e-01
1.011794427628432524e+00 -9.278021357036623229e-01 3.697066441385784413e-02 1.922775712709567375e-01 3.845551425419134750e-01
1.016565917501709659e+00 -9.481545079889285299e-01 3.691168421252377652e-02 1.921241375062586465e-01 3.842482750125172930e-01
1.021337407374987016e+00 -9.577532511056895403e-01 3.691146544927133288e-02 1.921235681775438353e-01 3.842471363550876706e-01
1.026108897248264151e+00 -9.555921547883836631e-01 3.697405540715185956e-02 1.922863890324842118e-01 3.845727780649684235e-01
1.030880387121541286e+00 -9.419049931277326815e-01 3.707585330897595483e-02 1.925509109533786456e-01 3.851018219067572912e-01
1.035651876994818643e+00 -9.181569061943248844e-01 3.717385287871303318e-02 1.928052200504774549e-01 3.856104401009549099e-01
1.040423366868095778e+00 -8.869131279340246587e-01 3.722320812710779026e-02 1.929331701058887016e-01 3.858663402117774033e-01
1.045194856741372913e+00 -8.515999777702500939e-01 3.719731826653369794e-02 1.928660630244048435e-01 3.857321260488096870e-01
1.049966346614650270e+00 -8.161839004220790006e-01 3.710214332352341354e-02 1.926191665528729502e-01 3.852383331057459004e-01
1.054737836487927405e+00 -7.848020399652282375e-01 3.697831775040036351e-02 1.922974720333066878e-01 3.845949440666133756e-01
1.059509326361204540e+00 -7.613816563082297373e-01 3.688916107294508417e-02 1.920655124506872036e-01 3.841310249013744071e-01
1.064280816234481897e+00 -7.492854083093866135e-01 3.689815771150427304e-02 1.920889317777166316e-01 3.841778635554332633e-01
1.069052306107759032e+00 -7.510153912086535710e-01 3.704378183431412952e-02 1.924676124295049418e-01 3.849352248590098835e-01
1.073823795981036167e+00 -7.680014958367332722e-01 3.732101323249083918e-02 1.931864726954007905e-01 3.863729453908015810e-01
1.078595285854313524e+00 -8.004901293397398421e-01 3.767693373747246777e-02 1.941054706531283314e-01 3.882109413062566627e-01
1.083366775727590658e+00 -8.475387505325038262e-01 3.802308630233666026e-02 1.949950930211749311e-01 3.899901860423498623e-01
1.088138265600867793e+00 -9.071112070658431392e-01 3.826148453829970875e-02 1.956054307484833277e-01 3.912108614969666553e-01
1.092909755474145150e+00 -9.762595950573217385e-01 3.831630559951865189e-02 1.957455123355798798e-01 3.914910246711597597e-01
1.097681245347422285e+00 -1.051371164300635153e+00 3.816104974128758931e-02 1.953485340136638659e-01 3.906970680273277319e-01
1.102452735220699420e+00 -1.128454248593744991e+00 3.783205378361721022e-02 1.945046369206071268e-01 3.890092738412142537e-01
1.107224225093976777e+00 -1.203435572889481886e+00 3.742332181068593056e-02 1.934510837671526984e-01 3.869021675343053968e-01
1.111995714967253912e+00 -1.272442514174874972e+00 3.706335142146777173e-02 1.925184443669431256e-01 3.850368887338862511e-01
1.116767204840531047e+00 -1.332047616305364945e+00 3.688017677590683246e-02 1.920421224000266880e-01 3.840842448000533760e-01
1.121538694713808404e+00 -1.379458293033740457e+00 3.696452366301641174e-02 1.922616021545030529e-01 3.845232043090061058e-01
1.126310184587085539e+00 -1.412641457323034588e+00 3.734170610272279089e-02 1.932400220004199531e-01 3.864800440008399063e-01
1.131081674460362896e+00 -1.430379983531627319e+00 3.796052779939160238e-02 1.948346165325648693e-01 3.896692330651297387e-01
1.135853164333640031e+00 -1.432264662742346761e+00 3.870272855004479318e-02 1.967300906065078681e-01 3.934601812130157361e-01
1.140624654206917166e+00 -1.418630978002589416e+00 3.941081941528816468e-02 1.985215842554359789e-01 3.970431685108719577e-01
1.145396144080194523e+00 -1.390454105448295508e+00 3.992708431704002775e-02 1.998176276434089349e-01 3.996352552868178698e-01
1.150167633953471658e+00 -1.349217753900890715e+00 4.013346403868864321e-02 2.003333822374310236e-01 4.006667644748620472e-01
1.154939123826748792e+00 -1.296772735264553944e+00 3.998177185842630849e-02 1.999544244532396042e-01 3.999088489064792085e-01
1.159710613700026149e+00 -1.235199676939827018e+00 3.950624467805528839e-02 1.987617787152632931e-01 3.975235574305265862e-01
1.164482103573303284e+00 -1.166687396487203987e+00 3.881509557971051655e-02 1.970154704070482821e-01 3.940309408140965641e-01
1.169253593446580419e+00 -1.093434639240034922e+00 3.806325543331606082e-02 1.950980661957366913e-01 3.901961323914733826e-01
1.174025083319857776e+00 -1.017578676817587846e+00 3.741342029863922031e-02 1.934254903021812577e-01 3.868509806043625154e-01
1.178796573193134911e+00 -9.411502185904498941e-01 3.699557182371836228e-02 1.923423297761529260e-01 3.846846595523058521e-01
1.183568063066412046e+00 -8.660506705562243113e-01 3.687551400196743129e-02 1.920299820391790646e-01 3.840599640783581292e-01
1.188339552939689403e+00 -7.940453395382049973e-01 3.704056897934569770e-02 1.924592657664101480e-01 3.849185315328202961e-01
1.193111042812966538e+00 -7.267649277805652286e-01 3.740601901623832187e-02 1.934063572280868004e-01 3.868127144561736008e-01
1.197882532686243673e+00 -6.657076359060657422e-01 3.784036567352548619e-02 1.945260025639901080e-01 3.890520051279802161e-01
1.202654022559521030e+00 -6.122352819500409549e-01 3.820246418343412748e-02 1.954545066848910606e-01 3.909090133697821212e-01
1.207425512432798165e+00 -5.675588176539667629e-01 3.838042945269484058e-02 1.959092377931547224e-01 3.918184755863094448e-01
1.212197002306075300e+00 -5.327111613405534074e-01 3.832176865247562125e-02 1.957594663163843562e-01 3.915189326327687125e-01
1.216968492179352657e+00 -5.085080087024984596e-01 3.804661493622096824e-02 1.950554150394727404e-01 3.901108300789454808e-01
1.221739982052629792e+00 -4.954998701745511602e-01 3.764057684244507401e-02 1.940117956270831223e-01 3.880235912541662446e-01
1.226511471925906926e+00 -4.939206990038482181e-01 3.722931844615044034e-02 1.929490047814459153e-01 3.858980095628918305e-01
1.231282961799184283e+00 -5.036398724284906203e-01 3.694200846564929530e-02 1.922030396888907144e-01 3.844060793777814289e-01
1.236054451672461418e+00 -5.241248166038962042e-01 3.687383429615078562e-02 1.920256084384340256e-01 3.840512168768680512e-01
1.240825941545738553e+00 -5.544211731492461048e-01 3.705802313784303109e-02 1.925046054977465615e-01 3.850092109954931230e-01
1.245597431419015910e+00 -5.931561419692331638e-01 3.745518361167440163e-02 1.935334172996343305e-01 3.870668345992686610e-01
1.250368921292293045e+00 -6.385686438903903639e-01 3.796301438887599716e-02 1.948409977106358437e-01 3.896819954212716874e-01
1.255140411165570180e+00 -6.885674451614115510e-01 3.844384657141036027e-02 1.960710243034660127e-01 3.921420486069320255e-01
1.259911901038847537e+00 -7.408156435624090319e-01 3.876262876369091642e-02 1.968822713290633297e-01 3.937645426581266594e-01
1.264683390912124672e+00 -7.928372270595973603e-01 3.882514008282028639e-02 1.970409604189450881e-01 3.940819208378901761e-01
1.269454880785401807e+00 -8.421390699892540299e-01 3.860615637839205638e-02 1.964844939897091580e-01 3.929689879794183160e-01
1.274226370658679164e+00 -8.863399832835637815e-01 3.815996096064962206e-02 1.953457472294946595e-01 3.906914944589893190e-01
1.278997860531956299e+00 -9.232974767202163369e-01 3.761021485184646435e-02 1.939335320460246481e-01 3.878670640920492962e-01
1.283769350405233434e+00 -9.512228310351471539e-01 3.712152186844219770e-02 1.926694627294169848e-01 3.853389254588339696e-01
1.288540840278510791e+00 -9.687759267613808012e-01 3.685964764444307762e-02 1.919886654061720432e-01 3.839773308123440865e-01
1.293312330151787926e+00 -9.751329450447245861e-01 3.695012917161218796e-02 1.922241638598336799e-01 3.844483277196673598e-01
1.298083820025065060e+00 -9.700223619443878453e-01 3.744532066091510458e-02 1.935079343616563641e-01 3.870158687233127282e-01
1.302855309898342417e+00 -9.537273493978939420e-01 3.830779244866840128e-02 1.957237656715923868e-01 3.914475313431847736e-01
1.307626799771619552e+00 -9.270554797864304364e-01 3.941405844207414300e-02 1.985297419584132195e-01 3.970594839168264389e-01
1.312398289644896687e+00 -8.912792090697381209e-01 4.057787436451565366e-02 2.014395054712845023e-01 4.028790109425690047e-01
1.317169779518174044e+00 -8.480527206891973480e-01 4.158795785595619660e-02 2.039312576726682036e-01 4.078625153453364072e-01
1.321941269391451179e+00 -7.993121497737203374e-01 4.225190278425467599e-02 2.055526764220176050e-01 4.111053528440352101e-01
1.326712759264728536e+00 -7.471668654909284779e-01 4.243689430628660997e-02 2.060021706348906523e-01 4.120043412697813046e-01
1.331484249138005671e+00 -6.937893608209459995e-01 4.209871245777949827e-02 2.051797077144313919e-01 4.103594154288627838e-01
1.336255739011282806e+00 -6.413104738995002441e-01 4.129312836786754037e-02 2.032071070801106105e-01 4.064142141602212210e-01
1.341027228884560163e+00 -5.917253147664015556e-01 4.016750383778811689e-02 2.004183221109989144e-01 4.008366442219978287e-01
1.345798718757837298e+00 -5.468136202779811939e-01 3.893439165541741354e-02 1.973179962786400510e-01 3.946359925572801020e-01
1.350570208631114433e+00 -5.080765506835855927e-01 3.783240254020412557e-02 1.945055334436635586e-01 3.890110668873271171e-01
1.355341698504391790e+00 -4.766903988042232032e-01 3.708192106747729144e-02 1.925666665533713184e-01 3.851333331067426369e-01
1.360113188377668925e+00 -4.534764823688282043e-01 3.684404916241612593e-02 1.919480376623218520e-01 3.838960753246437041e-01
1.364884678250946060e+00 -4.388857353772525616e-01 3.719037019691234097e-02 1.928480495024835484e-01 3.856960990049670968e-01
1.369656168124223417e+00 -4.329962263822190183e-01 3.808898576659441176e-02 1.951639971065217138e-01 3.903279942130434277e-01
1.374427657997500551e+00 -4.355219516315474992e-01 3.940922870789574650e-02 1.985175778310216688e-01 3.970351556620433375e-01
1.379199147870777686e+00 -4.458316558244627137e-01 4.094407252369119260e-02 2.023464171259061195e-01 4.046928342518122390e-01
1.383970637744055043e+00 -4.629769595737525112e-01 4.244613086992790607e-02 2.060245880227112858e-01 4.120491760454225716e-01
1.388742127617332178e+00 -4.857295473274204078e-01 4.367078638402906859e-02 2.089755640835288530e-01 4.179511281670577061e-01
1.393513617490609313e+00 -5.126274397941533723e-01 4.441877342803593476e-02 2.107576177224347314e-01 4.215152354448694627e-01
1.398285107363886670e+00 -5.420303348333057603e-01 4.457064303866577204e-02 2.111176047577884296e-01 4.222352095155768592e-01
1.403056597237163805e+00 -5.721836089544225512e-01 4.410693795614206020e-02 2.100165182935429531e-01 4.200330365870859062e-01
1.407828087110440940e+00 -6.012898582521057911e-01 4.311038655451100710e-02 2.076304085496895879e-01 4.152608170993791759e-01
1.412599576983718297e+00 -6.275859198265634209e-01 4.174960568532245370e-02 2.043272025094124700e-01 4.086544050188249400e-01
1.417371066856995432e+00 -6.494223005691021067e-01 4.024717547222500524e-02 2.006169869981727361e-01 4.012339739963454721e-01
1.422142556730272567e+00 -6.653410247199039729e-01 3.883793510254949372e-02 1.970734256629987358e-01 3.941468513259974715e-01
1.426914046603549924e+00 -6.741472684481553124e-01 3.772537728905677595e-02 1.942302172398949200e-01 3.884604344797898401e-01
1.431685536476827059e+00 -6.749699226488412585e-01 3.704462888138929794e-02 1.924698129094256083e-01 3.849396258188512165e-01
1.436457026350104194e+00 -6.673065042935151236e-01 3.683945326664166131e-02 1.919360655703915841e-01 3.838721311407831682e-01
1.441228516223381551e+00 -6.510486428685238192e-01 3.705806582664299131e-02 1.925047163750618073e-01 3.850094327501236147e-01
1.446000006096658685e+00 -6.264856483513514540e-01 3.756874109353693092e-02 1.938265747866812216e-01 3.876531495733624433e-01
1.450771495969935820e+00 -5.942852995499106061e-01 3.819195171310470205e-02 1.954276124632972622e-01 3.908552249265945244e-01
1.455542985843213177e+00 -5.554528037397800100e-01 3.874204534664815736e-02 1.968299909735509723e-01 3.936599819471019446e-01
1.460314475716490312e+00 -5.112706699649258724e-01 3.906914780441531759e-02 1.976591708077703180e-01 3.953183416155406360e-01
1.465085965589767447e+00 -4.632238084357244712e-01 3.909173355783617659e-02 1.977162956304719388e-01 3.954325912609438776e-01
1.469857455463044804e+00 -4.129153430061141550e-01 3.881232259563676540e-02 1.970084328033619159e-01 3.940168656067238317e-01
1.474628945336321939e+00 -3.619792773185243617e-01 3.831267794292939066e-02 1.957362458588837728e-01 3.914724917177675456e-01
1.479400435209599074e+00 -3.119962258606359673e-01 3.772980708654367910e-02 1.942416203766424432e-01 3.884832407532848864e-01
1.484171925082876431e+00 -2.644179157014719395e-01 3.721880856827607109e-02 1.929217680000784030e-01 3.858435360001568060e-01
1.488943414956153566e+00 -2.205051547162298897e-01 3.691193143188889469e-02 1.921247808896314468e-01 3.842495617792628937e-01
1.493714904829430701e+00 -1.812825720803365459e-01 3.688422510959817047e-02 1.920526623340540195e-01 3.841053246681080391e-01
1.498486394702708058e+00 -1.475118260014751381e-01 3.713452534885242073e-02 1.927032053414068635e-01 3.854064106828137271e-01
1.503257884575985193e+00 -1.196833155353219380e-01 3.758661593981630494e-02 1.938726797148487002e-01 3.877453594296974004e-01
1.508029374449262328e+00 -9.802489500759106744e-02 3.811021067056719752e-02 1.952183666322592770e-01 3.904367332645185540e-01
1.512800864322539685e+00 -8.252481399130115469e-02 3.855626264365394351e-02 1.963574868540895191e-01 3.927149737081790382e-01
1.517572354195816819e+00 -7.296519854678928940e-02 3.879737840182798103e-02 1.969705013493847634e-01 3.939410026987695268e-01
1.522343844069093954e+00 -6.896191099281621939e-02 3.876277658758909422e-02 1.968826467406132041e-01 3.937652934812264083e-01
1.527115333942371311e+00 -7.000658911286131159e-02 3.845863599589187387e-02 1.961087351340879692e-01 3.922174702681759384e-01
1.531886823815648446e+00 -7.550704029971755382e-02 3.796845037696962299e-02 1.948549470169274878e-01 3.897098940338549755e-01
1.536658313688925803e+00 -8.482288300628897104e-02 3.743315245615384118e-02 1.934764907066329753e-01 3.869529814132659506e-01
1.541429803562202938e+00 -9.729429012956780642e-02 3.701594704706196587e-02 1.923952885261537848e-01 3.847905770523075697e-01
1.546201293435480073e+00 -1.122627825142898383e-01 3.686067702781500866e-02 1.919913462315815111e-01 3.839826924631630223e-01
1.550972783308757430e+00 -1.290841256512286761e-01 3.705416984800269375e-02 1.924945969319728500e-01 3.849891938639457001e-01
1.555744273182034565e+00 -1.471343840071256126e-01 3.760200628794804767e-02 1.939123675476839004e-01 3.878247350953678008e-01
1.560515763055311700e+00 -1.658109854742642053e-01 3.842381663455927271e-02 1.960199393800520218e-01 3.920398787601040436e-01
1.565287252928589057e+00 -1.845311668571844033e-01 3.936940946832118149e-02 1.984172610140589044e-01 3.968345220281178087e-01
1.570058742801866192e+00 -2.027303636798697684e-01 4.025197306135078895e-02 2.006289437278449828e-01 4.012578874556899655e-01
1.574830232675143327e+00 -2.198629612359075947e-01 4.089048444262100013e-02 2.022139570915444939e-01 4.044279141830889879e-01
1.579601722548420684e+00 -2.354073609217133545e-01 4.115127744205455962e-02 2.028577763903926801e-01 4.057155527807853601e-01
1.584373212421697819e+00 -2.488765915062002843e-01 4.097894204100662602e-02 2.024325617113181264e-01 4.048651234226362527e-01
1.589144702294974953e+00 -2.598347917287470721e-01 4.040926672253714741e-02 2.010205629345842571e-01 4.020411258691685141e-01
1.593916192168252310e+00 -2.679189106657574593e-01 3.956117497110686609e-02 1.988999119434366747e-01 3.977998238868733494e-01
1.598687682041529445e+00 -2.728640270499160803e-01 3.860954821061103603e-02 1.964931250975744392e-01 3.929862501951488785e-01
1.603459171914806580e+00 -2.745298872324924977e-01 3.774531984518151445e-02 1.942815478762239811e-01 3.885630957524479623e-01
1.608230661788083937e+00 -2.729256989140695921e-01 3.713222268731368458e-02 1.926972306166170323e-01 3.853944612332340647e-01
1.613002151661361072e+00 -2.682299651686408937e-01 3.687036720144717256e-02 1.920165805378462043e-01 3.840331610756924086e-01
1.617773641534638207e+00 -2.608022398918396489e-01 3.697521525218711025e-02 1.922894049400203087e-01 3.845788098800406174e-01
1.622545131407915564e+00 -2.511841348592017131e-01 3.737684831005893410e-02 1.933309295225648372e-01 3.866618590451296744e-01
1.627316621281192699e+00 -2.400876769719727521e-01 3.793955911289003530e-02 1.947807975979409523e-01 3.895615951958819045e-01
1.632088111154469834e+00 -2.283701361600461999e-01 3.849687972670198799e-02 1.962062173497618467e-01 3.924124346995236934e-01
1.636859601027747191e+00 -2.169956279384094300e-01 3.889339573247416887e-02 1.972140860396999484e-01 3.944281720793998969e-01
1.641631090901024326e+00 -2.069850311431438994e-01 3.902303183495144101e-02 1.975424810893885719e-01 3.950849621787771437e-01
1.646402580774301461e+00 -1.993569357952197918e-01 3.885437482376349894e-02 1.971151308848803074e-01 3.942302617697606149e-01
1.651174070647578818e+00 -1.950633372846539149e-01 3.843684032015044078e-02 1.960531568737173824e-01 3.921063137474347648e-01
1.655945560520855953e+00 -1.949245237390536678e-01 3.788629990309505535e-02 1.946440338235288781e-01 3.892880676470577561e-01
1.660717050394133087e+00 -1.995679878980429200e-01 3.735395751189295871e-02 1.932717193794605826e-01 3.865434387589211651e-01
1.665488540267410444e+00 -2.093761854195622940e-01 3.698648022952325670e-02 1.923186944358848682e-01 3.846373888717697365e-01
1.670260030140687579e+00 -2.244475427228821429e-01 3.688756585192905918e-02 1.920613596013759916e-01 3.841227192027519832e-01
1.675031520013964714e+00 -2.445743076881376488e-01 3.709071137413029462e-02 1.925894892618241760e-01 3.851789785236483521e-01
1.679803009887242071e+00 -2.692396880266213488e-01 3.755005423852051522e-02 1.937783637006993409e-01 3.875567274013986818e-01
1.684574499760519206e+00 -2.976353183328905860e-01 3.815155951070132306e-02 1.953242419944368480e-01 3.906484839888736960e-01
1.689345989633796341e+00 -3.286985473532304525e-01 3.874172527462364096e-02 1.968291779046583423e-01 3.936583558093166846e-01
1.694117479507073698e+00 -3.611674700573777042e-01 3.916668818110279060e-02 1.979057558058956168e-01 3.958115116117912335e-01
1.698888969380350833e+00 -3.936501814568162394e-01 3.931219932951503931e-02 1.982730423671232312e-01 3.965460847342464623e-01
1.703660459253627968e+00 -4.247035340765561440e-01 3.913495305737282881e-02 1.978255621940016862e-01 3.956511243880033724e-01
1.708431949126905325e+00 -4.529158551460941151e-01 3.867808480538204724e-02 1.966674472437725252e-01 3.933348944875450504e-01
1.713203439000182460e+00 -4.769877098729594644e-01 3.806761429924258172e-02 1.951092368373229524e-01 3.902184736746459048e-01
1.717974928873459595e+00 -4.958049296571634401e-01 3.749112602028016605e-02 1.936262534375960132e-01 3.872525068751920263e-01
1.722746418746736952e+00 -5.084987564812010197e-01 3.716390918575735586e-02 1.927794314385156416e-01 3.855588628770312831e-01
1.727517908620014087e+00 -5.144890337918492929e-01 3.729021705640340328e-02 1.931067504164559190e-01 3.862135008329118380e-01
