# X Y attrib
2.173716192603771802e-01 2.086387818266644822e-01 9.911493045422463677e-01
3.335865719780146676e+00 -1.957618466368019894e-01 9.946399067021172158e-01
2.340135739672792425e+00 7.310395467750115950e-01 9.968557439850038726e-01
1.483489547473826775e+00 9.594454568950121498e-01 9.952224884030251850e-01
1.125718918613673125e+00 9.903933919429216415e-01 9.972048787454765861e-01
4.052231527829361468e+00 -7.542869709469229855e-01 9.897084859120034439e-01
1.585662820254204242e+00 9.655370363222816055e-01 9.948062492705744830e-01
2.737606938167814974e+00 3.366448318876549273e-01 9.924212776697062255e-01
1.211199235627348436e+00 9.611124602149928586e-01 9.972487919408949963e-01
6.028753007728564484e-01 5.554896113084126785e-01 9.941412341004352005e-01
1.111945631387034616e+00 9.088089547578211969e-01 9.968853619885454931e-01
3.438324487574995203e+00 -3.204386384808073363e-01 9.929812233666707177e-01
1.958411783879295598e+00 9.047423628635012927e-01 9.971280852639362591e-01
7.251645265595465517e-01 6.628586985973713430e-01 9.963029064155735082e-01
7.608475428078076419e-02 2.498421108460183865e-02 6.028359286448413679e-01
7.237377445687975808e-02 1.092748841337499582e-01 9.959475468871374915e-01
1.457532721085919469e+00 8.960277540922920725e-01 9.940705076202696056e-01
2.361803828015673901e+00 7.713054628406288415e-01 9.967478869012690312e-01
1.543753127186658247e+00 9.980220113507882740e-01 9.967740946018394110e-01
3.752320871093472121e+00 -6.056842547895828766e-01 9.924710584852036721e-01
4.322489840747749668e-01 4.290051746720148773e-01 9.961548100791945970e-01
4.441927607318607585e-02 5.811831733939491762e-02 9.906897312118928545e-01
3.660465523689799383e+00 -5.127720160156573614e-01 9.913140339804454859e-01
1.207015657286120813e+00 8.612361742796922348e-01 9.926238361019904533e-01
3.239225470368646498e+00 -1.080208998389650538e-01 9.950380415402472201e-01
1.287900224466453025e+00 9.349573598577365363e-01 9.944429744191810583e-01
1.802774169406374583e+00 1.015028504214559035e+00 9.974254671775770742e-01
8.589086101954253039e-01 7.025964848479656633e-01 9.938943854599242567e-01
3.663727825510445513e-01 4.398890695198843792e-01 9.971643908097475029e-01
1.853476685291735038e+00 8.797538535921050062e-01 9.941496546326478168e-01
2.405068378559096942e+00 7.124657006832278983e-01 9.968791614399424850e-01
1.326571361464774057e+00 8.932592201025509882e-01 9.942120934699537615e-01
2.301461042003820623e-01 1.630893261113734449e-01 9.869219882692363832e-01
1.300307803271705254e+00 9.716781990770231303e-01 9.967427735232542441e-01
7.332122387221220450e-01 6.687166552247136853e-01 9.959712426528690710e-01
1.751624875814012938e+00 9.939686750170311225e-01 9.969584901508379282e-01
1.598850746141040169e+00 1.002538210255129680e+00 9.970541255027889349e-01
3.644647278840293936e-01 2.814164221309010672e-01 9.886562217735915814e-01
3.279271642685767318e+00 -2.002353171858183289e-01 9.909694784981499804e-01
2.688002704277998589e-01 1.788722601151129243e-01 9.868383005998545565e-01
8.141179645403306964e-01 6.479760171324937534e-01 9.917479037274614662e-01
3.529300190274692994e+00 -3.345641335762181701e-01 9.970302005694888781e-01
1.270698205900314903e+00 9.957407026642237646e-01 9.976175346922321330e-01
2.991299166423782907e+00 8.265218887243494517e-02 9.931088987687267666e-01
8.333275447065231489e-01 7.473759744563157614e-01 9.967741689101394797e-01
3.699279464966696906e+00 -4.847647830013868675e-01 9.969979081122896103e-01
6.459416617217597079e-01 6.028432226355480150e-01 9.963421883072788310e-01
2.370708118824099486e+00 7.358714367560015290e-01 9.972160088280064283e-01
1.399060278858958561e+00 1.073701680677752179e+00 9.973042873867746794e-01
4.509886974699695017e-01 3.193032599978463115e-01 9.895728402653853895e-01
3.238541539397651547e+00 -1.509605482832694912e-01 9.935380480857843866e-01
1.473300061930681082e+00 1.030745714233332722e+00 9.973444418500869713e-01
3.504912594214417254e+00 -2.894680306008469151e-01 9.967224185313657836e-01
1.766373184743484259e+00 9.172302828095563187e-01 9.936202298135646815e-01
3.313349725452281902e+00 -2.191847075706079839e-01 9.900721006808537172e-01
3.752594020424668386e+00 -5.223585866460165317e-01 9.966822481901576047e-01
1.320562265669704693e+00 9.370489135008065462e-01 9.948546834118452420e-01
1.610199505573239875e-01 9.356576569288148348e-02 9.839963248111468497e-01
9.619392811603848514e-01 7.900805126753879248e-01 9.943673999158538779e-01
2.781693068761359910e+00 3.936553253551156040e-01 9.972480088542938770e-01
3.890125572154525813e+00 -6.535851561241664553e-01 9.924719960060053303e-01
1.260370610161505311e+00 9.602745025326094863e-01 9.966606914039910503e-01
2.444678793669254446e+00 6.303406339158820204e-01 9.968970687227273197e-01
1.592607474178090676e+00 1.060459899600880052e+00 9.968474347568841987e-01
2.802809948170345677e+00 3.096473214147684727e-01 9.962578153913328460e-01
1.460807867029423335e-01 2.064443803660475918e-01 9.964845022591646284e-01
5.873366761740612674e-01 6.359693369609908942e-01 9.969110990653600179e-01
3.558621026407791987e+00 -4.437467222295705671e-01 9.933619428758949654e-01
1.897665535002463599e+00 8.889102526801558879e-01 9.939104243410101791e-01
7.207963252011824196e-01 5.469322659323627711e-01 9.913343133568778276e-01
3.425648173923583784e+00 -3.334754038500640783e-01 9.910189000953513183e-01
3.926280761952080312e+00 -7.310869818036829226e-01 9.753496342465568514e-01
1.495357090225044594e+00 1.018521537480310712e+00 9.972222404970702003e-01
1.739369343513336830e+00 8.904266921027608195e-01 9.906336522545025058e-01
1.283451384013493346e+00 9.657987229387156036e-01 9.968688859082472931e-01
3.431695637125299569e+00 -2.157905929080771168e-01 9.974502113859196051e-01
1.134793464748224956e+00 9.171530176184550243e-01 9.970116171590354126e-01
2.337799723092501836e+00 6.162663287579162041e-01 9.936189048709452853e-01
7.724238208365958869e-01 6.355576816101820015e-01 9.915393165849447632e-01
3.091862449232511523e+00 -6.341666721864744338e-02 9.912292054564121324e-01
1.186045885813215683e+00 9.365394494967592687e-01 9.969627479456292241e-01
4.620628587054458336e-01 5.337882112930475431e-01 9.970610275794524746e-01
1.141211441006835692e+00 9.055851090064083175e-01 9.957728300873779359e-01
1.926567870790682591e+00 9.941496621419595447e-01 9.970757258308702298e-01
2.670677392795807847e+00 2.938847062562679469e-01 9.925324895339806552e-01
1.423303857043871190e+00 9.963704845665510845e-01 9.968876921261222712e-01
6.011014444346889363e-01 5.479907424177220543e-01 9.942765843203514864e-01
1.506081834853540968e-01 1.164846209716887127e-01 9.892371546407364713e-01
3.908315422442212750e+00 -6.355477529281884363e-01 9.962133154280127245e-01
2.716191361551718586e+00 4.145082561978147284e-01 9.968084989116767769e-01
1.134124882583806837e+00 9.219698500736226432e-01 9.968420320649996613e-01
1.326864298860292557e+00 9.165552996300985189e-01 9.941512831330225897e-01
3.477433703703795231e+00 -2.736695927232544734e-01 9.970861013887838409e-01
3.061511741629411532e+00 6.760481650886426830e-03 9.934158336414254942e-01
1.858375871812912195e+00 1.071992346025728793e+00 9.972964782591262622e-01
1.467276081454536474e+00 1.027062130824242026e+00 9.968434242167613091e-01
1.912388794096422373e+00 9.627752813404261145e-01 9.968567592301809110e-01
1.702887358608154322e+00 1.030386561386966271e+00 9.971210111637750506e-01
4.336991637053495552e-01 3.988779090198708577e-01 9.940392582292771895e-01
3.340440238475256507e+00 -2.290237904028739613e-01 9.931339408999839691e-01
3.240010690403128280e+00 -1.413045533093458539e-01 9.921898529627894980e-01
2.676590296903199828e+00 5.026301012301858107e-01 9.969301146488326326e-01
8.856324865599658480e-01 7.637030460166106538e-01 9.950802612608796727e-01
1.642291266259448435e+00 1.031276949179697588e+00 9.968484323462927232e-01
3.698650823662385179e+00 -4.866903296823463787e-01 9.957950690061057042e-01
