# X Y attrib
2.681775622888884492e+00 -7.956042038723019905e-02 9.998541096209219159e-01
1.592758556381441259e+00 -4.514328776659287112e-01 9.998312648789380308e-01
-1.673727820430084501e+00 -3.323202655149091189e-01 9.998186633864988293e-01
1.117332511424801389e+00 -1.469489491854180652e-01 9.998751711428832678e-01
-6.453452012098157553e-01 5.757118069478918132e-01 9.998321657244095828e-01
-5.284194308475242963e-01 6.338146930987521577e-01 9.998255435766387755e-01
2.304193094232628525e+00 -2.352731566565330334e-01 9.998363450100303806e-01
2.309685230258841315e+00 -2.956191518454014955e-01 9.998369126117898631e-01
-1.197541863801114381e+00 -3.220389315250225537e-01 9.998476887372127475e-01
5.374911912882875953e-01 2.820512674900082506e-01 9.981434499884636047e-01
2.870561496088985365e+00 -7.261144691361384740e-02 9.998513642043577176e-01
-2.609547365656839091e+00 -2.007197576014727036e-01 9.998513482530195784e-01
-1.231533211695806429e+00 -4.645466831979957467e-01 9.998276785709476755e-01
1.934798034620598628e+00 -1.320290277788573330e-01 9.972248235836770336e-01
7.570982277614763944e-01 2.545214918116076586e-01 9.998446587886687942e-01
-2.337133716517957538e+00 -3.256086523883791051e-01 9.998161012286030935e-01
-2.996827132984343667e+00 -1.192202372585084991e-01 9.996090076462734730e-01
2.652997397132997648e+00 3.721300413744575708e-02 9.998390699716263041e-01
-4.704208430030414334e-01 7.506036386304850705e-01 9.998481871012881994e-01
-9.210633591087349359e-01 2.846472950607946695e-01 9.993984670557224392e-01
2.218710506383088976e+00 -1.859279343080944003e-01 9.998769686754713781e-01
1.307111029356229359e+00 -1.275659620186091192e-01 9.992388010295455425e-01
-2.027925125983506049e+00 -3.835117364991849076e-01 9.998241506178671134e-01
2.878517525580397418e-01 8.814865912182059393e-01 9.998543957714109975e-01
1.641679014454405561e+00 -5.203929914926609390e-01 9.998199280291860669e-01
9.350727480414198212e-01 -1.389488973557914675e-01 9.997703740479022549e-01
3.462405568705380077e-01 8.654364632971957016e-01 9.998284666247468921e-01
-1.930516400579139979e+00 -4.392198310516534643e-01 9.998326298195889805e-01
3.632779421315568413e-02 1.170423319909616344e+00 9.997839430940544947e-01
-6.195258070210258872e-01 3.493735191051708933e-01 9.998704745689219742e-01
-1.016688873423512440e-01 1.090717737520942698e+00 9.998326371524208778e-01
2.734439046529114847e+00 -6.951287265705226315e-02 9.998323338518841918e-01
3.455593186509098302e-02 1.272982649783296338e+00 9.964399676009212392e-01
1.924208910977489140e+00 -5.589893000637046194e-01 9.998469414719298731e-01
-1.608999914387673424e+00 -5.507101950851009953e-01 9.998598945467844779e-01
-2.525667081570417416e+00 -1.295156973552428203e-01 9.998323161370633594e-01
-2.054224411256013738e-01 9.651541473875651089e-01 9.998444113054045790e-01
-1.612492168136834936e+00 -4.306648477819172705e-01 9.998315153867268767e-01
2.507674834223578841e+00 -6.742430127902067361e-02 9.998342147940338931e-01
-2.225618834362975917e+00 -3.684440347293103102e-01 9.998499795268613877e-01
2.498446332395037217e+00 -1.305910574607677122e-02 9.997417458987012395e-01
6.959206118370144800e-01 4.568986807180019372e-01 9.998364885931224633e-01
2.709526560007585516e+00 1.845237118218993611e-01 9.985103876074267193e-01
-1.469215081665984801e+00 -6.503675912192559139e-01 9.997010568756380389e-01
-2.984691099300578188e-01 9.811371098251121525e-01 9.998639898292206452e-01
2.835106682558961921e+00 -8.179048673652053458e-02 9.998817040913555720e-01
-1.563774011030168110e+00 -5.301427059013322785e-01 9.997663520082196165e-01
2.070055168014430791e+00 -4.185576058095967777e-01 9.998712159557797685e-01
-2.391779834778229308e+00 -1.527888244447457855e-01 9.998355292841266673e-01
-2.499144378841291925e+00 7.376130620698195806e-02 9.991264763381297875e-01
-2.680397432106374822e+00 -3.370269747077589417e-02 9.998658413179863924e-01
-9.271291321248269490e-01 -9.787613045027807046e-02 9.998353605752314799e-01
1.791601244104238155e+00 -2.400672054813473011e-01 9.990832821590408530e-01
-6.946383435094163339e-01 4.474863094105080985e-01 9.998581242155121229e-01
-2.239649942280557582e+00 -2.832123666327109879e-01 9.998665469549681273e-01
2.063836873858511112e-01 1.223200142758373410e+00 9.982193323773852489e-01
2.120864206683314990e-02 1.094008709312266570e+00 9.998826804612374053e-01
-2.240359345892076970e+00 -3.147136588018894510e-01 9.998377560568175726e-01
1.747743546338084819e+00 -5.191272705770039186e-01 9.998288730100238775e-01
5.763075247391977740e-01 4.060481591462764550e-01 9.998433327898977874e-01
1.546616236195020200e+00 -3.408920796053442892e-01 9.998660577890357004e-01
-2.438154486712091895e-01 7.213144856048893105e-01 9.994674139567383264e-01
6.149270607989922865e-01 3.722221293090536287e-01 9.998528464546602157e-01
-3.864049829017810467e-01 9.343900387864852997e-01 9.998059352888476470e-01
-2.961430202799937739e+00 -5.765321637596768078e-02 9.998572368567546498e-01
-2.720220729829840867e+00 -1.759259074024374092e-01 9.998383227408670360e-01
-4.875455999645206262e-01 6.261647680362562030e-01 9.998503254654746986e-01
2.269595131255627507e+00 -3.146485759416161598e-01 9.998537788211342425e-01
-4.018938401490101953e-01 4.420810577932074992e-01 9.966028217622638907e-01
8.607612610182311386e-01 2.261217195616422870e-01 9.998698524592262160e-01
4.100986529303756178e-01 1.052382032058028383e+00 9.938667027737252413e-01
-1.225759181365039474e+00 -3.598501611446489057e-02 9.978036300635814149e-01
1.148335562765070428e+00 -1.563815750495154144e-01 9.998523539148688188e-01
6.333911686237927441e-01 4.613194000369190695e-01 9.998404444254074264e-01
2.781268680374604507e+00 -7.150305975287210569e-02 9.998563808002735032e-01
2.057127306292457547e+00 -4.204354379398641539e-01 9.998548584467104039e-01
1.098866703504999265e-01 8.609923804171578654e-01 9.998593575380179121e-01
6.208512432949668813e-01 3.640497427249524964e-01 9.998354034286659475e-01
-2.487025423734992025e+00 -9.307106717122551331e-02 9.998256970832265500e-01
2.727326588095579041e+00 -3.426356269145082734e-01 9.991607864402750616e-01
3.500830563843013721e-01 8.911049751627431181e-01 9.998837631639340140e-01
-4.978313576176929267e-01 6.524926918011489940e-01 9.998639553101812405e-01
7.633949985435348751e-01 3.317428818850743921e-01 9.998545586807381369e-01
-6.214161352724900667e-01 6.673147049864176505e-01 9.994536511537223111e-01
-1.189121016507842965e+00 -2.623675690741069655e-01 9.998243465604159663e-01
-6.123322063575167284e-01 6.736724155694721050e-01 9.997054878334122874e-01
2.098707170513268494e+00 -2.747052493777171200e-01 9.998178504478769657e-01
-1.287717984387545256e+00 -2.230573268645228147e-01 9.998464328580654037e-01
-9.668503356451099151e-01 -1.441028926042967062e-01 9.998440693606166496e-01
-6.930518680972177492e-01 3.885619526275148616e-01 9.998859479926301974e-01
1.740190890761574849e-01 1.052308256258433605e+00 9.998514575402169813e-01
-2.859720416474434757e+00 -3.132419619350471779e-02 9.998662975177901036e-01
-1.859768091680370494e+00 -3.036132433876410630e-01 9.998172394577953259e-01
2.774055867444204182e+00 -7.893264934904618835e-02 9.997750149907365103e-01
1.283426752290677264e-01 9.092033792346408960e-01 9.998278427225211207e-01
2.991520086562400316e+00 -2.679629607747607833e-01 9.990901036625712273e-01
2.329572911047129935e+00 -2.801354264733783572e-01 9.998757776040337886e-01
2.757868859567929931e+00 1.033154092750352138e-01 9.996380059868515966e-01
-1.210602575354302379e+00 -2.252593292250741341e-01 9.998727345336021477e-01
-1.888842495099965380e+00 -4.657640055065632168e-01 9.998469041814913583e-01
1.685116712812152251e+00 -3.908606618172605351e-01 9.998641138003033779e-01
-2.068711521575752776e+00 -3.086958921665269306e-01 9.998438247354837216e-01
6.067137019411141807e-01 3.372569539045489062e-01 9.998114951147606400e-01
3.978845938640267477e-01 8.387363085464996093e-01 9.998500647228115712e-01
1.766275838183375413e+00 -4.343867940920055348e-01 9.998537541412506613e-01
2.563560102891432990e+00 -9.527587191944875133e-02 9.998820201920223250e-01
-1.272402293331216683e+00 -5.248285458759291977e-01 9.997584079859269668e-01
-3.321384883303020175e-01 1.028609083072257624e+00 9.994597032594463304e-01
-3.030181036327004307e-01 9.000468893296521555e-01 9.998025908452052857e-01
1.131929747216831039e+00 1.178194346804264936e-01 9.964238186835228106e-01
-2.106911850643825801e+00 -1.858702267822279763e-01 9.992978007633732673e-01
-2.282084865364384374e+00 -3.131171205713061401e-01 9.998602352418962669e-01
2.067704902250717680e+00 -3.768968659116612718e-01 9.998409374051810961e-01
-7.707973372202050477e-01 4.259952185643997580e-01 9.998214532245419672e-01
6.680020771917862810e-01 3.478217754237531434e-01 9.998685148100466824e-01
2.464246964619355218e+00 -8.184011555530620874e-02 9.998835241212563618e-01
-1.901704068342094267e+00 -6.387791486114378081e-01 9.997972071727438959e-01
-2.699285822019701353e+00 -2.155389720242989471e-01 9.998701420722073685e-01
-7.181558228615871897e-01 2.387110825457491314e-01 9.998539902469532059e-01
-1.764403955222568321e+00 -6.512143710217335180e-01 9.998395999362971187e-01
-1.834454020185188883e+00 -5.058716816264131610e-01 9.998312064543655175e-01
-1.524094747702648966e+00 -4.481584785062536214e-01 9.998611926042507703e-01
8.433810710906977093e-01 2.040621227819559014e-01 9.998541847226395385e-01
-5.993558401382932388e-01 5.868201266743290345e-01 9.998527813423071509e-01
-2.284942166612964343e+00 -3.082458025376849653e-03 9.989669723567184967e-01
-1.018382081107575221e+00 -1.961199242961630951e-01 9.998472330306494849e-01
1.791731663303024469e+00 -3.624820050368245949e-01 9.998730143619187771e-01
6.305220367258987935e-01 2.802633013580556609e-01 9.998248429209419808e-01
2.637233145862898809e+00 1.622861142083379393e-01 9.974357206835329226e-01
4.592921746528189075e-01 6.338564756349173157e-01 9.998507539224374963e-01
-1.158796376522461813e-01 6.921212533999252514e-01 9.923329158535109107e-01
-4.051019851914094971e-02 1.274420903413515660e+00 9.980528155430483661e-01
1.857398142169740751e+00 -4.541362703947430246e-01 9.998647598545056248e-01
2.608753335381716276e+00 -2.130041245745259437e-01 9.998646071423554771e-01
-9.452089286840736904e-01 6.853026890998349663e-02 9.998373276821485023e-01
-1.124190722682465893e+00 -3.493315029987309472e-01 9.998507667588952819e-01
6.017826382048552247e-01 6.004300247061818974e-01 9.998349659991488947e-01
1.167248142853180681e+00 -2.819125018519395010e-01 9.998220762406579976e-01
-2.728973023358945760e+00 -1.236821685502195040e-01 9.998544908881215054e-01
7.604140557616236862e-01 1.808771737081728004e-01 9.998344392858101726e-01
-1.117793815490938591e+00 -4.025548941028215255e-01 9.997014142150986160e-01
6.974843788357842911e-02 1.180471661806387074e+00 9.995100928606207580e-01
-9.381262293737906433e-01 -4.593897936082566580e-02 9.998294394299459542e-01
-1.865503198440450205e-01 9.094337092446299620e-01 9.998336129983242948e-01
-9.114485972276833436e-01 2.003279281381638577e-01 9.998321029609777977e-01
1.699116380830663076e+00 -2.702502190778250934e-01 9.994015709228536437e-01
9.060685506923045196e-01 -3.112025192523165673e-02 9.998427143062454947e-01
2.238154557322348914e+00 -3.508751632635864759e-02 9.975167188516771422e-01
-1.895044069490204208e+00 -4.262047028759780587e-01 9.998518742609312504e-01
2.860990110276055098e+00 -2.008394179444201316e-02 9.998635502549371168e-01
-1.225667115830496812e+00 -2.969888741154598222e-01 9.998761892357425074e-01
-6.410454415866508882e-01 5.895653011211449135e-01 9.998434598188069566e-01
1.912793318099428319e+00 -4.164151059712499769e-01 9.998533123229447206e-01
-6.359304051306997607e-01 5.850205220241769810e-01 9.998231647051034621e-01
2.344950715555278897e+00 -1.211318037415694965e-01 9.998305105893461331e-01
-2.819245430468552360e+00 -3.170836480106668104e-02 9.998550764133709023e-01
2.398870472163110001e+00 -3.344706426066276217e-01 9.998522537737760674e-01
2.884271082444083589e+00 -6.051555990105098037e-02 9.998875190624836318e-01
1.874660973693860200e+00 -6.239430518156838801e-01 9.998618128047743747e-01
-4.227464184474212239e-01 8.442121187786820746e-01 9.998694323656961425e-01
-2.981528172129637611e+00 2.070234838734928418e-01 9.998527342509001548e-01
7.139804177904873761e-01 3.330535128022465430e-01 9.998385607003542619e-01
8.304876866479569131e-01 1.934161911080447271e-01 9.998486342731827126e-01
6.128028959516456098e-01 6.952131757278690039e-01 9.986076559354135629e-01
-1.867262204230113687e+00 -2.450129012698729347e-01 9.982441295170125795e-01
5.418239679091758632e-01 3.307337585302639327e-01 9.990689176855753750e-01
-2.561453315447103307e+00 -6.457620455645590729e-02 9.998542919607242840e-01
-1.672898501274589167e+00 -4.361396134534296642e-01 9.998445894493146469e-01
-2.405664380627469789e+00 -2.047487399707178801e-01 9.998753278565689628e-01
-1.536792225640655651e+00 -3.040958313127929968e-01 9.997491118841902447e-01
-7.465293646137860506e-01 4.458413217296989250e-01 9.998373953971088079e-01
-1.589937132080293969e+00 -4.767599341221869236e-01 9.998683400584290615e-01
5.448883258477881242e-01 5.439609793440456365e-01 9.998493334698905777e-01
2.049821063507410557e+00 -1.477860865410471902e-01 9.980475947219284993e-01
-1.362366576071400992e-01 8.126389855640829829e-01 9.998001406980006056e-01
2.599452326059709328e+00 6.063777264472570983e-02 9.995033389185683514e-01
-8.352834892606697537e-02 1.002925054613793776e+00 9.997883232574125145e-01
2.036036640643562379e+00 -6.842891155456246599e-01 9.994115622829153889e-01
-7.055721236703478283e-01 1.653993909138248009e-01 9.995895263541991760e-01
-2.347834514706347520e+00 -1.875451449607999366e-01 9.998184445140760879e-01
2.732440174096906205e+00 -1.132045096059986627e-02 9.998235106475208411e-01
-9.380976032958940891e-01 5.320614387641005305e-02 9.998187203115695976e-01
-1.716241551148054434e+00 -5.427444441060899072e-01 9.998120624261774836e-01
-2.480430148140948532e-01 5.604087381121604095e-01 9.961021744404077172e-01
-2.850628162314558178e+00 -3.026876599927467715e-01 9.983575931349180088e-01
-1.528673542503676375e+00 -4.388632703349432673e-01 9.998381420403150699e-01
-2.870642225814927784e+00 4.262794638038049089e-02 9.998506955425446874e-01
-1.365533412552921932e+00 -4.926067479097390733e-01 9.998551755292349741e-01
1.275154525401684502e+00 -9.482717566290321809e-02 9.995934032026910776e-01
6.795775331108773187e-01 3.124639591308664421e-01 9.998678016608628649e-01
2.872709344557990541e+00 1.607187596200743140e-01 9.989917435759814168e-01
7.191011061535590443e-02 9.128062209907008562e-01 9.998821481251809473e-01
5.415047434401847326e-01 6.133816648912737701e-01 9.998354128799068485e-01
2.082681901023109461e+00 -5.511369782546143847e-01 9.998448732678442141e-01
-9.456262532478536542e-01 -9.345067822843806937e-02 9.998129309378352980e-01
-1.898109772908413317e+00 -4.894142011478971321e-01 9.998466105646048874e-01
-2.435274122594533797e+00 -3.037944294098089415e-01 9.998612214164825929e-01
-2.467707272544531705e+00 1.060032765968532686e-02 9.993737829399186312e-01
1.660352289656449543e+00 -6.434410661697198552e-01 9.998709758954588134e-01
8.873091183652066505e-01 4.020785802796800201e-03 9.998362446145173665e-01
2.055292171096708032e+00 -5.070711937390364188e-01 9.998816556578473680e-01
-6.691868711612460885e-01 4.326658367857445509e-01 9.998462743471071557e-01
-1.108629824867512159e+00 -2.649064839562873530e-01 9.998560262160895995e-01
7.005727237319878675e-01 2.943644328277113531e-01 9.998312932485314830e-01
9.130983890819837079e-01 -3.294325715174838132e-02 9.998339976098868931e-01
2.070760971555829499e-01 8.828405811727005892e-01 9.998458181199372241e-01
2.129782736557458200e+00 -2.306220004875070284e-01 9.998313874713601335e-01
-2.020225493646621295e+00 -4.845329888184232159e-01 9.998250202272040976e-01
1.594942728169220558e+00 -2.621945907002526943e-01 9.992670043881816122e-01
-2.703197689735366449e+00 -2.449887692624767022e-01 9.996706611175734114e-01
-2.652690215265010032e-01 1.164135346465435372e+00 9.988314291136934919e-01
1.277977729151844599e+00 -2.162245380314065102e-01 9.998272975621859127e-01
4.228583639963554575e-01 8.421762341600197432e-01 9.998279288816968036e-01
-2.706202796340937411e+00 -6.057878838123312293e-02 9.998368059066172764e-01
-2.480900769672794048e+00 -1.991883033755932897e-01 9.998246666397699878e-01
1.765975684070336449e+00 -5.729078774387715844e-01 9.998433867112659357e-01
-2.901306105831959581e+00 -1.194494773400323340e-01 9.998652151413419675e-01
-2.281562538124800810e+00 -2.164216536971450000e-01 9.998450140771585337e-01
-6.285826623544341629e-01 5.199748298733939400e-01 9.998630669759519529e-01
2.064376194748565929e+00 -2.771151103022849171e-01 9.998112410215670431e-01
-1.209081213446334679e+00 -1.846496948727998633e-01 9.998348937501956302e-01
-1.835714283146134829e+00 -4.451328992169857335e-01 9.998623564298882993e-01
2.226911256876952017e+00 -5.821651987621987434e-01 9.991007495461332599e-01
2.874507724146121213e+00 -2.320495385622132756e-01 9.997554154046138786e-01
-2.498228654434019980e+00 4.076483681001397130e-02 9.990770582620819296e-01
1.826805403119648119e+00 -1.928966599355069755e-01 9.991063700560807170e-01
-9.039543446754283451e-01 5.498622925313849386e-02 9.998553448864121451e-01
1.847160772833258413e+00 -2.495364320875910480e-01 9.992411178377000880e-01
-1.378980058222278871e-01 9.972552498231719298e-01 9.998628792159991452e-01
-2.689968981306193996e+00 1.291678361748950510e-01 9.994262625001159028e-01
-6.715131689624609379e-02 9.973966740173767498e-01 9.998582976516279253e-01
1.066242245975358216e+00 -1.401849167729652956e-01 9.998255430732290172e-01
-2.909180346682741281e+00 -2.900716436707178603e-01 9.950546261549136906e-01
1.917509425807854662e+00 -2.460840834094863427e-01 9.991715371497990050e-01
1.390283044052161188e+00 -5.234796941338724086e-01 9.997931254923622113e-01
2.805984982516933179e+00 4.353931474310920174e-02 9.998280975577641394e-01
-2.473517636161391309e+00 -6.796038886721507410e-02 9.998814665739145235e-01
1.099305211022150175e+00 -3.051363918904050343e-01 9.998308508505097114e-01
-2.197867920878060488e-01 6.016803082981241335e-01 9.956064112537598154e-01
-5.882529557635294282e-01 8.428621715925288527e-01 9.985773842650762511e-01
-1.246623751656350310e+00 -3.839901518134289926e-01 9.998136688952742324e-01
-1.542379541280505251e-01 1.001385708702314803e+00 9.998369896128845857e-01
-2.901751048687639667e+00 2.086313112207024423e-01 9.995491002077129261e-01
1.555694129475079457e+00 -7.281847738370839096e-01 9.982145532427216805e-01
-2.061847331850978904e-01 8.652860656617304969e-01 9.998473809497392395e-01
1.346882429582009877e+00 -1.611420524088328365e-01 9.994069370315431522e-01
-2.503009014453203562e+00 -1.337881334933894162e-01 9.998548902200280475e-01
1.323895151498008183e+00 -2.137592412404408226e-01 9.998344420861695614e-01
-1.480786955597788390e+00 -4.707417009983794198e-01 9.998971668877069119e-01
2.224363505149673514e+00 -4.282544143729424269e-01 9.998385231791288019e-01
-1.630604301098964592e+00 -1.828438441414952376e-01 9.979236808418917581e-01
1.690234793323329932e+00 -4.055416644963774075e-01 9.998602009706992755e-01
2.848892820272681092e+00 -4.131056733108511014e-02 9.998479078934973119e-01
2.281442087907843863e+00 -2.943029164965925704e-01 9.998510768449517805e-01
-1.479864169410456842e+00 -4.532943785662011393e-01 9.998681326612136600e-01
7.627564921500158412e-01 5.576059302661504624e-01 9.967549494097421858e-01
-3.088908188513794784e-02 8.925760395611127551e-01 9.998435248527199892e-01
2.716736850055685437e-01 9.215360111014024858e-01 9.998639912528827223e-01
2.229654647229784459e+00 -1.186780104810720160e-01 9.992470266614580376e-01
-2.467047528515648569e+00 -2.499636419572279222e-01 9.998604105447339574e-01
-1.111774193590187032e+00 -1.962935488923665539e-01 9.998093619769991003e-01
-2.956632092261167521e+00 -9.043575042087258209e-02 9.998321873371162072e-01
-1.887048689259211098e+00 -4.414079455890206893e-01 9.998658608572869033e-01
2.246176382742214095e+00 -2.659659743319474079e-01 9.998336563214598183e-01
-1.876307556780802299e+00 -4.325896620930649306e-01 9.998919648248331127e-01
8.272544993957797743e-01 3.243979646995852617e-01 9.998336487276208162e-01
-1.902067546830468636e+00 -5.015034966492840640e-01 9.998291654395456973e-01
8.683291345893611179e-01 7.087526101799913880e-02 9.998404592679945857e-01
-2.161090765126706614e+00 -9.632529623020980036e-02 9.990403370730618349e-01
1.061280086362322628e+00 2.174565493453128884e-01 9.985136441899791215e-01
2.641893244580936440e+00 -1.685223230903078184e-02 9.998431686632071047e-01
-2.530553976870250743e+00 -2.562211332823566279e-01 9.998627752757488496e-01
-2.503509236147534178e+00 -1.664538304404554747e-01 9.998253241282263337e-01
-5.445151422408134323e-02 9.399540226262335096e-01 9.998584548616810119e-01
-2.869159265289301874e+00 1.045981396932558899e-01 9.998729454099509750e-01
-8.045924969735991361e-01 2.327227097578847825e-01 9.998475746138746345e-01
-4.251534317495009319e-01 5.576753788475075080e-01 9.997723048538716961e-01
-1.311181868276983131e+00 -1.079716173019019398e-01 9.985744853387411579e-01
-2.449504128316753793e+00 -3.936730191629062015e-01 9.995844046084969570e-01
2.598723721720595847e+00 -3.681368741298004510e-01 9.988405667918693887e-01
-2.722248199283558989e-01 8.718994980617552626e-01 9.998597801885776848e-01
1.372722165216361034e+00 -1.049723649683622639e-01 9.987669131118426247e-01
1.498937197346468686e+00 -2.348324527174802945e-01 9.993564339461868951e-01
2.146165350998449739e+00 -3.941176110638388019e-01 9.998434376394907952e-01
2.598633588690206331e+00 -2.911421468115454325e-01 9.998544227840149290e-01
-1.366114838012988386e-02 7.769773403990963834e-01 9.991771655746243264e-01
-2.414627271248976914e+00 -1.696102544832562009e-01 9.998396462638668991e-01
-1.022472839155159408e+00 -3.915521346779249345e-02 9.998226492943893540e-01
4.178933582653652223e-01 4.635894373813013170e-01 9.982626717979530273e-01
1.617707637432200585e+00 -4.674137333775756908e-01 9.998637791744078296e-01
6.565600715108885765e-01 2.110837358188025203e-01 9.993589199863600614e-01
2.559409281168427697e-01 7.340958063823993518e-01 9.997883992244962492e-01
-2.012519263061146368e+00 -2.102357784717413802e-01 9.986094136809841038e-01
-2.357458694949208677e+00 -4.197471124458498903e-02 9.994487952864729019e-01
-1.853326813346642732e+00 -7.809019651161702713e-01 9.972251802444709323e-01
1.347725489373956975e+00 -3.353356824282500148e-01 9.998681812204667230e-01
-1.542903270376241753e+00 -3.660145884600548571e-01 9.998273235392889369e-01
1.616924514767622334e+00 -3.136141891748314148e-01 9.998438173628396708e-01
1.762683364242205286e+00 -5.317572297092468814e-01 9.998505357459122056e-01
-1.113901974084067437e+00 -9.154628820933710664e-02 9.998495784089183047e-01
2.268004826188345646e-01 1.118810892760025100e+00 9.995229933667912903e-01
-1.326447370298729389e+00 -3.396075992310900182e-01 9.998239891736210305e-01
1.496911886088487798e-01 1.010927208924963017e+00 9.998480164164371686e-01
2.620323254912300115e+00 4.590710413144427626e-02 9.997352174675009362e-01
1.838278111919088076e+00 -3.287084820048074008e-01 9.998682668387828265e-01
-2.710890307306998981e+00 1.365196706469047616e-02 9.998277055363529175e-01
-2.195631429280793245e+00 -4.409346741967714589e-01 9.998608944143188015e-01
-2.917555732142042224e+00 1.846693875355316372e-01 9.998618370086556073e-01
-1.914861740874252094e+00 -2.464994271356121813e-01 9.994296110309246473e-01
-2.020113549059123326e+00 -5.668405551486902505e-01 9.998664959329035540e-01
2.069224263458177226e+00 -4.998967626924704089e-01 9.998619569192009893e-01
-1.659879833255657244e+00 -3.245954166140191388e-01 9.998159171118582433e-01
-3.819138114278839424e-01 1.003752508987720837e+00 9.994047941147133907e-01
-1.731868756414499666e+00 -1.037800438556611970e-01 9.984461063898693034e-01
-2.513147821902275147e-01 9.480396648956183059e-01 9.998432601447386769e-01
2.754191265022337909e+00 8.069592320147460363e-02 9.998636909804060613e-01
-2.948758182181500764e+00 1.112125865761042359e-01 9.998585440225723486e-01
-2.000080886364583144e+00 -1.516863246421490397e-01 9.970278101151135441e-01
4.374841356550689397e-01 8.748273989015515895e-01 9.997591518607154004e-01
-3.265429196716573834e-01 9.270187913904217591e-01 9.998404204051901667e-01
2.794065584260122748e+00 2.681555467103691193e-01 9.974617175547824122e-01
-1.049193088771486204e+00 7.286586723998420001e-02 9.996175898980963481e-01
-1.484611447067051282e+00 -2.793312479213883037e-01 9.995969882455557620e-01
1.138361418980304407e+00 -3.197794536506031182e-01 9.998433424897457122e-01
2.338316634482636047e+00 -3.697408730308054947e-01 9.998580742068124971e-01
-4.224549161425454891e-01 6.689894999513020801e-01 9.998545007893411274e-01
-2.105574416268491955e+00 -1.710841797485318505e-01 9.995679877148367920e-01
-5.652205441112405637e-01 6.925918358733325064e-01 9.998305786186504340e-01
5.729410901832050484e-01 5.198141820730833862e-01 9.998210586080092943e-01
-2.727655471152059086e+00 -1.165857299627992422e-01 9.998364083888472420e-01
-1.304157333704054622e+00 -5.180281314670042159e-01 9.998515686184411555e-01
-4.424109836171616905e-01 9.346237920367239660e-01 9.987346088922337550e-01
2.223221362755682051e+00 -1.932540483971934564e-01 9.998503874537371106e-01
-1.407927094106309340e-02 1.035780502607271503e+00 9.998419238905694728e-01
-7.489399162770862262e-01 3.339501130264443396e-01 9.998612255576164731e-01
2.636144432436775098e+00 -1.933074539055916474e-02 9.998609990763763777e-01
1.171586793113304381e+00 -2.529919100946697030e-01 9.998237797734402799e-01
7.024873966415157156e-03 1.041980740261160721e+00 9.998463514395040663e-01
-5.526708664934298909e-02 8.071197093037268955e-01 9.995306690005990591e-01
-2.567706491583307660e+00 -3.815856211117685248e-01 9.988490862805587955e-01
8.841464656086248652e-01 1.808774562494517568e-01 9.998644007893460195e-01
-1.862934148235609211e+00 -4.601069884599436888e-01 9.998290625653809549e-01
-8.550348723027374476e-01 4.973238255412716358e-01 9.973080341704314566e-01
-8.663730157375884033e-01 1.625271044543741272e-01 9.998486252690902409e-01
-7.176430101942079531e-01 1.905873287944365446e-01 9.998666116285476191e-01
7.363135728214320608e-02 1.059325525229102505e+00 9.998290959019978663e-01
-2.259395286332013697e+00 -4.035165980429870070e-01 9.998567031208687172e-01
-1.092802503681279847e+00 -1.175328886128428757e-01 9.998265417279422751e-01
-2.946643059095252593e+00 8.372230224069743265e-02 9.998623910599635511e-01
-1.906538815829595057e+00 -1.912753985647491217e-01 9.977299786305119378e-01
-7.696406899769456800e-01 2.715310318452637262e-01 9.998429561570807422e-01
-5.591559632412121950e-01 5.039752831930411903e-01 9.998215205632288161e-01
2.416477025461585271e-01 8.629741085161100056e-01 9.998313328942068923e-01
2.045514158296889207e+00 -3.165744108368543919e-01 9.998380088143629107e-01
2.667530066784934206e+00 5.433328355333523485e-02 9.998347173682218259e-01
1.544829579325902813e+00 -7.828407674668874661e-02 9.984019794028747841e-01
-1.435167860188900635e+00 -1.718889517985584814e-01 9.988464726833575780e-01
2.498631671712234770e+00 -1.971743888768973663e-01 9.998496303245167915e-01
-1.892257187555843601e+00 -1.018930711667025424e-01 9.932736141021361043e-01
-6.969142104906236312e-01 3.384892194641481167e-01 9.998543668569755960e-01
2.315635185151935893e+00 -2.909342897190019261e-01 9.998439194336656843e-01
-1.722888409509609975e+00 -3.091661781060462966e-01 9.993949623441910068e-01
-2.961450480319664624e+00 1.948451025346039645e-01 9.998520926243189555e-01
-2.047761132887798041e+00 -2.478224898341937210e-01 9.998429812100079195e-01
2.138540929898541165e+00 -2.919772117511655329e-01 9.998751168657680211e-01
-1.590885304301950187e+00 -3.773847660085666855e-01 9.998570655827433429e-01
1.464298501463474622e+00 -4.391563517093577396e-01 9.998904511042635557e-01
1.543410235704367750e-02 1.115972450052675313e+00 9.998687026719872417e-01
-1.946552955255657968e+00 -4.740306034580048511e-01 9.998503195770026553e-01
2.928505978803210397e+00 1.070240536878616228e-01 9.998362920952856836e-01
-1.321344997305637925e-01 1.166397922421874789e+00 9.994464233825340882e-01
-2.007957159707232098e+00 -4.131481356440324659e-01 9.998460946279684736e-01
2.816178946774561709e+00 1.499518433220007052e-01 9.994097897689943055e-01
3.502820634040046954e-01 6.596991552174842344e-01 9.998099474760775429e-01
3.795929026610909141e-01 7.382246776185141801e-01 9.998158783918793535e-01
-6.093675674584293489e-01 4.936365121504025510e-01 9.998549372256091416e-01
-2.686540156773546961e+00 1.131511483550965425e-01 9.997643510018239255e-01
-1.821734458382112232e+00 -6.983418049834412278e-01 9.993627458740338421e-01
-1.449782714657141147e+00 -3.928782855636751559e-01 9.998669694712388756e-01
-2.317664254568767568e-01 9.260599617462269562e-01 9.998742217050280434e-01
1.097712411913239094e+00 -1.448268978515519501e-01 9.998531162009350881e-01
1.508130117128168024e+00 -3.893509744096209091e-01 9.998915299849726601e-01
8.121608957204751178e-01 2.981467953288503558e-01 9.998099480488178425e-01
5.052259242930743355e-01 9.201478649020102818e-01 9.963875304637941355e-01
-9.547788803139170000e-01 -7.173926054336463021e-02 9.998468318602529159e-01
-1.005505042790123316e+00 -1.805139809334415160e-02 9.998527437011646146e-01
-2.332180076617163422e+00 -1.054568714863939605e-01 9.998839056720532081e-01
2.228480030405034285e+00 -3.620698829702656552e-01 9.998638030831766832e-01
-1.489063379700491074e+00 -3.509434117242110074e-01 9.998742765895176632e-01
-2.103692323788669327e+00 -4.995613421292562362e-01 9.998375538055578327e-01
-1.349579479727745168e+00 -3.803533874425540362e-01 9.998745609709979165e-01
-1.863220568132160748e+00 -3.006624909680509772e-01 9.998260617781348225e-01
-1.849192279448417464e+00 -5.237628916116321420e-01 9.998487417890987716e-01
-8.580670343714005277e-01 2.026645204359882602e-01 9.998369076947887235e-01
-2.376639746192908298e+00 -4.058664632363568336e-01 9.997974857912010904e-01
-4.176982621079203817e-01 8.192309687502916660e-01 9.998288833180253299e-01
2.182254554607012231e+00 -2.930393144512705716e-01 9.997850508757530896e-01
-1.058962975891814651e+00 -1.691940495782562892e-01 9.998498514196276776e-01
2.738684529545663437e+00 6.399024526847854610e-02 9.998826837775328658e-01
-3.904855844949182142e-01 6.382875894182625798e-01 9.998552886505940318e-01
-2.173227616236973692e+00 -4.378688963467023409e-01 9.998474213447301473e-01
-2.256260906042163228e+00 -3.045725728126126297e-01 9.998483199185067560e-01
3.576635003497674603e-01 7.255055132193334311e-01 9.998256720897523708e-01
2.955754640752898510e+00 -1.634129587510498374e-04 9.998139923664004503e-01
2.841083290534522021e+00 -2.332103986910834259e-01 9.997384204482372416e-01
1.843031961977153799e+00 -4.309532295828366610e-01 9.998225359992569672e-01
-6.869274465062451540e-01 4.558582732646636604e-01 9.998690562222366518e-01
3.418937029196884581e-01 9.868369019679876786e-01 9.997600994798888641e-01
-4.962029413078141715e-01 3.419920968902364633e-01 9.988232065797004733e-01
5.065041231021023549e-01 5.659142481484151777e-01 9.998560345595649546e-01
-2.032903404746377429e+00 -2.387776751250935692e-01 9.998369253732842798e-01
1.560024755972513333e-01 8.664570999260504669e-01 9.998365777650133346e-01
-6.861855825480818183e-01 5.027894334416833644e-01 9.998241884801397639e-01
-2.302032708000743000e-01 1.040646532989781159e+00 9.998328307620286681e-01
-2.533585070355303337e+00 -1.387296666780394871e-01 9.998721358382687274e-01
-2.484408957060097123e+00 -3.487853606887339475e-02 9.998790558826626818e-01
2.551237139938971055e-01 1.038410500320253282e+00 9.998874368964559833e-01
2.682617457765026359e+00 -5.689149478000554011e-02 9.998707101242558792e-01
1.948738045571305477e+00 -3.440542675169190878e-01 9.998190120822315619e-01
-1.709373040093131957e+00 -4.474250092038106752e-01 9.998502646933585813e-01
-1.149367411398170891e+00 -1.187487521871069263e-01 9.998652174641096124e-01
2.792382111647871312e+00 4.846971348377188127e-02 9.998634242932233906e-01
-8.894630164999739463e-01 3.058770196918914608e-01 9.994087218471703338e-01
4.952319152436146510e-02 9.624141751796062572e-01 9.998687642721026947e-01
2.078007107179586477e+00 -3.907165451162510905e-01 9.998756770269241478e-01
-1.386449809622992690e+00 -3.611340356971551313e-01 9.998678105819700512e-01
2.521149873844912292e-01 7.788816090681365267e-01 9.998314118839217723e-01
8.549325237986602488e-01 3.718457712362401302e-01 9.987629408222985505e-01
8.089631559855510190e-01 1.672439543611470569e-01 9.998535690322376546e-01
-1.005937265836436501e+00 3.004902847007992830e-02 9.998512076174219665e-01
1.038263542512125603e-01 1.069546944484691675e+00 9.998176336159582123e-01
-5.169495925714544526e-01 7.242602940621557517e-01 9.998141298721018311e-01
-7.455297333075883159e-01 3.715920809642974665e-01 9.998276859437820185e-01
-1.358262675903435523e+00 -3.932979331792731958e-01 9.998739140119575763e-01
-1.628652472080569735e+00 -3.773702587571527989e-01 9.998568688022758666e-01
-1.816248984913122921e+00 -2.783973301237850917e-01 9.992379278419755151e-01
-2.738474247448692722e+00 9.297009618528989661e-02 9.998343010692082311e-01
-5.447142038766763505e-01 5.128483872776863350e-01 9.998372427501415194e-01
-2.706782855427865009e-01 7.213187443864423898e-01 9.997388371842117483e-01
1.362145033624258872e+00 -4.233371332739458426e-01 9.998511590257029846e-01
1.493426495438230361e-01 1.138819448838283677e+00 9.996664922200916292e-01
-2.195101363739671463e+00 -4.024696074036893112e-02 9.986775038903937807e-01
-3.009506022693324567e-01 9.602867976907766279e-01 9.998493623544004727e-01
-2.544401796183736408e+00 2.938728440756144256e-02 9.998287517620985110e-01
-2.263915291870506330e-01 1.062255333251372003e+00 9.998460628356452551e-01
8.114056979883619292e-01 1.514822737308658684e-01 9.998473139815325927e-01
-2.585683947920899506e+00 -1.426697635053363611e-01 9.998470120294064012e-01
-2.050260858321644175e+00 -5.240905344787918363e-01 9.998771937174635305e-01
2.602109534260948820e+00 -9.813118645516533123e-02 9.998667046937534941e-01
3.649881264909624612e-01 7.329073830701792192e-01 9.998847338697790521e-01
1.893774858985775467e+00 -4.263078786480457572e-01 9.998670053983148565e-01
5.058324729881418236e-01 5.238116722782298895e-01 9.998286646938919775e-01
1.573482915211914523e+00 -3.767058357455977391e-01 9.998119720570147750e-01
6.420335769019827055e-01 4.361011315307670166e-01 9.998521377368515539e-01
-1.770930890625060039e+00 -1.370907927308624985e-01 9.972224077300934075e-01
2.616429357846288717e+00 -5.952807764834890103e-02 9.998418535379407501e-01
2.047003364017250249e+00 -4.017546300654532554e-01 9.998516446021052939e-01
-2.618845363780993196e+00 -1.476136485199880111e-01 9.998273503246675187e-01
-1.039762523090535629e+00 -6.084131978019984011e-02 9.998657981146659157e-01
-5.879527886896696032e-01 6.260214011172289261e-01 9.998549703882957385e-01
-2.482295253271574076e+00 -1.108925122596884083e-01 9.998789734434728738e-01
-1.706486490805873224e+00 -3.924881878955385761e-01 9.998673631205299284e-01
-4.105785956916503388e-01 5.776469992343465920e-01 9.996463673425770580e-01
2.107387035643252027e+00 -4.243513336648728762e-01 9.998905348026733142e-01
1.717722696046811492e+00 -2.225553111685726060e-01 9.988589302502243195e-01
-2.570075351642899797e+00 2.203248147914343424e-01 9.922369468276102111e-01
2.479915390681258991e+00 -3.946776483414800030e-01 9.995293772634645801e-01
-1.833545259583395648e-01 1.121820983417132434e+00 9.998258757193227986e-01
5.164220635153515815e-02 7.275704257093733585e-01 9.961872483906785147e-01
1.859183988338366511e-01 9.332921134690171927e-01 9.998387631227738659e-01
-4.132991590175976171e-01 9.762349933935808854e-01 9.992946613101921782e-01
1.654627027682010976e+00 -2.985622962965065463e-01 9.998020093586634793e-01
-9.534569086230284540e-01 -3.058919798766892434e-02 9.998893693423984708e-01
-2.567713776956045635e+00 -8.358909754166893302e-02 9.998508503659419011e-01
2.776135092576854646e+00 -8.953634879606035823e-02 9.998474488307120822e-01
-2.366672986306132209e+00 -6.831139652976797594e-03 9.979312827750490555e-01
-2.820202771835499611e+00 2.833724002197023917e-01 9.982952488057490470e-01
-1.569316832896194613e+00 -3.707390663008737763e-01 9.998266897664432884e-01
-1.668348694430772383e-01 1.172355913375301206e+00 9.991436474105046539e-01
2.773839491142330971e+00 -2.115520106656082755e-01 9.998466257182438977e-01
6.036175037497653051e-01 5.674561971860595522e-01 9.998544436729608353e-01
6.958351636956932040e-01 4.464330041507902913e-01 9.998667357910951958e-01
-2.642028853347057726e+00 -7.868581049616904521e-02 9.998465296103705713e-01
-2.655395192441358798e+00 -4.228288417371722230e-01 9.978494763064128525e-01
-2.242309718205725666e+00 -2.308435945085536012e-01 9.998328035602742636e-01
-1.593168120638728924e+00 -3.227523515432493828e-01 9.998616466171157402e-01
6.545770464631344154e-01 5.038010692351477804e-01 9.998446880077109800e-01
-1.020574549703774370e+00 -1.497796332797667329e-01 9.998443170783002376e-01
7.789151502683266948e-01 8.536822491590967399e-02 9.998198467187885408e-01
7.528214423294303792e-01 3.460975212091252362e-01 9.998424168827854119e-01
-1.140182696460625422e-01 1.114440642997659214e+00 9.998740452173213722e-01
-1.738565267281798832e+00 -5.451355984332885152e-01 9.998371685591421754e-01
9.187156454049008047e-01 2.256397005530476063e-01 9.997742657364775409e-01
-1.055604053814658938e+00 -1.653429370603048953e-01 9.998473114997413758e-01
2.555410644849415824e+00 -3.240303916798453754e-01 9.998562615466899395e-01
-2.123547492379923352e+00 -2.523949474152090144e-01 9.998465244014679287e-01
1.597101899103138045e+00 -5.476624055970964466e-01 9.998207639285663362e-01
1.943887484372182506e+00 -5.161060829146554285e-01 9.998767996606094943e-01
1.148481650226687023e+00 -4.298392817273127831e-01 9.995940272455934306e-01
-1.666082290157387957e+00 -3.261783424380092500e-01 9.997605608354771523e-01
-1.706836378585644409e+00 -4.766264309629843487e-01 9.998609093603094689e-01
2.529998984009415253e+00 -4.299007515044718231e-01 9.987204440825973029e-01
2.918248337290215488e+00 1.255898351674209490e-01 9.998550589280763568e-01
7.118847225278988056e-01 4.387597132148456924e-01 9.998358095395946110e-01
-1.332650393458855609e+00 -2.492475666991738614e-01 9.998573339258677306e-01
-2.156886492340301942e-01 9.110514174457399195e-01 9.997994100192183486e-01
2.823032952336882673e+00 -3.285908863746497127e-02 9.998662320044481300e-01
2.966747644513588966e+00 -5.961592564433021088e-03 9.998449930806678765e-01
-4.248424361117457693e-01 6.379035562155230821e-01 9.998668883777255267e-01
2.169990853485060711e+00 -5.142854871636468594e-01 9.998744355251664162e-01
1.321327476458011851e-01 8.695837706005188350e-01 9.998438884642920632e-01
2.553424787151923780e+00 -1.517284512075693925e-01 9.998608411111293837e-01
1.360865997869975530e-02 9.048892619314303776e-01 9.998496668643368501e-01
1.847182892765149020e+00 -5.853947950951483570e-01 9.998229968826880532e-01
1.612589754062862646e+00 -3.846878487791716150e-01 9.998486320838686492e-01
2.511399400306539853e+00 1.014326328186363479e-01 9.985183455515496131e-01
-1.044922810537788793e+00 -1.939832455177569609e-02 9.998688939565961720e-01
-6.450415588167643932e-01 5.451147449383566546e-01 9.998458995033775443e-01
-2.497554949219551901e+00 -2.303443139154922326e-01 9.998487611188107138e-01
-1.371432143114263091e+00 -3.924374679043898806e-01 9.998600184598515073e-01
6.218182557549116751e-01 3.817145802019855649e-01 9.998525595600755711e-01
2.030238919466770042e+00 -2.678860067656376742e-01 9.998578691697780352e-01
9.354484067872697040e-01 3.316507737845351134e-01 9.978998768430276112e-01
-1.001557159356526228e+00 5.294751246835871505e-02 9.998385074366328285e-01
2.082196787380736325e+00 -1.974048880975264042e-01 9.996076803377740294e-01
-3.141714742068231203e-01 9.233297728658945713e-01 9.998497008021853816e-01
2.649978949371875281e+00 -2.963859804709785828e-01 9.997843862679833826e-01
2.041542603860900584e+00 -4.873525952661559302e-01 9.998228214567745908e-01
2.865563810415343582e+00 -8.667970382017539666e-02 9.998813135894368820e-01
2.978410290401488858e+00 -7.999153179289164584e-02 9.998173581720004588e-01
2.027567725583251601e+00 -1.035195981786533048e-01 9.982905336258171003e-01
1.689894457450868082e+00 -5.083874963920245182e-01 9.998711150274888215e-01
7.570774316679917959e-01 2.788590122862150689e-01 9.998684124780204963e-01
2.116167302199875699e+00 -4.634743721608263201e-01 9.998629707312484127e-01
-1.382610888000003202e+00 -4.426363342737721362e-02 9.967891410061031632e-01
-1.046003529992101333e+00 2.404907215790486746e-02 9.998393951280689640e-01
-6.548056438713594218e-01 4.055714316069741754e-01 9.998487784750085261e-01
2.908460861832208977e+00 -1.354131559323467071e-01 9.998498756119180708e-01
8.242083001883804272e-02 9.398466584166423887e-01 9.998621843838154666e-01
2.703849803661952933e-01 9.346312981673937648e-01 9.998685545741375913e-01
-2.850019280071447891e+00 9.580161126287366213e-02 9.998331113775850154e-01
-2.595162071984622010e+00 3.832688602277785350e-02 9.998185552844021107e-01
1.754364777629056071e-01 1.026731187862286010e+00 9.998555676402001158e-01
-2.099015357666126125e+00 -3.156180861194991527e-01 9.998776147626984301e-01
-2.414204205516841562e+00 -2.309517272630420837e-02 9.997268633105229618e-01
-2.259906836162555166e+00 -1.657693932041463536e-01 9.998386923673394655e-01
2.586272750123379538e-01 1.021251166431917490e+00 9.998394646930738316e-01
-1.176787721260609043e+00 -1.753687162743075567e-02 9.989046345388848946e-01
-2.099859809204925654e+00 -3.395391525445648484e-01 9.998626142441129350e-01
2.001820039270253204e+00 -4.611407631647729266e-01 9.998558594443426317e-01
-2.176164047963577097e+00 -2.513688261004055624e-01 9.998655811930319270e-01
-2.822329633958586825e-01 9.350847676657864094e-01 9.998407831852446082e-01
-2.204391165803383679e+00 -3.684453480644808709e-01 9.998627671313442544e-01
-2.757330972723265994e+00 9.916427072920769303e-02 9.998671543237795944e-01
-1.545074595178924870e+00 -2.119892140979532380e-01 9.958341826340593173e-01
2.590553520561899248e+00 -1.689164245774339435e-01 9.998020258287430018e-01
1.375433388215485664e+00 -3.878705922636933034e-01 9.998572007823570695e-01
2.947976202306207938e+00 5.419651703315012115e-02 9.998320295413104519e-01
-6.891755129465346741e-01 4.801962844399608188e-01 9.998139074820834304e-01
1.360712865092166268e+00 -3.048414584050571641e-01 9.998185686684263329e-01
-2.111606384496029776e-01 8.193794360775951136e-01 9.998338743958883335e-01
2.179501854553199003e+00 -5.068180783388613886e-01 9.998448105159060129e-01
-1.419074555780774682e+00 -4.520640771969672844e-01 9.998383305070721594e-01
1.504681114925987551e-01 9.265579572644715434e-01 9.998614398220223576e-01
-3.391905679104985083e-01 7.706439791993371369e-01 9.998479486360292157e-01
-1.970265881833498156e+00 -3.414714069432380761e-01 9.998223320516476109e-01
2.750377315037748183e+00 4.076807069374185910e-02 9.998606925414765811e-01
-2.055829925478481979e+00 -1.041324669184454654e-01 9.986514548280497339e-01
3.150420666278423987e-01 6.665208867767946632e-01 9.997967024565928007e-01
1.332180491528216493e+00 -2.518013204170987396e-01 9.998692916656762852e-01
9.932641963822410602e-01 -3.373099151065156454e-02 9.998534129388456648e-01
-1.272383233415945947e+00 -5.271773939336473758e-01 9.997362701178864608e-01
2.343861696471543077e+00 -9.580029256097899459e-02 9.998257550015893225e-01
1.636828756510718463e+00 -5.654994932621009163e-01 9.998483123661944250e-01
-2.825166925245381488e+00 -1.913005340692994494e-01 9.994648854377982117e-01
4.719367392685986928e-01 9.333609786655751028e-01 9.961317016927060397e-01
-9.662874554060731924e-01 -3.625440006931808512e-02 9.997911329609873166e-01
5.159266418049757164e-02 9.166809717739268226e-01 9.998515544574216873e-01
2.501798673909236825e+00 -6.568930107849892119e-02 9.998810538462293840e-01
-1.822690987736819368e+00 -4.724204879897518916e-01 9.998270078350512957e-01
1.450373865205099477e+00 -1.058257238381946075e-01 9.984663256199495240e-01
-1.113366940385326131e+00 -1.843895309919708625e-01 9.998642978410476889e-01
-8.313527828686781973e-01 5.022251797388875838e-01 9.972888473010723676e-01
1.813521816796982655e+00 -5.543930355217202566e-01 9.998460134276346833e-01
-1.112126170190504748e+00 6.314821014673441257e-02 9.986070024960718161e-01
-4.008169154451177718e-01 8.992115200112933415e-01 9.998470418776727042e-01
-2.939213526142388844e+00 -1.235230287584056924e-01 9.998660589545446120e-01
1.329847878711911235e+00 -2.358131920733789744e-01 9.998146543567673072e-01
7.984301466204763997e-01 1.402760361026478553e-01 9.998403837440221764e-01
3.911292824668493040e-01 8.816113679001004177e-01 9.998553824011875424e-01
5.365377459838596153e-01 5.997212848577760935e-01 9.998644367693007018e-01
-1.698864347846208211e+00 -4.803863889707227774e-01 9.998555352377580530e-01
-2.381214199324888092e+00 -5.611328794098832673e-02 9.998110441452731090e-01
-2.590793164356848699e+00 -1.840257400001938937e-01 9.998470915111520307e-01
-4.546244183583123544e-01 7.256200955052669599e-01 9.998595783711545781e-01
1.477742089885821564e+00 -4.486120842344535342e-01 9.998585010347073032e-01
1.291521171416857072e+00 -8.960915125862467523e-02 9.991427567798083498e-01
5.748174061197577345e-01 6.290936297397792254e-01 9.998685806172455948e-01
-7.006699946850121208e-01 3.615728969303627638e-01 9.998364472690579596e-01
3.979449449408405393e-01 9.280389944056058882e-01 9.996758226268871450e-01
-2.784736423363590063e+00 -7.465233952445411714e-02 9.998853673908447703e-01
2.918120505229307327e+00 -2.811259816921662588e-02 9.998560682520346576e-01
1.750224939237698507e+00 -6.845560280074032278e-01 9.993724989204785247e-01
1.775354709999321656e+00 -7.235948901944848632e-01 9.983513295779242736e-01
-2.247658475873983264e+00 -4.727225835614111693e-01 9.998159949737461805e-01
2.744371005147547393e+00 1.495179306739718439e-01 9.993667214600246984e-01
-1.338506369303667620e+00 -3.328675012430067914e-01 9.998128117938084314e-01
1.897659563460784682e+00 -4.337813459838430474e-01 9.998476468310435461e-01
-3.347917359815513194e-01 6.557552941413414826e-01 9.997268325860242388e-01
-2.051157085384720524e-01 1.018860551557966287e+00 9.998488044222606508e-01
-2.116805035310395766e+00 -5.500497771306116501e-01 9.996957223603661902e-01
1.835080059335385982e+00 -4.862493447649037792e-01 9.998543178833615430e-01
8.593623939743668672e-01 1.831648285363449147e-01 9.998579604043597024e-01
1.350111179273511652e+00 -3.564630514128563910e-01 9.998662638853073048e-01
-2.822954950273937058e-01 1.011401140767031137e+00 9.998366890183529865e-01
-2.451014899182346163e+00 -1.578162593406742253e-01 9.998302065094416546e-01
-2.288295290070798238e+00 -3.152755294134333974e-01 9.998427990449558767e-01
-1.326660297361620833e+00 -8.656476877301810813e-02 9.971155612733146878e-01
-2.114981647764879291e+00 -1.992519848038831753e-03 9.960510204304081627e-01
1.127678261526165571e+00 2.453797217664437369e-01 9.892630412037684007e-01
2.432851351306456245e+00 1.552499797903537093e-01 9.916041281233327620e-01
-2.553244770812979958e+00 2.907959620480342622e-01 9.932256220089659138e-01
-1.558908590721527654e+00 -2.703992054425232716e-01 9.990311507737498209e-01
-2.969850457645557107e+00 2.882642465816149802e-01 9.979624692996702517e-01
1.749301180719924353e-01 1.248049817831309305e+00 9.884453244285937856e-01
8.363392722855822470e-01 2.488443639002690944e-02 9.998499707390364755e-01
-9.664817202966879961e-02 1.178234458710087473e+00 9.993982365945757174e-01
1.565736875023558738e+00 -7.802943229884991005e-01 9.977246050906920516e-01
1.428240145809033912e+00 5.383143311334981362e-02 9.878966513107573233e-01
-1.975252095278826392e+00 -3.772914135693885562e-01 9.998695790421595619e-01
7.688136320283200931e-02 1.134387871275176263e+00 9.998432687503117089e-01
-1.342305316420286054e+00 -4.976117286017007757e-01 9.998245457126059277e-01
-2.514203683096432940e+00 -5.998273446261856989e-01 9.984278202190487450e-01
-5.152579874615756950e-01 3.024241957864233221e-01 9.971683247830642749e-01
1.338243173395348151e+00 -8.511738178238856811e-01 9.980700072229253816e-01
3.441548943547245720e-01 9.244906893984516927e-01 9.998045103760158092e-01
-1.253366297954056519e+00 -4.038761830105670469e-01 9.998350534720269467e-01
1.635626520520990113e+00 -1.972031819872031022e-01 9.988707673068316639e-01
-2.490614019338098117e+00 -3.130686468430057268e-01 9.998463687072840500e-01
-1.448222912077237190e+00 -7.772693556059104836e-01 9.951695807324142384e-01
2.206187639464309846e-01 1.260198392597075667e+00 9.874860095759147027e-01
-2.247835510739206732e+00 -1.751003563122726092e-01 9.998257368165118786e-01
9.198683995150949144e-01 -1.631251312838482015e-01 9.996297848610520287e-01
1.866083155931901771e+00 -5.708774226283401809e-01 9.998631549146644870e-01
1.985310959684698062e+00 -5.937524869358794533e-01 9.999046097517757525e-01
-2.130841023920800659e+00 -7.177854609332081637e-01 9.960106486721673758e-01
6.335310359273322867e-01 2.834984346197435556e-01 9.998065545847425462e-01
1.461764181042594757e+00 -1.858246254462834202e-01 9.990554735542441778e-01
-4.986943986650409499e-01 9.585931107378797833e-01 9.960671205286422136e-01
-8.342508680208302607e-01 4.131859662867340965e-01 9.988352633220043408e-01
-1.635942842793717045e+00 -4.950139368482919799e-01 9.998704453041346030e-01
-1.682908864146394734e+00 -6.757913892467746209e-01 9.998284517070740174e-01
5.975939975511526114e-01 7.199610025598648377e-01 9.988295983932987676e-01
4.102277504980440526e-01 8.573978900760899080e-01 9.998602358053454431e-01
-1.984354962482745011e+00 -4.705225835362210063e-01 9.998554940693242798e-01
-2.925471823650696468e+00 4.478834947379071174e-01 9.876180401281113852e-01
2.942889204627717525e+00 4.998920198559808625e-02 9.998285773958249800e-01
-2.034477287070457052e+00 -5.460149413081047953e-01 9.998662986442502509e-01
-1.104495083381930254e+00 -1.920533691832586598e-01 9.998235632971118614e-01
2.296654014399069688e+00 -1.680173397772497523e-01 9.998429064109785047e-01
-1.632955357810887298e+00 -3.793058334682086752e-01 9.998252373794345171e-01
-4.646606869799692063e-01 6.650065936399323085e-01 9.998410763970433379e-01
1.830593841620096640e+00 -2.074670041719217650e-02 9.805311820139755996e-01
-4.817076835646245669e-01 5.486613771077641921e-01 9.998364119000364703e-01
7.663504040756974334e-02 7.319949546227997317e-01 9.991417226596995826e-01
1.448370694624392385e+00 -8.737580584116355631e-01 9.622272507145032128e-01
-2.063091210308505730e+00 -5.328746754556941134e-01 9.998381688695692215e-01
-1.452787064170694808e+00 -9.966402677426176027e-01 9.770851719271245184e-01
-2.741867541364639393e+00 3.676879593640558497e-01 9.913684325624969595e-01
2.968871942213329618e+00 -5.698256558825365303e-02 9.998410408997639998e-01
2.569581911865045143e+00 2.612038688167293010e-01 8.657324366094885093e-01
-1.699101392709537750e+00 -3.880175743619558304e-01 9.998376526910139894e-01
-2.438416594854264652e-01 1.175022617937108382e+00 9.977863784876475073e-01
-2.447302945307955113e+00 1.430661319211701255e-01 9.986705559364681406e-01
-2.368878446441499364e+00 -3.773780713162055989e-02 9.993043447008548297e-01
3.243738619911118448e-01 9.042236813401505202e-01 9.998696161299559515e-01
-2.259898726233955379e+00 -1.068833879226902539e-01 9.996942626905187534e-01
-9.344658925372661962e-01 -1.907076266696976496e-01 9.994404616786100037e-01
-4.935663979761755193e-01 4.020477522123866443e-01 9.941159083658182016e-01
9.895045134987574542e-01 -2.042341176202211450e-01 9.998197214227974028e-01
1.438847319373215861e+00 1.811635357841456795e-02 9.893175519905819115e-01
2.114207851380880854e+00 5.274548854284111243e-02 9.725211465882718231e-01
-2.718368725105735351e+00 -4.074696624810241197e-01 9.879734155403412377e-01
-2.754552707529661859e+00 2.559533927378310203e-01 9.986769840250631081e-01
-8.717254914806669142e-01 3.477825873870097340e-01 9.985870121732086657e-01
2.608996358500952795e+00 -4.921900767386939712e-01 9.856100744178619699e-01
-2.579374944202260878e+00 2.572926132038042546e-01 9.980429006536662984e-01
7.656720139631039146e-01 1.014269569787034087e-01 9.998417150078059423e-01
-1.809705679409228773e+00 -5.874387649413201906e-01 9.998269330530860088e-01
-2.954153007429596300e+00 3.182868426109273230e-01 9.959135778222154567e-01
-2.334938024983106875e+00 -1.043042665779356781e-01 9.998615131865826733e-01
8.835217083048529929e-02 1.054679335555760655e+00 9.998478072896717084e-01
1.588368265808719926e+00 -4.282906397782384467e-01 9.998334041192978860e-01
2.184765808648583274e+00 -6.824872689882277577e-01 9.967096203073659844e-01
-2.214751622874625347e+00 -4.373116708513786755e-01 9.998422000842961399e-01
-2.775151348585174205e+00 3.486382857688328230e-01 9.951337949734566646e-01
8.035889571922743002e-01 5.965081404593703951e-01 9.649365137525064418e-01
1.807444745260208485e+00 -2.675492933856311595e-01 9.993792354519714927e-01
2.213953265723073827e+00 -2.831641033384930672e-01 9.998240344467239638e-01
-2.648732570263403474e+00 -4.321674493602856160e-02 9.998442955691752010e-01
-2.648841118866535282e+00 3.398962031762806646e-01 5.907141169311009854e-01
2.317406662100561121e+00 1.624302038943010729e-01 9.765270341573677459e-01
-5.408446436488372200e-01 2.362794700857744346e-01 9.940090900393525608e-01
2.721752655040390323e+00 -2.265788136316246870e-01 9.998484205807598446e-01
8.270836633526235104e-01 4.970846131210739927e-01 9.965793934600963855e-01
-4.582455123806887798e-01 4.880467702307140776e-01 9.994575083125829540e-01
1.035469269012176063e+00 -4.851033224791359011e-01 9.921453578700543119e-01
-1.613925190090019335e+00 -8.042924912220441591e-01 9.971326967424841703e-01
-9.806730121279740864e-01 -4.160563321433206063e-01 9.969521507562576490e-01
-1.123167908199141474e+00 -3.409522918874285935e-02 9.997350148085608623e-01
