# X mode_0 mode_1
-3.000000000000000000e+00 7.096907354192686368e-01 2.903092645807313632e-01
-2.993993993993993907e+00 7.096755520620328106e-01 2.903244479379671894e-01
-2.987987987987987815e+00 7.096990513108538678e-01 2.903009486891461322e-01
-2.981981981981982166e+00 7.096919513997488327e-01 2.903080486002511673e-01
-2.975975975975976073e+00 7.097281832619523056e-01 2.902718167380477499e-01
-2.969969969969969981e+00 7.096603762838178397e-01 2.903396237161822158e-01
-2.963963963963963888e+00 7.096734911561580761e-01 2.903265088438419794e-01
-2.957957957957957795e+00 7.097128445640733529e-01 2.902871554359266471e-01
-2.951951951951952147e+00 7.096639484459461578e-01 2.903360515540538977e-01
-2.945945945945946054e+00 7.096694736172742823e-01 2.903305263827257177e-01
-2.939939939939939961e+00 7.096910208977382784e-01 2.903089791022616661e-01
-2.933933933933933869e+00 7.096552382135514758e-01 2.903447617864485242e-01
-2.927927927927927776e+00 7.096908769357371805e-01 2.903091230642628195e-01
-2.921921921921922127e+00 7.096245374183015597e-01 2.903754625816985513e-01
-2.915915915915916035e+00 7.096552484690116236e-01 2.903447515309883764e-01
-2.909909909909909942e+00 7.096857455045596508e-01 2.903142544954403492e-01
-2.903903903903903849e+00 7.097330747617491831e-01 2.902669252382507614e-01
-2.897897897897897757e+00 7.096945179971807516e-01 2.903054820028193594e-01
-2.891891891891892108e+00 7.096583597506597174e-01 2.903416402493402271e-01
-2.885885885885886015e+00 7.096455176277106647e-01 2.903544823722893353e-01
-2.879879879879879923e+00 7.096436283418010582e-01 2.903563716581988308e-01
-2.873873873873873830e+00 7.096850686193371116e-01 2.903149313806629439e-01
-2.867867867867867737e+00 7.096725660426117521e-01 2.903274339573882479e-01
-2.861861861861862089e+00 7.096978542014104052e-01 2.903021457985896503e-01
-2.855855855855855996e+00 7.096687464669687584e-01 2.903312535330312416e-01
-2.849849849849849903e+00 7.096773645012308673e-01 2.903226354987690772e-01
-2.843843843843843811e+00 7.096804375719795166e-01 2.903195624280204834e-01
-2.837837837837837718e+00 7.096913007479188629e-01 2.903086992520811926e-01
-2.831831831831832069e+00 7.096471435091967761e-01 2.903528564908033349e-01
-2.825825825825825977e+00 7.096189106789513312e-01 2.903810893210486133e-01
-2.819819819819819884e+00 7.097133185632528152e-01 2.902866814367471848e-01
-2.813813813813813791e+00 7.096710956707555917e-01 2.903289043292443528e-01
-2.807807807807807698e+00 7.097005494002088799e-01 2.902994505997910091e-01
-2.801801801801801606e+00 7.096255344060461434e-01 2.903744655939539121e-01
-2.795795795795795957e+00 7.096519975924070467e-01 2.903480024075928978e-01
-2.789789789789789864e+00 7.096774419726555871e-01 2.903225580273444129e-01
-2.783783783783783772e+00 7.097047199958932406e-01 2.902952800041068149e-01
-2.777777777777777679e+00 7.097019337447549869e-01 2.902980662552449020e-01
-2.771771771771771586e+00 7.097042465720529991e-01 2.902957534279469454e-01
-2.765765765765765938e+00 7.097100421856828989e-01 2.902899578143171566e-01
-2.759759759759759845e+00 7.096854001971417691e-01 2.903145998028582309e-01
-2.753753753753753752e+00 7.097321217441215913e-01 2.902678782558784087e-01
-2.747747747747747660e+00 7.096947920737466386e-01 2.903052079262534169e-01
-2.741741741741741567e+00 7.096830252641224135e-01 2.903169747358775310e-01
-2.735735735735735918e+00 7.096610143348919264e-01 2.903389856651080736e-01
-2.729729729729729826e+00 7.097219847809372872e-01 2.902780152190627128e-01
-2.723723723723723733e+00 7.096524839419923181e-01 2.903475160580077374e-01
-2.717717717717717640e+00 7.097614909783852566e-01 2.902385090216146324e-01
-2.711711711711711548e+00 7.097331024464416105e-01 2.902668975535584450e-01
-2.705705705705705899e+00 7.096492741964560702e-01 2.903507258035439298e-01
-2.699699699699699806e+00 7.097031085671841044e-01 2.902968914328158401e-01
-2.693693693693693714e+00 7.096861202688599102e-01 2.903138797311400343e-01
-2.687687687687687621e+00 7.096605016677328681e-01 2.903394983322671319e-01
-2.681681681681681528e+00 7.096702738045032044e-01 2.903297261954967401e-01
-2.675675675675675436e+00 7.096908453969820174e-01 2.903091546030180381e-01
-2.669669669669669787e+00 7.096869866024356766e-01 2.903130133975643234e-01
-2.663663663663663694e+00 7.096884080099008507e-01 2.903115919900990938e-01
-2.657657657657657602e+00 7.096899721089614532e-01 2.903100278910384913e-01
-2.651651651651651509e+00 7.097080796352712717e-01 2.902919203647287283e-01
-2.645645645645645416e+00 7.096847404489998734e-01 2.903152595510000711e-01
-2.639639639639639768e+00 7.096919234205171234e-01 2.903080765794828766e-01
-2.633633633633633675e+00 7.097073514090670443e-01 2.902926485909329557e-01
-2.627627627627627582e+00 7.097270456699222851e-01 2.902729543300777704e-01
-2.621621621621621490e+00 7.096948442113025779e-01 2.903051557886974221e-01
-2.615615615615615397e+00 7.096721567248983620e-01 2.903278432751016380e-01
-2.609609609609609748e+00 7.096804695952605435e-01 2.903195304047395120e-01
-2.603603603603603656e+00 7.097063299223773658e-01 2.902936700776225232e-01
-2.597597597597597563e+00 7.096566168442831612e-01 2.903433831557168388e-01
-2.591591591591591470e+00 7.096877639473484489e-01 2.903122360526516066e-01
-2.585585585585585378e+00 7.096428680897807206e-01 2.903571319102192239e-01
-2.579579579579579729e+00 7.096461714009918431e-01 2.903538285990081014e-01
-2.573573573573573636e+00 7.096501279023026409e-01 2.903498720976974146e-01
-2.567567567567567544e+00 7.096872722238803943e-01 2.903127277761196612e-01
-2.561561561561561451e+00 7.096774270090809855e-01 2.903225729909190145e-01
-2.555555555555555358e+00 7.096535656522447999e-01 2.903464343477551446e-01
-2.549549549549549710e+00 7.096646210613073436e-01 2.903353789386927675e-01
-2.543543543543543617e+00 7.096694112233782326e-01 2.903305887766216564e-01
-2.537537537537537524e+00 7.096407159364578332e-01 2.903592840635421113e-01
-2.531531531531531432e+00 7.096671037796284942e-01 2.903328962203715058e-01
-2.525525525525525339e+00 7.097120879426785933e-01 2.902879120573215177e-01
-2.519519519519519690e+00 7.096862378726013221e-01 2.903137621273986779e-01
-2.513513513513513598e+00 7.096832527964013204e-01 2.903167472035986241e-01
-2.507507507507507505e+00 7.096886797783205081e-01 2.903113202216795474e-01
-2.501501501501501412e+00 7.097034346499057067e-01 2.902965653500943488e-01
-2.495495495495495319e+00 7.096943377123238195e-01 2.903056622876761805e-01
-2.489489489489489671e+00 7.097003246137627563e-01 2.902996753862373547e-01
-2.483483483483483578e+00 7.096374553801265694e-01 2.903625446198734861e-01
-2.477477477477477485e+00 7.097169902676513376e-01 2.902830097323486069e-01
-2.471471471471471393e+00 7.096615353922665070e-01 2.903384646077334930e-01
-2.465465465465465300e+00 7.096744354093633689e-01 2.903255645906365756e-01
-2.459459459459459651e+00 7.096663433891401418e-01 2.903336566108599692e-01
-2.453453453453453559e+00 7.096735311489383857e-01 2.903264688510616698e-01
-2.447447447447447466e+00 7.096930050043940286e-01 2.903069949956059714e-01
-2.441441441441441373e+00 7.097129640932917649e-01 2.902870359067081796e-01
-2.435435435435435281e+00 7.096404529816076057e-01 2.903595470183923388e-01
-2.429429429429429632e+00 7.096791285826042905e-01 2.903208714173957095e-01
-2.423423423423423539e+00 7.096444323714877767e-01 2.903555676285123344e-01
-2.417417417417417447e+00 7.096863502164172388e-01 2.903136497835827057e-01
-2.411411411411411354e+00 7.097022137303526934e-01 2.902977862696473621e-01
-2.405405405405405261e+00 7.097002075564090573e-01 2.902997924435909427e-01
-2.399399399399399613e+00 7.096568041646716951e-01 2.903431958353283049e-01
-2.393393393393393520e+00 7.096490040185216008e-01 2.903509959814783992e-01
-2.387387387387387427e+00 7.096705309758670754e-01 2.903294690241328135e-01
-2.381381381381381335e+00 7.096952866676162763e-01 2.903047133323836682e-01
-2.375375375375375242e+00 7.096700657984440497e-01 2.903299342015560058e-01
-2.369369369369369593e+00 7.096930195240260808e-01 2.903069804759738637e-01
-2.363363363363363501e+00 7.096699493967730810e-01 2.903300506032269745e-01
-2.357357357357357408e+00 7.096360148995494166e-01 2.903639851004505279e-01
-2.351351351351351315e+00 7.096943479928029541e-01 2.903056520071970459e-01
-2.345345345345345223e+00 7.096168075748110482e-01 2.903831924251888963e-01
-2.339339339339339574e+00 7.097221593535588680e-01 2.902778406464411320e-01
-2.333333333333333481e+00 7.096961863153574690e-01 2.903038136846425865e-01
-2.327327327327327389e+00 7.096861913712269043e-01 2.903138086287731512e-01
-2.321321321321321296e+00 7.096683017177322084e-01 2.903316982822677916e-01
-2.315315315315315203e+00 7.097101934834179060e-01 2.902898065165820940e-01
-2.309309309309309555e+00 7.096679111135313356e-01 2.903320888864686644e-01
-2.303303303303303462e+00 7.096900315010623572e-01 2.903099684989375873e-01
-2.297297297297297369e+00 7.096644774634146557e-01 2.903355225365853998e-01
-2.291291291291291277e+00 7.096627382744428170e-01 2.903372617255572941e-01
-2.285285285285285184e+00 7.097247894576583782e-01 2.902752105423416773e-01
-2.279279279279279535e+00 7.096500654407759123e-01 2.903499345592240322e-01
-2.273273273273273443e+00 7.097157637289556176e-01 2.902842362710443824e-01
-2.267267267267267350e+00 7.097265316835185134e-01 2.902734683164814866e-01
-2.261261261261261257e+00 7.096350538202184088e-01 2.903649461797817022e-01
-2.255255255255255165e+00 7.097527402609146163e-01 2.902472597390853282e-01
-2.249249249249249516e+00 7.096636089540554471e-01 2.903363910459446084e-01
-2.243243243243242979e+00 7.097243334586708086e-01 2.902756665413291359e-01
-2.237237237237237331e+00 7.096783794078094232e-01 2.903216205921905213e-01
-2.231231231231231238e+00 7.096828219778500424e-01 2.903171780221500686e-01
-2.225225225225225145e+00 7.096704441982401024e-01 2.903295558017599531e-01
-2.219219219219219497e+00 7.096468616376142569e-01 2.903531383623857431e-01
-2.213213213213212960e+00 7.096721220663272378e-01 2.903278779336728177e-01
-2.207207207207207311e+00 7.097296048745358465e-01 2.902703951254641535e-01
-2.201201201201201219e+00 7.096350337270870279e-01 2.903649662729129721e-01
-2.195195195195195126e+00 7.096845067174053501e-01 2.903154932825945944e-01
-2.189189189189189033e+00 7.097184867223828020e-01 2.902815132776171425e-01
-2.183183183183182940e+00 7.096681273520394351e-01 2.903318726479605094e-01
-2.177177177177177292e+00 7.096874313787290278e-01 2.903125686212710277e-01
-2.171171171171171199e+00 7.096754005593637338e-01 2.903245994406363217e-01
-2.165165165165165106e+00 7.096610366319097141e-01 2.903389633680902859e-01
-2.159159159159159014e+00 7.096868510368112837e-01 2.903131489631886608e-01
-2.153153153153152921e+00 7.097071098053329141e-01 2.902928901946670304e-01
-2.147147147147147273e+00 7.096568816662394141e-01 2.903431183337606414e-01
-2.141141141141141180e+00 7.096508033466530918e-01 2.903491966533468527e-01
-2.135135135135135087e+00 7.096714871347833409e-01 2.903285128652167701e-01
-2.129129129129128994e+00 7.096773700435033971e-01 2.903226299564966584e-01
-2.123123123123122902e+00 7.097136951576535902e-01 2.902863048423464098e-01
-2.117117117117117253e+00 7.096435692940957773e-01 2.903564307059041671e-01
-2.111111111111111160e+00 7.097243310311163178e-01 2.902756689688835712e-01
-2.105105105105105068e+00 7.096781237898044381e-01 2.903218762101956174e-01
-2.099099099099098975e+00 7.096932146977160683e-01 2.903067853022839873e-01
-2.093093093093092882e+00 7.096883606190466098e-01 2.903116393809533902e-01
-2.087087087087087234e+00 7.096489718220738707e-01 2.903510281779260183e-01
-2.081081081081081141e+00 7.097032069716466829e-01 2.902967930283532616e-01
-2.075075075075075048e+00 7.097136608702243610e-01 2.902863391297756945e-01
-2.069069069069068956e+00 7.096482109907659153e-01 2.903517890092341402e-01
-2.063063063063062863e+00 7.096711967548995359e-01 2.903288032451004641e-01
-2.057057057057057214e+00 7.096679628644843030e-01 2.903320371355155860e-01
-2.051051051051051122e+00 7.096952563011902360e-01 2.903047436988097085e-01
-2.045045045045045029e+00 7.096752127018078893e-01 2.903247872981921662e-01
-2.039039039039038936e+00 7.096419276411015664e-01 2.903580723588983781e-01
-2.033033033033032844e+00 7.097284173460502998e-01 2.902715826539497002e-01
-2.027027027027027195e+00 7.096627522732861237e-01 2.903372477267138763e-01
-2.021021021021021102e+00 7.096843069147525940e-01 2.903156930852474615e-01
-2.015015015015015010e+00 7.097046670682238823e-01 2.902953329317761177e-01
-2.009009009009008917e+00 7.096580943528763008e-01 2.903419056471237547e-01
-2.003003003003002824e+00 7.096377596922502917e-01 2.903622403077496528e-01
-1.996996996996996954e+00 7.096355461765200268e-01 2.903644538234799732e-01
-1.990990990990991083e+00 7.096936020128129519e-01 2.903063979871871036e-01
-1.984984984984984990e+00 7.096693437402312732e-01 2.903306562597686158e-01
-1.978978978978978898e+00 7.096053414881566823e-01 2.903946585118432067e-01
-1.972972972972973027e+00 7.096672592311897843e-01 2.903327407688102157e-01
-1.966966966966966934e+00 7.097013674362313562e-01 2.902986325637686993e-01
-1.960960960960961064e+00 7.096936758148665314e-01 2.903063241851335796e-01
-1.954954954954954971e+00 7.096555734587824960e-01 2.903444265412174485e-01
-1.948948948948948878e+00 7.096733836332864698e-01 2.903266163667135857e-01
-1.942942942942943008e+00 7.096781663468341161e-01 2.903218336531658839e-01
-1.936936936936936915e+00 7.096640641220096635e-01 2.903359358779903365e-01
-1.930930930930931044e+00 7.096666885988369700e-01 2.903333114011630300e-01
-1.924924924924924952e+00 7.096883023981079841e-01 2.903116976018920714e-01
-1.918918918918918859e+00 7.096583496033801453e-01 2.903416503966197437e-01
-1.912912912912912988e+00 7.096305711509104386e-01 2.903694288490895614e-01
-1.906906906906906896e+00 7.096813987921373190e-01 2.903186012078627365e-01
-1.900900900900900803e+00 7.096541919789873809e-01 2.903458080210126746e-01
-1.894894894894894932e+00 7.096945339833907740e-01 2.903054660166091705e-01
-1.888888888888888840e+00 7.096326930529784915e-01 2.903673069470215640e-01
-1.882882882882882969e+00 7.097396080374266392e-01 2.902603919625733608e-01
-1.876876876876876876e+00 7.096455454405821150e-01 2.903544545594178294e-01
-1.870870870870870784e+00 7.097108297606142813e-01 2.902891702393858298e-01
-1.864864864864864913e+00 7.097142980233586140e-01 2.902857019766414415e-01
-1.858858858858858820e+00 7.096979382046686435e-01 2.903020617953314120e-01
-1.852852852852852950e+00 7.096934726184247477e-01 2.903065273815752523e-01
-1.846846846846846857e+00 7.096693606170569879e-01 2.903306393829429566e-01
-1.840840840840840764e+00 7.096535613316993230e-01 2.903464386683006215e-01
-1.834834834834834894e+00 7.096466524768791917e-01 2.903533475231208638e-01
-1.828828828828828801e+00 7.096460468311983627e-01 2.903539531688016928e-01
-1.822822822822822930e+00 7.096703962600643401e-01 2.903296037399356044e-01
-1.816816816816816837e+00 7.097147932106682156e-01 2.902852067893317289e-01
-1.810810810810810745e+00 7.097197344689292198e-01 2.902802655310707247e-01
-1.804804804804804874e+00 7.096616058466403976e-01 2.903383941533596579e-01
-1.798798798798798781e+00 7.096664994426606921e-01 2.903335005573392524e-01
-1.792792792792792911e+00 7.096643421790573836e-01 2.903356578209427274e-01
-1.786786786786786818e+00 7.096833633446908429e-01 2.903166366553090461e-01
-1.780780780780780725e+00 7.097031315799693374e-01 2.902968684200307181e-01
-1.774774774774774855e+00 7.096378828020766250e-01 2.903621171979233195e-01
-1.768768768768768762e+00 7.096668442676636879e-01 2.903331557323364231e-01
-1.762762762762762669e+00 7.096891122152022557e-01 2.903108877847977998e-01
-1.756756756756756799e+00 7.096526800831136628e-01 2.903473199168864483e-01
-1.750750750750750706e+00 7.096565282156478416e-01 2.903434717843521029e-01
-1.744744744744744835e+00 7.096983468043088772e-01 2.903016531956911228e-01
-1.738738738738738743e+00 7.097356783693163917e-01 2.902643216306836083e-01
-1.732732732732732650e+00 7.096682002344415485e-01 2.903317997655584515e-01
-1.726726726726726779e+00 7.096718540815465381e-01 2.903281459184534619e-01
-1.720720720720720687e+00 7.097481271796524105e-01 2.902518728203475895e-01
-1.714714714714714816e+00 7.096805415507649872e-01 2.903194584492349573e-01
-1.708708708708708723e+00 7.097445610662954651e-01 2.902554389337044238e-01
-1.702702702702702631e+00 7.096396440786401083e-01 2.903603559213599472e-01
-1.696696696696696760e+00 7.096643619737903474e-01 2.903356380262097081e-01
-1.690690690690690667e+00 7.096538460183610120e-01 2.903461539816390435e-01
-1.684684684684684797e+00 7.096607970838364476e-01 2.903392029161636079e-01
-1.678678678678678704e+00 7.096798973238779285e-01 2.903201026761220715e-01
-1.672672672672672611e+00 7.096556681524849308e-01 2.903443318475150692e-01
-1.666666666666666741e+00 7.097019661108182609e-01 2.902980338891817391e-01
-1.660660660660660648e+00 7.096445114232997620e-01 2.903554885767001825e-01
-1.654654654654654777e+00 7.096979876760594053e-01 2.903020123239406503e-01
-1.648648648648648685e+00 7.096494668151673846e-01 2.903505331848326709e-01
-1.642642642642642592e+00 7.096509049663844992e-01 2.903490950336155008e-01
-1.636636636636636721e+00 7.096979875418164552e-01 2.903020124581835448e-01
-1.630630630630630629e+00 7.096752677300308676e-01 2.903247322699690769e-01
-1.624624624624624536e+00 7.096799858800671990e-01 2.903200141199329121e-01
-1.618618618618618665e+00 7.096590821566438612e-01 2.903409178433560833e-01
-1.612612612612612573e+00 7.096609267508802166e-01 2.903390732491196724e-01
-1.606606606606606702e+00 7.096235793489698018e-01 2.903764206510303092e-01
-1.600600600600600609e+00 7.097017121922042371e-01 2.902982878077958184e-01
-1.594594594594594517e+00 7.096888623182919797e-01 2.903111376817080203e-01
-1.588588588588588646e+00 7.096827510959652363e-01 2.903172489040347637e-01
-1.582582582582582553e+00 7.096723736714560804e-01 2.903276263285439751e-01
-1.576576576576576683e+00 7.097037415726468179e-01 2.902962584273532376e-01
-1.570570570570570590e+00 7.096510165483314037e-01 2.903489834516687074e-01
-1.564564564564564497e+00 7.096946155786900690e-01 2.903053844213098755e-01
-1.558558558558558627e+00 7.096444011796835261e-01 2.903555988203164739e-01
-1.552552552552552534e+00 7.096857027821483754e-01 2.903142972178517356e-01
-1.546546546546546663e+00 7.096577273671205166e-01 2.903422726328795389e-01
-1.540540540540540571e+00 7.096956178604074683e-01 2.903043821395924762e-01
-1.534534534534534478e+00 7.097253552758712170e-01 2.902746447241287830e-01
-1.528528528528528607e+00 7.096906527362052408e-01 2.903093472637947592e-01
-1.522522522522522515e+00 7.096829450527509797e-01 2.903170549472490203e-01
-1.516516516516516422e+00 7.096754214219824775e-01 2.903245785780175225e-01
-1.510510510510510551e+00 7.096372828043003844e-01 2.903627171956996156e-01
-1.504504504504504458e+00 7.096549429640764961e-01 2.903450570359235594e-01
-1.498498498498498588e+00 7.096384148063287212e-01 2.903615851936712233e-01
-1.492492492492492495e+00 7.097003265749411982e-01 2.902996734250587463e-01
-1.486486486486486402e+00 7.097172607388665400e-01 2.902827392611335711e-01
-1.480480480480480532e+00 7.097106405791738792e-01 2.902893594208260653e-01
-1.474474474474474439e+00 7.097238627108641840e-01 2.902761372891358160e-01
-1.468468468468468568e+00 7.096728817854679461e-01 2.903271182145320539e-01
-1.462462462462462476e+00 7.097188723103047270e-01 2.902811276896952730e-01
-1.456456456456456383e+00 7.096366001476008822e-01 2.903633998523990623e-01
-1.450450450450450512e+00 7.096906725916990455e-01 2.903093274083008990e-01
-1.444444444444444420e+00 7.096840100457795231e-01 2.903159899542204769e-01
-1.438438438438438549e+00 7.096556330289082171e-01 2.903443669710917274e-01
-1.432432432432432456e+00 7.096445874326049452e-01 2.903554125673949993e-01
-1.426426426426426364e+00 7.096868575309970284e-01 2.903131424690028606e-01
-1.420420420420420493e+00 7.096577472861655966e-01 2.903422527138343479e-01
-1.414414414414414400e+00 7.097162606063007750e-01 2.902837393936991695e-01
-1.408408408408408530e+00 7.096733399708388124e-01 2.903266600291611876e-01
-1.402402402402402437e+00 7.096875692894558663e-01 2.903124307105440782e-01
-1.396396396396396344e+00 7.096536027280475611e-01 2.903463972719523833e-01
-1.390390390390390474e+00 7.096607536654818693e-01 2.903392463345181862e-01
-1.384384384384384381e+00 7.096353683380668409e-01 2.903646316619331591e-01
-1.378378378378378288e+00 7.096478240190511322e-01 2.903521759809488678e-01
-1.372372372372372418e+00 7.096983842543848064e-01 2.903016157456152491e-01
-1.366366366366366325e+00 7.097348822657861822e-01 2.902651177342137623e-01
-1.360360360360360454e+00 7.097070441950658060e-01 2.902929558049342496e-01
-1.354354354354354362e+00 7.096000436495474295e-01 2.903999563504524595e-01
-1.348348348348348269e+00 7.097020126892054082e-01 2.902979873107944808e-01
-1.342342342342342398e+00 7.096834751243060735e-01 2.903165248756939265e-01
-1.336336336336336306e+00 7.097033780139327952e-01 2.902966219860672603e-01
-1.330330330330330435e+00 7.096960526991720197e-01 2.903039473008279248e-01
-1.324324324324324342e+00 7.096889606133427453e-01 2.903110393866572547e-01
-1.318318318318318250e+00 7.096298155932362350e-01 2.903701844067636539e-01
-1.312312312312312379e+00 7.096831764104978291e-01 2.903168235895022820e-01
-1.306306306306306286e+00 7.096864836329394022e-01 2.903135163670607088e-01
-1.300300300300300416e+00 7.097164744824802085e-01 2.902835255175198470e-01
-1.294294294294294323e+00 7.096325124411251295e-01 2.903674875588749260e-01
-1.288288288288288230e+00 7.096629110919435712e-01 2.903370889080564843e-01
-1.282282282282282360e+00 7.096736701478981724e-01 2.903263298521018276e-01
-1.276276276276276267e+00 7.096705673613228349e-01 2.903294326386770541e-01
-1.270270270270270174e+00 7.096680990411601275e-01 2.903319009588398170e-01
-1.264264264264264304e+00 7.096413818015223640e-01 2.903586181984776915e-01
-1.258258258258258211e+00 7.096705109765077957e-01 2.903294890234921488e-01
-1.252252252252252340e+00 7.097068455285837629e-01 2.902931544714162371e-01
-1.246246246246246248e+00 7.096770277730226617e-01 2.903229722269773383e-01
-1.240240240240240155e+00 7.096532657817286038e-01 2.903467342182713962e-01
-1.234234234234234284e+00 7.096841739672049565e-01 2.903158260327950435e-01
-1.228228228228228192e+00 7.096770115385313549e-01 2.903229884614686451e-01
-1.222222222222222321e+00 7.096782558160419363e-01 2.903217441839580082e-01
-1.216216216216216228e+00 7.096942317493657448e-01 2.903057682506341997e-01
-1.210210210210210136e+00 7.096401199125881298e-01 2.903598800874118702e-01
-1.204204204204204265e+00 7.096482439986391277e-01 2.903517560013608723e-01
-1.198198198198198172e+00 7.097327334471786875e-01 2.902672665528213125e-01
-1.192192192192192302e+00 7.096476615072135896e-01 2.903523384927864659e-01
-1.186186186186186209e+00 7.096510823094922538e-01 2.903489176905078573e-01
-1.180180180180180116e+00 7.096878293729479426e-01 2.903121706270520574e-01
-1.174174174174174246e+00 7.096723614815427794e-01 2.903276385184573316e-01
-1.168168168168168153e+00 7.096654164272826470e-01 2.903345835727173530e-01
-1.162162162162162282e+00 7.096521600089745752e-01 2.903478399910254248e-01
-1.156156156156156189e+00 7.096628069965689178e-01 2.903371930034310822e-01
-1.150150150150150097e+00 7.096749870577437891e-01 2.903250129422562664e-01
-1.144144144144144226e+00 7.096993228718282420e-01 2.903006771281716469e-01
-1.138138138138138133e+00 7.096777346716608426e-01 2.903222653283391019e-01
-1.132132132132132041e+00 7.096794587432639911e-01 2.903205412567360089e-01
-1.126126126126126170e+00 7.096896251483408857e-01 2.903103748516590588e-01
-1.120120120120120077e+00 7.097244340885278113e-01 2.902755659114722997e-01
-1.114114114114114207e+00 7.097042247478674293e-01 2.902957752521325152e-01
-1.108108108108108114e+00 7.096638189077045800e-01 2.903361810922953645e-01
-1.102102102102102021e+00 7.096596967069489503e-01 2.903403032930511052e-01
-1.096096096096096151e+00 7.096770669184483404e-01 2.903229330815517151e-01
-1.090090090090090058e+00 7.096645596487830554e-01 2.903354403512170001e-01
-1.084084084084084187e+00 7.096505117327720491e-01 2.903494882672278954e-01
-1.078078078078078095e+00 7.096506003384382977e-01 2.903493996615616468e-01
-1.072072072072072002e+00 7.096718747137145122e-01 2.903281252862854878e-01
-1.066066066066066131e+00 7.097013087083700045e-01 2.902986912916299955e-01
-1.060060060060060039e+00 7.096464002086918521e-01 2.903535997913080924e-01
-1.054054054054054168e+00 7.096548877948233303e-01 2.903451122051766142e-01
-1.048048048048048075e+00 7.096906283156633188e-01 2.903093716843366257e-01
-1.042042042042041983e+00 7.096618982209845772e-01 2.903381017790154783e-01
-1.036036036036036112e+00 7.096678727167833323e-01 2.903321272832166122e-01
-1.030030030030030019e+00 7.096829716529766685e-01 2.903170283470232760e-01
-1.024024024024024149e+00 7.096614232387533638e-01 2.903385767612466917e-01
-1.018018018018018056e+00 7.097097935644440803e-01 2.902902064355558642e-01
-1.012012012012011963e+00 7.096641124168443504e-01 2.903358875831556496e-01
-1.006006006006006093e+00 7.096882102714825447e-01 2.903117897285174553e-01
-1.000000000000000000e+00 7.096495866727243751e-01 2.903504133272756249e-01
-9.939939939939939073e-01 7.096861050025278228e-01 2.903138949974721217e-01
-9.879879879879878146e-01 7.096628682074751504e-01 2.903371317925247941e-01
-9.819819819819821660e-01 7.097226543265059417e-01 2.902773456734940583e-01
-9.759759759759760733e-01 7.096924571270248894e-01 2.903075428729751106e-01
-9.699699699699699806e-01 7.096523742442195637e-01 2.903476257557804918e-01
-9.639639639639638879e-01 7.096745453853018359e-01 2.903254546146981641e-01
-9.579579579579577953e-01 7.096755617757487533e-01 2.903244382242513022e-01
-9.519519519519521467e-01 7.096380179276345901e-01 2.903619820723654099e-01
-9.459459459459460540e-01 7.096733283626002198e-01 2.903266716373997247e-01
-9.399399399399399613e-01 7.096823349460577024e-01 2.903176650539424086e-01
-9.339339339339338686e-01 7.096834082394835042e-01 2.903165917605164958e-01
-9.279279279279277759e-01 7.096724060883761176e-01 2.903275939116238269e-01
-9.219219219219221273e-01 7.096900135457889780e-01 2.903099864542110220e-01
-9.159159159159160346e-01 7.097020929318543780e-01 2.902979070681455664e-01
-9.099099099099099419e-01 7.096916209427275302e-01 2.903083790572724143e-01
-9.039039039039038492e-01 7.097083273689560601e-01 2.902916726310440509e-01
-8.978978978978977565e-01 7.096331995701944395e-01 2.903668004298055605e-01
-8.918918918918921079e-01 7.095860702576756163e-01 2.904139297423244392e-01
-8.858858858858860152e-01 7.096895779566495532e-01 2.903104220433504468e-01
-8.798798798798799226e-01 7.096943044477549423e-01 2.903056955522450577e-01
-8.738738738738738299e-01 7.097201827826526976e-01 2.902798172173473024e-01
-8.678678678678677372e-01 7.097403961780930359e-01 2.902596038219070751e-01
-8.618618618618620886e-01 7.096609368567549092e-01 2.903390631432451463e-01
-8.558558558558559959e-01 7.096541318285382038e-01 2.903458681714617962e-01
-8.498498498498499032e-01 7.096403630272006824e-01 2.903596369727993176e-01
-8.438438438438438105e-01 7.097307299899618949e-01 2.902692700100379941e-01
-8.378378378378377178e-01 7.096848614205225614e-01 2.903151385794774386e-01
-8.318318318318320692e-01 7.096599044322048355e-01 2.903400955677951090e-01
-8.258258258258259765e-01 7.096145847450768818e-01 2.903854152549231737e-01
-8.198198198198198838e-01 7.096738011424139625e-01 2.903261988575860930e-01
-8.138138138138137911e-01 7.096978576281344209e-01 2.903021423718655791e-01
-8.078078078078076985e-01 7.097066107286136294e-01 2.902933892713863706e-01
-8.018018018018016058e-01 7.096727601691019682e-01 2.903272398308979763e-01
-7.957957957957959572e-01 7.096814253908881875e-01 2.903185746091118680e-01
-7.897897897897898645e-01 7.096434408591097975e-01 2.903565591408902580e-01
-7.837837837837837718e-01 7.096961706331696984e-01 2.903038293668303016e-01
-7.777777777777776791e-01 7.097001575322342548e-01 2.902998424677656897e-01
-7.717717717717715864e-01 7.096519729655335063e-01 2.903480270344664937e-01
-7.657657657657659378e-01 7.096888007644107654e-01 2.903111992355891791e-01
-7.597597597597598451e-01 7.096761019183899233e-01 2.903238980816101877e-01
-7.537537537537537524e-01 7.096777232278990155e-01 2.903222767721010400e-01
-7.477477477477476597e-01 7.096966524377684715e-01 2.903033475622315285e-01
-7.417417417417415670e-01 7.096184319660477913e-01 2.903815680339522642e-01
-7.357357357357359184e-01 7.096753351508637842e-01 2.903246648491363269e-01
-7.297297297297298257e-01 7.096544810226943500e-01 2.903455189773056500e-01
-7.237237237237237331e-01 7.096746608995461170e-01 2.903253391004539385e-01
-7.177177177177176404e-01 7.096963050674394147e-01 2.903036949325605298e-01
-7.117117117117115477e-01 7.096788844697360377e-01 2.903211155302638513e-01
-7.057057057057058991e-01 7.096539131641355080e-01 2.903460868358646030e-01
-6.996996996996998064e-01 7.096956837329215784e-01 2.903043162670783661e-01
-6.936936936936937137e-01 7.097195873477085692e-01 2.902804126522914863e-01
-6.876876876876876210e-01 7.097371336757358762e-01 2.902628663242641238e-01
-6.816816816816815283e-01 7.097494525326334402e-01 2.902505474673665042e-01
-6.756756756756758797e-01 7.096498726454165684e-01 2.903501273545834871e-01
-6.696696696696697870e-01 7.096692084962706870e-01 2.903307915037292575e-01
-6.636636636636636943e-01 7.096727377665528191e-01 2.903272622334471254e-01
-6.576576576576576016e-01 7.096809481582410095e-01 2.903190518417590460e-01
-6.516516516516515090e-01 7.096644205167380592e-01 2.903355794832619408e-01
-6.456456456456458604e-01 7.096877421010440168e-01 2.903122578989559832e-01
-6.396396396396397677e-01 7.096996555745819224e-01 2.903003444254181331e-01
-6.336336336336336750e-01 7.096748225801410292e-01 2.903251774198590263e-01
-6.276276276276275823e-01 7.096783578007300752e-01 2.903216421992699803e-01
-6.216216216216214896e-01 7.096529545250851445e-01 2.903470454749148555e-01
-6.156156156156158410e-01 7.096554872586542384e-01 2.903445127413457061e-01
-6.096096096096097483e-01 7.096677616152122781e-01 2.903322383847878330e-01
-6.036036036036036556e-01 7.096418534361568220e-01 2.903581465638431780e-01
-5.975975975975975629e-01 7.096773716642551522e-01 2.903226283357449033e-01
-5.915915915915914702e-01 7.096616226216551082e-01 2.903383773783450028e-01
-5.855855855855858216e-01 7.096506201948656889e-01 2.903493798051343111e-01
-5.795795795795797289e-01 7.096905285377682615e-01 2.903094714622317385e-01
-5.735735735735736363e-01 7.096800795020663521e-01 2.903199204979337589e-01
-5.675675675675675436e-01 7.096769792352631834e-01 2.903230207647368166e-01
-5.615615615615614509e-01 7.096603744095048016e-01 2.903396255904952539e-01
-5.555555555555553582e-01 7.097139694347490702e-01 2.902860305652509298e-01
-5.495495495495497096e-01 7.096763335890954316e-01 2.903236664109045684e-01
-5.435435435435436169e-01 7.097272323189194321e-01 2.902727676810805124e-01
-5.375375375375375242e-01 7.096579067984070122e-01 2.903420932015929878e-01
-5.315315315315314315e-01 7.096659347682771068e-01 2.903340652317229487e-01
-5.255255255255253388e-01 7.096887335729198387e-01 2.903112664270801613e-01
-5.195195195195196902e-01 7.096744051840984113e-01 2.903255948159015887e-01
-5.135135135135135975e-01 7.096624873462891170e-01 2.903375126537108830e-01
-5.075075075075075048e-01 7.096767846627645149e-01 2.903232153372354851e-01
-5.015015015015014122e-01 7.097003829391269614e-01 2.902996170608730386e-01
-4.954954954954953195e-01 7.096428591446620748e-01 2.903571408553378697e-01
-4.894894894894896709e-01 7.096902976965742127e-01 2.903097023034257873e-01
-4.834834834834835782e-01 7.096818348790083775e-01 2.903181651209916225e-01
-4.774774774774774855e-01 7.097380643835292657e-01 2.902619356164706232e-01
-4.714714714714713928e-01 7.096536775662786178e-01 2.903463224337213267e-01
-4.654654654654653001e-01 7.097278040668223431e-01 2.902721959331777679e-01
-4.594594594594596515e-01 7.096688360546523633e-01 2.903311639453476367e-01
-4.534534534534535588e-01 7.096890886293701906e-01 2.903109113706298094e-01
-4.474474474474474661e-01 7.096453059499517879e-01 2.903546940500482121e-01
-4.414414414414413734e-01 7.097071757028554639e-01 2.902928242971444250e-01
-4.354354354354352807e-01 7.097025438712531997e-01 2.902974561287468558e-01
-4.294294294294296321e-01 7.097199875065605124e-01 2.902800124934395432e-01
-4.234234234234235394e-01 7.096483443260442892e-01 2.903516556739557108e-01
-4.174174174174174468e-01 7.097320650328284852e-01 2.902679349671715148e-01
-4.114114114114113541e-01 7.096814338139129097e-01 2.903185661860870903e-01
-4.054054054054052614e-01 7.096512992249445206e-01 2.903487007750554794e-01
-3.993993993993996128e-01 7.096523037373954068e-01 2.903476962626045932e-01
-3.933933933933935201e-01 7.096731283367808674e-01 2.903268716632192437e-01
-3.873873873873874274e-01 7.097231345197028141e-01 2.902768654802972415e-01
-3.813813813813813347e-01 7.096619269368250604e-01 2.903380730631749951e-01
-3.753753753753752420e-01 7.097034171731863017e-01 2.902965828268136428e-01
-3.693693693693695934e-01 7.096965425570240793e-01 2.903034574429759762e-01
-3.633633633633635007e-01 7.096732389414506237e-01 2.903267610585493208e-01
-3.573573573573574080e-01 7.097434807832687653e-01 2.902565192167312347e-01
-3.513513513513513153e-01 7.096899581732011297e-01 2.903100418267989258e-01
-3.453453453453452227e-01 7.096636102686105785e-01 2.903363897313893660e-01
-3.393393393393395741e-01 7.096980016789981027e-01 2.903019983210019528e-01
-3.333333333333334814e-01 7.097464804645592373e-01 2.902535195354407627e-01
-3.273273273273273887e-01 7.096925792970342206e-01 2.903074207029658349e-01
-3.213213213213212960e-01 7.096551057215990665e-01 2.903448942784008779e-01
-3.153153153153152033e-01 7.096658644432456420e-01 2.903341355567543580e-01
-3.093093093093095547e-01 7.096993559612755353e-01 2.903006440387245202e-01
-3.033033033033034620e-01 7.096406408332409654e-01 2.903593591667591456e-01
-2.972972972972973693e-01 7.096828122577266695e-01 2.903171877422733860e-01
-2.912912912912912766e-01 7.097372796219699742e-01 2.902627203780301368e-01
-2.852852852852851839e-01 7.097050876267261277e-01 2.902949123732739278e-01
-2.792792792792790912e-01 7.096632534438948037e-01 2.903367465561052518e-01
-2.732732732732734426e-01 7.096881476771090824e-01 2.903118523228908621e-01
-2.672672672672673500e-01 7.096845390374763030e-01 2.903154609625235860e-01
-2.612612612612612573e-01 7.096688505445666317e-01 2.903311494554333128e-01
-2.552552552552551646e-01 7.096526206317951280e-01 2.903473793682048165e-01
-2.492492492492490719e-01 7.096747238451316386e-01 2.903252761548684169e-01
-2.432432432432434233e-01 7.096915121498548196e-01 2.903084878501451249e-01
-2.372372372372373306e-01 7.096538095590392281e-01 2.903461904409606609e-01
-2.312312312312312379e-01 7.096768303160497782e-01 2.903231696839502218e-01
-2.252252252252251452e-01 7.096590866806115061e-01 2.903409133193884384e-01
-2.192192192192190525e-01 7.096836156294876741e-01 2.903163843705123814e-01
-2.132132132132134039e-01 7.096781029930284701e-01 2.903218970069715299e-01
-2.072072072072073112e-01 7.096894537788087653e-01 2.903105462211912347e-01
-2.012012012012012185e-01 7.096935565992354977e-01 2.903064434007644468e-01
-1.951951951951951258e-01 7.097070456766197966e-01 2.902929543233802034e-01
-1.891891891891890332e-01 7.097246785867898922e-01 2.902753214132101078e-01
-1.831831831831833846e-01 7.097290353637881744e-01 2.902709646362117701e-01
-1.771771771771772919e-01 7.096691805559602884e-01 2.903308194440397116e-01
-1.711711711711711992e-01 7.097025824444477271e-01 2.902974175555523284e-01
-1.651651651651651065e-01 7.096830032067653615e-01 2.903169967932345830e-01
-1.591591591591590138e-01 7.096693425376087161e-01 2.903306574623912284e-01
-1.531531531531533652e-01 7.096907573908608491e-01 2.903092426091391509e-01
-1.471471471471472725e-01 7.096774928751038436e-01 2.903225071248961009e-01
-1.411411411411411798e-01 7.096721956597026315e-01 2.903278043402973130e-01
-1.351351351351350871e-01 7.096963349217927375e-01 2.903036650782073180e-01
-1.291291291291289944e-01 7.097045633813224841e-01 2.902954366186775159e-01
-1.231231231231233458e-01 7.097266015418055574e-01 2.902733984581944982e-01
-1.171171171171172531e-01 7.096897662022894071e-01 2.903102337977105929e-01
-1.111111111111111605e-01 7.096714521588984859e-01 2.903285478411015141e-01
-1.051051051051050678e-01 7.097099782881926000e-01 2.902900217118074000e-01
-9.909909909909897507e-02 7.096544340987303023e-01 2.903455659012696977e-01
-9.309309309309332647e-02 7.096698028302175221e-01 2.903301971697824224e-01
-8.708708708708723378e-02 7.096643595259595205e-01 2.903356404740405350e-01
-8.108108108108114109e-02 7.097215173812967404e-01 2.902784826187032041e-01
-7.507507507507504840e-02 7.096493960712637605e-01 2.903506039287361840e-01
-6.906906906906895571e-02 7.096874799107429910e-01 2.903125200892570090e-01
-6.306306306306330711e-02 7.096538300429408030e-01 2.903461699570591414e-01
-5.705705705705721442e-02 7.097006866922408452e-01 2.902993133077591548e-01
-5.105105105105112173e-02 7.096667768922068076e-01 2.903332231077931924e-01
-4.504504504504502904e-02 7.097091965853127293e-01 2.902908034146873262e-01
-3.903903903903893635e-02 7.096931238205335113e-01 2.903068761794663777e-01
-3.303303303303284366e-02 7.096960134437636514e-01 2.903039865562364041e-01
-2.702702702702719506e-02 7.097279770160919155e-01 2.902720229839081401e-01
-2.102102102102110237e-02 7.096801477065075581e-01 2.903198522934925530e-01
-1.501501501501500968e-02 7.097327235907804344e-01 2.902672764092196211e-01
-9.009009009008916991e-03 7.096733181386399858e-01 2.903266818613600142e-01
-3.003003003002824300e-03 7.096711366443743119e-01 2.903288633556256881e-01
3.003003003002824300e-03 7.096695026655573946e-01 2.903304973344426609e-01
9.009009009008916991e-03 7.096807547101178226e-01 2.903192452898821219e-01
1.501501501501500968e-02 7.096895858118954514e-01 2.903104141881045486e-01
2.102102102102110237e-02 7.097141837073910331e-01 2.902858162926090224e-01
2.702702702702719506e-02 7.097080150142911492e-01 2.902919849857089618e-01
3.303303303303284366e-02 7.096629268068803675e-01 2.903370731931196325e-01
3.903903903903893635e-02 7.097442994905538427e-01 2.902557005094461018e-01
4.504504504504502904e-02 7.096773049783258180e-01 2.903226950216742930e-01
5.105105105105112173e-02 7.097401687941564674e-01 2.902598312058435881e-01
5.705705705705721442e-02 7.096618328069523862e-01 2.903381671930476138e-01
6.306306306306286302e-02 7.096497371555303690e-01 2.903502628444695199e-01
6.906906906906895571e-02 7.096610111261189013e-01 2.903389888738810432e-01
7.507507507507504840e-02 7.096902076681160798e-01 2.903097923318838092e-01
8.108108108108114109e-02 7.096785517000370191e-01 2.903214482999629253e-01
8.708708708708723378e-02 7.096591089220214421e-01 2.903408910779785579e-01
9.309309309309288238e-02 7.097251943586389000e-01 2.902748056413611000e-01
9.909909909909897507e-02 7.096867686434726874e-01 2.903132313565272571e-01
1.051051051051050678e-01 7.096897898724383591e-01 2.903102101275616409e-01
1.111111111111111605e-01 7.097102642563369868e-01 2.902897357436629577e-01
1.171171171171172531e-01 7.096665801983220723e-01 2.903334198016779277e-01
1.231231231231229017e-01 7.096560558627600379e-01 2.903439441372398511e-01
1.291291291291289944e-01 7.096606620659301479e-01 2.903393379340699076e-01
1.351351351351350871e-01 7.096672354279465189e-01 2.903327645720534256e-01
1.411411411411411798e-01 7.097240058955581743e-01 2.902759941044417702e-01
1.471471471471472725e-01 7.096872437946253331e-01 2.903127562053747224e-01
1.531531531531529211e-01 7.096556063197535513e-01 2.903443936802465042e-01
1.591591591591590138e-01 7.096642176619445408e-01 2.903357823380554592e-01
1.651651651651651065e-01 7.096679452524952136e-01 2.903320547475047864e-01
1.711711711711711992e-01 7.096657356693165664e-01 2.903342643306833781e-01
1.771771771771772919e-01 7.097083810647458746e-01 2.902916189352541809e-01
1.831831831831829405e-01 7.097363621116038468e-01 2.902636378883961532e-01
1.891891891891890332e-01 7.097108926090479608e-01 2.902891073909520947e-01
1.951951951951951258e-01 7.096629882159954938e-01 2.903370117840044506e-01
2.012012012012012185e-01 7.097419140878468147e-01 2.902580859121531298e-01
2.072072072072073112e-01 7.096746262751134626e-01 2.903253737248864264e-01
2.132132132132134039e-01 7.096532434643121334e-01 2.903467565356878666e-01
2.192192192192190525e-01 7.097106002362962851e-01 2.902893997637036594e-01
2.252252252252251452e-01 7.096696377819012858e-01 2.903303622180986587e-01
2.312312312312312379e-01 7.097065847676694572e-01 2.902934152323305428e-01
2.372372372372373306e-01 7.097204501771231522e-01 2.902795498228769033e-01
2.432432432432434233e-01 7.097241784319948676e-01 2.902758215680050213e-01
2.492492492492490719e-01 7.096732585833065432e-01 2.903267414166934568e-01
2.552552552552551646e-01 7.096954485268377466e-01 2.903045514731622534e-01
2.612612612612612573e-01 7.096406559337660180e-01 2.903593440662339265e-01
2.672672672672673500e-01 7.096859277969173041e-01 2.903140722030826959e-01
2.732732732732734426e-01 7.096760222305891208e-01 2.903239777694109347e-01
2.792792792792790912e-01 7.096995871244465848e-01 2.903004128755534707e-01
2.852852852852851839e-01 7.096709010896348202e-01 2.903290989103652908e-01
2.912912912912912766e-01 7.097486002541451011e-01 2.902513997458548989e-01
2.972972972972973693e-01 7.097111108853949579e-01 2.902888891146051531e-01
3.033033033033034620e-01 7.096819770942767169e-01 2.903180229057232276e-01
3.093093093093091106e-01 7.096403928956015461e-01 2.903596071043983984e-01
3.153153153153152033e-01 7.097013379448134929e-01 2.902986620551865626e-01
3.213213213213212960e-01 7.096729207463712275e-01 2.903270792536287725e-01
3.273273273273273887e-01 7.097000427343909124e-01 2.902999572656091432e-01
3.333333333333334814e-01 7.096645442204043697e-01 2.903354557795956858e-01
3.393393393393391300e-01 7.096938825930988459e-01 2.903061174069011541e-01
3.453453453453452227e-01 7.096928298731459694e-01 2.903071701268540861e-01
3.513513513513513153e-01 7.096234822170602863e-01 2.903765177829397692e-01
3.573573573573574080e-01 7.096453448534105757e-01 2.903546551465894798e-01
3.633633633633635007e-01 7.097250297999994073e-01 2.902749702000004817e-01
3.693693693693691493e-01 7.096642057731278319e-01 2.903357942268721681e-01
3.753753753753752420e-01 7.096843743186417308e-01 2.903156256813582137e-01
3.813813813813813347e-01 7.096975162078081878e-01 2.903024837921917012e-01
3.873873873873874274e-01 7.097062808769541986e-01 2.902937191230458569e-01
3.933933933933935201e-01 7.097246369986526249e-01 2.902753630013474306e-01
3.993993993993991687e-01 7.097351593219832777e-01 2.902648406780167223e-01
4.054054054054052614e-01 7.097120627717629082e-01 2.902879372282371473e-01
4.114114114114113541e-01 7.097039265687148379e-01 2.902960734312850510e-01
4.174174174174174468e-01 7.096741235605703579e-01 2.903258764394296976e-01
4.234234234234235394e-01 7.096477457097939423e-01 2.903522542902060577e-01
4.294294294294291880e-01 7.096561703289795409e-01 2.903438296710204591e-01
4.354354354354352807e-01 7.097113045833024492e-01 2.902886954166974953e-01
4.414414414414413734e-01 7.096766523330159115e-01 2.903233476669840885e-01
4.474474474474474661e-01 7.096670037334785741e-01 2.903329962665214814e-01
4.534534534534535588e-01 7.096944874533853698e-01 2.903055125466146302e-01
4.594594594594596515e-01 7.096730488536073800e-01 2.903269511463925645e-01
4.654654654654653001e-01 7.096903120952645638e-01 2.903096879047354917e-01
4.714714714714713928e-01 7.097390139836968759e-01 2.902609860163030686e-01
4.774774774774774855e-01 7.097226764466771920e-01 2.902773235533228080e-01
4.834834834834835782e-01 7.097188060288007749e-01 2.902811939711992251e-01
4.894894894894896709e-01 7.096603962868547333e-01 2.903396037131453222e-01
4.954954954954953195e-01 7.097061851973512914e-01 2.902938148026487641e-01
5.015015015015014122e-01 7.096383275641819921e-01 2.903616724358181189e-01
5.075075075075075048e-01 7.097104987315688840e-01 2.902895012684311715e-01
5.135135135135135975e-01 7.097079121535936341e-01 2.902920878464063659e-01
5.195195195195196902e-01 7.096644257423833091e-01 2.903355742576166354e-01
5.255255255255253388e-01 7.096844791961016696e-01 2.903155208038983304e-01
5.315315315315314315e-01 7.097040800961236240e-01 2.902959199038763760e-01
5.375375375375375242e-01 7.096629090598322032e-01 2.903370909401677968e-01
5.435435435435436169e-01 7.096315414661645837e-01 2.903684585338353608e-01
5.495495495495497096e-01 7.096925436176176882e-01 2.903074563823823118e-01
5.555555555555553582e-01 7.096819740062755288e-01 2.903180259937245267e-01
5.615615615615614509e-01 7.097609413604067941e-01 2.902390586395931504e-01
5.675675675675675436e-01 7.096781484782006544e-01 2.903218515217993456e-01
5.735735735735736363e-01 7.097393448527081761e-01 2.902606551472917684e-01
5.795795795795797289e-01 7.097082485157720777e-01 2.902917514842278668e-01
5.855855855855853775e-01 7.096647047318814794e-01 2.903352952681185206e-01
5.915915915915914702e-01 7.096971250981181090e-01 2.903028749018818355e-01
5.975975975975975629e-01 7.097208598064386198e-01 2.902791401935613247e-01
6.036036036036036556e-01 7.096533443255226281e-01 2.903466556744772609e-01
6.096096096096097483e-01 7.096660720392041766e-01 2.903339279607958789e-01
6.156156156156153969e-01 7.096468306321785935e-01 2.903531693678214065e-01
6.216216216216214896e-01 7.096955707956382753e-01 2.903044292043617802e-01
6.276276276276275823e-01 7.097052449450030887e-01 2.902947550549969113e-01
6.336336336336336750e-01 7.097163491516149669e-01 2.902836508483849776e-01
6.396396396396397677e-01 7.097128364291609426e-01 2.902871635708391684e-01
6.456456456456454163e-01 7.097026044876915130e-01 2.902973955123084870e-01
6.516516516516515090e-01 7.096689319264914975e-01 2.903310680735085025e-01
6.576576576576576016e-01 7.096864302062694252e-01 2.903135697937305193e-01
6.636636636636636943e-01 7.096435113309695897e-01 2.903564886690304103e-01
6.696696696696697870e-01 7.096994470904992580e-01 2.903005529095006865e-01
6.756756756756754356e-01 7.096880245653854891e-01 2.903119754346144554e-01
6.816816816816815283e-01 7.097142755931359348e-01 2.902857244068640097e-01
6.876876876876876210e-01 7.096911239189124254e-01 2.903088760810875191e-01
6.936936936936937137e-01 7.096987983233219444e-01 2.903012016766781667e-01
6.996996996996998064e-01 7.097092888219143081e-01 2.902907111780857474e-01
7.057057057057054550e-01 7.097598846133214012e-01 2.902401153866784878e-01
7.117117117117115477e-01 7.096362241523336278e-01 2.903637758476663722e-01
7.177177177177176404e-01 7.096908501100838151e-01 2.903091498899161294e-01
7.237237237237237331e-01 7.097080751797985032e-01 2.902919248202015523e-01
7.297297297297298257e-01 7.096635058067672919e-01 2.903364941932326526e-01
7.357357357357359184e-01 7.096459647484086863e-01 2.903540352515914247e-01
7.417417417417415670e-01 7.097022322082441326e-01 2.902977677917559785e-01
7.477477477477476597e-01 7.096700921767543635e-01 2.903299078232455810e-01
7.537537537537537524e-01 7.096029923250892768e-01 2.903970076749107232e-01
7.597597597597598451e-01 7.096586347438423870e-01 2.903413652561575575e-01
7.657657657657659378e-01 7.096846619965870850e-01 2.903153380034129150e-01
7.717717717717715864e-01 7.097038028383316766e-01 2.902961971616684345e-01
7.777777777777776791e-01 7.097197282269368523e-01 2.902802717730632587e-01
7.837837837837837718e-01 7.096515704209939157e-01 2.903484295790061953e-01
7.897897897897898645e-01 7.096969357782413335e-01 2.903030642217586110e-01
7.957957957957959572e-01 7.096887742916865305e-01 2.903112257083134695e-01
8.018018018018016058e-01 7.097063662009470697e-01 2.902936337990529303e-01
8.078078078078076985e-01 7.096910935958822275e-01 2.903089064041177725e-01
8.138138138138137911e-01 7.097041767516827360e-01 2.902958232483172085e-01
8.198198198198198838e-01 7.097451840921121802e-01 2.902548159078878753e-01
8.258258258258259765e-01 7.096771158841568283e-01 2.903228841158432272e-01
8.318318318318316251e-01 7.096798049011709963e-01 2.903201950988288926e-01
8.378378378378377178e-01 7.096777758550451010e-01 2.903222241449548435e-01
8.438438438438438105e-01 7.097175903694338261e-01 2.902824096305662294e-01
8.498498498498499032e-01 7.096821932773805797e-01 2.903178067226193648e-01
8.558558558558559959e-01 7.096915969075223707e-01 2.903084030924776293e-01
8.618618618618616445e-01 7.096885243083691508e-01 2.903114756916309047e-01
8.678678678678677372e-01 7.096803351000439131e-01 2.903196648999560314e-01
8.738738738738738299e-01 7.097245480020729635e-01 2.902754519979271475e-01
8.798798798798799226e-01 7.096740316760373757e-01 2.903259683239626798e-01
8.858858858858860152e-01 7.096994380615778697e-01 2.903005619384220748e-01
8.918918918918916638e-01 7.096679821835901736e-01 2.903320178164098264e-01
8.978978978978977565e-01 7.096424091006169332e-01 2.903575908993831223e-01
9.039039039039038492e-01 7.097071766349991595e-01 2.902928233650007295e-01
9.099099099099099419e-01 7.096663647409870990e-01 2.903336352590129565e-01
9.159159159159160346e-01 7.097263682813329533e-01 2.902736317186670467e-01
9.219219219219216832e-01 7.096575970388300236e-01 2.903424029611699764e-01
9.279279279279277759e-01 7.097320321833818779e-01 2.902679678166181221e-01
9.339339339339338686e-01 7.096760556483902027e-01 2.903239443516097973e-01
9.399399399399399613e-01 7.096523086157338067e-01 2.903476913842662488e-01
9.459459459459460540e-01 7.096911185889304141e-01 2.903088814110696414e-01
9.519519519519517026e-01 7.096883166589262881e-01 2.903116833410736564e-01
9.579579579579577953e-01 7.097091268513791018e-01 2.902908731486208427e-01
9.639639639639638879e-01 7.096927507128402146e-01 2.903072492871598409e-01
9.699699699699699806e-01 7.096614208069330632e-01 2.903385791930668258e-01
9.759759759759760733e-01 7.096892290763812117e-01 2.903107709236187883e-01
9.819819819819821660e-01 7.096916498075364066e-01 2.903083501924635934e-01
9.879879879879878146e-01 7.096746866825945910e-01 2.903253133174054090e-01
9.939939939939939073e-01 7.096797280764755023e-01 2.903202719235244977e-01
1.000000000000000000e+00 7.097132156638530365e-01 2.902867843361470190e-01
1.006006006006005649e+00 7.096897314774061050e-01 2.903102685225938950e-01
1.012012012012012185e+00 7.096755460879016209e-01 2.903244539120983791e-01
1.018018018018017834e+00 7.096542898949038669e-01 2.903457101050961331e-01
1.024024024024024371e+00 7.096814997699933958e-01 2.903185002300065487e-01
1.030030030030030019e+00 7.096774845719040492e-01 2.903225154280959508e-01
1.036036036036035668e+00 7.097053454430795050e-01 2.902946545569204395e-01
1.042042042042042205e+00 7.096986211562280600e-01 2.903013788437719400e-01
1.048048048048047853e+00 7.096911073782310453e-01 2.903088926217688437e-01
1.054054054054054390e+00 7.096688486391036221e-01 2.903311513608963224e-01
1.060060060060060039e+00 7.097088468585573962e-01 2.902911531414424928e-01
1.066066066066065687e+00 7.097058854401065986e-01 2.902941145598934569e-01
1.072072072072072224e+00 7.097338958213516014e-01 2.902661041786483431e-01
1.078078078078077873e+00 7.096528412329808910e-01 2.903471587670192200e-01
1.084084084084084409e+00 7.096574568971463215e-01 2.903425431028536785e-01
1.090090090090090058e+00 7.096801546209232647e-01 2.903198453790767908e-01
1.096096096096095707e+00 7.097262614810185832e-01 2.902737385189814723e-01
1.102102102102102243e+00 7.096639058494150776e-01 2.903360941505849224e-01
1.108108108108107892e+00 7.096355136067166169e-01 2.903644863932833831e-01
1.114114114114114429e+00 7.097016395699831115e-01 2.902983604300168885e-01
1.120120120120120077e+00 7.096577429176099683e-01 2.903422570823900317e-01
1.126126126126125726e+00 7.096862143617479468e-01 2.903137856382521087e-01
1.132132132132132263e+00 7.097192419455791157e-01 2.902807580544207733e-01
1.138138138138137911e+00 7.096809023082655266e-01 2.903190976917343624e-01
1.144144144144144448e+00 7.096691752918639073e-01 2.903308247081359816e-01
1.150150150150150097e+00 7.096879362925100354e-01 2.903120637074900756e-01
1.156156156156155745e+00 7.096703380131454963e-01 2.903296619868544481e-01
1.162162162162162282e+00 7.096940938527249720e-01 2.903059061472749169e-01
1.168168168168167931e+00 7.096968188098757846e-01 2.903031811901243264e-01
1.174174174174174468e+00 7.097318231121264587e-01 2.902681768878734858e-01
1.180180180180180116e+00 7.097070362986058756e-01 2.902929637013941799e-01
1.186186186186185765e+00 7.097238574784069387e-01 2.902761425215930613e-01
1.192192192192192302e+00 7.096585801139725369e-01 2.903414198860274631e-01
1.198198198198197950e+00 7.096443618602982228e-01 2.903556381397018327e-01
1.204204204204204487e+00 7.096788316287093723e-01 2.903211683712906277e-01
1.210210210210210136e+00 7.096271689015855033e-01 2.903728310984144967e-01
1.216216216216215784e+00 7.097044036089193986e-01 2.902955963910805459e-01
1.222222222222222321e+00 7.097092296388506361e-01 2.902907703611493639e-01
1.228228228228227970e+00 7.096952617460279278e-01 2.903047382539721277e-01
1.234234234234234506e+00 7.096615612686052454e-01 2.903384387313946990e-01
1.240240240240240155e+00 7.096714183844256008e-01 2.903285816155743437e-01
1.246246246246245803e+00 7.096827445653776101e-01 2.903172554346223344e-01
1.252252252252252340e+00 7.096838797902423890e-01 2.903161202097576110e-01
1.258258258258257989e+00 7.097245338579347695e-01 2.902754661420652305e-01
1.264264264264264526e+00 7.096971790738831887e-01 2.903028209261167003e-01
1.270270270270270174e+00 7.097243203968167657e-01 2.902756796031831232e-01
1.276276276276275823e+00 7.096537679973996537e-01 2.903462320026002907e-01
1.282282282282282360e+00 7.096579681298151865e-01 2.903420318701847580e-01
1.288288288288288008e+00 7.097222453632341388e-01 2.902777546367659167e-01
1.294294294294294545e+00 7.096899421826365906e-01 2.903100578173634094e-01
1.300300300300300194e+00 7.096916734140873428e-01 2.903083265859125461e-01
1.306306306306305842e+00 7.096759681896719352e-01 2.903240318103280093e-01
1.312312312312312379e+00 7.096801382141216807e-01 2.903198617858783193e-01
1.318318318318318028e+00 7.096484257240609494e-01 2.903515742759390506e-01
1.324324324324324564e+00 7.097345882004763018e-01 2.902654117995237537e-01
1.330330330330330213e+00 7.096753611251384042e-01 2.903246388748616513e-01
1.336336336336335862e+00 7.096533960657795959e-01 2.903466039342203486e-01
1.342342342342342398e+00 7.096432209329355256e-01 2.903567790670644744e-01
1.348348348348348047e+00 7.097114275951610374e-01 2.902885724048390736e-01
1.354354354354354584e+00 7.097270000278832480e-01 2.902729999721166410e-01
1.360360360360360232e+00 7.096935669765337407e-01 2.903064330234662038e-01
1.366366366366366769e+00 7.096653421344653045e-01 2.903346578655345844e-01
1.372372372372372418e+00 7.096560992012941327e-01 2.903439007987058673e-01
1.378378378378378066e+00 7.097486039933889046e-01 2.902513960066111509e-01
1.384384384384384603e+00 7.096531237670719028e-01 2.903468762329280417e-01
1.390390390390390252e+00 7.097306413626589539e-01 2.902693586373409906e-01
1.396396396396396788e+00 7.097113963100307732e-01 2.902886036899692823e-01
1.402402402402402437e+00 7.097045615261362572e-01 2.902954384738637428e-01
1.408408408408408086e+00 7.096471226888980688e-01 2.903528773111018757e-01
1.414414414414414622e+00 7.096686593225806083e-01 2.903313406774193361e-01
1.420420420420420271e+00 7.096698457245539382e-01 2.903301542754460618e-01
1.426426426426426808e+00 7.096492999492811649e-01 2.903507000507188351e-01
1.432432432432432456e+00 7.097130002976500540e-01 2.902869997023499460e-01
1.438438438438438105e+00 7.096729144897764296e-01 2.903270855102235704e-01
1.444444444444444642e+00 7.096875965146738352e-01 2.903124034853260538e-01
1.450450450450450290e+00 7.097175493803657975e-01 2.902824506196341470e-01
1.456456456456456827e+00 7.097297068766885708e-01 2.902702931233114847e-01
1.462462462462462476e+00 7.097245510211593889e-01 2.902754489788406111e-01
1.468468468468468124e+00 7.096879895183519915e-01 2.903120104816480640e-01
1.474474474474474661e+00 7.096990555537282530e-01 2.903009444462718580e-01
1.480480480480480310e+00 7.096515470688447014e-01 2.903484529311553541e-01
1.486486486486486847e+00 7.096785684062045796e-01 2.903214315937954759e-01
1.492492492492492495e+00 7.096649337958487180e-01 2.903350662041513930e-01
1.498498498498498144e+00 7.096215256373846758e-01 2.903784743626152687e-01
1.504504504504504681e+00 7.097123843587186398e-01 2.902876156412813047e-01
1.510510510510510329e+00 7.096348666673230055e-01 2.903651333326771056e-01
1.516516516516516866e+00 7.096820241533712270e-01 2.903179758466287175e-01
1.522522522522522515e+00 7.097001397486997210e-01 2.902998602513002235e-01
1.528528528528528163e+00 7.097289647528441936e-01 2.902710352471558064e-01
1.534534534534534700e+00 7.096723700032965265e-01 2.903276299967034735e-01
1.540540540540540349e+00 7.097192975312754948e-01 2.902807024687244497e-01
1.546546546546546885e+00 7.097172959235931167e-01 2.902827040764068833e-01
1.552552552552552534e+00 7.096624524408325918e-01 2.903375475591673527e-01
1.558558558558558182e+00 7.096696669934910995e-01 2.903303330065089560e-01
1.564564564564564719e+00 7.097030439682910918e-01 2.902969560317088527e-01
1.570570570570570368e+00 7.096827019698654926e-01 2.903172980301344519e-01
1.576576576576576905e+00 7.096420125604440132e-01 2.903579874395559313e-01
1.582582582582582553e+00 7.097541966576366157e-01 2.902458033423633288e-01
1.588588588588588202e+00 7.097389712216850555e-01 2.902610287783150556e-01
1.594594594594594739e+00 7.096421570266978618e-01 2.903578429733021382e-01
1.600600600600600387e+00 7.097209365021888150e-01 2.902790634978112405e-01
1.606606606606606924e+00 7.096586713478060249e-01 2.903413286521939751e-01
1.612612612612612573e+00 7.096817073726005010e-01 2.903182926273995546e-01
1.618618618618618221e+00 7.096727370724467132e-01 2.903272629275532868e-01
1.624624624624624758e+00 7.097342594736157917e-01 2.902657405263842083e-01
1.630630630630630407e+00 7.097327605726362343e-01 2.902672394273637657e-01
1.636636636636636943e+00 7.096490947124229898e-01 2.903509052875768992e-01
1.642642642642642592e+00 7.096684000706553475e-01 2.903315999293446525e-01
1.648648648648648241e+00 7.096579045602073865e-01 2.903420954397926135e-01
1.654654654654654777e+00 7.097814596601266235e-01 2.902185403398732655e-01
1.660660660660660426e+00 7.097266507104071920e-01 2.902733492895927525e-01
1.666666666666666963e+00 7.097155179487684151e-01 2.902844820512315294e-01
1.672672672672672611e+00 7.096326508753417750e-01 2.903673491246582250e-01
1.678678678678678260e+00 7.096516646332821088e-01 2.903483353667178912e-01
1.684684684684684797e+00 7.096364545552834580e-01 2.903635454447164865e-01
1.690690690690690445e+00 7.096671372120345600e-01 2.903328627879655510e-01
1.696696696696696982e+00 7.096647646127870468e-01 2.903352353872130087e-01
1.702702702702702631e+00 7.097017817783869420e-01 2.902982182216130580e-01
1.708708708708708279e+00 7.096948064031995962e-01 2.903051935968004593e-01
1.714714714714714816e+00 7.096852615569314571e-01 2.903147384430685429e-01
1.720720720720720465e+00 7.097117285728681280e-01 2.902882714271318720e-01
1.726726726726727001e+00 7.096995654385735985e-01 2.903004345614264015e-01
1.732732732732732650e+00 7.096940278996072271e-01 2.903059721003926619e-01
1.738738738738738299e+00 7.096511749146215964e-01 2.903488250853784591e-01
1.744744744744744835e+00 7.096734233728316799e-01 2.903265766271684312e-01
1.750750750750750484e+00 7.097078968085077655e-01 2.902921031914921790e-01
1.756756756756757021e+00 7.097398031454418277e-01 2.902601968545581168e-01
1.762762762762762669e+00 7.096653292881670572e-01 2.903346707118328873e-01
1.768768768768768318e+00 7.096601959200224963e-01 2.903398040799775037e-01
1.774774774774774855e+00 7.096971270660514808e-01 2.903028729339485192e-01
1.780780780780780503e+00 7.097064712572501710e-01 2.902935287427497735e-01
1.786786786786787040e+00 7.097216420986912633e-01 2.902783579013087367e-01
1.792792792792792689e+00 7.096826526952602077e-01 2.903173473047397368e-01
1.798798798798798337e+00 7.096993668378721587e-01 2.903006331621278413e-01
1.804804804804804874e+00 7.096728716322223685e-01 2.903271283677776871e-01
1.810810810810810523e+00 7.096711631523836550e-01 2.903288368476163450e-01
1.816816816816817060e+00 7.096637089955631916e-01 2.903362910044366973e-01
1.822822822822822708e+00 7.097064718212575674e-01 2.902935281787424882e-01
1.828828828828828357e+00 7.097316964563191721e-01 2.902683035436808834e-01
1.834834834834834894e+00 7.096831971820595220e-01 2.903168028179405336e-01
1.840840840840840542e+00 7.096363064393018671e-01 2.903636935606981884e-01
1.846846846846847079e+00 7.096834977293093871e-01 2.903165022706907239e-01
1.852852852852852727e+00 7.096449430988558404e-01 2.903550569011442706e-01
1.858858858858858376e+00 7.096833842276805138e-01 2.903166157723195417e-01
1.864864864864864913e+00 7.096729886275152666e-01 2.903270113724847890e-01
1.870870870870870561e+00 7.097184583768260113e-01 2.902815416231739332e-01
1.876876876876877098e+00 7.097084093950397632e-01 2.902915906049602923e-01
1.882882882882882747e+00 7.097155931684763219e-01 2.902844068315237336e-01
1.888888888888889284e+00 7.096869285983201658e-01 2.903130714016799452e-01
1.894894894894894932e+00 7.096696703631945047e-01 2.903303296368054953e-01
1.900900900900900581e+00 7.097118221456968357e-01 2.902881778543031088e-01
1.906906906906907118e+00 7.096776519885852341e-01 2.903223480114147104e-01
1.912912912912912766e+00 7.096932176178584184e-01 2.903067823821415261e-01
1.918918918918919303e+00 7.096659578666697499e-01 2.903340421333302501e-01
1.924924924924924952e+00 7.097058015234115613e-01 2.902941984765884942e-01
1.930930930930930600e+00 7.096906167471689342e-01 2.903093832528311213e-01
1.936936936936937137e+00 7.096914593439834773e-01 2.903085406560165227e-01
1.942942942942942786e+00 7.096496219071816158e-01 2.903503780928182731e-01
1.948948948948949322e+00 7.096272212662729784e-01 2.903727787337270216e-01
1.954954954954954971e+00 7.097056111285340307e-01 2.902943888714659137e-01
1.960960960960960620e+00 7.097222593257014323e-01 2.902777406742985677e-01
1.966966966966967156e+00 7.097091002801296789e-01 2.902908997198703211e-01
1.972972972972972805e+00 7.096759946356913096e-01 2.903240053643087459e-01
1.978978978978979342e+00 7.096748437108021390e-01 2.903251562891979165e-01
1.984984984984984990e+00 7.096704486121327982e-01 2.903295513878671463e-01
1.990990990990990639e+00 7.096709908718955573e-01 2.903290091281044427e-01
1.996996996996997176e+00 7.096806610353703082e-01 2.903193389646296918e-01
2.003003003003002824e+00 7.096677463210392389e-01 2.903322536789608721e-01
2.009009009009009361e+00 7.096876580798465728e-01 2.903123419201534827e-01
2.015015015015015010e+00 7.096764830556561154e-01 2.903235169443438846e-01
2.021021021021020658e+00 7.097272265357723597e-01 2.902727734642277513e-01
2.027027027027027195e+00 7.097409218893018235e-01 2.902590781106982321e-01
2.033033033033032844e+00 7.096932967872012776e-01 2.903067032127986669e-01
2.039039039039039380e+00 7.096845124955042383e-01 2.903154875044957617e-01
2.045045045045045029e+00 7.097355387949144667e-01 2.902644612050854778e-01
2.051051051051050678e+00 7.096925182554503220e-01 2.903074817445496225e-01
2.057057057057057214e+00 7.096526375149748711e-01 2.903473624850250734e-01
2.063063063063062863e+00 7.096897491411401360e-01 2.903102508588597530e-01
2.069069069069069400e+00 7.096870231176025667e-01 2.903129768823975443e-01
2.075075075075075048e+00 7.096674923579465721e-01 2.903325076420533724e-01
2.081081081081080697e+00 7.097319287449939118e-01 2.902680712550060882e-01
2.087087087087087234e+00 7.096740500768153881e-01 2.903259499231845564e-01
2.093093093093092882e+00 7.096921431197618091e-01 2.903078568802382464e-01
2.099099099099099419e+00 7.096947598463060336e-01 2.903052401536939109e-01
2.105105105105105068e+00 7.096736126158041946e-01 2.903263873841957499e-01
2.111111111111110716e+00 7.097106822723099340e-01 2.902893177276900105e-01
2.117117117117117253e+00 7.096204444005634882e-01 2.903795555994366229e-01
2.123123123123122902e+00 7.096267680252944521e-01 2.903732319747055479e-01
2.129129129129129439e+00 7.096815052832590176e-01 2.903184947167410934e-01
2.135135135135135087e+00 7.097253873126965207e-01 2.902746126873035348e-01
2.141141141141140736e+00 7.097004599704125338e-01 2.902995400295875217e-01
2.147147147147147273e+00 7.096618009352292367e-01 2.903381990647707078e-01
2.153153153153152921e+00 7.096776859464357656e-01 2.903223140535641789e-01
2.159159159159159458e+00 7.096911347624125233e-01 2.903088652375875323e-01
2.165165165165165106e+00 7.096640663239583979e-01 2.903359336760415466e-01
2.171171171171170755e+00 7.096887783782361847e-01 2.903112216217638708e-01
2.177177177177177292e+00 7.097203877902644731e-01 2.902796122097355269e-01
2.183183183183182940e+00 7.097444498450919959e-01 2.902555501549081152e-01
2.189189189189189477e+00 7.097039932010769103e-01 2.902960067989231452e-01
2.195195195195195126e+00 7.096873422224606598e-01 2.903126577775393402e-01
2.201201201201200774e+00 7.096864295185040250e-01 2.903135704814959750e-01
2.207207207207207311e+00 7.096719798967945358e-01 2.903280201032055752e-01
2.213213213213212960e+00 7.096828383419716557e-01 2.903171616580282888e-01
2.219219219219219497e+00 7.096592452122498784e-01 2.903407547877501771e-01
2.225225225225225145e+00 7.097112976568156206e-01 2.902887023431844349e-01
2.231231231231230794e+00 7.096052603225526667e-01 2.903947396774472223e-01
2.237237237237237331e+00 7.096896173009539233e-01 2.903103826990461322e-01
2.243243243243242979e+00 7.096980590525739929e-01 2.903019409474260071e-01
2.249249249249249516e+00 7.096486527904228847e-01 2.903513472095771153e-01
2.255255255255255165e+00 7.096894388469517923e-01 2.903105611530482633e-01
2.261261261261260813e+00 7.096682078865386156e-01 2.903317921134613844e-01
2.267267267267267350e+00 7.096437308620898721e-01 2.903562691379102390e-01
2.273273273273272999e+00 7.096852043641149743e-01 2.903147956358850812e-01
2.279279279279279535e+00 7.096756649738784617e-01 2.903243350261215938e-01
2.285285285285285184e+00 7.097042115163332276e-01 2.902957884836666613e-01
2.291291291291290833e+00 7.096816048368245200e-01 2.903183951631753690e-01
2.297297297297297369e+00 7.097042871621535021e-01 2.902957128378466090e-01
2.303303303303303018e+00 7.096860764859762583e-01 2.903139235140236862e-01
2.309309309309309555e+00 7.096860493590082530e-01 2.903139506409918025e-01
2.315315315315315203e+00 7.096855074802120855e-01 2.903144925197879145e-01
2.321321321321320852e+00 7.097268802657533682e-01 2.902731197342467429e-01
2.327327327327327389e+00 7.097151562435806138e-01 2.902848437564193862e-01
2.333333333333333037e+00 7.097068661900383102e-01 2.902931338099616343e-01
2.339339339339339574e+00 7.096854323116313923e-01 2.903145676883686077e-01
2.345345345345345223e+00 7.097109506851720928e-01 2.902890493148279072e-01
2.351351351351350871e+00 7.097157028388724198e-01 2.902842971611276357e-01
2.357357357357357408e+00 7.097154941434715703e-01 2.902845058565284297e-01
2.363363363363363057e+00 7.097023076060418045e-01 2.902976923939581955e-01
2.369369369369369593e+00 7.097066872751826017e-01 2.902933127248175094e-01
2.375375375375375242e+00 7.096983397434876162e-01 2.903016602565123283e-01
2.381381381381380891e+00 7.096980592716318759e-01 2.903019407283681241e-01
2.387387387387387427e+00 7.096581496934569744e-01 2.903418503065430256e-01
2.393393393393393076e+00 7.097276577326400160e-01 2.902723422673599840e-01
2.399399399399399613e+00 7.096733091735498711e-01 2.903266908264501844e-01
2.405405405405405261e+00 7.097383902133788114e-01 2.902616097866211886e-01
2.411411411411411798e+00 7.096872531955925600e-01 2.903127468044074400e-01
2.417417417417417447e+00 7.097248209442329481e-01 2.902751790557669964e-01
2.423423423423423095e+00 7.096753064943351896e-01 2.903246935056649214e-01
2.429429429429429632e+00 7.096636970542123946e-01 2.903363029457876054e-01
2.435435435435435281e+00 7.097197294970614134e-01 2.902802705029385866e-01
2.441441441441441818e+00 7.097083218558286610e-01 2.902916781441713390e-01
2.447447447447447466e+00 7.096784046760050702e-01 2.903215953239948743e-01
2.453453453453453115e+00 7.096625238952148917e-01 2.903374761047851083e-01
2.459459459459459651e+00 7.096971310015369738e-01 2.903028689984629707e-01
2.465465465465465300e+00 7.096590662253285942e-01 2.903409337746713503e-01
2.471471471471471837e+00 7.096972400734354869e-01 2.903027599265644021e-01
2.477477477477477485e+00 7.097011231668383102e-01 2.902988768331616343e-01
2.483483483483483134e+00 7.097296663148223717e-01 2.902703336851775728e-01
2.489489489489489671e+00 7.096654373488805456e-01 2.903345626511195099e-01
2.495495495495495319e+00 7.096915762537320260e-01 2.903084237462680295e-01
2.501501501501501856e+00 7.096678426441396237e-01 2.903321573558603763e-01
2.507507507507507505e+00 7.096943976851224356e-01 2.903056023148775089e-01
2.513513513513513153e+00 7.096964989848872918e-01 2.903035010151126527e-01
2.519519519519519690e+00 7.097233975544052775e-01 2.902766024455948335e-01
2.525525525525525339e+00 7.096655044643822574e-01 2.903344955356176316e-01
2.531531531531531876e+00 7.096894686857754264e-01 2.903105313142245181e-01
2.537537537537537524e+00 7.096865628690788297e-01 2.903134371309212258e-01
2.543543543543543173e+00 7.096778107803786151e-01 2.903221892196212739e-01
2.549549549549549710e+00 7.096777017789589470e-01 2.903222982210410530e-01
2.555555555555555358e+00 7.096336584340614539e-01 2.903663415659386571e-01
2.561561561561561895e+00 7.097043041458463986e-01 2.902956958541535459e-01
2.567567567567567544e+00 7.096664462299085985e-01 2.903335537700914570e-01
2.573573573573573192e+00 7.096884394671160168e-01 2.903115605328839832e-01
2.579579579579579729e+00 7.096907875013647171e-01 2.903092124986353384e-01
2.585585585585585378e+00 7.096633960512149786e-01 2.903366039487850214e-01
2.591591591591591914e+00 7.096639570219989146e-01 2.903360429780011409e-01
2.597597597597597563e+00 7.096353296859785331e-01 2.903646703140215779e-01
2.603603603603603212e+00 7.096815399303443295e-01 2.903184600696556705e-01
2.609609609609609748e+00 7.096728980445168311e-01 2.903271019554831689e-01
2.615615615615615397e+00 7.096618978702936564e-01 2.903381021297064546e-01
2.621621621621621934e+00 7.097153862761331755e-01 2.902846137238668245e-01
2.627627627627627582e+00 7.097082516109021189e-01 2.902917483890979367e-01
2.633633633633633231e+00 7.097201717929390030e-01 2.902798282070608860e-01
2.639639639639639768e+00 7.096400603772970994e-01 2.903599396227029561e-01
2.645645645645645416e+00 7.097264438369047523e-01 2.902735561630952477e-01
2.651651651651651953e+00 7.097504838312442832e-01 2.902495161687556613e-01
2.657657657657657602e+00 7.096995717264665826e-01 2.903004282735334729e-01
2.663663663663663250e+00 7.096899402516393396e-01 2.903100597483606604e-01
2.669669669669669787e+00 7.097008019059675155e-01 2.902991980940325956e-01
2.675675675675675436e+00 7.097108888129081139e-01 2.902891111870918306e-01
2.681681681681681972e+00 7.096912607870515810e-01 2.903087392129484745e-01
2.687687687687687621e+00 7.096796297647011142e-01 2.903203702352988858e-01
2.693693693693693270e+00 7.096611279541329420e-01 2.903388720458669470e-01
2.699699699699699806e+00 7.097382306234190086e-01 2.902617693765811024e-01
2.705705705705705455e+00 7.097105041025013605e-01 2.902894958974986950e-01
2.711711711711711992e+00 7.097253073108782395e-01 2.902746926891217605e-01
2.717717717717717640e+00 7.096506124712348429e-01 2.903493875287651571e-01
2.723723723723723289e+00 7.097367941192127549e-01 2.902632058807872451e-01
2.729729729729729826e+00 7.097137339480070750e-01 2.902862660519929805e-01
2.735735735735735474e+00 7.096944555200523919e-01 2.903055444799477192e-01
2.741741741741742011e+00 7.096973019965374663e-01 2.903026980034625337e-01
2.747747747747747660e+00 7.096844752805262502e-01 2.903155247194736388e-01
2.753753753753753308e+00 7.096892482852416029e-01 2.903107517147583416e-01
2.759759759759759845e+00 7.096528787376357172e-01 2.903471212623642828e-01
2.765765765765765494e+00 7.096946878983128038e-01 2.903053121016871962e-01
2.771771771771772030e+00 7.097125654236721148e-01 2.902874345763279407e-01
2.777777777777777679e+00 7.097143172609959860e-01 2.902856827390040140e-01
2.783783783783783328e+00 7.096738650064435827e-01 2.903261349935564728e-01
2.789789789789789864e+00 7.097776120399109656e-01 2.902223879600890344e-01
2.795795795795795513e+00 7.096863834149595984e-01 2.903136165850404571e-01
2.801801801801802050e+00 7.096692532421086108e-01 2.903307467578914447e-01
2.807807807807807698e+00 7.096843777540527975e-01 2.903156222459471469e-01
2.813813813813813347e+00 7.096945977528701377e-01 2.903054022471298623e-01
2.819819819819819884e+00 7.096748131168969520e-01 2.903251868831030480e-01
2.825825825825825532e+00 7.097110498376167920e-01 2.902889501623830970e-01
2.831831831831832069e+00 7.097061132443884812e-01 2.902938867556114633e-01
2.837837837837837718e+00 7.097341856734790122e-01 2.902658143265210433e-01
2.843843843843843366e+00 7.096997303811413138e-01 2.903002696188586862e-01
2.849849849849849903e+00 7.097058962147464456e-01 2.902941037852535544e-01
2.855855855855855552e+00 7.097211468752715469e-01 2.902788531247283976e-01
2.861861861861862089e+00 7.096500407120011067e-01 2.903499592879990043e-01
2.867867867867867737e+00 7.096848709496290653e-01 2.903151290503709903e-01
2.873873873873873386e+00 7.097238134331328441e-01 2.902761865668671559e-01
2.879879879879879923e+00 7.096271705278788255e-01 2.903728294721211745e-01
2.885885885885885571e+00 7.097075719866207111e-01 2.902924280133792889e-01
2.891891891891892108e+00 7.096222841049265595e-01 2.903777158950734405e-01
2.897897897897897757e+00 7.097045006450385385e-01 2.902954993549615170e-01
2.903903903903904293e+00 7.096697999041645666e-01 2.903302000958353779e-01
2.909909909909909942e+00 7.097239193451546635e-01 2.902760806548453365e-01
2.915915915915915591e+00 7.097512813797147713e-01 2.902487186202852842e-01
2.921921921921922127e+00 7.096993725381050000e-01 2.903006274618950000e-01
2.927927927927927776e+00 7.097138191990798317e-01 2.902861808009202793e-01
2.933933933933934313e+00 7.097017155594648186e-01 2.902982844405351814e-01
2.939939939939939961e+00 7.096117532184926802e-01 2.903882467815073198e-01
2.945945945945945610e+00 7.097186101475986275e-01 2.902813898524014835e-01
2.951951951951952147e+00 7.096867554453423210e-01 2.903132445546575680e-01
2.957957957957957795e+00 7.096684314308250308e-01 2.903315685691749692e-01
2.963963963963964332e+00 7.097028327615463317e-01 2.902971672384536128e-01
2.969969969969969981e+00 7.096836228823296677e-01 2.903163771176703878e-01
2.975975975975975629e+00 7.096941428784745431e-01 2.903058571215254569e-01
2.981981981981982166e+00 7.097122776226566510e-01 2.902877223773433490e-01
2.987987987987987815e+00 7.097079174761281584e-01 2.902920825238718416e-01
2.993993993993994351e+00 7.097065891291074458e-01 2.902934108708926098e-01
3.000000000000000000e+00 7.096648006522775498e-01 2.903351993477225612e-01
