# X Y attrib
1.037873030795353202e-01 9.840865583438763720e-01 1.856550741884331851e-04
2.681775622888884492e+00 -7.938921789253279571e-02 1.640939775473469189e-04
1.592758556381441259e+00 -4.254878002011198146e-01 1.721269327783915668e-04
-1.673727820430084501e+00 -4.326353075223305367e-01 1.806611795729883257e-04
-1.997164781399662470e+00 -3.689195397755219430e-01 1.692582340813662811e-04
-6.453452012098157553e-01 4.764387456160913970e-01 2.274712213576980451e-04
7.083140835168553195e-01 3.901756090004526722e-01 1.813975437927559944e-04
-5.284194308475242963e-01 6.293445408105698968e-01 2.004635888345775413e-04
-2.985210712794683197e+00 -2.503087797356613221e-03 1.441164558546139177e-04
2.304193094232628525e+00 -2.354837536031496870e-01 1.644355405134552764e-04
2.309685230258841315e+00 -2.329426004026884378e-01 1.648898026731650626e-04
-1.197541863801114381e+00 -2.133443030913090288e-01 1.979646656143157167e-04
5.374911912882875953e-01 6.179784772289691475e-01 2.218892278836818847e-04
2.070562932757866292e+00 -3.402879574637224236e-01 1.616667509620997221e-04
-2.609547365656839091e+00 -1.048945639586097434e-01 1.678078062312597467e-04
-1.231533211695806429e+00 -2.434701242911087304e-01 1.899689270817523441e-04
-1.272393354196521553e+00 -2.768241613253839550e-01 1.808587404531748440e-04
7.570982277614763944e-01 3.226468120444503374e-01 1.955528131554849639e-04
2.652997397132997648e+00 -8.923732395926493866e-02 1.292128165711850410e-04
-2.150995453648861577e+00 -3.057183503972427108e-01 1.597877112880399623e-04
-4.704208430030414334e-01 6.994019988389816866e-01 1.734679685728753712e-04
1.307111029356229359e+00 -3.026464967211400237e-01 1.392986617606834085e-04
5.783050362576531711e-01 5.656791855224910792e-01 1.624915385091378487e-04
-2.221462213768920613e+00 -2.737630465016494541e-01 1.438346683083181559e-04
-2.534795449636936926e+00 -1.339043373559770655e-01 1.405909164770068141e-04
1.987231534142508416e+00 -3.725166884903846620e-01 1.508188286054632334e-04
-2.136863113187850161e-01 9.334767622219194427e-01 1.751163722796013605e-04
-2.027925125983506049e+00 -3.573346850872893277e-01 1.808327187830374499e-04
5.309149310540552946e-01 6.262280144277048155e-01 1.914335915757934463e-04
1.641679014454405561e+00 -4.311397679306096520e-01 1.685043861778247830e-04
9.350727480414198212e-01 8.182032712845134503e-02 1.736860013475027473e-04
3.462405568705380077e-01 8.304451134334709383e-01 1.852726262935146869e-04
-1.930516400579139979e+00 -3.915306309577964994e-01 2.003566435503992813e-04
-1.556498812691921252e+00 -4.185554778783801555e-01 1.407390414814985971e-04
3.632779421315568413e-02 9.980429806751922595e-01 1.607536631964575193e-04
-6.195258070210258872e-01 5.112160469573587829e-01 1.973593833399841103e-04
-1.016688873423512440e-01 9.847268935971645876e-01 1.874192764976910920e-04
2.734439046529114847e+00 -6.248749845364454797e-02 1.730109985307120256e-04
3.455593186509098302e-02 9.982291405742856893e-01 1.413322794314254350e-04
1.924208910977489140e+00 -3.934707604941685699e-01 1.628165164753304201e-04
1.966295556449886739e+00 -3.798489216521909739e-01 1.764082252899141069e-04
-1.608999914387673424e+00 -4.278271478951555240e-01 1.377722040239688704e-04
-2.525667081570417416e+00 -1.376128531422781687e-01 1.249488977513079420e-04
-2.114981647764879291e+00 -3.215228123870008670e-01 1.363652848523755736e-04
-1.612492168136834936e+00 -4.282694113610938658e-01 1.728716118173894540e-04
2.507674834223578841e+00 -1.450199470583146688e-01 1.555760507118054850e-04
2.498446332395037217e+00 -1.488676593152606642e-01 1.579371274840861970e-04
-1.591214694532217644e+00 -4.252410452858710332e-01 1.348073258687684914e-04
6.959206118370144800e-01 4.072703851108527839e-01 2.403327239723479210e-04
2.709526560007585516e+00 -7.029984051240238674e-02 1.893429787862063317e-04
-1.469215081665984801e+00 -3.918029416691478639e-01 1.244545607590463732e-04
-1.563774011030168110e+00 -4.201384445771639831e-01 1.292887905640701263e-04
-1.807912183832226516e+00 -4.217403982818475061e-01 1.746166903684776050e-04
1.127678261526165571e+00 -1.449615920829060711e-01 2.451051344457168941e-04
-2.391779834778229308e+00 -1.953752202767732038e-01 1.581331982694066151e-04
7.370878233159841031e-01 3.503697918179086712e-01 1.971050214914561206e-04
-2.499144378841291925e+00 -1.485754981299935995e-01 1.629318407206795181e-04
-2.680397432106374822e+00 -7.985112193240104239e-02 1.607383648901833406e-04
-9.271291321248269490e-01 9.212946980261571550e-02 2.113031651950761033e-04
2.432851351306456245e+00 -1.770707500505190879e-01 1.663124941754313458e-04
1.791601244104238155e+00 -4.244234522622094552e-01 1.790046416184836538e-04
-2.239649942280557582e+00 -2.653776185560355327e-01 1.544079003088144662e-04
2.063836873858511112e-01 9.378697727272391482e-01 1.671493599394696769e-04
4.382518245101163501e-02 9.971525234486726674e-01 1.937498854824011661e-04
2.120864206683314990e-02 9.993327418885551428e-01 1.622754457985064005e-04
-2.240359345892076970e+00 -2.650498841398550298e-01 1.991704766523296453e-04
1.747743546338084819e+00 -4.298577302544616119e-01 1.539600772283362712e-04
5.763075247391977740e-01 5.682796454381302542e-01 2.018592147710289030e-04
1.546616236195020200e+00 -4.162486897345209491e-01 1.677785715649367834e-04
-2.438154486712091895e-01 9.138706179695990084e-01 1.154426433477759691e-04
-2.553244770812979958e+00 -1.265148305937804640e-01 1.567743063971942783e-04
6.149270607989922865e-01 5.173615916439583406e-01 1.988923973146826385e-04
-3.864049829017810467e-01 7.912889468730226472e-01 1.924482283294179927e-04
-2.961430202799937739e+00 -6.759325926932324355e-03 1.397689087624666936e-04
-2.720220729829840867e+00 -6.690567286336925046e-02 1.939257698898845755e-04
-4.875455999645206262e-01 6.792179131786310053e-01 1.887215631346770845e-04
2.269595131255627507e+00 -2.515160653019190562e-01 1.553583917456827397e-04
-4.018938401490101953e-01 7.753171277784934867e-01 1.680307344570770812e-04
8.607612610182311386e-01 1.802887465923972143e-01 1.914608373390550673e-04
-1.558908590721527654e+00 -4.190905916771137107e-01 1.614434723697609475e-04
-1.225759181365039474e+00 -2.385030700845505447e-01 1.521183371817466309e-04
-2.969850457645557107e+00 -5.219364635108361510e-03 2.136782544329196619e-04
-2.226638708539153022e+00 -2.713801303335484083e-01 1.574675147481408423e-04
8.849699291092827380e-01 1.477521192522794902e-01 1.514247420092003588e-04
-2.127828273034841899e+00 -3.159380993148895866e-01 2.033886721257658085e-04
1.148335562765070428e+00 -1.660561698587878776e-01 1.655565994225764606e-04
6.333911686237927441e-01 4.925949600444901599e-01 1.415471058548065607e-04
2.781268680374604507e+00 -4.870638606171993901e-02 1.556187811008023921e-04
2.057127306292457547e+00 -3.457722971268875622e-01 1.548535804821404534e-04
1.098866703504999265e-01 9.821704903420797050e-01 1.959036564146671806e-04
6.208512432949668813e-01 5.094418789183842167e-01 2.055034344812382060e-04
-2.487025423734992025e+00 -1.536732215994378870e-01 1.723840696881816660e-04
2.727326588095579041e+00 -6.468408526099678202e-02 1.698618144827762730e-04
2.370605729340313772e+00 -2.049630306258176382e-01 1.698851498738960261e-04
-1.307901707707033623e+00 -3.032072737843181098e-01 1.674587066728796321e-04
8.363392722855822470e-01 2.134650722584943705e-01 2.272241429345855457e-04
7.633949985435348751e-01 3.139247260900837611e-01 1.825435633429627091e-04
-1.189121016507842965e+00 -2.055554062579531827e-01 2.125481114134112237e-04
-6.123322063575167284e-01 5.208221415842078095e-01 1.643586077998854006e-04
2.098707170513268494e+00 -3.285022823573803818e-01 1.798032092721667068e-04
-1.287717984387545256e+00 -2.885105536670203308e-01 1.526178894939620129e-04
-9.668503356451099151e-01 4.120103834066243115e-02 1.995762265007523459e-04
-9.664817202966879961e-02 9.861926156030592638e-01 1.895280093437294632e-04
-1.027275900359159166e+00 -3.289946304921531617e-02 1.917129438590628714e-04
-2.418690214296039365e+00 -1.833333458921192760e-01 1.693486006715377292e-04
-2.859720416474434757e+00 -2.829299950782497228e-02 1.648860410962098429e-04
-1.859768091680370494e+00 -4.110075002479551820e-01 1.521238153495482607e-04
2.774055867444204182e+00 -5.075150865421030472e-02 2.293727936886156833e-04
1.565736875023558738e+00 -4.205488850247544597e-01 1.749634292849623532e-04
1.283426752290677264e-01 9.757211464291432046e-01 1.632265877750041906e-04
-2.265916621595320812e+00 -2.532209241088528850e-01 1.520957923723251562e-04
2.991520086562400316e+00 -1.421844921177207880e-03 1.950712190147064118e-04
3.887126949495183226e-01 7.889390426054870842e-01 1.817531505761561372e-04
-1.210602575354302379e+00 -2.251708075166300449e-01 1.626363782408910474e-04
-1.888842495099965380e+00 -4.036314067957503249e-01 1.541579672768019307e-04
-2.068711521575752776e+00 -3.410494419097507834e-01 1.510996193747286408e-04
6.067137019411141807e-01 5.282970004721341262e-01 2.033250702853286866e-04
1.428240145809033912e+00 -3.741706769052821624e-01 1.807666714239286999e-04
1.766275838183375413e+00 -4.278867920476925324e-01 1.737907501576566971e-04
2.563560102891432990e+00 -1.224467785965459854e-01 1.396036656549127261e-04
-2.514826677959733026e+00 -1.420604484221716368e-01 1.626999229855146864e-04
-2.300893069930833867e+00 -2.370114617689265679e-01 1.607173507341742608e-04
-2.317192582614408192e+00 -2.294723322255490527e-01 1.761432188179844812e-04
-1.272402293331216683e+00 -2.768311102014641700e-01 1.803969343326215107e-04
3.084144252360330185e-01 8.641330792890775658e-01 1.789382066222542863e-04
1.131929747216831039e+00 -1.493612767913581885e-01 1.883003920389305036e-04
-2.106911850643825801e+00 -3.249975786374885711e-01 2.118843596513525561e-04
-2.282084865364384374e+00 -2.457263167164226714e-01 1.680564171144321105e-04
-2.156079124980339934e+00 -3.034528327428143157e-01 1.084649324722142949e-04
2.067704902250717680e+00 -3.414627068794485742e-01 1.913000635859340320e-04
-7.707973372202050477e-01 3.036754007212130735e-01 2.165441006854492551e-04
6.680020771917862810e-01 4.455944942741342230e-01 1.422101667531936191e-04
2.464246964619355218e+00 -1.633952200956025336e-01 1.708143971648739678e-04
-1.901704068342094267e+00 -4.000813477022246434e-01 1.603827698774151658e-04
-2.699285822019701353e+00 -7.360691300814785343e-02 1.701890647606974351e-04
-1.418673681839683898e+00 -3.695783960746687469e-01 1.690323294430832231e-04
-7.181558228615871897e-01 3.765749850072902527e-01 2.123397578467181611e-04
2.153312414427630550e-01 9.324676864832602829e-01 1.706397138333477282e-04
-1.764403955222568321e+00 -4.281078629105337097e-01 1.870058695459187110e-04
1.546289683210717136e+00 -4.161693743568856685e-01 1.961841005612058374e-04
7.034489625415902836e-01 3.968910368842805680e-01 1.657286637563400622e-04
1.673472493422789142e+00 -4.326300681614598242e-01 1.472922526336802095e-04
-1.524094747702648966e+00 -4.103111560161106230e-01 1.432469882414210457e-04
8.433810710906977093e-01 2.038669694471658966e-01 2.135789874026686555e-04
-5.993558401382932388e-01 5.380470509373296295e-01 1.565551875749185504e-04
2.776328817313094888e+00 -5.010398153251336556e-02 1.700183064756740465e-04
1.582007960993714768e+00 -4.236808511247536213e-01 2.188389221380713135e-04
-1.018382081107575221e+00 -2.227677301299927845e-02 1.741760709600407209e-04
6.305220367258987935e-01 4.964590617462662503e-01 1.933111356776793708e-04
-1.695035078332439271e+00 -4.327038884476853697e-01 1.784932096561985166e-04
7.688136320283200931e-02 9.912509296010497684e-01 2.156289961205530841e-04
2.637233145862898809e+00 -9.481020128016960646e-02 1.631930132609824078e-04
4.592921746528189075e-01 7.122743016335711941e-01 1.967656852758937873e-04
2.719446500251059717e+00 -6.714935798996800320e-02 1.686028369517423501e-04
-1.158796376522461813e-01 9.801834198162217016e-01 1.376701686862733659e-04
-4.051019851914094971e-02 9.975667317635134035e-01 1.770467766798329004e-04
1.967203296191165407e+00 -3.795382915728252038e-01 2.010605025399465353e-04
-1.342305316420286054e+00 -3.264188507769114067e-01 1.812208389272108790e-04
1.857398142169740751e+00 -4.115674868082591087e-01 1.823704643236898526e-04
2.608753335381716276e+00 -1.051892608427923148e-01 1.757023684531682504e-04
-9.452089286840736904e-01 6.875298273140727223e-02 2.053583714232050936e-04
-1.124190722682465893e+00 -1.413302460626316703e-01 1.768329229356110238e-04
6.017826382048552247e-01 5.348362416390484153e-01 1.854329958531496139e-04
1.167248142853180681e+00 -1.847335770990198023e-01 1.662098683385366345e-04
-2.728973023358945760e+00 -6.417319402991278343e-02 1.273790208531899173e-04
7.604140557616236862e-01 3.180535219933736113e-01 2.140622025718941798e-04
-2.514203683096432940e+00 -1.423174602016465118e-01 1.855431671092177214e-04
-1.117793815490938591e+00 -1.346178701289976465e-01 1.688266038919038084e-04
-5.152579874615756950e-01 6.456502637279657453e-01 1.521870186167452151e-04
-6.312488364822321785e-01 4.954807386067777153e-01 2.093442259678852252e-04
1.338243173395348151e+00 -3.237995607203481008e-01 1.744057844049994857e-04
6.974843788357842911e-02 9.927960554944484928e-01 1.944975245964382479e-04
-9.381262293737906433e-01 7.787336676424992665e-02 1.468741809382523539e-04
-1.865503198440450205e-01 9.490790495895264911e-01 1.854367055126995899e-04
2.804326058167969649e-01 8.869274304165186695e-01 1.474494083705302531e-04
2.009248345806923908e+00 -3.644465952904418216e-01 1.607192553048202304e-04
-9.114485972276833436e-01 1.126464965528272966e-01 2.253733895518943077e-04
1.699116380830663076e+00 -4.326349076353983580e-01 1.304171148915734364e-04
9.060685506923045196e-01 1.197345137047195751e-01 1.970030038313788016e-04
2.238154557322348914e+00 -2.660683230278375611e-01 1.497872623910681501e-04
-5.360942223435687382e-01 6.197352957285668928e-01 2.073468398825188555e-04
-1.895044069490204208e+00 -4.019409250648847132e-01 1.384724229053788732e-04
-2.440930122949541037e+00 -1.735232166838298618e-01 1.709930533984429287e-04
3.441548943547245720e-01 8.323854490250131022e-01 1.726781705680043304e-04
-1.225667115830496812e+00 -2.384233689503008347e-01 1.722295516860625902e-04
-6.359304051306997607e-01 4.891706372439958428e-01 1.913001275553328747e-04
2.398870472163110001e+00 -1.921856264039099316e-01 1.552763466434890955e-04
-1.253366297954056519e+00 -2.616865659339651096e-01 1.514536780314099768e-04
2.884271082444083589e+00 -2.259129193497242186e-02 1.504074233478637891e-04
1.874660973693860200e+00 -4.073444081524491001e-01 1.813382685765876098e-04
-1.516730207187366730e-01 9.661803917016940080e-01 1.745569674123386599e-04
-1.185077302516312159e+00 -2.017699346534714000e-01 2.144417132237698138e-04
-1.055258716838866073e+00 -6.562521758942935213e-02 2.130027153027673264e-04
2.318781481593104488e+00 -2.287384250932872343e-01 1.443945715689014752e-04
-2.981528172129637611e+00 -3.143420625960657942e-03 1.463848289542565287e-04
7.139804177904873761e-01 3.823474728945121526e-01 1.675714530048555092e-04
6.128028959516456098e-01 5.201948066549452188e-01 1.659686901098660701e-04
-1.867262204230113687e+00 -4.091950460004041279e-01 1.940075426665823259e-04
1.638513971506147193e+00 -4.308990170718167145e-01 1.777773614356630309e-04
5.418239679091758632e-01 6.125147543326456834e-01 2.228907569538578594e-04
1.116217145667107502e+00 -1.329532330351521352e-01 2.241425609239868747e-04
-1.448222912077237190e+00 -3.831811399278414187e-01 1.464816333532184859e-04
-1.672898501274589167e+00 -4.326179037673377192e-01 1.258050117355439797e-04
-2.309396681892159187e+00 -2.330760617956090797e-01 1.665155821516651992e-04
-2.405664380627469789e+00 -1.891403681751466226e-01 1.799399044210040714e-04
-1.536792225640655651e+00 -4.137756045999077537e-01 1.809610492710119303e-04
1.476255576466705577e+00 -3.945020584997696034e-01 1.711128331703053824e-04
5.662951963829367941e-01 5.812541335607592785e-01 2.028598522590025236e-04
2.206187639464309846e-01 9.291756610143000472e-01 1.625549684383932288e-04
-7.465293646137860506e-01 3.372897861248934648e-01 1.750877060605686127e-04
-1.589937132080293969e+00 -4.250336315400766174e-01 1.575275553488976715e-04
5.448883258477881242e-01 6.086371576517539683e-01 1.768979495674818253e-04
2.049821063507410557e+00 -3.487126862484804524e-01 1.720635669349762013e-04
-1.362366576071400992e-01 9.726654854314679133e-01 1.601445541239817293e-04
-2.497547162174485802e+00 -1.492442661242228408e-01 1.735554418964559110e-04
2.599452326059709328e+00 -1.086635677389941185e-01 1.911883710146298121e-04
-2.247835510739206732e+00 -2.615935897892519568e-01 1.694272027393929712e-04
-7.055721236703478283e-01 3.939611007542036525e-01 1.451746257241530772e-04
-2.347834514706347520e+00 -2.153645991046219677e-01 1.710569215254219668e-04
-9.380976032958940891e-01 7.791032762159090519e-02 1.812349549795067211e-04
-1.716241551148054434e+00 -4.320637446950220117e-01 1.597386439294811963e-04
-2.480430148140948532e-01 9.109318849243357441e-01 2.049698004187310463e-04
-2.850628162314558178e+00 -3.048726058924722260e-02 1.682263454333109414e-04
-1.528673542503676375e+00 -4.115954475638522458e-01 1.717686309266105841e-04
-9.757392446389769880e-01 3.002961071529110237e-02 1.786674683405683963e-04
-2.870642225814927784e+00 -2.571635504553680673e-02 1.800127432045472856e-04
-1.365533412552921932e+00 -3.407695344369180424e-01 2.022655414918513874e-04
2.768934843767193676e+00 -5.222069923677728071e-02 1.550110372706601201e-04
1.275154525401684502e+00 -2.789632607976155754e-01 1.480813010877660141e-04
6.795775331108773187e-01 4.297409911643249036e-01 1.761880090906487535e-04
-2.744436815864110812e+00 -5.944577443819946960e-02 1.800967743752027194e-04
2.872709344557990541e+00 -2.523593511877368287e-02 1.621361567379609966e-04
2.870047985443768823e-01 8.817415775435417657e-01 1.816570789810712210e-04
7.191011061535590443e-02 9.923435381313937542e-01 1.787310711014081070e-04
1.866083155931901771e+00 -4.094843683286600866e-01 1.955026186119682228e-04
1.296885844723385084e+00 -2.952844460966386753e-01 1.858978258075257679e-04
1.985310959684698062e+00 -3.732036169754206489e-01 1.429996845076834629e-04
-2.118239587686135739e+00 -3.201125274755626804e-01 1.598345895117861491e-04
2.082681901023109461e+00 -3.352600646483491764e-01 1.373175657074527788e-04
-9.456262532478536542e-01 6.821713530076629894e-02 1.521771851312102243e-04
-2.130841023920800659e+00 -3.146194606729920684e-01 1.511645671345404390e-04
-1.898109772908413317e+00 -4.010905598125649174e-01 1.724813466258819322e-04
-2.018957638862257653e+00 -3.607785533046082849e-01 1.519358456809619053e-04
-4.474058120458299648e-01 7.258007066293717946e-01 1.953571829552608113e-04
6.335310359273322867e-01 4.924064495057018931e-01 1.952246575522333658e-04
-2.435274122594533797e+00 -1.760048885026977705e-01 1.962747728105189459e-04
-2.839268771130880609e+00 -3.329168982901276053e-02 1.555442938311630142e-04
-2.467707272544531705e+00 -1.619069756874674526e-01 1.991882673393086404e-04
-1.369990293173255935e+00 -3.434008556737920825e-01 1.614019766959071296e-04
-9.465119503267276357e-01 6.708046985299548348e-02 1.704133131547705166e-04
1.660352289656449543e+00 -4.322177302597844939e-01 1.969742237443106647e-04
1.461764181042594757e+00 -3.888413499205188306e-01 1.471966812110929511e-04
-2.340135121862001455e+00 -2.188991645887518878e-01 1.776491479790876351e-04
8.873091183652066505e-01 1.446293163847042207e-01 2.247394441151829474e-04
-6.691868711612460885e-01 4.439744990328449714e-01 1.982794682166288426e-04
-1.108629824867512159e+00 -1.248866129063905539e-01 1.880694781674765797e-04
-4.986943986650409499e-01 6.658432593280861900e-01 1.466851565455795008e-04
-3.494572592407667599e-01 8.274340877662216265e-01 1.810231545888205769e-04
7.005727237319878675e-01 4.008583581163318033e-01 2.420652725301051936e-04
2.977374423600806175e+00 -3.873906889619872437e-03 1.833974892952498173e-04
9.130983890819837079e-01 1.104777989687370093e-01 1.966611395612114031e-04
8.130688219535664452e-01 2.453391716716798732e-01 1.837704755899150356e-04
-8.665297960478284267e-01 1.725014937822371974e-01 1.296749797757076200e-04
2.129782736557458200e+00 -3.150830310333188056e-01 1.696485300135455298e-04
-2.020225493646621295e+00 -3.602948637428078360e-01 1.674084210307357141e-04
1.546991151144727183e+00 -4.163395071069294628e-01 1.742117531636682489e-04
-2.703197689735366449e+00 -7.233710379727840978e-02 1.552113407524534502e-04
1.277977729151844599e+00 -2.811352372478873596e-01 1.371028693271354813e-04
-8.342508680208302607e-01 2.163161739676709716e-01 1.278707965524920778e-04
-1.364381738099452512e+00 -3.400831887050622115e-01 1.797441975736423887e-04
-2.706202796340937411e+00 -7.136711836407504117e-02 1.677452338929669119e-04
-2.480900769672794048e+00 -1.562696357752665910e-01 1.880382838790474844e-04
2.971037027458917734e+00 -5.005266546069930995e-03 1.630807497648200711e-04
7.841363190655181725e-01 2.852243559945460971e-01 1.895199635349798027e-04
1.765975684070336449e+00 -4.279225694095207810e-01 1.759938127432890854e-04
-2.901306105831959581e+00 -1.882531825760990624e-02 1.276249514666466371e-04
-6.285826623544341629e-01 4.990678464156594329e-01 1.934829336789446806e-04
2.064376194748565929e+00 -3.428254600440344690e-01 1.740860994438197965e-04
-1.209081213446334679e+00 -2.238092177195240284e-01 1.574067884935372442e-04
-1.835714283146134829e+00 -4.163890127930834351e-01 1.661103594885607120e-04
2.226911256876952017e+00 -2.712545781042975945e-01 1.364057644718201360e-04
2.366879196807380126e+00 -2.066593569916779782e-01 2.270063963247336393e-04
2.874507724146121213e+00 -2.481984682762687286e-02 1.530547110797375338e-04
-3.126976294098500198e-01 8.604812601033187125e-01 1.525804597597252516e-04
-1.635942842793717045e+00 -4.306909324483860213e-01 1.676371463262963160e-04
1.826805403119648119e+00 -4.182078408418704596e-01 1.908019916095439797e-04
-9.039543446754283451e-01 1.225264076734305374e-01 1.791319525193229548e-04
-1.682908864146394734e+00 -4.327537872968356125e-01 1.329765141538045829e-04
1.847160772833258413e+00 -4.139123919828376352e-01 1.526364294117781831e-04
-1.378980058222278871e-01 9.719998529445911251e-01 1.532438054334397612e-04
-2.689968981306193996e+00 -7.666360259786395015e-02 1.354853873237159550e-04
-7.262242753145651264e-01 3.654121904911785124e-01 1.745756923268313094e-04
1.066242245975358216e+00 -7.816936593383785881e-02 2.021083097704955741e-04
-1.209689423852748691e+00 -2.243540628519364588e-01 1.915284104878279192e-04
-2.909180346682741281e+00 -1.713685825088797146e-02 1.711467122710140921e-04
5.975939975511526114e-01 5.403749404147606406e-01 2.046465890981594734e-04
1.917509425807854662e+00 -3.954902467039961844e-01 1.782032857204418955e-04
-1.737674831401075481e+00 -4.307221249005407926e-01 1.642791484314253035e-04
8.026545118420091995e-01 2.596690342337465429e-01 1.972972124910397701e-04
2.805984982516933179e+00 -4.191327286417875081e-02 2.193126222017093886e-04
-2.473517636161391309e+00 -1.594169918524761531e-01 1.715875560693579137e-04
1.099305211022150175e+00 -1.148473760222196438e-01 1.645220550817208223e-04
4.102277504980440526e-01 7.665324748556499035e-01 1.648438069377420971e-04
-1.984354962482745011e+00 -3.735444940816077253e-01 1.915102788919287443e-04
-2.197867920878060488e-01 9.296985340185915936e-01 2.185260242207352007e-04
-2.925471823650696468e+00 -1.374779431011994950e-02 1.614136154002402421e-04
-2.860981536874371400e+00 -2.799218585099000345e-02 1.731736644345290336e-04
-2.885989530898112498e+00 -2.220434503203157564e-02 1.828603805169989806e-04
-5.882529557635294282e-01 5.526716035076880695e-01 2.117426174526039451e-04
-1.424684679090372663e+00 -3.724850180188462589e-01 1.877417828348892557e-04
1.136365440250561853e-01 9.809392549086155544e-01 1.629145319734056263e-04
-1.332487531074164622e-01 9.738429056230177849e-01 1.814410985028128533e-04
-1.246623751656350310e+00 -2.561568654677549017e-01 1.154544852608960779e-04
-1.542379541280505251e-01 9.650378436145096162e-01 1.752504621673195830e-04
-3.754728664620463618e-01 8.022763119575907487e-01 1.986259578306676348e-04
-2.901751048687639667e+00 -1.872903064154231301e-02 1.789080065270188093e-04
1.233370300765546546e+00 -2.450374205675219519e-01 1.549270903735794856e-04
-1.365362389123145226e+00 -3.406677784541407017e-01 1.929848703760204368e-04
-2.061847331850978904e-01 9.379874687170135505e-01 1.592808196863807347e-04
1.346882429582009877e+00 -3.293311309283906696e-01 1.821982652875005508e-04
-2.503009014453203562e+00 -1.469612868378291914e-01 1.970288424176189234e-04
2.094761848927875647e+00 -3.301770185012198322e-01 1.917339361631349975e-04
1.323895151498008183e+00 -3.142873750076808914e-01 1.988029224537639394e-04
2.942889204627717525e+00 -1.027881509564750571e-02 1.666493068725631100e-04
-3.249325949049248763e-01 8.498178802020415201e-01 1.767966356871368062e-04
-1.480786955597788390e+00 -3.961883352306239670e-01 1.720367681312973693e-04
-2.034477287070457052e+00 -3.547855861737638783e-01 1.786728688753090491e-04
2.224363505149673514e+00 -2.724278857690916600e-01 1.375692280378646435e-04
1.126438429603631164e+00 -1.436729255028413588e-01 1.750722972592085882e-04
-7.187822385114897017e-01 3.757086967401820354e-01 1.521158467415564851e-04
2.281442087907843863e+00 -2.460242854690072034e-01 1.476938791892258812e-04
-1.479864169410456842e+00 -3.958481642661619837e-01 1.728807861587100016e-04
7.627564921500158412e-01 3.148090433354956419e-01 1.796408487795490404e-04
-2.562353321714572196e+00 -1.229202937684888836e-01 1.871038756021361940e-04
2.716736850055685437e-01 8.936753939648492961e-01 1.725593468497561367e-04
2.229654647229784459e+00 -2.699903376609198991e-01 1.759665650232918282e-04
-2.819628353939347853e+00 -3.830617415578210089e-02 1.524448016744712521e-04
-2.467047528515648569e+00 -1.621904191792710725e-01 1.451274150417710741e-04
-1.111774193590187032e+00 -1.282408228866994682e-01 1.512667946846808515e-04
-2.956632092261167521e+00 -7.653097975871849673e-03 1.601536238350266691e-04
2.246176382742214095e+00 -2.623609750674400498e-01 1.436646923716949692e-04
8.272544993957797743e-01 2.258819996370589056e-01 1.985365349396285074e-04
-1.902067546830468636e+00 -3.999785598125925601e-01 1.682989282659607007e-04
1.061280086362322628e+00 -7.252374482817423862e-02 1.435688673077115487e-04
2.641893244580936440e+00 -9.314984349124624807e-02 1.632438897792857417e-04
-2.530553976870250743e+00 -1.356232618784885546e-01 1.660928792092548065e-04
-2.503509236147534178e+00 -1.467527608622637703e-01 1.665120521347842903e-04
1.093352799155472788e+00 -1.083673784665987044e-01 1.639429077070107214e-04
-5.445151422408134323e-02 9.956060890789298901e-01 1.460089392883306156e-04
-2.869159265289301874e+00 -2.606243049635697043e-02 1.496503182570468882e-04
-2.577253239167429655e-01 9.040305047938712590e-01 1.833568760321874897e-04
-8.045924969735991361e-01 2.569998191205628557e-01 1.892119624346084376e-04
-4.251534317495009319e-01 7.504765957368406681e-01 2.353705055783670316e-04
-1.311181868276983131e+00 -3.055206163352052751e-01 1.557789609184921545e-04
-6.192047916192850998e-01 5.116455491342054573e-01 1.675764535763845774e-04
-1.921967704888762229e+00 -3.941511154239836778e-01 1.450996579316587672e-04
-2.449504128316753793e+00 -1.697793355608106791e-01 1.954087010674398020e-04
2.598723721720595847e+00 -1.089374589360354306e-01 1.617763791439556559e-04
-2.722248199283558989e-01 8.932563371783496242e-01 1.687239724302893587e-04
-1.192324672933576801e+00 -2.085336776204241571e-01 1.801872603286074136e-04
-1.632955357810887298e+00 -4.304350158919607594e-01 1.462118231143415650e-04
1.372722165216361034e+00 -3.449942697539557512e-01 2.036674683806360747e-04
-1.380157982869638866e+00 -3.492563713604925346e-01 1.632506386233566274e-04
-4.646606869799692063e-01 7.060893200007840598e-01 1.678905440854800324e-04
1.830593841620096640e+00 -4.174461809123496958e-01 1.678804395755160138e-04
2.146165350998449739e+00 -3.078635960546552974e-01 1.685416077118040000e-04
2.598633588690206331e+00 -1.089713583874876435e-01 1.927860853216858538e-04
-1.366114838012988386e-02 9.997231221195853612e-01 2.081982991539471260e-04
1.294002292525548548e+00 -2.931714736474181349e-01 2.057728170352102204e-04
-2.414627271248976914e+00 -1.851400295964235609e-01 1.332675199064872838e-04
-1.150604970372035796e+00 -1.683297868042367418e-01 1.770146635957122036e-04
-2.602640366830593965e+00 -1.074680871969539014e-01 2.105955760221002427e-04
-9.221984254874131537e-01 9.855762656389235876e-02 2.194112545460696916e-04
-1.022472839155159408e+00 -2.717560692416203308e-02 2.088607823768206672e-04
4.178933582653652223e-01 7.583374568778403768e-01 2.277925513004403477e-04
1.617707637432200585e+00 -4.288902258391231737e-01 1.573919689684190630e-04
6.565600715108885765e-01 4.612048465206887160e-01 2.389496630257113656e-04
2.559409281168427697e-01 9.053201743945802349e-01 2.073702604929286480e-04
-2.012519263061146368e+00 -3.632180926967424894e-01 1.485413935963258059e-04
-1.853326813346642732e+00 -4.125145181965675922e-01 1.636582478441430061e-04
1.347725489373956975e+00 -3.298630275499777609e-01 2.325481465565135174e-04
-1.542903270376241753e+00 -4.153351585800897916e-01 1.936435533061212869e-04
1.616924514767622334e+00 -4.288000320921869779e-01 1.947525328258826939e-04
9.597808823244369236e-01 5.014731762029030204e-02 2.026392523471663384e-04
-1.113901974084067437e+00 -1.305016143486821267e-01 2.075246386412421854e-04
1.448370694624392385e+00 -3.832448518656406677e-01 1.554298519934448487e-04
2.268004826188345646e-01 9.252337188218990871e-01 1.705028384667790005e-04
-1.326447370298729389e+00 -3.160090489048080764e-01 1.679844627760932266e-04
1.496911886088487798e-01 9.670505590733500245e-01 1.832274702794531827e-04
2.620323254912300115e+00 -1.009251489294180071e-01 1.345803637115414641e-04
1.838278111919088076e+00 -4.158478225240428428e-01 1.541130441530419741e-04
-2.710890307306998981e+00 -6.986362755760394672e-02 1.653291481415356077e-04
-2.195631429280793245e+00 -2.855958777862005471e-01 1.624447775327098260e-04
-1.914861740874252094e+00 -3.962764668713317784e-01 1.497150457564159348e-04
-2.020113549059123326e+00 -3.603376139869896022e-01 2.071295818066495311e-04
2.069224263458177226e+00 -3.408387315698411801e-01 1.613369608064208762e-04
-1.659879833255657244e+00 -4.321976121591216136e-01 1.699228993511851620e-04
-3.819138114278839424e-01 7.958318729026090388e-01 1.832617906124683351e-04
-1.731868756414499666e+00 -4.311531418503332103e-01 1.565755718054738987e-04
-2.513147821902275147e-01 9.086263472331405078e-01 1.346141011232493911e-04
2.754191265022337909e+00 -5.653002264133101529e-02 1.873293371761671898e-04
1.770066729678485551e+00 -4.274241562623486979e-01 1.438341290208203596e-04
-2.948758182181500764e+00 -9.145527253693082684e-03 1.802765514116658056e-04
2.604502334847177636e+00 -1.067720922408930823e-01 1.421917976380657667e-04
-2.063091210308505730e+00 -3.433499322781101704e-01 1.631955193768649601e-04
-1.727247696252833586e+00 -4.314605188144278736e-01 1.605180558130071941e-04
2.275655213128421117e+00 -2.487069439230107371e-01 1.767296105228253914e-04
1.196042652907888026e+00 -2.119669499515723088e-01 2.084467538701024276e-04
-8.540670645180847842e-01 1.893503578447722768e-01 1.830394239546385331e-04
2.794065584260122748e+00 -4.514766659764316709e-02 1.524846915815773372e-04
-1.049193088771486204e+00 -5.862369378196307518e-02 1.607514228528391894e-04
1.138361418980304407e+00 -1.559601032344276605e-01 1.625934243126387832e-04
2.338316634482636047e+00 -2.197351032458215725e-01 1.880439965076996154e-04
-8.055547603761752384e-01 2.556749011363414481e-01 2.029792293769964236e-04
-2.105574416268491955e+00 -3.255708508097176490e-01 1.912880708210702697e-04
-5.652205441112405637e-01 5.826406249519447966e-01 1.828770034803240113e-04
5.729410901832050484e-01 5.726533317428567083e-01 1.897522732757343257e-04
-1.452787064170694808e+00 -3.851290655966778109e-01 1.568720830546546641e-04
-2.727655471152059086e+00 -6.458191636707349970e-02 1.240361310088186782e-04
-4.424109836171616905e-01 7.314141507667258901e-01 1.921126728770316064e-04
-2.993538569353838774e+00 -1.080147925889500104e-03 1.813824068515565468e-04
-2.741867541364639393e+00 -6.022231369252082495e-02 1.470045604434654844e-04
-2.950507204255333527e+00 -8.811248100269727240e-03 1.752513849912682147e-04
-2.812822605469107895e+00 -4.009282083442838179e-02 1.751217037557059521e-04
-1.656355077920820262e+00 -4.320358713397695061e-01 1.596620532243045248e-04
-7.489399162770862262e-01 3.339499055655578696e-01 2.130408176025480626e-04
-8.532012553542909217e-01 1.905242312562943907e-01 2.200035675387504528e-04
2.636144432436775098e+00 -9.519965756672645052e-02 1.697942598576070519e-04
1.171586793113304381e+00 -1.889308395282463249e-01 1.810623375695703146e-04
7.024873966415157156e-03 9.999267825227723394e-01 1.510875809903804786e-04
-2.567706491583307660e+00 -1.208247248181811423e-01 1.403347734936317092e-04
8.841464656086248652e-01 1.488523718089412029e-01 1.876577477549991237e-04
-1.862934148235609211e+00 -4.102494813172381516e-01 1.554645448428357388e-04
7.927036844899637558e-02 9.907001331000365729e-01 1.832124208561165921e-04
-8.550348723027374476e-01 1.880386918267349938e-01 1.739692845218350752e-04
-8.663730157375884033e-01 1.727128697263976553e-01 1.560574220941440609e-04
2.968871942213329618e+00 -5.396462499076775873e-03 1.670596187606158522e-04
2.630986422817500170e+00 -9.705276346102280349e-02 1.763679016320551774e-04
-7.176430101942079531e-01 3.772841179960023106e-01 1.761141838670529864e-04
7.363135728214320608e-02 9.919734240540685200e-01 1.757321299395394384e-04
2.569581911865045143e+00 -1.200935722195134309e-01 1.322600743967951862e-04
-2.946643059095252593e+00 -9.551893485066579453e-03 1.947036158440827703e-04
4.601084606199439264e-01 7.113368683675511672e-01 1.939226150674803909e-04
-1.906538815829595057e+00 -3.987032537875582761e-01 1.696632044488435886e-04
-1.699101392709537750e+00 -4.326352086548908016e-01 1.500908185478356811e-04
-1.625928603676529471e+00 -4.297728852886278372e-01 1.120548460891975591e-04
1.790416833456538903e+00 -4.246047015433038196e-01 1.777544325570204681e-04
1.237669189699825978e+00 -2.486802939994800787e-01 2.099755670608197361e-04
-7.696406899769456800e-01 3.052765224786453957e-01 1.828644289522536300e-04
2.416477025461585271e-01 9.153597857607379540e-01 2.041765294184914729e-04
2.667530066784934206e+00 -8.421105420908274464e-02 1.851125029950046689e-04
-1.428019267361905875e+00 -3.740666845708526256e-01 1.625078894372338737e-04
1.544829579325902813e+00 -4.158123080584566478e-01 1.886480843860063481e-04
-1.435167860188900635e+00 -3.773834958536307904e-01 1.999280243492758380e-04
2.498631671712234770e+00 -1.487900694887205888e-01 1.193456974464734754e-04
2.032012660053679198e-01 9.397397136956534558e-01 1.880982363210980128e-04
-1.892257187555843601e+00 -4.027055455955068086e-01 1.676582794478302999e-04
-1.722888409509609975e+00 -4.317212606339253522e-01 2.098351286539250913e-04
-2.961450480319664624e+00 -6.755573812101594265e-03 1.910528333495650679e-04
9.169313791310131911e-01 1.054481807176408797e-01 1.968076364939188650e-04
2.159904226615155132e+00 -3.017432205197383976e-01 1.592214828621945906e-04
-2.447302945307955113e+00 -1.707383690751940741e-01 1.472798688025405409e-04
2.770692352127543501e+00 -5.171487447673991239e-02 1.544146510017109421e-04
-2.368878446441499364e+00 -2.057489849355120248e-01 1.741902037191139362e-04
-2.047761132887798041e+00 -3.495361516572381144e-01 1.789442935625185050e-04
2.138540929898541165e+00 -3.112347699684805402e-01 1.620180054931144467e-04
-1.590885304301950187e+00 -4.251878476903446225e-01 1.686273697350929891e-04
1.464298501463474622e+00 -3.898608470435958595e-01 1.484336742325387574e-04
1.543410235704367750e-02 9.996465991107873483e-01 1.699691879412301633e-04
2.561501167916396149e+00 -1.232550464468984280e-01 1.956775206832032899e-04
2.273181644145969571e-01 9.248990672587267259e-01 2.232694242998751891e-04
-1.946552955255657968e+00 -3.864335234168061461e-01 1.762740063835672587e-04
3.243738619911118448e-01 8.503122612111717604e-01 2.357956056304110165e-04
2.928505978803210397e+00 -1.313206374181298021e-02 1.741806936772016064e-04
-1.321344997305637925e-01 9.742754978854208936e-01 2.024079930785416975e-04
-2.007957159707232098e+00 -3.649294965097326648e-01 1.722506378978078850e-04
2.816178946774561709e+00 -3.920855684543055747e-02 1.601999386042297685e-04
1.241653242020311687e+00 -2.520254082493815218e-01 1.954383246839873594e-04
3.502820634040046954e-01 8.266584287503045969e-01 2.088277905207212284e-04
3.795929026610909141e-01 7.981636961708531430e-01 1.979547706856974929e-04
-6.093675674584293489e-01 5.247694237148289309e-01 1.914030619626613306e-04
-2.686540156773546961e+00 -7.779998215092179259e-02 1.674657113381830152e-04
-1.821734458382112232e+00 -4.191997612033317999e-01 1.769389989424495306e-04
-5.716586116350650393e-01 5.743165554903988390e-01 2.315274464970693599e-04
-2.317664254568767568e-01 9.219947458829741427e-01 1.870352016961510740e-04
-1.616864918040938681e+00 -4.287931245393090673e-01 1.274567948149182210e-04
1.097712411913239094e+00 -1.131188158584843229e-01 2.522951116352129377e-04
1.508130117128168024e+00 -4.055226029930102949e-01 1.721568109295018763e-04
8.121608957204751178e-01 2.465870394913733388e-01 1.843161698690200159e-04
-2.939649074125917139e+00 -1.091214694045102712e-02 1.565924981986973512e-04
-9.547788803139170000e-01 5.650929635031660264e-02 1.928453291626315601e-04
-3.751377601526595384e-01 8.026092994413001058e-01 1.896023256270118506e-04
2.228480030405034285e+00 -2.705317411376297332e-01 1.626483536611716019e-04
5.527941446572430806e-01 5.985832979645809848e-01 1.989318123500077742e-04
-1.489063379700491074e+00 -3.991656463157597923e-01 2.198209358906186577e-04
3.233585113639918518e-01 8.512088635768763067e-01 1.919574284624842747e-04
-1.349579479727745168e+00 -3.310277874166313583e-01 1.689154522214277628e-04
-1.863220568132160748e+00 -4.101803494250703119e-01 1.383928135268593345e-04
-1.849192279448417464e+00 -4.134567161330612306e-01 1.777362805055207552e-04
-8.580670343714005277e-01 1.839326696178736620e-01 2.202272036552346888e-04
-2.330267890560342892e+00 -2.234397387842420868e-01 1.602400735913237059e-04
-9.403510508813042179e-01 7.500318770860782414e-02 2.479534597282541386e-04
-2.376639746192908298e+00 -2.022217353881451685e-01 1.463982317695511457e-04
-4.176982621079203817e-01 7.585473726169417175e-01 1.758900350554148137e-04
2.182254554607012231e+00 -2.916763318390310777e-01 1.560383014071427060e-04
-1.058962975891814651e+00 -6.987526067279299646e-02 1.590065230259232190e-04
2.738684529545663437e+00 -6.118928071598884327e-02 1.747982144847137244e-04
-4.935663979761755193e-01 6.720173591318936435e-01 1.907619081732457654e-04
-3.904855844949182142e-01 7.871265949448296162e-01 1.939437029900903441e-04
-2.173227616236973692e+00 -2.957572428591235258e-01 1.840518372617481221e-04
9.895045134987574542e-01 1.290613677858095179e-02 2.215663540037995265e-04
2.665189736920831720e+00 -8.501320188092573171e-02 1.591598333526492018e-04
-9.578910354973428909e-01 5.254790641634982801e-02 1.629426223986688038e-04
8.263347301518839672e-01 2.271411393041010141e-01 1.670638648543016822e-04
-9.642371961233044964e-01 4.450166944527705892e-02 1.779177013500343209e-04
1.721429559965832468e-01 9.565509897442340259e-01 1.492339189687157661e-04
3.576635003497674603e-01 8.196520215657140396e-01 1.858636861784658870e-04
2.992228072535582761e+00 -1.301762160281148958e-03 2.122543485112293878e-04
2.841083290534522021e+00 -3.283901209263647564e-02 1.403630244853219030e-04
1.843031961977153799e+00 -4.148236081746351500e-01 1.534394817526078640e-04
-6.869274465062451540e-01 4.196468458943167779e-01 2.430644735058147467e-04
-1.631694555568073524e+00 -4.303224401424755041e-01 1.626484983823601126e-04
3.418937029196884581e-01 8.344783911703145263e-01 1.937618003567734542e-04
1.438847319373215861e+00 -3.790514410970072245e-01 1.915055676660787386e-04
-4.962029413078141715e-01 6.688476600610371303e-01 1.595118505374992475e-04
5.065041231021023549e-01 6.563691314517338116e-01 1.918825658069212166e-04
-2.032903404746377429e+00 -3.554003762673187961e-01 2.054392645107958851e-04
-2.868501708080994916e-02 9.987795680261318809e-01 2.020397857452378579e-04
1.560024755972513333e-01 9.642411407014805924e-01 1.730293703121387546e-04
-1.022336003443524488e+00 -2.701209391371608634e-02 1.772715816200613346e-04
-2.484408957060097123e+00 -1.547807897484058948e-01 2.172562867657377918e-04
2.551237139938971055e-01 9.059081404197916187e-01 1.873992387201922540e-04
2.682617457765026359e+00 -7.910756025318864404e-02 1.293924117976939911e-04
-2.440925837164416912e+00 -1.735250936025141133e-01 1.741692783261849673e-04
1.948738045571305477e+00 -3.857212173061795868e-01 1.719137438660857723e-04
-1.709373040093131957e+00 -4.323470686311565170e-01 1.500270374602841205e-04
2.670932332677057985e+00 -8.304994126357127804e-02 1.532360482353396401e-04
-1.149367411398170891e+00 -1.670910196482325305e-01 1.538944969153264737e-04
2.799686132058023524e+00 -4.361284687163952123e-02 1.518432616352690897e-04
2.792382111647871312e+00 -4.561072954644977695e-02 1.489973883567356013e-04
-1.831685021919799983e+00 -4.172235561694795924e-01 1.684521900029499844e-04
2.114207851380880854e+00 -3.218571508335603126e-01 1.685562390676472605e-04
-8.894630164999739463e-01 1.417573883008124702e-01 2.102634840561665717e-04
-1.933677446614246564e+00 -3.905443995773954513e-01 1.316210917839785082e-04
4.952319152436146510e-02 9.963647225194643964e-01 1.683551426154785053e-04
2.078007107179586477e+00 -3.372082968595560559e-01 1.443995279231981830e-04
-1.386449809622992690e+00 -3.527770919747340583e-01 1.949909256758542754e-04
-9.458203323153338005e-01 6.796799561907004850e-02 1.860213264842195150e-04
1.839245136890859555e+00 -4.156416546225034647e-01 1.672496399603322695e-04
-1.125699539074618727e+00 -1.429037294176770112e-01 2.067043712176283782e-04
-2.718368725105735351e+00 -6.748911466154940142e-02 1.958655806773259211e-04
8.452280638093911946e-01 2.013535716879574222e-01 1.748754400051223256e-04
8.549325237986602488e-01 1.881773793465109923e-01 1.938021998123758182e-04
8.089631559855510190e-01 2.509842938159204673e-01 1.800376883002714854e-04
-1.005937265836436501e+00 -7.241580571939856652e-03 1.640184799712502859e-04
1.038263542512125603e-01 9.840746324803069101e-01 1.815067633480995269e-04
-5.169495925714544526e-01 6.435671212651519202e-01 2.349456495424834875e-04
-7.455297333075883159e-01 3.386747820784826724e-01 1.738033915688651037e-04
-1.358262675903435523e+00 -3.363924203319927364e-01 1.402783695749682859e-04
-2.533860591777302496e+00 -1.342825684580842005e-01 1.711272769155207634e-04
-1.816248984913122921e+00 -4.202368217588217103e-01 1.903862758297955441e-04
-1.512843449341037649e+00 -4.069867639462292352e-01 2.169457633926394574e-04
-2.738474247448692722e+00 -6.125335433536951285e-02 1.576590924671819854e-04
-5.447142038766763505e-01 6.088577828160862682e-01 1.902691148725986741e-04
-2.706782855427865009e-01 8.944303529487676041e-01 1.413470283876036289e-04
1.362145033624258872e+00 -3.387427035801227060e-01 2.209809626275996365e-04
1.493426495438230361e-01 9.672024522776403455e-01 2.104971629956041835e-04
-2.195101363739671463e+00 -2.858375072350173296e-01 1.774275333424133046e-04
-2.544401796183736408e+00 -1.300387786088866571e-01 1.476698338986642985e-04
-2.754552707529661859e+00 -5.642297015450514763e-02 1.905914603749324766e-04
2.381454575897080872e+00 -2.000393402578576618e-01 1.824489460891019841e-04
7.955999518678735782e-01 2.693943980745983069e-01 1.585392845489307448e-04
8.114056979883619292e-01 2.476252110954764163e-01 1.819568589702021946e-04
1.634732092090438016e+00 -4.305890499769181590e-01 1.886248250130516651e-04
-2.585683947920899506e+00 -1.138811862284252185e-01 2.266063868258526726e-04
-7.330090556897967957e-01 3.560188318501233407e-01 1.637682934050955564e-04
-8.717254914806669142e-01 1.655052930534119948e-01 1.660419464531233305e-04
-1.729146615033214207e+00 -4.313380543995564698e-01 1.753817905654012630e-04
-2.050260858321644175e+00 -3.485365566425225325e-01 1.822350805110518922e-04
2.602109534260948820e+00 -1.076668106118183338e-01 1.243165962213435571e-04
3.649881264909624612e-01 8.125855643832118336e-01 1.399482096843819004e-04
1.893774858985775467e+00 -4.022901476397627851e-01 1.674819126639198394e-04
5.058324729881418236e-01 6.571872503792707265e-01 1.538993617018058881e-04
1.573482915211914523e+00 -4.220998969453154670e-01 1.765553372575043463e-04
-1.770930890625060039e+00 -4.273159092615934074e-01 1.842573417604329228e-04
2.616429357846288717e+00 -1.023530453494630454e-01 1.469148396068063040e-04
2.717444263580708785e+00 -6.778103400376392362e-02 1.298696628091546609e-04
2.047003364017250249e+00 -3.498384481792261025e-01 1.460886106236646161e-04
-2.618845363780993196e+00 -1.014662283566758888e-01 1.683028762222011894e-04
-1.039762523090535629e+00 -4.763561750132991324e-02 1.788121424272621043e-04
-5.879527886896696032e-01 5.530654467293885101e-01 1.852240415612287972e-04
-2.482295253271574076e+00 -1.556773091146173016e-01 1.644467208385956862e-04
-1.706486490805873224e+00 -4.324445401008804590e-01 1.503291722119747323e-04
2.608996358500952795e+00 -1.050990330990998894e-01 2.093620576267486884e-04
-4.105785956916503388e-01 7.661597835883302565e-01 1.860384882543648325e-04
2.107387035643252027e+00 -3.247937155543614285e-01 1.292284307092259109e-04
1.717722696046811492e+00 -4.319932188251915384e-01 1.798737870271294929e-04
-2.579374944202260878e+00 -1.163012742310325087e-01 1.804152962962304841e-04
7.656720139631039146e-01 3.107713855564248062e-01 2.027777120416681810e-04
-8.548419451425051108e-01 1.883001230564103068e-01 1.640955796787524075e-04
-2.570075351642899797e+00 -1.199014599423321864e-01 1.729866850324216572e-04
2.479915390681258991e+00 -1.566886003251997950e-01 1.478358928937252895e-04
-1.833545259583395648e-01 9.507855173878940747e-01 1.572303009467499802e-04
5.164220635153515815e-02 9.960473108273827370e-01 1.815120937552232771e-04
1.859183988338366511e-01 9.494186877820399717e-01 2.061749956342629364e-04
-4.132991590175976171e-01 7.632620242772033547e-01 1.678148011514820855e-04
-1.688630631297327822e+00 -4.327593029889966192e-01 1.543484489686470704e-04
1.654627027682010976e+00 -4.319490516941736358e-01 1.587874692433890956e-04
-2.567713776956045635e+00 -1.208218815097383131e-01 1.483902823652213270e-04
2.641839381403844556e+00 -9.316897271160880234e-02 1.895566014481637736e-04
2.984636677626091306e+00 -2.602453410773106733e-03 1.329854322586038445e-04
-2.311053531449930531e+00 -2.323098002993766453e-01 1.930377887451665533e-04
2.776135092576854646e+00 -5.015906107433461963e-02 1.689237392530705377e-04
-2.366672986306132209e+00 -2.067532965145484070e-01 1.270532412315275833e-04
-2.820202771835499611e+00 -3.815653355752305492e-02 1.562675526770038799e-04
-1.569316832896194613e+00 -4.212793138584952080e-01 1.494414661685069211e-04
9.614571229682873366e-01 4.802122411316780970e-02 2.074646707316918175e-04
-2.334938024983106875e+00 -2.212892818911300352e-01 1.728129286135595809e-04
-2.841528318539299214e+00 -3.272826197373550350e-02 1.798565976602706598e-04
2.773839491142330971e+00 -5.081329726926963469e-02 1.841242548130281006e-04
-7.671015641341787372e-01 3.087919041684740740e-01 1.796083087631996516e-04
6.036175037497653051e-01 5.324053135041656448e-01 2.129444199335675059e-04
6.958351636956932040e-01 4.073880998829274569e-01 2.088510104154570133e-04
-2.642028853347057726e+00 -9.310168917480236839e-02 1.697656592529505411e-04
-2.655395192441358798e+00 -8.840062427390493749e-02 1.840315922342526331e-04
8.835217083048529929e-02 9.884541721264218372e-01 1.873011690572861157e-04
-2.242309718205725666e+00 -2.641486243264714595e-01 1.663839881048773345e-04
-1.593168120638728924e+00 -4.255525464734290497e-01 1.737125616580829912e-04
6.545770464631344154e-01 4.639035519624097881e-01 1.915879248736463173e-04
1.803748249630435119e+00 -4.224581782020500609e-01 1.493637254284789647e-04
-1.020574549703774370e+00 -2.490504459067221718e-02 2.239861965618073782e-04
7.789151502683266948e-01 2.924431104500575529e-01 2.241512251197407088e-04
7.528214423294303792e-01 3.285719845367711667e-01 1.803139887565545030e-04
3.190470096733664107e-01 8.549900842026657566e-01 1.761693960992144633e-04
3.839028177986136825e-02 9.978145901687751618e-01 1.714215489109188588e-04
-1.738565267281798832e+00 -4.306516372642500423e-01 1.580255567211440984e-04
-1.055604053814658938e+00 -6.602226640553274239e-02 1.767641879874660787e-04
2.555410644849415824e+00 -1.256568372632919373e-01 2.056948664917455959e-04
-2.123547492379923352e+00 -3.178060215125905197e-01 1.651171579592158824e-04
1.597101899103138045e+00 -4.261591974127621474e-01 1.610883764628621994e-04
1.943887484372182506e+00 -3.872967339394325359e-01 1.745870004427578102e-04
1.148481650226687023e+00 -1.662027922821890380e-01 1.858164541926806692e-04
-1.666082290157387957e+00 -4.324324635576895504e-01 1.884468078395439212e-04
-1.706836378585644409e+00 -4.324334094107610826e-01 1.570869160835551440e-04
2.529998984009415253e+00 -1.358487265938013999e-01 1.969148078637253439e-04
2.918248337290215488e+00 -1.523317462772285844e-02 1.537020210808455651e-04
7.118847225278988056e-01 3.852435012466897124e-01 2.473672316729497232e-04
-1.332650393458855609e+00 -3.201400166987529161e-01 1.494479626610688955e-04
-2.156886492340301942e-01 9.322474891315064571e-01 1.336584003224835365e-04
5.005208350567844633e-01 6.636352104320276668e-01 1.612367388338030428e-04
-2.214751622874625347e+00 -2.768469966228194745e-01 1.410422750969450296e-04
2.823032952336882673e+00 -3.742187447150102653e-02 1.681908894575499585e-04
-1.289181856881244537e+00 -2.896031213316805908e-01 1.878829375650658141e-04
-4.248424361117457693e-01 7.508152830955248103e-01 1.928346033058190570e-04
-2.775151348585174205e+00 -5.043907280041683150e-02 1.690074397098273223e-04
1.321327476458011851e-01 9.742761753261695024e-01 1.749500191007068801e-04
-2.665114337463882599e+00 -8.503909168196692459e-02 1.761698840052995446e-04
2.553424787151923780e+00 -1.264434414121405337e-01 1.569750731123014038e-04
1.360865997869975530e-02 9.997252454965978030e-01 1.931417745621453791e-04
-2.802327430513139817e+00 -4.289752964400434659e-02 1.244213380689189355e-04
1.612589754062862646e+00 -4.282814631229798774e-01 1.757567410123909090e-04
-1.127762347000231813e-01 9.812253071883624278e-01 1.375924425656992504e-04
2.511399400306539853e+00 -1.434762173364370619e-01 1.541815810150087352e-04
-1.044922810537788793e+00 -5.366346679410909093e-02 1.681019942009572736e-04
-6.450415588167643932e-01 4.768502099487385015e-01 1.999715228262066583e-04
1.807444745260208485e+00 -4.218220846512810707e-01 1.782043431044955562e-04
-4.478859213637158554e-01 7.252589100248121312e-01 1.492455036713753031e-04
-2.497554949219551901e+00 -1.492410033240770817e-01 1.732399077006601046e-04
-1.371432143114263091e+00 -3.442436851659481101e-01 1.758406402038219457e-04
-2.106863921312562837e+00 -3.250181359223398014e-01 1.685465785202454304e-04
1.784343178221524440e+00 -4.255047859676910349e-01 1.666759664681383743e-04
2.030238919466770042e+00 -3.564376218536141616e-01 1.450517286318434907e-04
-5.887628578029868720e-01 5.520023821516134577e-01 2.226015667096269308e-04
9.354484067872697040e-01 8.133426680905328499e-02 2.343133895584968880e-04
2.464397360198097964e+00 -1.633304543090050576e-01 1.662785601746540954e-04
-1.001557159356526228e+00 -1.903445677751098870e-03 2.040036497215148620e-04
-7.141989896012099770e-01 3.820453792607655386e-01 1.875360559054548818e-04
2.082196787380736325e+00 -3.354627378199878662e-01 1.468837745844253509e-04
-3.141714742068231203e-01 8.592148737792568713e-01 1.441237810673841530e-04
2.649978949371875281e+00 -9.029472894922764559e-02 2.007533235293869225e-04
-1.784413761273872412e+00 -4.254946095166843856e-01 1.680063522132140019e-04
2.213953265723073827e+00 -2.772134751618419157e-01 1.757208913157842865e-04
1.904456205528806123e+00 -3.992997575227356655e-01 1.586663262196785914e-04
2.041542603860900584e+00 -3.520068409279691890e-01 1.635849930144231694e-04
2.686676471804805288e-01 8.959478634966153709e-01 2.062542129241682134e-04
2.865563810415343582e+00 -2.690642317720995380e-02 1.844077318345932362e-04
2.978410290401488858e+00 -3.690920351865368751e-03 1.503859736277269211e-04
1.944445206674408233e+00 -3.871166360649145877e-01 1.606400653020863907e-04
2.027567725583251601e+00 -3.574729440302997219e-01 1.651861229734180158e-04
-1.408259124570861998e+00 -3.643732868901832234e-01 2.019627178829818759e-04
1.044964091328463240e+00 -5.371153915696458975e-02 2.260945711501477192e-04
7.570774316679917959e-01 3.226756218581560698e-01 1.939339856268440857e-04
-1.382610888000003202e+00 -3.506382840519543520e-01 1.763436682590025254e-04
-8.078270600977002225e-01 2.525473683761271237e-01 1.843063648388252684e-04
-6.548056438713594218e-01 4.635925595789131548e-01 1.878613330925445364e-04
2.366264554017018185e+00 -2.069393804653596458e-01 1.682911633090572684e-04
4.934241781272650229e-01 6.721880541757925265e-01 1.688766340598792136e-04
2.908460861832208977e+00 -1.728976841901141287e-02 1.575698971047012435e-04
-9.480823266259319482e-01 6.506704743925720291e-02 1.960542915682270311e-04
8.242083001883804272e-02 9.899482775511705412e-01 1.831021837251816981e-04
2.703849803661952933e-01 8.946523439359388430e-01 1.723341658424193130e-04
-2.850019280071447891e+00 -3.063580530658889869e-02 1.764037357930710824e-04
-2.595162071984622010e+00 -1.102799127307414889e-01 1.532257211767464652e-04
-1.682485197201418980e+00 -4.327513014774017064e-01 1.498171340476140247e-04
1.754364777629056071e-01 9.548931506868011398e-01 1.885253641390208451e-04
-2.648732570263403474e+00 -9.073269327498649506e-02 1.758593323091297558e-04
-2.099015357666126125e+00 -3.283711679755890178e-01 1.514570697291599158e-04
2.452238975865284942e+00 -1.685898697715694505e-01 1.625163288401007121e-04
-8.777125324983137133e-02 9.886050350207487014e-01 1.267045810137837683e-04
-2.691517884367343072e+00 -7.615228071215295047e-02 1.743823733403706340e-04
-2.414204205516841562e+00 -1.853284002672783426e-01 1.271450294031632028e-04
-2.648841118866535282e+00 -9.069451936370288847e-02 1.517314663407520671e-04
1.581045720598696747e+00 -4.235089870905477949e-01 1.854419219372197654e-04
2.586272750123379538e-01 9.033755779119559959e-01 1.790549392628831794e-04
-1.176787721260609043e+00 -1.939187421836227054e-01 1.706346989546760583e-04
-2.099859809204925654e+00 -3.280116912604698065e-01 1.521951227719688766e-04
2.001820039270253204e+00 -3.672086903087764531e-01 1.693379048270257051e-04
-2.176164047963577097e+00 -2.944318526055927365e-01 1.869953586262891956e-04
-2.822329633958586825e-01 8.855172356396227018e-01 1.920197191752567607e-04
2.846671380290587194e+00 -3.145616383204895977e-02 1.898716127978737904e-04
1.734707943212701053e+00 -4.309485826609159020e-01 1.789343007561653386e-04
-2.757330972723265994e+00 -5.560246080843393029e-02 1.658018660146095592e-04
-7.953928296746557436e-01 2.696801365749919577e-01 1.724288270553037150e-04
2.590553520561899248e+00 -1.120257580949196308e-01 1.864128268381901770e-04
2.947976202306207938e+00 -9.295494342814621808e-03 1.479572000907224127e-04
-6.891755129465346741e-01 4.165555349360207105e-01 1.720104186134519008e-04
1.360712865092166268e+00 -3.378791805099886636e-01 1.603867692972502979e-04
-2.111606384496029776e-01 9.350121643995544796e-01 2.037149446773285448e-04
2.179501854553199003e+00 -2.929227955104306003e-01 1.638687876355573449e-04
-1.419074555780774682e+00 -3.697744612342366288e-01 1.627134788714222646e-04
2.721752655040390323e+00 -6.642444877459117991e-02 1.602394941855974275e-04
-9.837272758910979853e-01 2.006614984192988532e-02 1.736860596198457800e-04
-2.259560282874769399e+00 -2.561659576898819846e-01 1.660816833027657668e-04
4.642189975105348587e-01 7.065999313233496393e-01 2.393211310657392295e-04
1.858980488897776340e+00 -4.111943079197434292e-01 1.878676019222662980e-04
1.504681114925987551e-01 9.667107480664768326e-01 1.797776374514672862e-04
-3.391905679104985083e-01 8.369657282516825836e-01 1.793766869744461317e-04
-1.970265881833498156e+00 -3.784852998868305507e-01 1.463540968419129221e-04
1.055003397184524516e+00 -6.533155617569767759e-02 1.882262252801016175e-04
2.750377315037748183e+00 -5.766394957144722888e-02 1.399693910202630311e-04
-2.055829925478481979e+00 -3.462966398937897816e-01 1.676709521419764268e-04
8.555255729731920944e-01 1.873738495090246370e-01 1.808760578604439828e-04
8.270836633526235104e-01 2.261158426784440068e-01 1.691543131944271531e-04
1.332180491528216493e+00 -3.198297346593495516e-01 1.830276325706645178e-04
9.932641963822410602e-01 8.267711342138009400e-03 2.246521935258749211e-04
2.127345402866881230e+00 -3.161491386644281754e-01 1.332528630064119292e-04
-1.272383233415945947e+00 -2.768162937061912632e-01 1.890591198000546899e-04
-4.582455123806887798e-01 7.134747182976899360e-01 1.892888062864648885e-04
-2.792109708260086087e+00 -4.568580316937693314e-02 1.554796411412350530e-04
2.343861696471543077e+00 -2.171874157828559693e-01 1.979752003245689729e-04
1.636828756510718463e+00 -4.307638994098451080e-01 1.758106907169571399e-04
4.719367392685986928e-01 6.976334248748530253e-01 1.759143539063724932e-04
1.657148531744782716e+00 -4.320740751222897913e-01 1.799480454062792468e-04
-2.298694875920217484e-01 9.232395756325374458e-01 1.333528966348702396e-04
-9.662874554060731924e-01 4.191138169973201988e-02 1.849786273013264196e-04
5.159266418049757164e-02 9.960548830264572828e-01 2.012568985224726787e-04
2.501798673909236825e+00 -1.474662283839724697e-01 1.744617937912630221e-04
-1.822690987736819368e+00 -4.190150869607746631e-01 1.523506071799579132e-04
1.450373865205099477e+00 -3.841042307945007894e-01 1.572869675079540406e-04
-1.113366940385326131e+00 -1.299338194952175118e-01 1.554318046758863174e-04
-8.313527828686781973e-01 2.202759689275492760e-01 1.537176767768350322e-04
1.813521816796982655e+00 -4.207383670993664060e-01 1.472042241773836152e-04
-1.715881445647620351e+00 -4.320803876322665826e-01 1.980026766092709092e-04
-1.112126170190504748e+00 -1.286153039178421775e-01 1.714922893115015717e-04
-2.939213526142388844e+00 -1.099769817407049433e-02 1.186935641384679924e-04
1.329847878711911235e+00 -3.182830395185033967e-01 1.650533213976947741e-04
7.984301466204763997e-01 2.654910793343906450e-01 2.370129906923532808e-04
5.365377459838596153e-01 6.191777785358012487e-01 1.787514010010410987e-04
-2.487811255052490012e+00 -1.533410513793637964e-01 1.510770346737016578e-04
-1.698864347846208211e+00 -4.326399227703320860e-01 1.533836017570720334e-04
-8.392610793413091130e-02 9.895788126102053051e-01 1.506035541165420876e-04
-2.590793164356848699e+00 -1.119347310172790766e-01 1.451764719917695960e-04
8.230726057343593638e-01 2.316097283524032602e-01 2.036960989162021429e-04
2.224007620997172197e+00 -2.725917181156890523e-01 1.639989364484891170e-04
-2.862245313593492213e-01 8.823627120403598756e-01 2.347386062622280163e-04
-4.546244183583123544e-01 7.176139416179854180e-01 1.824935959701773315e-04
1.477742089885821564e+00 -3.950596292057585446e-01 1.478238690252204343e-04
-2.183444291615496802e+00 -2.911370729012139891e-01 1.801104934040479604e-04
1.291521171416857072e+00 -2.913404476046630442e-01 1.472963957735698892e-04
5.748174061197577345e-01 5.702170021284560519e-01 1.771443396520251028e-04
-7.006699946850121208e-01 4.007242241478402578e-01 1.484174370823807313e-04
3.979449449408405393e-01 7.794334135484337622e-01 2.290353582242062578e-04
-1.613925190090019335e+00 -4.284447159600215937e-01 1.640946805132575525e-04
-2.784736423363590063e+00 -4.773322135653981779e-02 1.566427765621967311e-04
2.918120505229307327e+00 -1.525970875458512732e-02 1.707686210643556940e-04
1.834919551963623441e+00 -4.165551684642404551e-01 1.555925327173901627e-04
-1.423513277841839120e+00 -3.719241864080822246e-01 1.575990393870805044e-04
-1.726738492991973573e+00 -4.314924434053994950e-01 1.545204161929990684e-04
1.413846566717140263e+00 -3.671925284099342712e-01 1.274666321190772854e-04
1.750224939237698507e+00 -4.296221644485504476e-01 2.276601953211098979e-04
1.775354709999321656e+00 -4.267456642392248312e-01 1.960039001075255291e-04
-2.247658475873983264e+00 -2.616754814895741466e-01 2.494406502114748011e-04
-9.806730121279740864e-01 2.386711707104721344e-02 1.836512723779780355e-04
-1.338506369303667620e+00 -3.239702579758610423e-01 1.815167110610117220e-04
1.156999714600754459e+00 -1.746890472467643174e-01 1.990470616470118160e-04
-3.347917359815513194e-01 8.409790421210777689e-01 1.403517807329995295e-04
-1.352295423926925144e+00 -3.327217870591623328e-01 1.541300110528320876e-04
-2.051157085384720524e-01 9.386180640200334491e-01 1.590342339103943453e-04
-2.116805035310395766e+00 -3.207340276604486728e-01 1.697398219921767131e-04
-2.223624547983038546e-01 9.280738929294589656e-01 1.996592488047293492e-04
-1.643222205981325956e+00 -4.312510068915874628e-01 1.431829600743250795e-04
-2.038195275623300162e+00 -3.533271445442507375e-01 1.638449873980724698e-04
8.593623939743668672e-01 1.821801716958455497e-01 2.055352293092753608e-04
1.350111179273511652e+00 -3.313605702229779348e-01 1.489863611342691493e-04
-2.822954950273937058e-01 8.854681142036017194e-01 1.525106982009401127e-04
-2.451014899182346163e+00 -1.691219702213468401e-01 1.612232260548402633e-04
-2.288295290070798238e+00 -2.428476562311542297e-01 1.711091875891499066e-04
7.870907911850757444e-01 2.811418096753883211e-01 1.948825779487090547e-04
-1.305624936197323782e+00 2.645390239722651415e-01 9.994071382476391596e-01
1.117332511424801389e+00 2.770765871381508649e+00 9.998606567353237606e-01
2.870561496088985365e+00 1.612626914301777958e-01 9.979213563897884054e-01
1.934798034620598628e+00 1.495151993551990355e+00 9.995606676622911246e-01
-2.337133716517957538e+00 7.688899224319567516e-01 9.995514296058536363e-01
-2.996827132984343667e+00 1.875800615024256324e+00 9.998217393418469268e-01
-9.210633591087349359e-01 2.566796572989770375e+00 9.998580681981105167e-01
2.218710506383088976e+00 8.560336946244642142e-01 9.995214694576808334e-01
-4.283891258862819740e-01 2.666020073605308571e+00 9.998321738656376079e-01
1.972508905936534163e+00 2.281844339714955705e+00 9.998454993010703618e-01
-2.284639834895263899e+00 -2.082188585086841570e-02 9.982811175155760219e-01
2.878517525580397418e-01 -9.887487539527408664e-01 9.998592203660031652e-01
2.409613156844284454e+00 1.031909253027837980e+00 9.996213946478217371e-01
-2.054224411256013738e-01 2.208577951506522918e+00 9.998425270465989279e-01
2.273854850425639285e+00 7.139804398449571821e-01 9.993488822981553277e-01
-2.225618834362975917e+00 1.783424493347449236e+00 9.998496407456316515e-01
-2.984691099300578188e-01 -4.280778452622602259e-01 9.998124642647892024e-01
2.835106682558961921e+00 1.111108480868482129e+00 9.995912802533453156e-01
2.070055168014430791e+00 5.338267597488504101e-01 9.993386636734638007e-01
-2.801029090991695725e-01 2.942505400241389513e+00 9.998445487069202997e-01
-6.946383435094163339e-01 2.307285568304706658e-01 9.988478538626711645e-01
-2.443643973200726904e+00 -5.657125145839265734e-01 9.993675696041423029e-01
4.100986529303756178e-01 -2.166451947535579237e-01 9.994823716477282405e-01
1.749301180719924353e-01 8.867461152335520680e-01 8.878654426806636621e-04
3.500830563843013721e-01 4.813497410949127975e-01 9.990085877186609675e-01
-4.978313576176929267e-01 -5.273646650972452221e-01 9.995756247974575404e-01
-6.214161352724900667e-01 8.962979076097781217e-01 9.995070045654401714e-01
2.032432220731443806e+00 2.728542157393447631e+00 9.998687150042990801e-01
-6.930518680972177492e-01 1.124942995854180783e+00 9.993707167019667548e-01
1.740190890761574849e-01 4.549774723870587678e-01 9.989355997831713685e-01
2.329572911047129935e+00 1.032695870367479341e+00 9.995150620890489446e-01
2.757868859567929931e+00 1.903080324348813690e+00 9.998392257127645122e-01
1.685116712812152251e+00 1.623319908472442563e-01 9.994132708218627092e-01
3.978845938640267477e-01 3.660670952387841126e-01 9.992619619459303104e-01
-3.321384883303020175e-01 4.814489720847552334e-01 9.982738458729836228e-01
-3.030181036327004307e-01 2.716987620048795460e+00 9.998674423275067946e-01
-1.834454020185188883e+00 -5.888421060858073375e-02 9.990950690719433425e-01
-1.975252095278826392e+00 2.374932613889830346e+00 9.998352648981014834e-01
-2.284942166612964343e+00 5.117617062758035296e-01 9.994640049593958020e-01
1.791731663303024469e+00 -4.425923922323162785e-01 3.508112766048568300e-04
-2.827356018622297906e+00 -2.993490903271793790e-01 9.981522358364256498e-01
2.944745375333315707e+00 -5.786532559619246285e-01 9.991491506633740638e-01
-2.593084171021350137e+00 2.432030818200700661e+00 9.998482783319448952e-01
1.328160606173502067e+00 2.704978431415843154e+00 9.998387534952902778e-01
-2.270348202195336285e+00 2.314376494450391064e+00 9.998597209514594741e-01
-1.947019674866803829e+00 2.676011302009998705e+00 9.998552198248870093e-01
2.860990110276055098e+00 1.362865915310039977e+00 9.997265477641830156e-01
-6.410454415866508882e-01 1.617279946079506203e+00 9.996017679826909585e-01
1.912793318099428319e+00 5.625104040577699749e-01 9.995905694895976801e-01
2.344950715555278897e+00 -2.904973403700821244e-01 4.303951016755560785e-03
-2.819245430468552360e+00 8.000992547411285294e-01 9.990463157501928704e-01
1.635626520520990113e+00 2.931150406130695441e+00 9.998603074149080561e-01
-4.227464184474212239e-01 1.763392705540982153e+00 9.995521283641927157e-01
8.304876866479569131e-01 2.398444686480969423e+00 9.998366945088683622e-01
-2.490614019338098117e+00 -8.884556567498176349e-01 9.988282689870973119e-01
-2.561453315447103307e+00 9.963691726372538859e-01 9.994450919438502279e-01
3.688052077442183219e-01 -7.576688992420370639e-01 9.998585900108887259e-01
-8.352834892606697537e-02 1.563109197538175010e-01 9.995145474754134618e-01
2.036036640643562379e+00 1.650870496815846078e+00 9.998550697276631372e-01
2.732440174096906205e+00 1.718823203256205190e+00 9.998436721293481044e-01
9.198683995150949144e-01 -9.065823705458191384e-01 9.995823700267069123e-01
5.415047434401847326e-01 -5.074345473498880210e-01 9.995088602629828012e-01
-1.315862395874951574e-01 2.324781500435692205e+00 9.998472545690934021e-01
2.055292171096708032e+00 2.194968808786215142e-01 9.993646983484941737e-01
2.070760971555829499e-01 -8.328569158486045509e-01 9.998833807719884614e-01
1.594942728169220558e+00 1.471736923091864213e-01 9.991643340014365604e-01
-2.652690215265010032e-01 2.537531772456421031e+00 9.998746983358223206e-01
4.228583639963554575e-01 6.264652489030844151e-01 9.977058780080378941e-01
-2.281562538124800810e+00 1.134079133848961973e+00 9.996366319111937848e-01
-2.498228654434019980e+00 9.132039589388143419e-01 9.995462346886057059e-01
-6.715131689624609379e-02 1.649543942641805927e+00 9.995609123613687919e-01
1.390283044052161188e+00 4.657239053988719846e-01 9.988513362517430494e-01
2.130792210689866906e-01 -9.919240530338635509e-01 9.998268604354664246e-01
-5.687966951263678794e-01 5.554935366347444337e-01 2.523615741145797072e-04
1.555694129475079457e+00 2.056693633201254201e-01 9.989601429206029781e-01
-1.630604301098964592e+00 1.875037871882652585e+00 9.998325491746290483e-01
1.690234793323329932e+00 2.306133342041703393e+00 9.998711768569775726e-01
2.848892820272681092e+00 -6.575708790721646047e-01 9.993333444440071212e-01
-3.088908188513794784e-02 6.427087126621571223e-01 9.993687703634145381e-01
-1.887048689259211098e+00 2.739327051338393382e+00 9.998548297640114102e-01
-1.876307556780802299e+00 1.922692618484278526e-02 9.988795980891881365e-01
8.755443141162437826e-01 2.728758587662560853e+00 9.998643847623328584e-01
8.683291345893611179e-01 1.477071264657769945e+00 9.997211718659650970e-01
-2.161090765126706614e+00 2.736703929278887060e+00 9.998653179144613157e-01
-1.104495083381930254e+00 2.122211992861091190e+00 9.998617467029816686e-01
2.296654014399069688e+00 3.258809141113276908e-01 9.993706221305993509e-01
1.498937197346468686e+00 2.047264167536420487e+00 9.998316818433057307e-01
-1.841980795532611292e+00 -9.118585715144078563e-01 9.992546278069811549e-01
-4.817076835646245669e-01 2.727732705641014554e+00 9.998608456286882662e-01
7.663504040756974334e-02 2.508395831158734435e+00 9.998617264994213993e-01
-2.357458694949208677e+00 1.585502792858568988e+00 9.998207470484667958e-01
1.762683364242205286e+00 1.790129873378710545e+00 9.998459430852579821e-01
-2.917555732142042224e+00 1.296467699926980632e+00 9.994180510664514294e-01
-2.000080886364583144e+00 3.082106727032214444e-01 9.991261040100818391e-01
4.374841356550689397e-01 2.926855566818593601e-01 9.991553604501932639e-01
-3.265429196716573834e-01 2.850672479587373243e+00 9.998793213920917911e-01
-1.484611447067051282e+00 2.708119113990476556e+00 9.998852545426146765e-01
-4.224549161425454891e-01 6.331003703009931982e-01 9.958630140640281070e-01
9.649871624917976121e-01 1.967701565169632794e+00 9.998291793509705983e-01
-1.304157333704054622e+00 2.503917054514768203e-01 9.988961420220190401e-01
2.223221362755682051e+00 -1.053096041939798333e-01 9.949446560362649183e-01
-1.407927094106309340e-02 -1.435602641017239556e-01 9.996585863681605177e-01
1.731432849843910660e+00 2.536091084549342067e+00 9.998469749409081286e-01
-2.783080788958102403e+00 -9.713787101449757877e-01 9.995206239415177496e-01
-5.526708664934298909e-02 7.268463917387646411e-01 9.990228394435662906e-01
-2.259395286332013697e+00 7.469305501233822753e-01 9.994378478206294991e-01
-1.092802503681279847e+00 5.889453017045980232e-01 9.992518363413256388e-01
1.225203508759973303e-01 2.462920568510954755e+00 9.998659621391507990e-01
-1.106951817529653326e-01 -9.412694202962956780e-01 9.998363723726420016e-01
-5.591559632412121950e-01 -8.253031395948968729e-01 9.998519566450289053e-01
2.045514158296889207e+00 2.648732318411004094e+00 9.998658168545995206e-01
-2.438416594854264652e-01 2.742523235872866394e+00 9.998739297999288400e-01
-4.632383303748377479e-01 4.954216133163820146e-01 9.981716186346570874e-01
-4.294356384855193554e-01 -2.007007688979647320e-01 9.994468238406866156e-01
-6.969142104906236312e-01 1.170088320203883647e+00 9.994290049199505699e-01
2.315635185151935893e+00 -2.260791546510709793e-01 1.579790830504116403e-04
-2.259898726233955379e+00 2.301121405315374790e+00 9.998478120118258206e-01
-1.449782714657141147e+00 2.476152614387284512e+00 9.998408083340972752e-01
5.052259242930743355e-01 2.228129450263114819e+00 9.998574577047693035e-01
-1.005505042790123316e+00 2.143722120174555990e-01 9.984594346541169063e-01
-2.332180076617163422e+00 1.569817571392395639e+00 9.998019838503916512e-01
-1.401934014805877426e+00 -9.468399480258917755e-01 9.990549249158878764e-01
-9.344658925372661962e-01 1.317445226300883121e+00 9.995878325662727049e-01
-2.103692323788669327e+00 2.532685060998814741e+00 9.998654807751198303e-01
-1.867894232056570569e+00 1.440209778221379189e+00 9.996576326314396965e-01
-1.874788501652556505e+00 2.050595959171284122e+00 9.998667709827558925e-01
-2.256260906042163228e+00 2.193394310892951005e-01 9.990628751444033950e-01
2.955754640752898510e+00 -4.152347234956996758e-01 9.986708259403863641e-01
-1.985335641973764886e+00 1.510218084440369868e+00 9.996482220854051581e-01
-2.519328372514476833e+00 6.662103297956245562e-01 9.994625995180370648e-01
-6.861855825480818183e-01 -7.149864456451946459e-01 9.995841748382502390e-01
-2.302032708000743000e-01 2.260412638371870120e+00 9.998492803422770470e-01
-2.533585070355303337e+00 2.485980637174631802e+00 9.998293768972369433e-01
-1.407107806012872331e+00 2.039530930940219644e+00 9.998594928380830638e-01
2.521149873844912292e-01 5.702042328373275737e-01 9.990429439415918766e-01
-1.628652472080569735e+00 1.571470855320334703e+00 9.998144628256743216e-01
-3.009506022693324567e-01 3.047725925362603228e-01 9.994375872470673272e-01
-2.263915291870506330e-01 7.491789121250702621e-02 9.993758252851114854e-01
1.013579081290357564e+00 7.206489878644672942e-01 9.992645417412265862e-01
-2.785351149960188621e+00 8.478565251416831927e-01 9.994714604596959262e-01
6.420335769019827055e-01 2.266764851855098239e+00 9.998653514373998519e-01
-2.420259991682290668e+00 -2.778492006844195394e-01 4.532003583640671109e-03
2.304472688284564086e+00 2.744495391408429352e+00 9.998638767649851156e-01
-1.809705679409228773e+00 1.908602743227498788e+00 9.998568924539639191e-01
-9.534569086230284540e-01 2.388964986549873881e+00 9.998434801689393137e-01
1.846717554411565487e-01 2.090435037501514604e+00 9.996719690111183221e-01
-2.954153007429596300e+00 -7.567547884613916587e-01 9.992640387157130100e-01
-1.668348694430772383e-01 3.300889619912288353e-01 9.995239433226129622e-01
1.588368265808719926e+00 4.298311546511386361e-01 9.989617313505516627e-01
-1.140182696460625422e-01 4.872860813104127331e-01 9.994389006040331758e-01
8.064863024864061813e-01 9.568917251525421719e-01 9.992140545238477056e-01
9.187156454049008047e-01 6.397810680405635608e-02 4.751535802772174129e-04
2.184765808648583274e+00 -1.578562205453692968e-02 9.978556467784859274e-01
-2.084857541418959848e+00 -4.517865871849164883e-01 4.853216809833262556e-03
-2.057470702681109209e+00 7.285463290325107089e-01 9.993951100703770685e-01
-2.089251031576623063e+00 -8.811941044954716418e-01 9.993811321009365978e-01
-1.822014368545936236e+00 2.113114935943237960e+00 9.998415441364537637e-01
2.966747644513588966e+00 2.891958665517997851e+00 9.998376909071609031e-01
2.169990853485060711e+00 8.975709424125040137e-01 9.995524554328817368e-01
1.847182892765149020e+00 2.621881383447833613e+00 9.998740869372771956e-01
8.035889571922743002e-01 1.486275720414726997e+00 9.996319228986234595e-01
5.209979499235215528e-01 1.279380726413202218e+00 9.994488756364714455e-01
6.218182557549116751e-01 2.684764573687397071e+00 9.998645469396377772e-01
-1.312086023931769985e+00 2.703262555136524359e+00 9.998871351973903643e-01
2.464779047987987859e+00 1.087303284720048335e+00 9.992842211150144704e-01
-2.094728911300096641e-01 7.484197861860182321e-01 9.976175269540406010e-01
1.689894457450868082e+00 2.481421054077606048e+00 9.998490872462654222e-01
2.460840555204617530e+00 4.123260715794967446e-01 9.992409734425975465e-01
2.116167302199875699e+00 2.332192270402015932e+00 9.998682405236000159e-01
-1.046003529992101333e+00 1.741075780890823488e+00 9.998573764862992430e-01
-2.259906836162555166e+00 -2.800643467174190882e-01 2.617620393947432916e-04
-2.204391165803383679e+00 1.502220550135264343e+00 9.995844772173114734e-01
2.317406662100561121e+00 2.497090381243881385e+00 9.998510072478160593e-01
-1.545074595178924870e+00 -4.617525708191450029e-01 1.107651723049417510e-03
1.375433388215485664e+00 -4.428471277876515622e-01 3.478200851325421485e-03
-5.408446436488372200e-01 1.337578831795202650e+00 9.989405397459075742e-01
3.150420666278423987e-01 2.588613634722868095e+00 9.997892278651434594e-01
2.001091589073810795e+00 2.142056043991544367e+00 9.998699687671309677e-01
1.035469269012176063e+00 2.433821446220103102e+00 9.998448213427512110e-01
-2.825166925245381488e+00 1.677432738574893278e-01 9.980297994752364010e-01
1.140015023352189516e+00 2.711656653524638916e+00 9.998788198021273388e-01
-4.008169154451177718e-01 9.095784648369775738e-01 9.954691335677574582e-01
3.911292824668493040e-01 8.062183401533999927e-01 2.691915061278936155e-04
-2.381214199324888092e+00 -4.108650276454333117e-01 9.980057378754004782e-01
2.494581755246410459e+00 2.269012769167844112e+00 9.998411589178687331e-01
2.744371005147547393e+00 1.679512546806333884e+00 9.998424173811211180e-01
-2.061976628666889244e+00 2.840436017139139846e+00 9.998557101981078166e-01
1.897659563460784682e+00 8.237530233830971937e-01 9.994776958362499020e-01
1.835080059335385982e+00 1.044875136227094714e-01 9.992319349340548218e-01
-1.201267609882225695e+00 5.605610065933408492e-03 9.979594195527266010e-01
-1.123167908199141474e+00 -7.715122319901279724e-01 9.993412115245182692e-01
-1.326660297361620833e+00 1.692980043143896385e+00 9.998403703509832763e-01
