# X Y
-1.731812249505963575e+00 -1.915167539541294150e+00
-1.729426504569325118e+00 -1.786772430335327400e+00
-1.727040759632686440e+00 -1.820134343753568196e+00
-1.724655014696047761e+00 -1.860582461701103307e+00
-1.722269269759409083e+00 -1.897008079407493719e+00
-1.719883524822770626e+00 -1.933070828456705970e+00
-1.717497779886131948e+00 -1.969695984251603749e+00
-1.715112034949493269e+00 -2.004552348891955216e+00
-1.712726290012854813e+00 -2.028525803877458955e+00
-1.710340545076216134e+00 -2.044577659213387744e+00
-1.707954800139577456e+00 -2.053653734598286817e+00
-1.705569055202938999e+00 -2.057487977862629158e+00
-1.703183310266300321e+00 -2.058241802848074897e+00
-1.700797565329661643e+00 -2.071307643897654316e+00
-1.698411820393023186e+00 -2.068229925183989071e+00
-1.696026075456384508e+00 -2.057904351247111130e+00
-1.693640330519745829e+00 -2.039650778730353053e+00
-1.691254585583107373e+00 -2.014349377395862284e+00
-1.688868840646468694e+00 -1.982451046925701732e+00
-1.686483095709830016e+00 -1.945469489395989182e+00
-1.684097350773191559e+00 -1.910217458139773949e+00
-1.681711605836552881e+00 -1.874213326222261777e+00
-1.679325860899914202e+00 -1.838263356946397087e+00
-1.676940115963275746e+00 -1.801143019993745709e+00
-1.674554371026637067e+00 -1.763715298370617468e+00
-1.672168626089998389e+00 -1.733670638705060218e+00
-1.669782881153359932e+00 -1.709226180634902725e+00
-1.667397136216721254e+00 -1.684514670206100684e+00
-1.665011391280082576e+00 -1.666043727293598842e+00
-1.662625646343444119e+00 -1.654241035481723632e+00
-1.660239901406805441e+00 -1.652626624135830724e+00
-1.657854156470166762e+00 -1.653118864270699317e+00
-1.655468411533528306e+00 -1.657625359511153862e+00
-1.653082666596889627e+00 -1.667612353767408573e+00
-1.650696921660250949e+00 -1.682875185806627982e+00
-1.648311176723612492e+00 -1.704179831649738297e+00
-1.645925431786973814e+00 -1.729240219912994814e+00
-1.643539686850335135e+00 -1.754813723124984515e+00
-1.641153941913696679e+00 -1.779972426994424151e+00
-1.638768196977058000e+00 -1.800634164685064320e+00
-1.636382452040419322e+00 -1.820731095947889289e+00
-1.633996707103780865e+00 -1.839893866274033618e+00
-1.631610962167142187e+00 -1.850491551804952506e+00
-1.629225217230503509e+00 -1.857326370925047820e+00
-1.626839472293865052e+00 -1.847443359550585251e+00
-1.624453727357226374e+00 -1.817679634168252845e+00
-1.622067982420587695e+00 -1.758174778231232915e+00
-1.619682237483949239e+00 -1.674772702231908994e+00
-1.617296492547310560e+00 -1.579812109065682701e+00
-1.614910747610671882e+00 -1.488341226376920678e+00
-1.612525002674033425e+00 -1.415066718467230977e+00
-1.610139257737394747e+00 -1.363759503762379088e+00
-1.607753512800756068e+00 -1.328361007796752480e+00
-1.605367767864117612e+00 -1.298494125034664437e+00
-1.602982022927478933e+00 -1.280383216863674400e+00
-1.600596277990840255e+00 -1.272479116296501012e+00
-1.598210533054201798e+00 -1.283447438602461910e+00
-1.595824788117563120e+00 -1.314295332467347199e+00
-1.593439043180924442e+00 -1.370070186552653446e+00
-1.591053298244285985e+00 -1.448840691477266462e+00
-1.588667553307647307e+00 -1.536109209013035271e+00
-1.586281808371008628e+00 -1.627747837911236006e+00
-1.583896063434370172e+00 -1.678209244053553428e+00
-1.581510318497731493e+00 -1.694836634957071819e+00
-1.579124573561092815e+00 -1.685856421870591815e+00
-1.576738828624454358e+00 -1.668080403408493062e+00
-1.574353083687815680e+00 -1.643470491871193984e+00
-1.571967338751177001e+00 -1.613094974061191511e+00
-1.569581593814538545e+00 -1.578427443806437624e+00
-1.567195848877899866e+00 -1.542385558085656916e+00
-1.564810103941261188e+00 -1.509736170629007335e+00
-1.562424359004622731e+00 -1.478528103943748118e+00
-1.560038614067984053e+00 -1.459771438868113558e+00
-1.557652869131345374e+00 -1.451075904052531840e+00
-1.555267124194706918e+00 -1.480241858095834750e+00
-1.552881379258068240e+00 -1.522082180495638815e+00
-1.550495634321429561e+00 -1.561525517583550515e+00
-1.548109889384791105e+00 -1.584595238954659813e+00
-1.545724144448152426e+00 -1.582999019116734019e+00
-1.543338399511513748e+00 -1.566563564601086922e+00
-1.540952654574875291e+00 -1.548176813485527603e+00
-1.538566909638236613e+00 -1.535090783196817021e+00
-1.536181164701597934e+00 -1.524188901250234762e+00
-1.533795419764959478e+00 -1.517170578024753747e+00
-1.531409674828320799e+00 -1.503685598077681096e+00
-1.529023929891682121e+00 -1.467336697099570930e+00
-1.526638184955043664e+00 -1.413592352272059705e+00
-1.524252440018404986e+00 -1.360857886225229407e+00
-1.521866695081766307e+00 -1.312964178561024875e+00
-1.519480950145127629e+00 -1.276144667060432836e+00
-1.517095205208489173e+00 -1.260297820100308774e+00
-1.514709460271850494e+00 -1.263982604134867183e+00
-1.512323715335211816e+00 -1.274747568702733869e+00
-1.509937970398573359e+00 -1.285631026672159782e+00
-1.507552225461934681e+00 -1.299901293434028604e+00
-1.505166480525296002e+00 -1.308798265426312391e+00
-1.502780735588657546e+00 -1.317065470341949540e+00
-1.500394990652018867e+00 -1.333985817963124765e+00
-1.498009245715380189e+00 -1.357391595338560908e+00
-1.495623500778741732e+00 -1.383218533888354251e+00
-1.493237755842103054e+00 -1.417940817181112312e+00
-1.490852010905464375e+00 -1.458617711541013717e+00
-1.488466265968825919e+00 -1.494487384519195716e+00
-1.486080521032187240e+00 -1.522806259618020297e+00
-1.483694776095548562e+00 -1.541074069960422399e+00
-1.481309031158910106e+00 -1.553836229116938750e+00
-1.478923286222271427e+00 -1.562886268266300283e+00
-1.476537541285632749e+00 -1.576734838079507650e+00
-1.474151796348994292e+00 -1.593484982228311253e+00
-1.471766051412355614e+00 -1.601974808759890179e+00
-1.469380306475716935e+00 -1.601796454779792267e+00
-1.466994561539078479e+00 -1.597531551933352612e+00
-1.464608816602439800e+00 -1.586116129616274240e+00
-1.462223071665801122e+00 -1.573825084216921910e+00
-1.459837326729162665e+00 -1.560876152548285489e+00
-1.457451581792523987e+00 -1.548485929566023378e+00
-1.455065836855885308e+00 -1.537729894545291520e+00
-1.452680091919246852e+00 -1.522953027944967008e+00
-1.450294346982608173e+00 -1.498095142750902609e+00
-1.447908602045969495e+00 -1.448009492583204327e+00
-1.445522857109331039e+00 -1.375496042282133180e+00
-1.443137112172692360e+00 -1.331007595870425497e+00
-1.440751367236053682e+00 -1.280597959957908261e+00
-1.438365622299415225e+00 -1.223374854117754706e+00
-1.435979877362776547e+00 -1.159181884158991815e+00
-1.433594132426137868e+00 -1.087501435117441906e+00
-1.431208387489499412e+00 -1.017707009730742129e+00
-1.428822642552860733e+00 -9.410982992052367990e-01
-1.426436897616222055e+00 -8.624885768340228021e-01
-1.424051152679583598e+00 -7.869939889926877985e-01
-1.421665407742944920e+00 -7.221682599556973337e-01
-1.419279662806306241e+00 -6.782367622805112184e-01
-1.416893917869667785e+00 -6.502107435757668030e-01
-1.414508172933029106e+00 -5.942844184213749159e-01
-1.412122427996390428e+00 -5.543461025189830860e-01
-1.409736683059751972e+00 -5.256771930808600279e-01
-1.407350938123113293e+00 -5.046287394078258215e-01
-1.404965193186474615e+00 -4.810417946256896893e-01
-1.402579448249836158e+00 -4.432096085924731588e-01
-1.400193703313197480e+00 -3.972453017416615606e-01
-1.397807958376558801e+00 -3.497407687264504905e-01
-1.395422213439920345e+00 -3.033318239253693926e-01
-1.393036468503281666e+00 -2.470443783004618310e-01
-1.390650723566642988e+00 -1.853870359167889281e-01
-1.388264978630004531e+00 -1.176285896989751889e-01
-1.385879233693365853e+00 -5.144960444609374128e-02
-1.383493488756727174e+00 1.460353502263197351e-02
-1.381107743820088718e+00 7.278537871954851579e-02
-1.378721998883450039e+00 1.166537307871501200e-01
-1.376336253946811361e+00 1.377961920826815956e-01
-1.373950509010172905e+00 1.421837867832723701e-01
-1.371564764073534226e+00 1.341205190166000483e-01
-1.369179019136895548e+00 1.246057530656446283e-01
-1.366793274200257091e+00 1.237307145894539773e-01
-1.364407529263618413e+00 1.283820650987516632e-01
-1.362021784326979734e+00 1.455889032660238891e-01
-1.359636039390341278e+00 1.657132448089501109e-01
-1.357250294453702599e+00 1.941601515510132658e-01
-1.354864549517063921e+00 2.220626381953833828e-01
-1.352478804580425464e+00 2.454112975802206498e-01
-1.350093059643786786e+00 2.643374497020312686e-01
-1.347707314707148107e+00 2.774293839551997820e-01
-1.345321569770509651e+00 2.716862746193544620e-01
-1.342935824833870972e+00 2.500954104105173048e-01
-1.340550079897232294e+00 2.149567224303993995e-01
-1.338164334960593838e+00 1.761078598765630499e-01
-1.335778590023955159e+00 1.366503395132200316e-01
-1.333392845087316481e+00 9.389990752042169653e-02
-1.331007100150678024e+00 5.375263577558030137e-02
-1.328621355214039346e+00 8.590804860448310321e-03
-1.326235610277400667e+00 -3.052485393192370597e-02
-1.323849865340762211e+00 -5.096070209195975587e-02
-1.321464120404123532e+00 -4.350155725021479652e-02
-1.319078375467484854e+00 4.656948633582723017e-04
-1.316692630530846175e+00 9.113047048665717798e-02
-1.314306885594207719e+00 1.683010026349623656e-01
-1.311921140657569040e+00 2.360487659895134926e-01
-1.309535395720930362e+00 2.842392448809271666e-01
-1.307149650784291905e+00 3.147649273587801444e-01
-1.304763905847653227e+00 3.293635974017262713e-01
-1.302378160911014549e+00 3.312163434425463016e-01
-1.299992415974376092e+00 4.318550608087420306e-01
-1.297606671037737414e+00 4.988690012393104389e-01
-1.295220926101098735e+00 5.401848365836446897e-01
-1.292835181164460279e+00 5.662019153002501026e-01
-1.290449436227821600e+00 5.824978276849848147e-01
-1.288063691291182922e+00 5.661274853062728818e-01
-1.285677946354544465e+00 5.680504000414867694e-01
-1.283292201417905787e+00 5.804443903713140118e-01
-1.280906456481267108e+00 5.928683030523169695e-01
-1.278520711544628652e+00 5.987660536435550629e-01
-1.276134966607989973e+00 5.998428989199210415e-01
-1.273749221671351295e+00 5.906622523640382427e-01
-1.271363476734712838e+00 4.618207008633882227e-01
-1.268977731798074160e+00 3.520210313600492524e-01
-1.266591986861435482e+00 2.662924039980111290e-01
-1.264206241924797025e+00 1.836939539752437400e-01
-1.261820496988158347e+00 9.065520462380419198e-02
-1.259434752051519668e+00 -5.250428816990381289e-03
-1.257049007114881212e+00 -9.466608950544545820e-02
-1.254663262178242533e+00 -1.754574154168486999e-01
-1.252277517241603855e+00 -2.426998409769365039e-01
-1.249891772304965398e+00 -3.031376014576277478e-01
-1.247506027368326720e+00 -3.564623712861157978e-01
-1.245120282431688041e+00 -3.872345744653671873e-01
-1.242734537495049585e+00 -3.759179963948978687e-01
-1.240348792558410906e+00 -3.485055245928145862e-01
-1.237963047621772228e+00 -3.395496949920540630e-01
-1.235577302685133771e+00 -3.379513691566564115e-01
-1.233191557748495093e+00 -3.331341422843482891e-01
-1.230805812811856415e+00 -3.039127986524328695e-01
-1.228420067875217958e+00 -2.657663875637690243e-01
-1.226034322938579280e+00 -2.253022407256565496e-01
-1.223648578001940601e+00 -1.920472711015866751e-01
-1.221262833065302145e+00 -1.594716011479243578e-01
-1.218877088128663466e+00 -1.284390122667155298e-01
-1.216491343192024788e+00 -1.057161587148556653e-01
-1.214105598255386331e+00 -9.830066552507385480e-02
-1.211719853318747653e+00 -7.427115605058948189e-02
-1.209334108382108974e+00 -2.076684746648485569e-02
-1.206948363445470518e+00 4.353275144585817130e-02
-1.204562618508831839e+00 1.054882530375205046e-01
-1.202176873572193161e+00 1.589983584858291332e-01
-1.199791128635554704e+00 2.251236281363385994e-01
-1.197405383698916026e+00 3.019099558834887342e-01
-1.195019638762277348e+00 3.969153797133186390e-01
-1.192633893825638891e+00 4.946955144587562025e-01
-1.190248148889000213e+00 5.780882172550323439e-01
-1.187862403952361534e+00 6.372818709501463230e-01
-1.185476659015723078e+00 6.757123171955102814e-01
-1.183090914079084399e+00 6.871837085213227114e-01
-1.180705169142445721e+00 6.724562572008035977e-01
-1.178319424205807264e+00 6.469622703349839909e-01
-1.175933679269168586e+00 6.162231536967747170e-01
-1.173547934332529907e+00 5.702406687691632392e-01
-1.171162189395891451e+00 5.026391468714822564e-01
-1.168776444459252772e+00 4.292100265117981817e-01
-1.166390699522614094e+00 3.552165510742932297e-01
-1.164004954585975637e+00 2.904294639471936001e-01
-1.161619209649336959e+00 2.349454911789476130e-01
-1.159233464712698281e+00 1.899537437430014464e-01
-1.156847719776059824e+00 1.010584083768734931e-01
-1.154461974839421146e+00 2.617844207431644157e-02
-1.152076229902782467e+00 -3.044393820855246374e-02
-1.149690484966144011e+00 -6.792405447361453408e-02
-1.147304740029505332e+00 -8.819117360061955180e-02
-1.144918995092866654e+00 -1.016616626975948012e-01
-1.142533250156228197e+00 -1.021316016436579488e-01
-1.140147505219589519e+00 -7.990050065338034913e-02
-1.137761760282950840e+00 -2.807611335687058493e-02
-1.135376015346312384e+00 4.369207697379326460e-02
-1.132990270409673705e+00 1.242431389765250027e-01
-1.130604525473035027e+00 1.994475893566416136e-01
-1.128218780536396570e+00 3.098917876870992960e-01
-1.125833035599757892e+00 3.894326546213160434e-01
-1.123447290663119214e+00 4.560125506895211234e-01
-1.121061545726480757e+00 5.213316984796981801e-01
-1.118675800789842079e+00 5.900381285571429935e-01
-1.116290055853203400e+00 6.889321904288950860e-01
-1.113904310916564722e+00 7.990677143790454462e-01
-1.111518565979926265e+00 8.945020733584434502e-01
-1.109132821043287587e+00 9.597368993839606732e-01
-1.106747076106648908e+00 9.990846432238245090e-01
-1.104361331170010452e+00 1.029021956709524011e+00
-1.101975586233371773e+00 1.052251320854836303e+00
-1.099589841296733095e+00 1.062388089499093802e+00
-1.097204096360094638e+00 1.076548257767825145e+00
-1.094818351423455960e+00 1.076957088848069510e+00
-1.092432606486817281e+00 1.060032242872729125e+00
-1.090046861550178825e+00 1.059486432161862002e+00
-1.087661116613540147e+00 1.074610205796753926e+00
-1.085275371676901468e+00 1.099926576231013309e+00
-1.082889626740263012e+00 1.137709460103480508e+00
-1.080503881803624333e+00 1.139454143339141190e+00
-1.078118136866985655e+00 1.128132626955820283e+00
-1.075732391930347198e+00 1.104385930624741663e+00
-1.073346646993708520e+00 1.099378228158934823e+00
-1.070960902057069841e+00 1.138699102721564271e+00
-1.068575157120431385e+00 1.214170829384614958e+00
-1.066189412183792706e+00 1.339339598756351002e+00
-1.063803667247154028e+00 1.477562658912925153e+00
-1.061417922310515571e+00 1.557606696791558276e+00
-1.059032177373876893e+00 1.615764987531260966e+00
-1.056646432437238214e+00 1.712979953578420256e+00
-1.054260687500599758e+00 1.762215796655331346e+00
-1.051874942563961080e+00 1.793764036252481153e+00
-1.049489197627322401e+00 1.829500427223182069e+00
-1.047103452690683945e+00 1.860784464428835827e+00
-1.044717707754045266e+00 1.886542618499974511e+00
-1.042331962817406588e+00 1.902506767972873103e+00
-1.039946217880768131e+00 1.905896552213439232e+00
-1.037560472944129453e+00 1.856892595992106765e+00
-1.035174728007490774e+00 1.779573185730154439e+00
-1.032788983070852318e+00 1.721917055461793966e+00
-1.030403238134213639e+00 1.627850855953136167e+00
-1.028017493197574961e+00 1.455436822191537249e+00
-1.025631748260936504e+00 1.310643880774101655e+00
-1.023246003324297826e+00 1.229115057490688390e+00
-1.020860258387659147e+00 1.193688256488078858e+00
-1.018474513451020691e+00 1.344265400715605407e+00
-1.016088768514382012e+00 1.446099189668247798e+00
-1.013703023577743334e+00 1.532310789518714911e+00
-1.011317278641104878e+00 1.619877402329338967e+00
-1.008931533704466199e+00 1.741318430067682721e+00
-1.006545788767827521e+00 1.867373912075018794e+00
-1.004160043831189064e+00 1.980477469968332294e+00
-1.001774298894550386e+00 2.077579893197247340e+00
-9.993885539579118182e-01 2.172582434493542713e+00
-9.970028090212731398e-01 2.251765570922074744e+00
-9.946170640846345723e-01 2.287837773314295386e+00
-9.922313191479960048e-01 2.265277233234890719e+00
-9.898455742113573264e-01 2.077277278563604668e+00
-9.874598292747187589e-01 1.958245983918965427e+00
-9.850740843380801914e-01 1.867422428189437822e+00
-9.826883394014415130e-01 1.793150541352477534e+00
-9.803025944648029455e-01 1.718859697528543284e+00
-9.779168495281643780e-01 1.661452225899760160e+00
-9.755311045915256996e-01 1.618836338321643309e+00
-9.731453596548871321e-01 1.589317059486684336e+00
-9.707596147182485646e-01 1.555916337170702546e+00
-9.683738697816098862e-01 1.517680526468774049e+00
-9.659881248449713187e-01 1.501296551579102800e+00
-9.636023799083326402e-01 1.507115947394536803e+00
-9.612166349716940728e-01 1.519657318392943379e+00
-9.588308900350555053e-01 1.538045625353720025e+00
-9.564451450984168268e-01 1.583013870248314747e+00
-9.540594001617782594e-01 1.625907624898386361e+00
-9.516736552251396919e-01 1.655017158858741011e+00
-9.492879102885010134e-01 1.672420840466919856e+00
-9.469021653518624460e-01 1.673917173350512932e+00
-9.445164204152238785e-01 1.677697765998809709e+00
-9.421306754785852000e-01 1.674329090116082108e+00
-9.397449305419466326e-01 1.658241452541627137e+00
-9.373591856053080651e-01 1.609967713593392968e+00
-9.349734406686693866e-01 1.531481170312842588e+00
-9.325876957320308192e-01 1.426997226343088343e+00
-9.302019507953922517e-01 1.285120473973092592e+00
-9.278162058587535732e-01 1.089656409578770857e+00
-9.254304609221150058e-01 8.842409492850487052e-01
-9.230447159854764383e-01 7.020660210798375100e-01
-9.206589710488377598e-01 5.563304067732981473e-01
-9.182732261121991924e-01 4.378526333936874071e-01
-9.158874811755606249e-01 3.326411199723554590e-01
-9.135017362389219464e-01 2.433355594435452907e-01
-9.111159913022833789e-01 1.797090867757751287e-01
-9.087302463656448115e-01 1.482650445189996335e-01
-9.063445014290061330e-01 1.513104698179641161e-01
-9.039587564923675655e-01 1.776067016505440688e-01
-9.015730115557289981e-01 2.112424105120442597e-01
-8.991872666190903196e-01 2.432822026969159168e-01
-8.968015216824517521e-01 2.713153592752988730e-01
-8.944157767458131847e-01 2.855201292638113730e-01
-8.920300318091745062e-01 2.835778838693888138e-01
-8.896442868725359387e-01 2.809188288673803435e-01
-8.872585419358973713e-01 2.934424000111383601e-01
-8.848727969992586928e-01 3.162166754731692286e-01
-8.824870520626201253e-01 3.286078680237634608e-01
-8.801013071259815579e-01 3.340158498111528429e-01
-8.777155621893428794e-01 3.307955962164452202e-01
-8.753298172527043119e-01 3.333703138410609168e-01
-8.729440723160657445e-01 3.555433370810933136e-01
-8.705583273794270660e-01 3.000332699963729755e-01
-8.681725824427884985e-01 2.721482353006161592e-01
-8.657868375061499311e-01 2.509699666162964471e-01
-8.634010925695112526e-01 2.318866504290944541e-01
-8.610153476328726851e-01 2.173651502462172758e-01
-8.586296026962340067e-01 1.979198388764978056e-01
-8.562438577595954392e-01 1.841227016980086229e-01
-8.538581128229568717e-01 1.875289306017299262e-01
-8.514723678863181933e-01 2.035204374044677078e-01
-8.490866229496796258e-01 2.181569517909898170e-01
-8.467008780130410583e-01 2.152974176425961339e-01
-8.443151330764023799e-01 1.943684768647768735e-01
-8.419293881397638124e-01 2.681680606328817884e-01
-8.395436432031252449e-01 3.191624627732791430e-01
-8.371578982664865665e-01 4.154104009257424401e-01
-8.347721533298479990e-01 5.681810818069904512e-01
-8.323864083932094315e-01 6.643670997649344656e-01
-8.300006634565707531e-01 6.936476947313111596e-01
-8.276149185199321856e-01 7.096130816453595225e-01
-8.252291735832936181e-01 7.200183267552054955e-01
-8.228434286466549397e-01 7.235977918535253517e-01
-8.204576837100163722e-01 7.300724162164790032e-01
-8.180719387733778047e-01 7.532318935356019374e-01
-8.156861938367391263e-01 8.192241677151602675e-01
-8.133004489001005588e-01 8.581123650111465162e-01
-8.109147039634619913e-01 9.277456825647074634e-01
-8.085289590268233129e-01 1.019908227446869597e+00
-8.061432140901847454e-01 1.095886106880739508e+00
-8.037574691535461779e-01 1.209006112147626322e+00
-8.013717242169074995e-01 1.366384170021063271e+00
-7.989859792802689320e-01 1.521115198190001738e+00
-7.966002343436303645e-01 1.652858120733772918e+00
-7.942144894069916861e-01 1.758428419029964385e+00
-7.918287444703531186e-01 1.838526498577897295e+00
-7.894429995337145511e-01 1.893010345979367459e+00
-7.870572545970758727e-01 1.918034463581947291e+00
-7.846715096604373052e-01 2.039057683083734140e+00
-7.822857647237987377e-01 2.090553540281025580e+00
-7.799000197871600593e-01 2.028739222698249023e+00
-7.775142748505214918e-01 1.902363025178289924e+00
-7.751285299138829243e-01 1.776921567235663524e+00
-7.727427849772442459e-01 1.684248367386335099e+00
-7.703570400406056784e-01 1.649816088933090397e+00
-7.679712951039671109e-01 1.615696315105868530e+00
-7.655855501673284325e-01 1.597584618016327784e+00
-7.631998052306898650e-01 1.573936404401786282e+00
-7.608140602940511865e-01 1.524859442206594862e+00
-7.584283153574126191e-01 1.470577758787696476e+00
-7.560425704207740516e-01 1.334701608562880670e+00
-7.536568254841353731e-01 1.225145162566322998e+00
-7.512710805474968057e-01 1.158624659307043281e+00
-7.488853356108582382e-01 1.180661462549347451e+00
-7.464995906742195597e-01 1.220024741105586674e+00
-7.441138457375809923e-01 1.246997574702202627e+00
-7.417281008009424248e-01 1.263503317474121479e+00
-7.393423558643037463e-01 1.330093628750047996e+00
-7.369566109276651789e-01 1.368744198504966203e+00
-7.345708659910266114e-01 1.428105186777431923e+00
-7.321851210543879329e-01 1.497986655317220972e+00
-7.297993761177493655e-01 1.556424224026988101e+00
-7.274136311811107980e-01 1.732021347213683393e+00
-7.250278862444721195e-01 1.890999013882014967e+00
-7.226421413078335521e-01 2.031478326630707709e+00
-7.202563963711949846e-01 2.104622357192764248e+00
-7.178706514345563061e-01 2.174041369708855420e+00
-7.154849064979177387e-01 2.225232518767266132e+00
-7.130991615612791712e-01 2.223014646141372008e+00
-7.107134166246404927e-01 2.180715272508779279e+00
-7.083276716880019253e-01 2.172080248423611248e+00
-7.059419267513633578e-01 2.165903469290628713e+00
-7.035561818147246793e-01 2.169340891500208368e+00
-7.011704368780861119e-01 2.157172705153368675e+00
-6.987846919414475444e-01 1.999788291776299021e+00
-6.963989470048088659e-01 1.836455427152130060e+00
-6.940132020681702985e-01 1.686676193006633628e+00
-6.916274571315317310e-01 1.541486215461436826e+00
-6.892417121948930525e-01 1.398753424677228852e+00
-6.868559672582544851e-01 1.280910726561324209e+00
-6.844702223216159176e-01 1.194131815034213284e+00
-6.820844773849772391e-01 1.131483502012152753e+00
-6.796987324483386717e-01 1.074946208078519039e+00
-6.773129875117001042e-01 1.014082029209363522e+00
-6.749272425750614257e-01 9.573171184743586304e-01
-6.725414976384228583e-01 9.281333324056798562e-01
-6.701557527017842908e-01 9.506105781854398140e-01
-6.677700077651456123e-01 1.024401308800060750e+00
-6.653842628285070449e-01 1.102910380535931933e+00
-6.629985178918684774e-01 1.155183137514426361e+00
-6.606127729552297989e-01 1.195361420721574364e+00
-6.582270280185912315e-01 1.232642163125542867e+00
-6.558412830819525530e-01 1.255962191742074907e+00
-6.534555381453139855e-01 1.259476428814353399e+00
-6.510697932086754181e-01 1.264964316871085126e+00
-6.486840482720367396e-01 1.294432905065500350e+00
-6.462983033353981721e-01 1.347257638200905161e+00
-6.439125583987596046e-01 1.385566170621769455e+00
-6.415268134621209262e-01 1.375068145656935581e+00
-6.391410685254823587e-01 1.339778147027266053e+00
-6.367553235888437912e-01 1.318809190994269853e+00
-6.343695786522051128e-01 1.346953128015523582e+00
-6.319838337155665453e-01 1.405472428140561725e+00
-6.295980887789279778e-01 1.457121087768198153e+00
-6.272123438422892994e-01 1.493848106013695443e+00
-6.248265989056507319e-01 1.524628509031373591e+00
-6.224408539690121644e-01 1.530005484447086506e+00
-6.200551090323734860e-01 1.488086907525559832e+00
-6.176693640957349185e-01 1.418062346202705770e+00
-6.152836191590963510e-01 1.363023874146421566e+00
-6.128978742224576726e-01 1.349900348978374742e+00
-6.105121292858191051e-01 1.343251575361216421e+00
-6.081263843491805376e-01 1.324524187329046976e+00
-6.057406394125418592e-01 1.289071864815681590e+00
-6.033548944759032917e-01 1.237484572533076532e+00
-6.009691495392647242e-01 1.187994123669179780e+00
-5.985834046026260458e-01 1.145337092999254125e+00
-5.961976596659874783e-01 1.108162317196273783e+00
-5.938119147293489108e-01 1.087181608686919043e+00
-5.914261697927102324e-01 1.098702223527019850e+00
-5.890404248560716649e-01 1.132934972627368309e+00
-5.866546799194330974e-01 1.172347811232200998e+00
-5.842689349827944190e-01 1.244167831342186892e+00
-5.818831900461558515e-01 1.245360649309822154e+00
-5.794974451095172840e-01 1.187310939667437948e+00
-5.771117001728786056e-01 1.085113422363423119e+00
-5.747259552362400381e-01 9.511196088759278355e-01
-5.723402102996014706e-01 7.976486656042606205e-01
-5.699544653629627922e-01 6.394014708184230233e-01
-5.675687204263242247e-01 4.967992111622687168e-01
-5.651829754896856572e-01 3.805042068369891561e-01
-5.627972305530469788e-01 2.745229549998410845e-01
-5.604114856164084113e-01 1.562360508637608281e-01
-5.580257406797697328e-01 1.376701241284938870e-02
-5.556399957431311654e-01 -1.894742981661649006e-01
-5.532542508064925979e-01 -3.449512951411607964e-01
-5.508685058698539194e-01 -4.557462640536354970e-01
-5.484827609332153520e-01 -5.296360425653746651e-01
-5.460970159965767845e-01 -5.667662914588444956e-01
-5.437112710599381060e-01 -5.805745264178830967e-01
-5.413255261232995386e-01 -5.744166977656034456e-01
-5.389397811866609711e-01 -5.636479300429708683e-01
-5.365540362500222926e-01 -5.655306185228594629e-01
-5.341682913133837252e-01 -5.637995165035887268e-01
-5.317825463767451577e-01 -5.276773669472962780e-01
-5.293968014401064792e-01 -4.563670158943632926e-01
-5.270110565034679118e-01 -3.763669153739247486e-01
-5.246253115668293443e-01 -2.961911455791751968e-01
-5.222395666301906658e-01 -2.203522836728161738e-01
-5.198538216935520984e-01 -1.491467979691267209e-01
-5.174680767569135309e-01 -8.456247779057517178e-02
-5.150823318202748524e-01 -1.718318461812370218e-02
-5.126965868836362850e-01 5.875714456517659029e-02
-5.103108419469977175e-01 1.389464942538740089e-01
-5.079250970103590390e-01 2.223798328839827199e-01
-5.055393520737204716e-01 3.025390445457157296e-01
-5.031536071370819041e-01 3.726952052425706041e-01
-5.007678622004432256e-01 4.358469566795721839e-01
-4.983821172638046582e-01 5.245544254975836873e-01
-4.959963723271660352e-01 6.411026773995414096e-01
-4.936106273905274677e-01 7.505276185128038069e-01
-4.912248824538888448e-01 8.356463443296812121e-01
-4.888391375172502218e-01 9.091860727728987568e-01
-4.864533925806116543e-01 9.542876088059041306e-01
-4.840676476439730314e-01 9.683346967549502082e-01
-4.816819027073344084e-01 9.720667636015278834e-01
-4.792961577706957854e-01 9.914171455834411839e-01
-4.769104128340572180e-01 1.020178632275718034e+00
-4.745246678974185950e-01 1.046708022611287481e+00
-4.721389229607799720e-01 1.071999625986575611e+00
-4.697531780241414046e-01 1.076361445677055606e+00
-4.673674330875027816e-01 1.053903619751613396e+00
-4.649816881508641586e-01 1.022837289811983297e+00
-4.625959432142255912e-01 9.978662206555543035e-01
-4.602101982775869682e-01 9.762695601878285112e-01
-4.578244533409483452e-01 9.611967151837008672e-01
-4.554387084043097778e-01 9.488341744622589280e-01
-4.530529634676711548e-01 9.435380031345268481e-01
-4.506672185310325318e-01 9.150946290522671278e-01
-4.482814735943939644e-01 8.591322091217918899e-01
-4.458957286577553414e-01 7.834125410384539245e-01
-4.435099837211167184e-01 6.968512862230473726e-01
-4.411242387844781510e-01 5.820869199953504491e-01
-4.387384938478395280e-01 5.055660267693429244e-01
-4.363527489112009050e-01 4.577994207727275056e-01
-4.339670039745623376e-01 4.214651492093526852e-01
-4.315812590379237146e-01 3.747808286040417713e-01
-4.291955141012850916e-01 3.218031015628387559e-01
-4.268097691646464686e-01 2.675993327561392854e-01
-4.244240242280079012e-01 1.932278444817945584e-01
-4.220382792913692782e-01 1.089405905512808997e-01
-4.196525343547306552e-01 3.198096894127686746e-02
-4.172667894180920878e-01 -3.493203278857150151e-02
-4.148810444814534648e-01 -8.886311004296268412e-02
-4.124952995448148418e-01 -1.020331514666985018e-01
-4.101095546081762744e-01 -1.328729337302702873e-01
-4.077238096715376514e-01 -1.563913874845543062e-01
-4.053380647348990284e-01 -1.662748289064140683e-01
-4.029523197982604610e-01 -1.443377024523681829e-01
-4.005665748616218380e-01 -6.885816784130104062e-02
-3.981808299249832150e-01 3.557132803781308528e-02
-3.957950849883446476e-01 1.365265149874608785e-01
-3.934093400517060246e-01 2.244623655071078527e-01
-3.910235951150674016e-01 2.896204624283244544e-01
-3.886378501784288342e-01 3.370082280627882398e-01
-3.862521052417902112e-01 3.545891002576133100e-01
-3.838663603051515882e-01 3.508589455350658026e-01
-3.814806153685130208e-01 3.280681799234868024e-01
-3.790948704318743978e-01 2.819378971994455085e-01
-3.767091254952357748e-01 2.233907775952789776e-01
-3.743233805585971519e-01 1.472189491443787746e-01
-3.719376356219585844e-01 4.228455217914634662e-02
-3.695518906853199614e-01 -7.943219331688734786e-02
-3.671661457486813385e-01 -1.731007557877015934e-01
-3.647804008120427710e-01 -2.225756500524058434e-01
-3.623946558754041480e-01 -2.485568427754490106e-01
-3.600089109387655251e-01 -2.777808670659111523e-01
-3.576231660021269576e-01 -3.065783305352990928e-01
-3.552374210654883346e-01 -3.368798836776542571e-01
-3.528516761288497117e-01 -3.454668382471637322e-01
-3.504659311922111442e-01 -3.234954581151552877e-01
-3.480801862555725212e-01 -2.770779273305314372e-01
-3.456944413189338983e-01 -2.167829349198903133e-01
-3.433086963822953308e-01 -1.610363131544980120e-01
-3.409229514456567078e-01 -1.141524922052836455e-01
-3.385372065090180849e-01 -9.195642668856879309e-02
-3.361514615723795174e-01 -8.958717901089728597e-02
-3.337657166357408944e-01 -8.750773394267848115e-02
-3.313799716991022715e-01 -6.821469995301870926e-02
-3.289942267624636485e-01 -2.895530142570393317e-02
-3.266084818258250810e-01 2.927306155139499516e-02
-3.242227368891864581e-01 7.614492961358351741e-02
-3.218369919525478351e-01 8.770739740137742380e-02
-3.194512470159092676e-01 6.032647438665724587e-02
-3.170655020792706447e-01 9.997524400972675890e-03
-3.146797571426320217e-01 -5.022166722025818431e-02
-3.122940122059934542e-01 -1.183195363393488159e-01
-3.099082672693548313e-01 -1.798110663113003937e-01
-3.075225223327162083e-01 -2.291255190688537002e-01
-3.051367773960776408e-01 -2.413208906414934796e-01
-3.027510324594390179e-01 -2.056580211918832002e-01
-3.003652875228003949e-01 -1.426701316145443377e-01
-2.979795425861618274e-01 -3.308120596971438065e-02
-2.955937976495232045e-01 6.167460485529896452e-02
-2.932080527128845815e-01 1.729414689951631057e-01
-2.908223077762460140e-01 3.172477449940235839e-01
-2.884365628396073911e-01 4.712941692951768125e-01
-2.860508179029687681e-01 6.243208970483314912e-01
-2.836650729663302006e-01 7.798325125167707705e-01
-2.812793280296915777e-01 9.260945556991516669e-01
-2.788935830930529547e-01 1.043864142957780627e+00
-2.765078381564143317e-01 1.116408292421178006e+00
-2.741220932197757643e-01 1.146355266016051866e+00
-2.717363482831371413e-01 1.154311896331496667e+00
-2.693506033464985183e-01 1.119363023407838220e+00
-2.669648584098599509e-01 1.103709775369751123e+00
-2.645791134732213279e-01 1.084613622270851119e+00
-2.621933685365827049e-01 1.056044106753189382e+00
-2.598076235999441375e-01 1.042214951665389355e+00
-2.574218786633055145e-01 1.042114765348143068e+00
-2.550361337266668915e-01 1.049048946730032350e+00
-2.526503887900283241e-01 1.073670660568745161e+00
-2.502646438533897011e-01 1.130684857701552026e+00
-2.478788989167511059e-01 1.209247906899493241e+00
-2.454931539801124829e-01 1.290707150282463411e+00
-2.431074090434738877e-01 1.350173883862253010e+00
-2.407216641068352647e-01 1.370729831191846992e+00
-2.383359191701966695e-01 1.361679973126297627e+00
-2.359501742335580743e-01 1.341689110439126198e+00
-2.335644292969194513e-01 1.301985017116527032e+00
-2.311786843602808561e-01 1.235500152611966440e+00
-2.287929394236422609e-01 1.159435808759396114e+00
-2.264071944870036379e-01 1.089578112545602107e+00
-2.240214495503650427e-01 1.011020161590050037e+00
-2.216357046137264475e-01 9.208862752536249863e-01
-2.192499596770878245e-01 8.382087923742858049e-01
-2.168642147404492293e-01 7.687782728997867299e-01
-2.144784698038106063e-01 7.329997771426605135e-01
-2.120927248671720111e-01 7.516858546563400800e-01
-2.097069799305334159e-01 8.022304860174129804e-01
-2.073212349938947929e-01 8.587224397255968089e-01
-2.049354900572561977e-01 9.240989563955918085e-01
-2.025497451206176025e-01 9.898100842850715564e-01
-2.001640001839789795e-01 1.050014902538145334e+00
-1.977782552473403843e-01 1.093967436941374993e+00
-1.953925103107017891e-01 1.122991510136468918e+00
-1.930067653740631661e-01 1.140747935142408576e+00
-1.906210204374245709e-01 1.137887049355794877e+00
-1.882352755007859479e-01 1.118100589686731094e+00
-1.858495305641473527e-01 1.077812407257017435e+00
-1.834637856275087575e-01 1.001424132420726254e+00
-1.810780406908701345e-01 9.061444274284228273e-01
-1.786922957542315393e-01 8.097454814306062065e-01
-1.763065508175929441e-01 7.141859629555624700e-01
-1.739208058809543211e-01 6.272710748217692478e-01
-1.715350609443157259e-01 5.417174809285090209e-01
-1.691493160076771307e-01 4.631549565308918925e-01
-1.667635710710385077e-01 3.942709630435298207e-01
-1.643778261343999125e-01 3.374547364301237473e-01
-1.619920811977612896e-01 3.167196935630542942e-01
-1.596063362611226943e-01 3.426806010580276673e-01
-1.572205913244840991e-01 3.937988280546946274e-01
-1.548348463878454762e-01 4.208113250680468598e-01
-1.524491014512068809e-01 4.700202204321095589e-01
-1.500633565145682857e-01 5.182347416025111508e-01
-1.476776115779296628e-01 5.615955125946889837e-01
-1.452918666412910675e-01 6.259910920137766732e-01
-1.429061217046524723e-01 7.097359319159668445e-01
-1.405203767680138494e-01 8.041005970134926795e-01
-1.381346318313752541e-01 8.954473144945299667e-01
-1.357488868947366312e-01 9.693535028281581312e-01
-1.333631419580980360e-01 1.001404263914461801e+00
-1.309773970214594407e-01 9.788717366512114104e-01
-1.285916520848208178e-01 9.198688426827337228e-01
-1.262059071481822226e-01 8.779504949381649048e-01
-1.238201622115436135e-01 8.193975122270936717e-01
-1.214344172749050182e-01 7.846044509876043405e-01
-1.190486723382664092e-01 7.722313972180177011e-01
-1.166629274016278001e-01 7.640481004204984217e-01
-1.142771824649891910e-01 7.632591552303128468e-01
-1.118914375283505958e-01 7.469601367637991318e-01
-1.095056925917119867e-01 7.188166838932731340e-01
-1.071199476550733776e-01 6.873766362753316317e-01
-1.047342027184347685e-01 6.622469457155324424e-01
-1.023484577817961733e-01 6.584847473096601123e-01
-9.996271284515756417e-02 6.802627592133563272e-01
-9.757696790851895507e-02 7.299993732353401432e-01
-9.519122297188034598e-02 7.967611203234528094e-01
-9.280547803524175077e-02 8.374803902606928752e-01
-9.041973309860314167e-02 8.429987872284400163e-01
-8.803398816196453258e-02 8.019621239655295719e-01
-8.564824322532593737e-02 7.280003498294785880e-01
-8.326249828868732827e-02 6.601381179532723742e-01
-8.087675335204871918e-02 6.270445710584640064e-01
-7.849100841541011009e-02 6.420537377761447173e-01
-7.610526347877151487e-02 7.000956379097248439e-01
-7.371951854213290578e-02 7.811761883737109446e-01
-7.133377360549429669e-02 8.503405551316921551e-01
-6.894802866885568760e-02 8.767773347034789611e-01
-6.656228373221709238e-02 8.731379170335935580e-01
-6.417653879557848329e-02 8.652951760362236344e-01
-6.179079385893988113e-02 8.574653484090094535e-01
-5.940504892230127204e-02 8.517245482853519345e-01
-5.701930398566266989e-02 8.570831196539302477e-01
-5.463355904902406079e-02 8.737809947297492386e-01
-5.224781411238545864e-02 8.858632474574718030e-01
-4.986206917574684955e-02 8.717242317471428636e-01
-4.747632423910824739e-02 8.104567173590802032e-01
-4.509057930246963830e-02 7.165367511701955516e-01
-4.270483436583103615e-02 6.348728069730379397e-01
-4.031908942919242705e-02 6.085301177527998595e-01
-3.793334449255382490e-02 6.261802303285990412e-01
-3.554759955591522275e-02 6.685176508165200371e-01
-3.316185461927661365e-02 7.296326066653893161e-01
-3.077610968263800803e-02 8.028966496962175459e-01
-2.839036474599940241e-02 8.654942226785967696e-01
-2.600461980936079678e-02 9.134322665362936133e-01
-2.361887487272219116e-02 9.425904561269252691e-01
-2.123312993608358901e-02 9.642274088614583016e-01
-1.884738499944498338e-02 9.993032692354357760e-01
-1.646164006280637776e-02 1.031490946237884954e+00
-1.407589512616777214e-02 1.040704878238433384e+00
-1.169015018952916651e-02 1.006088188415771967e+00
-9.304405252890560890e-03 9.399947300868916056e-01
-6.918660316251955267e-03 8.706184891028954098e-01
-4.532915379613350511e-03 8.145394142581771080e-01
-2.147170442974744888e-03 7.886598072125988734e-01
2.385744936638605461e-04 7.902371907478304980e-01
2.624319430302465925e-03 7.981835977122739845e-01
5.010064366941071115e-03 8.081109307367780881e-01
7.395809303579676738e-03 8.088519892239578457e-01
9.781554240218282362e-03 8.044802822660689356e-01
1.216729917685688799e-02 8.006516507369921820e-01
1.455304411349549187e-02 8.021725248751252479e-01
1.693878905013409750e-02 8.155963053614944114e-01
1.932453398677270312e-02 8.241826859529118865e-01
2.171027892341130874e-02 8.206374092173492896e-01
2.409602386004991437e-02 8.165197446469518727e-01
2.648176879668851999e-02 8.025816848085325361e-01
2.886751373332712561e-02 7.831548189753733125e-01
3.125325866996572777e-02 7.802166812163953136e-01
3.363900360660433686e-02 7.808040270354584811e-01
3.602474854324293901e-02 7.753705889308032395e-01
3.841049347988154811e-02 7.641132023119037164e-01
4.079623841652015026e-02 7.698776460993962401e-01
4.318198335315875935e-02 7.960551049078828934e-01
4.556772828979736151e-02 8.358454342996468611e-01
4.795347322643597060e-02 8.810693009807710752e-01
5.033921816307457275e-02 9.138696798853592762e-01
5.272496309971317491e-02 9.246432552960275331e-01
5.511070803635178400e-02 9.310082313877211524e-01
5.749645297299038615e-02 9.367911449378236721e-01
5.988219790962899525e-02 9.279968506255464877e-01
6.226794284626759740e-02 9.130495508354359302e-01
6.465368778290619955e-02 8.976037902115718836e-01
6.703943271954480865e-02 8.615231838251847796e-01
6.942517765618341774e-02 7.994834535130797004e-01
7.181092259282202683e-02 7.297747300346953958e-01
7.419666752946062205e-02 6.848554456082922570e-01
7.658241246609923114e-02 6.727204651403093649e-01
7.896815740273784023e-02 6.737554010351001210e-01
8.135390233937643545e-02 6.905170309327403055e-01
8.373964727601504454e-02 7.010151357440544961e-01
8.612539221265365363e-02 6.897388800983453860e-01
8.851113714929226273e-02 6.679425344104263917e-01
9.089688208593085794e-02 6.623784949099418284e-01
9.328262702256946703e-02 6.817827052981874081e-01
9.566837195920807613e-02 7.315706285422409749e-01
9.805411689584668522e-02 7.716690033791981929e-01
1.004398618324852804e-01 7.921779953936901597e-01
1.028256067691238895e-01 7.805452240255166263e-01
1.052113517057624986e-01 7.499543560113103302e-01
1.075970966424010938e-01 7.187518754757434847e-01
1.099828415790397029e-01 6.584301691183385152e-01
1.123685865156783120e-01 5.812024795099810515e-01
1.147543314523169211e-01 5.175834395594494097e-01
1.171400763889555163e-01 4.870701780276788240e-01
1.195258213255941254e-01 4.742404047222666397e-01
1.219115662622327345e-01 4.682107351074980550e-01
1.242973111988713436e-01 4.670945971638810756e-01
1.266830561355099527e-01 4.807191799232201079e-01
1.290688010721485479e-01 5.085597334364988509e-01
1.314545460087871431e-01 5.411303386134478366e-01
1.338402909454257661e-01 5.624088512492341208e-01
1.362260358820643613e-01 5.771263700656361628e-01
1.386117808187029565e-01 6.131561523986939211e-01
1.409975257553415795e-01 6.737131115116143931e-01
1.433832706919801747e-01 7.449752867289501923e-01
1.457690156286187977e-01 7.956362491584458851e-01
1.481547605652573929e-01 8.111116529930302299e-01
1.505405055018959881e-01 7.897373159882217220e-01
1.529262504385346111e-01 7.379750097862948222e-01
1.553119953751732063e-01 6.732163163930227068e-01
1.576977403118118015e-01 6.003894937898798245e-01
1.600834852484504245e-01 5.421029964107454413e-01
1.624692301850890197e-01 5.272346566942754942e-01
1.648549751217276149e-01 5.626228627485279077e-01
1.672407200583662379e-01 6.092294133693764158e-01
1.696264649950048331e-01 6.479780166511565076e-01
1.720122099316434561e-01 6.790973836440953315e-01
1.743979548682820513e-01 6.944233371003956101e-01
1.767836998049206465e-01 6.982705282336454378e-01
1.791694447415592695e-01 7.037347789859798031e-01
1.815551896781978647e-01 7.370412022484031933e-01
1.839409346148364599e-01 8.106641384626996905e-01
1.863266795514750829e-01 9.044804274100246566e-01
1.887124244881136781e-01 9.894993257304450784e-01
1.910981694247523011e-01 1.044841677736328522e+00
1.934839143613908963e-01 1.072511125064772530e+00
1.958696592980294915e-01 1.085342015449707764e+00
1.982554042346681145e-01 1.098881797539579042e+00
2.006411491713067097e-01 1.117507397927563595e+00
2.030268941079453049e-01 1.149737456603665553e+00
2.054126390445839279e-01 1.194732643159490237e+00
2.077983839812225231e-01 1.260141443849316811e+00
2.101841289178611183e-01 1.324616026323271800e+00
2.125698738544997413e-01 1.378847467471434607e+00
2.149556187911383365e-01 1.420916467221362778e+00
2.173413637277769594e-01 1.453140254821476907e+00
2.197271086644155547e-01 1.489901027776239895e+00
2.221128536010541499e-01 1.540352202781681168e+00
2.244985985376927728e-01 1.614063128398548486e+00
2.268843434743313681e-01 1.689936108320580610e+00
2.292700884109699633e-01 1.760876532035334563e+00
2.316558333476085862e-01 1.829530600438078913e+00
2.340415782842471815e-01 1.906355903723822465e+00
2.364273232208857767e-01 1.974300422698215041e+00
2.388130681575243996e-01 2.038096647092073166e+00
2.411988130941629949e-01 2.082209547627661195e+00
2.435845580308016178e-01 2.103901540534033110e+00
2.459703029674402130e-01 2.115946552093625144e+00
2.483560479040788083e-01 2.100282709133492354e+00
2.507417928407174035e-01 2.041508518611522049e+00
2.531275377773560264e-01 1.960194562599561152e+00
2.555132827139946494e-01 1.869514302065455436e+00
2.578990276506332169e-01 1.783397313828344322e+00
2.602847725872718398e-01 1.719766815721464281e+00
2.626705175239104628e-01 1.682126398798583500e+00
2.650562624605490303e-01 1.670692091283447089e+00
2.674420073971876533e-01 1.661065915117761582e+00
2.698277523338262762e-01 1.652190605753511621e+00
2.722134972704648437e-01 1.648468848606756909e+00
2.745992422071034667e-01 1.658815697533315703e+00
2.769849871437420896e-01 1.622791475313412946e+00
2.793707320803807126e-01 1.578202557917498305e+00
2.817564770170192801e-01 1.536865639769076530e+00
2.841422219536579030e-01 1.496585696113478026e+00
2.865279668902965260e-01 1.445234471781646990e+00
2.889137118269350935e-01 1.384091182765447181e+00
2.912994567635737164e-01 1.327476316236207987e+00
2.936852017002123394e-01 1.284456571698340710e+00
2.960709466368509069e-01 1.252206125771174072e+00
2.984566915734895298e-01 1.207838706569867915e+00
3.008424365101281528e-01 1.145386735800584921e+00
3.032281814467667203e-01 1.076085743754394919e+00
3.056139263834053432e-01 1.083136028478296264e+00
3.079996713200439662e-01 1.149096405365090501e+00
3.103854162566825337e-01 1.227936994248951530e+00
3.127711611933211566e-01 1.299918718579624155e+00
3.151569061299597796e-01 1.344986269305593840e+00
3.175426510665983471e-01 1.342967416478454412e+00
3.199283960032369700e-01 1.291247537354766939e+00
3.223141409398755930e-01 1.208321883946497755e+00
3.246998858765141605e-01 1.120381797216995601e+00
3.270856308131527834e-01 1.058005734052351654e+00
3.294713757497914064e-01 1.031540183494344287e+00
3.318571206864300294e-01 9.961728564111226314e-01
3.342428656230685968e-01 9.231739587731273566e-01
3.366286105597072198e-01 8.015458959084678092e-01
3.390143554963458428e-01 6.713701710563098057e-01
3.414001004329844102e-01 5.632819126556314338e-01
3.437858453696230332e-01 5.002644620861774749e-01
3.461715903062616562e-01 4.887427575255461898e-01
3.485573352429002236e-01 5.187294861511583255e-01
3.509430801795388466e-01 5.698629476438399344e-01
3.533288251161774696e-01 6.312585940200607926e-01
3.557145700528160370e-01 6.992026861218012534e-01
3.581003149894546600e-01 7.760201779390769605e-01
3.604860599260932830e-01 8.617103382027163638e-01
3.628718048627318504e-01 9.692014598261651237e-01
3.652575497993704734e-01 1.102591868350446536e+00
3.676432947360090964e-01 1.238316242017927893e+00
3.700290396726476638e-01 1.363824297609267822e+00
3.724147846092862868e-01 1.472711639458825328e+00
3.748005295459249098e-01 1.555122451178625020e+00
3.771862744825634772e-01 1.591357217314333328e+00
3.795720194192021002e-01 1.574764105334329534e+00
3.819577643558407232e-01 1.512143597557742414e+00
3.843435092924793461e-01 1.429278300356087161e+00
3.867292542291179136e-01 1.334228186292828910e+00
3.891149991657565366e-01 1.230227686648273089e+00
3.915007441023951595e-01 1.109695835637302785e+00
3.938864890390337270e-01 9.664493069397139813e-01
3.962722339756723500e-01 8.132801870980314041e-01
3.986579789123109729e-01 6.614920462324374029e-01
4.010437238489495404e-01 5.218197976346978795e-01
4.034294687855881634e-01 4.082368282660930880e-01
4.058152137222267863e-01 3.161765128948401671e-01
4.082009586588653538e-01 2.371135510967316840e-01
4.105867035955039768e-01 1.629993210786180313e-01
4.129724485321425997e-01 7.734872548460083874e-02
4.153581934687811672e-01 -5.485722638202909958e-03
4.177439384054197902e-01 -9.086272423585559088e-02
4.201296833420584131e-01 -1.306167643972657444e-01
4.225154282786969806e-01 -1.293864316090492794e-01
4.249011732153356036e-01 -1.000767479583036801e-01
4.272869181519742265e-01 -6.753534325192138421e-02
4.296726630886127940e-01 -5.594070060030617575e-02
4.320584080252514170e-01 -7.353761424286886506e-02
4.344441529618900399e-01 -1.226591499993896217e-01
4.368298978985286629e-01 -1.822523577457826338e-01
4.392156428351672304e-01 -2.349372644175578562e-01
4.416013877718058533e-01 -2.770078321373694030e-01
4.439871327084444763e-01 -3.271557698183051865e-01
4.463728776450830438e-01 -3.728722858760899483e-01
4.487586225817216667e-01 -4.670655119438358316e-01
4.511443675183602897e-01 -5.894227700000751469e-01
4.535301124549988572e-01 -7.243427022762677359e-01
4.559158573916374801e-01 -8.451640877240278460e-01
4.583016023282761031e-01 -9.346588885651374579e-01
4.606873472649146706e-01 -9.976039302876829051e-01
4.630730922015532935e-01 -1.025007881291719380e+00
4.654588371381919165e-01 -1.029016518828032467e+00
4.678445820748304840e-01 -1.022313177604030399e+00
4.702303270114691069e-01 -1.010432019233769907e+00
4.726160719481077299e-01 -9.970335114527062448e-01
4.750018168847462974e-01 -9.621083878565844794e-01
4.773875618213849203e-01 -8.983676952602145382e-01
4.797733067580235433e-01 -8.268735026329036009e-01
4.821590516946621108e-01 -7.433872566969215168e-01
4.845447966313007337e-01 -6.492675674780088446e-01
4.869305415679393567e-01 -5.599648715648083419e-01
4.893162865045779797e-01 -4.803489351107322891e-01
4.917020314412165471e-01 -4.113891089112016730e-01
4.940877763778551701e-01 -3.616337677443026144e-01
4.964735213144937931e-01 -3.399719538988403844e-01
4.988592662511323605e-01 -3.404071326211427495e-01
5.012450111877709835e-01 -3.600144273499543690e-01
5.036307561244095510e-01 -4.123822398384962007e-01
5.060165010610482295e-01 -4.783266878931152211e-01
5.084022459976867969e-01 -5.492380127073879237e-01
5.107879909343253644e-01 -6.318409633131693015e-01
5.131737358709640429e-01 -7.368350422611115169e-01
5.155594808076026103e-01 -8.487847064279467890e-01
5.179452257442411778e-01 -9.506599591931985671e-01
5.203309706808798563e-01 -1.031793479116911216e+00
5.227167156175184237e-01 -1.087669445365396781e+00
5.251024605541569912e-01 -1.109514356596253526e+00
5.274882054907956697e-01 -1.115293603138979739e+00
5.298739504274342371e-01 -1.106482049824710989e+00
5.322596953640728046e-01 -1.071133209464133040e+00
5.346454403007114831e-01 -1.020252966861849631e+00
5.370311852373500505e-01 -9.613826404536883752e-01
5.394169301739886180e-01 -9.158324408216208523e-01
5.418026751106272965e-01 -8.862426421699868273e-01
5.441884200472658639e-01 -8.807388881855414686e-01
5.465741649839044314e-01 -9.085793873300473944e-01
5.489599099205431099e-01 -9.596179886492519628e-01
5.513456548571816773e-01 -1.014740917033295275e+00
5.537313997938202448e-01 -1.074548486157069105e+00
5.561171447304589233e-01 -1.132379854898716287e+00
5.585028896670974907e-01 -1.183611803238185933e+00
5.608886346037361692e-01 -1.250331886710402740e+00
5.632743795403747367e-01 -1.317738299141442360e+00
5.656601244770133041e-01 -1.385114032825535801e+00
5.680458694136519826e-01 -1.431390234497886604e+00
5.704316143502905501e-01 -1.443785385236123320e+00
5.728173592869291175e-01 -1.418511487185003306e+00
5.752031042235677960e-01 -1.352167710182147431e+00
5.775888491602063635e-01 -1.263557866654387407e+00
5.799745940968449309e-01 -1.174177514621935980e+00
5.823603390334836094e-01 -1.093094097588126035e+00
5.847460839701221769e-01 -1.022666308578312977e+00
5.871318289067607443e-01 -9.616259816790264647e-01
5.895175738433994228e-01 -8.843488319613589388e-01
5.919033187800379903e-01 -8.132700589586906448e-01
5.942890637166765577e-01 -7.462893045519127799e-01
5.966748086533152362e-01 -6.777976548789743649e-01
5.990605535899538037e-01 -6.109206491853095278e-01
6.014462985265923711e-01 -5.524149951447783202e-01
6.038320434632310496e-01 -5.088622490847625190e-01
6.062177883998696171e-01 -4.747064544086312954e-01
6.086035333365081845e-01 -4.410169379416209456e-01
6.109892782731468630e-01 -4.001226670411562880e-01
6.133750232097854305e-01 -3.468804251308692521e-01
6.157607681464239979e-01 -2.783702948869365978e-01
6.181465130830626764e-01 -2.151351146028123440e-01
6.205322580197012439e-01 -1.556763355174979324e-01
6.229180029563398113e-01 -1.024078074337534949e-01
6.253037478929784898e-01 -7.068334801180374549e-02
6.276894928296170573e-01 -6.037797734601373784e-02
6.300752377662556247e-01 -6.364707921795811907e-02
6.324609827028943032e-01 -7.023126785764713387e-02
6.348467276395328707e-01 -7.214120195534552693e-02
6.372324725761714381e-01 -6.994284401322513334e-02
6.396182175128101166e-01 -6.388338331087950461e-02
6.420039624494486841e-01 -5.615931380473302564e-02
6.443897073860872515e-01 -5.713905107715772785e-02
6.467754523227259300e-01 -5.222333967922547504e-02
6.491611972593644975e-01 -4.845775662160058811e-02
6.515469421960030649e-01 -4.763517290807724874e-02
6.539326871326417434e-01 -4.997860336423996103e-02
6.563184320692803109e-01 -6.178978698927410640e-02
6.587041770059188783e-01 -8.438193842269850475e-02
6.610899219425575568e-01 -1.175576075364769546e-01
6.634756668791961243e-01 -1.627392468993146546e-01
6.658614118158348028e-01 -2.179661169232176565e-01
6.682471567524733702e-01 -2.817068825492000106e-01
6.706329016891119377e-01 -3.473643571323802859e-01
6.730186466257506162e-01 -4.116323100986511441e-01
6.754043915623891836e-01 -4.854928969476679512e-01
6.777901364990277511e-01 -5.543299615999568442e-01
6.801758814356664296e-01 -6.092106249905192561e-01
6.825616263723049970e-01 -6.515385233663131270e-01
6.849473713089435645e-01 -6.833990551673682079e-01
6.873331162455822430e-01 -7.011192714596861109e-01
6.897188611822208104e-01 -7.096771437939622951e-01
6.921046061188593779e-01 -7.128547388127033368e-01
6.944903510554980564e-01 -7.075681386509724557e-01
6.968760959921366238e-01 -6.962175571393875995e-01
6.992618409287751913e-01 -6.815225911442750473e-01
7.016475858654138698e-01 -6.620290232660610563e-01
7.040333308020524372e-01 -5.818215567605149463e-01
7.064190757386910047e-01 -5.138153546182029352e-01
7.088048206753296832e-01 -4.678475050659200996e-01
7.111905656119682506e-01 -4.421635128571496098e-01
7.135763105486068181e-01 -4.410778678841933975e-01
7.159620554852454966e-01 -4.682705775954500438e-01
7.183478004218840640e-01 -5.061628441198479100e-01
7.207335453585226315e-01 -5.398948036573671949e-01
7.231192902951613100e-01 -5.669465581819642663e-01
7.255050352317998774e-01 -5.877851464776094881e-01
7.278907801684384449e-01 -6.014863791218336697e-01
7.302765251050771234e-01 -6.066717166825659202e-01
7.326622700417156908e-01 -6.548012437567832800e-01
7.350480149783542583e-01 -6.801345259273297028e-01
7.374337599149929368e-01 -6.869648928449650915e-01
7.398195048516315042e-01 -6.759399160145108665e-01
7.422052497882700717e-01 -6.463297848622759911e-01
7.445909947249087502e-01 -5.993787874519391767e-01
7.469767396615473176e-01 -5.426887093358473413e-01
7.493624845981858851e-01 -4.844105351857900255e-01
7.517482295348245636e-01 -4.274581109387793898e-01
7.541339744714631310e-01 -3.702661812844681988e-01
7.565197194081016985e-01 -3.240970005005152643e-01
7.589054643447403770e-01 -2.925303987737719047e-01
7.612912092813789444e-01 -2.812709362638811661e-01
7.636769542180176229e-01 -2.950063910908433118e-01
7.660626991546561904e-01 -3.167600573819886467e-01
7.684484440912947578e-01 -3.357144360871275324e-01
7.708341890279334363e-01 -3.495852798290170482e-01
7.732199339645720038e-01 -3.581143337467587173e-01
7.756056789012105712e-01 -3.526753140082636295e-01
7.779914238378492497e-01 -3.362603785271470747e-01
7.803771687744878172e-01 -3.058890698841087996e-01
7.827629137111263846e-01 -2.676140992581414468e-01
7.851486586477650631e-01 -2.153617722640625842e-01
7.875344035844036306e-01 -1.588446869603580280e-01
7.899201485210421980e-01 -1.115910071304039852e-01
7.923058934576808765e-01 -6.941810847052649891e-02
7.946916383943194440e-01 -2.001203456229474348e-02
7.970773833309580114e-01 2.916701534081701103e-02
7.994631282675966899e-01 6.834852262897152253e-02
8.018488732042352574e-01 9.856720829093090774e-02
8.042346181408738248e-01 1.043100730550694105e-01
8.066203630775125033e-01 8.667552314392280854e-02
8.090061080141510708e-01 3.800914795530413448e-02
8.113918529507896382e-01 -3.950130842296799283e-02
8.137775978874283167e-01 -1.340709093166923549e-01
8.161633428240668842e-01 -2.382177403682945449e-01
8.185490877607054516e-01 -3.261412063166443942e-01
8.209348326973441301e-01 -3.914309233776300800e-01
8.233205776339826976e-01 -4.530446735656105672e-01
8.257063225706212650e-01 -5.143950104754757557e-01
8.280920675072599435e-01 -5.637499271540887813e-01
8.304778124438985110e-01 -5.987401342942284543e-01
8.328635573805370784e-01 -6.076719279435386367e-01
8.352493023171757569e-01 -6.010970020356057875e-01
8.376350472538143244e-01 -5.842697822212207237e-01
8.400207921904528918e-01 -5.541687320534210981e-01
8.424065371270915703e-01 -5.206974877510824884e-01
8.447922820637301378e-01 -4.849139831496605546e-01
8.471780270003687052e-01 -4.923616836377804895e-01
8.495637719370073837e-01 -4.994091596593887017e-01
8.519495168736459512e-01 -5.032410161815309424e-01
8.543352618102845186e-01 -5.057268488836783593e-01
8.567210067469231971e-01 -5.042127245431550220e-01
8.591067516835617646e-01 -5.057177252135147683e-01
8.614924966202003320e-01 -5.278846534541634661e-01
8.638782415568390105e-01 -5.656164625479178643e-01
8.662639864934775780e-01 -6.075525403590901208e-01
8.686497314301162564e-01 -6.472469104406773921e-01
8.710354763667548239e-01 -6.771153959109329490e-01
8.734212213033933914e-01 -6.953854047526718540e-01
8.758069662400320698e-01 -6.612144763111010848e-01
8.781927111766706373e-01 -6.345522442517481654e-01
8.805784561133092048e-01 -6.225528693943015446e-01
8.829642010499478832e-01 -6.053681840972929828e-01
8.853499459865864507e-01 -5.784143887995245592e-01
8.877356909232250182e-01 -5.341725616567413182e-01
8.901214358598636966e-01 -4.806572523506247863e-01
8.925071807965022641e-01 -4.244499372522597125e-01
8.948929257331408316e-01 -3.744629502994503700e-01
8.972786706697795100e-01 -3.328136711795154357e-01
8.996644156064180775e-01 -3.014338398067848979e-01
9.020501605430566450e-01 -2.758721190490371344e-01
9.044359054796953235e-01 -2.670178217482760963e-01
9.068216504163338909e-01 -2.652359608933301804e-01
9.092073953529724584e-01 -2.729796676617654017e-01
9.115931402896111369e-01 -3.047587265795892453e-01
9.139788852262497043e-01 -3.620176279852873047e-01
9.163646301628882718e-01 -4.448321544488474388e-01
9.187503750995269503e-01 -5.375577953762344929e-01
9.211361200361655177e-01 -6.289753295154418833e-01
9.235218649728040852e-01 -7.087382557985020259e-01
9.259076099094427637e-01 -7.786366385788930922e-01
9.282933548460813311e-01 -8.414592576198562934e-01
9.306790997827198986e-01 -8.988115814525911018e-01
9.330648447193585771e-01 -9.399515467684698145e-01
9.354505896559971445e-01 -9.634910700631479363e-01
9.378363345926357120e-01 -9.694780695181058894e-01
9.402220795292743905e-01 -9.656216688929997183e-01
9.426078244659129579e-01 -9.567163668236811080e-01
9.449935694025515254e-01 -9.446826092818266796e-01
9.473793143391902039e-01 -9.311800726304413356e-01
9.497650592758287713e-01 -9.166089955451579563e-01
9.521508042124673388e-01 -8.974645093616859803e-01
9.545365491491060173e-01 -8.714965848730613640e-01
9.569222940857445847e-01 -8.408509469887074372e-01
9.593080390223831522e-01 -8.109359522422626698e-01
9.616937839590218307e-01 -7.894072716830086156e-01
9.640795288956603981e-01 -7.784759496602104978e-01
9.664652738322990766e-01 -7.761000897516369124e-01
9.688510187689376441e-01 -7.752378803309228905e-01
9.712367637055762115e-01 -7.728656453841173946e-01
9.736225086422148900e-01 -7.681729785301050217e-01
9.760082535788534575e-01 -7.610264565501366762e-01
9.783939985154920249e-01 -7.557991013933204050e-01
9.807797434521307034e-01 -7.534336534524503914e-01
9.831654883887692709e-01 -7.598420833714494282e-01
9.855512333254078383e-01 -7.739645749296826249e-01
9.879369782620465168e-01 -7.821888323766734707e-01
9.903227231986850843e-01 -7.499985681501288859e-01
9.927084681353236517e-01 -7.247587447616792300e-01
9.950942130719623302e-01 -7.019365421091707802e-01
9.974799580086008977e-01 -6.793516309659765051e-01
9.998657029452394651e-01 -6.518133627156107446e-01
1.002251447881878033e+00 -6.209775177354155407e-01
1.004637192818516711e+00 -5.913505725014549519e-01
1.007022937755155390e+00 -5.640871169411008079e-01
1.009408682691793846e+00 -5.466630837135412202e-01
1.011794427628432524e+00 -5.280802418137139354e-01
1.014180172565071203e+00 -5.084358760294362956e-01
1.016565917501709659e+00 -4.939756258087048546e-01
1.018951662438348338e+00 -5.265678710857608635e-01
1.021337407374987016e+00 -5.587053108873473173e-01
1.023723152311625473e+00 -5.851635851062930715e-01
1.026108897248264151e+00 -6.031416604697250605e-01
1.028494642184902830e+00 -6.212013284494538601e-01
1.030880387121541286e+00 -6.440185508130719105e-01
1.033266132058179965e+00 -6.645014128033369660e-01
1.035651876994818643e+00 -6.697554751977090604e-01
1.038037621931457100e+00 -6.608296668773521176e-01
1.040423366868095778e+00 -6.472903314988310841e-01
1.042809111804734457e+00 -6.339081411262807997e-01
1.045194856741372913e+00 -6.280373875745368650e-01
1.047580601678011591e+00 -6.124387213117082895e-01
1.049966346614650270e+00 -5.892712785701361700e-01
1.052352091551288726e+00 -5.656276171059364533e-01
1.054737836487927405e+00 -5.522697273677621421e-01
1.057123581424566083e+00 -5.514427184514836267e-01
1.059509326361204540e+00 -5.648250266443133327e-01
1.061895071297843218e+00 -5.970610294395655160e-01
1.064280816234481897e+00 -6.498122027031890680e-01
1.066666561171120353e+00 -7.118853844292080124e-01
1.069052306107759032e+00 -7.796878832028463213e-01
1.071438051044397710e+00 -8.436916585899250087e-01
1.073823795981036167e+00 -8.961433045599662695e-01
1.076209540917674845e+00 -9.394587944761719767e-01
1.078595285854313524e+00 -9.772960626049336241e-01
1.080981030790951980e+00 -1.017215454663855878e+00
1.083366775727590658e+00 -1.056728173863324960e+00
1.085752520664229337e+00 -1.097972105336918247e+00
1.088138265600867793e+00 -1.130095850363342480e+00
1.090524010537506472e+00 -1.143832987040753535e+00
1.092909755474145150e+00 -1.137859814992206786e+00
1.095295500410783607e+00 -1.118849946585256605e+00
1.097681245347422285e+00 -1.087781797210187751e+00
1.100066990284060964e+00 -1.061348378529388903e+00
1.102452735220699420e+00 -1.046680127633055957e+00
1.104838480157338099e+00 -1.042495589756616825e+00
1.107224225093976777e+00 -1.053651958133565270e+00
1.109609970030615234e+00 -1.077737382399963417e+00
1.111995714967253912e+00 -1.104915589809037035e+00
1.114381459903892591e+00 -1.117409726028428585e+00
1.116767204840531047e+00 -1.120847953153017107e+00
1.119152949777169725e+00 -1.118911910969571322e+00
1.121538694713808404e+00 -1.120170945340825508e+00
1.123924439650447082e+00 -1.122929319009906557e+00
1.126310184587085539e+00 -1.134788279830660773e+00
1.128695929523724217e+00 -1.148209655954455233e+00
1.131081674460362896e+00 -1.159564681228784755e+00
1.133467419397001352e+00 -1.177413077820012699e+00
1.135853164333640031e+00 -1.196025881585444761e+00
1.138238909270278709e+00 -1.211626179081748855e+00
1.140624654206917166e+00 -1.226004927402035261e+00
1.143010399143555844e+00 -1.237087115274665194e+00
1.145396144080194523e+00 -1.238374673098229906e+00
1.147781889016832979e+00 -1.227906599722889958e+00
1.150167633953471658e+00 -1.207855402663859712e+00
1.152553378890110336e+00 -1.190690585893049880e+00
1.154939123826748792e+00 -1.176643477520007863e+00
1.157324868763387471e+00 -1.162413149124083445e+00
1.159710613700026149e+00 -1.141707595615703896e+00
1.162096358636664606e+00 -1.111553411312039552e+00
1.164482103573303284e+00 -1.067319164756235450e+00
1.166867848509941963e+00 -1.008829178885330302e+00
1.169253593446580419e+00 -9.384361472189304276e-01
1.171639338383219098e+00 -8.733610188671532271e-01
1.174025083319857776e+00 -8.270585220407086213e-01
1.176410828256496233e+00 -8.053120077721690473e-01
1.178796573193134911e+00 -8.053408348525108451e-01
1.181182318129773590e+00 -8.165584768320417464e-01
1.183568063066412046e+00 -8.298439536333651612e-01
1.185953808003050725e+00 -8.418438148782492192e-01
1.188339552939689403e+00 -8.587320715560774476e-01
1.190725297876327859e+00 -8.908704371913892528e-01
1.193111042812966538e+00 -9.352242231019276542e-01
1.195496787749605216e+00 -9.888921540366193419e-01
1.197882532686243673e+00 -1.049828494506941379e+00
1.200268277622882351e+00 -1.109741827760882149e+00
1.202654022559521030e+00 -1.149861612474961881e+00
1.205039767496159486e+00 -1.172527056923952538e+00
1.207425512432798165e+00 -1.182604828000664021e+00
1.209811257369436843e+00 -1.184678806904575055e+00
1.212197002306075300e+00 -1.186966872049424859e+00
1.214582747242713978e+00 -1.186006721394229135e+00
1.216968492179352657e+00 -1.181162314529381918e+00
1.219354237115991113e+00 -1.158918305048864283e+00
1.221739982052629792e+00 -1.123056781795112036e+00
1.224125726989268470e+00 -1.074796135369732841e+00
1.226511471925906926e+00 -1.022518709027573136e+00
1.228897216862545605e+00 -9.640214889727783953e-01
1.231282961799184283e+00 -9.160781582348430652e-01
1.233668706735822740e+00 -8.796848591954012919e-01
1.236054451672461418e+00 -8.536030050679898062e-01
1.238440196609100097e+00 -8.358024446486959080e-01
1.240825941545738553e+00 -8.231409922947470204e-01
1.243211686482377232e+00 -8.249643208364243474e-01
1.245597431419015910e+00 -8.389765699304975177e-01
1.247983176355654367e+00 -8.699677992077727851e-01
1.250368921292293045e+00 -9.075538543987975437e-01
1.252754666228931724e+00 -9.513612697837194876e-01
1.255140411165570180e+00 -9.946314979743214879e-01
1.257526156102208859e+00 -1.042424033988193166e+00
1.259911901038847537e+00 -1.087683477179186786e+00
1.262297645975485993e+00 -1.121667369584771867e+00
1.264683390912124672e+00 -1.136988685806613608e+00
1.267069135848763350e+00 -1.144806117970940118e+00
1.269454880785401807e+00 -1.145948351546745902e+00
1.271840625722040485e+00 -1.136223205082196097e+00
1.274226370658679164e+00 -1.114484450229366264e+00
1.276612115595317620e+00 -1.078868113980152588e+00
1.278997860531956299e+00 -1.043531875696552369e+00
1.281383605468594977e+00 -1.011527444366462580e+00
1.283769350405233434e+00 -9.888970342862664076e-01
1.286155095341872112e+00 -9.786563017670872888e-01
1.288540840278510791e+00 -9.761468678247855468e-01
1.290926585215149247e+00 -9.836542458737522754e-01
1.293312330151787926e+00 -1.000111415040599194e+00
1.295698075088426604e+00 -1.012063709134169986e+00
1.298083820025065060e+00 -1.017397542110445530e+00
1.300469564961703739e+00 -1.013868888423418824e+00
1.302855309898342417e+00 -1.005264053147480796e+00
1.305241054834980874e+00 -9.958308390201819904e-01
1.307626799771619552e+00 -9.837416545495809572e-01
1.310012544708258231e+00 -9.651281610109846421e-01
1.312398289644896687e+00 -9.385486596064391840e-01
1.314784034581535366e+00 -9.104599620145664707e-01
1.317169779518174044e+00 -8.806096952831165003e-01
1.319555524454812501e+00 -8.543034682697461246e-01
1.321941269391451179e+00 -8.346750544497023583e-01
1.324327014328089858e+00 -8.240511870985366416e-01
1.326712759264728536e+00 -8.150869189026137551e-01
1.329098504201366993e+00 -8.106825379649373886e-01
1.331484249138005671e+00 -8.137964357127639436e-01
1.333869994074644350e+00 -8.203296785972222782e-01
1.336255739011282806e+00 -8.289550576343270860e-01
1.338641483947921484e+00 -8.453928701945218060e-01
1.341027228884560163e+00 -8.661739487634986245e-01
1.343412973821198619e+00 -8.811309410379078999e-01
1.345798718757837298e+00 -8.944404873573627013e-01
1.348184463694475976e+00 -9.056101213633919178e-01
1.350570208631114433e+00 -9.187963584618437096e-01
1.352955953567753111e+00 -9.331224165904281609e-01
1.355341698504391790e+00 -9.513184941677852446e-01
1.357727443441030246e+00 -9.688793458538617065e-01
1.360113188377668925e+00 -9.824196529171972392e-01
1.362498933314307603e+00 -9.968462306935644834e-01
1.364884678250946060e+00 -1.008434020580427193e+00
1.367270423187584738e+00 -1.012694124929902184e+00
1.369656168124223417e+00 -1.013769127072997600e+00
1.372041913060861873e+00 -1.003665883800699543e+00
1.374427657997500551e+00 -9.830554084814694393e-01
1.376813402934139230e+00 -9.499406072015124103e-01
1.379199147870777686e+00 -9.042787260680488215e-01
1.381584892807416365e+00 -8.528287787665448372e-01
1.383970637744055043e+00 -8.006568844267907270e-01
1.386356382680693500e+00 -7.548992057974998060e-01
1.388742127617332178e+00 -7.167156760483578415e-01
1.391127872553970857e+00 -6.764161417714962266e-01
1.393513617490609313e+00 -6.410985059755024418e-01
1.395899362427247992e+00 -6.144637191271965504e-01
1.398285107363886670e+00 -5.925756990498608490e-01
1.400670852300525127e+00 -5.853566164761359047e-01
1.403056597237163805e+00 -5.922675335794331808e-01
1.405442342173802484e+00 -6.118876839859052064e-01
1.407828087110440940e+00 -6.444974438814518036e-01
1.410213832047079618e+00 -6.815299796792853027e-01
1.412599576983718297e+00 -7.124150585652430090e-01
1.414985321920356753e+00 -7.292391321521956016e-01
1.417371066856995432e+00 -7.429020272851429851e-01
1.419756811793634110e+00 -7.904400310225514481e-01
1.422142556730272567e+00 -8.386687133559717067e-01
1.424528301666911245e+00 -8.779954965168359493e-01
1.426914046603549924e+00 -9.096479550224464417e-01
1.429299791540188380e+00 -9.297696285125233162e-01
1.431685536476827059e+00 -9.399913630482918947e-01
1.434071281413465737e+00 -9.401986977261694856e-01
1.436457026350104194e+00 -9.262381469862314143e-01
1.438842771286742872e+00 -9.001911360481447133e-01
1.441228516223381551e+00 -8.755715863170014934e-01
1.443614261160020007e+00 -8.537836932996049066e-01
1.446000006096658685e+00 -8.281407328140353297e-01
1.448385751033297364e+00 -7.646314992042082537e-01
1.450771495969935820e+00 -6.921840953763201965e-01
1.453157240906574499e+00 -6.208895544203184569e-01
1.455542985843213177e+00 -5.504600217923317773e-01
1.457928730779851634e+00 -4.893429998669810987e-01
1.460314475716490312e+00 -4.339936636677966808e-01
1.462700220653128991e+00 -3.843582749463162473e-01
1.465085965589767447e+00 -3.436621861623495588e-01
1.467471710526406126e+00 -3.114433866729734435e-01
1.469857455463044804e+00 -2.880409468057822386e-01
1.472243200399683261e+00 -2.782900881823177075e-01
1.474628945336321939e+00 -2.771469126606899702e-01
1.477014690272960618e+00 -2.934336277036260210e-01
1.479400435209599074e+00 -3.301839256611990847e-01
1.481786180146237752e+00 -3.774517022802099109e-01
1.484171925082876431e+00 -4.316590869340956038e-01
1.486557670019514887e+00 -4.822772104666279702e-01
1.488943414956153566e+00 -5.243276108946004488e-01
1.491329159892792244e+00 -5.622802812748169954e-01
1.493714904829430701e+00 -6.024353493974160534e-01
1.496100649766069379e+00 -6.447980644183134435e-01
1.498486394702708058e+00 -6.738197967123811249e-01
1.500872139639346514e+00 -6.835770221865334895e-01
1.503257884575985193e+00 -6.807247571960581833e-01
1.505643629512623871e+00 -6.606225441426734069e-01
1.508029374449262328e+00 -6.262542613981831874e-01
1.510415119385901006e+00 -5.890464304266225248e-01
1.512800864322539685e+00 -5.503049683351509680e-01
1.515186609259178141e+00 -5.144008701930817828e-01
1.517572354195816819e+00 -4.828032716835751192e-01
1.519958099132455498e+00 -4.613517780511014466e-01
1.522343844069093954e+00 -4.453342115678739499e-01
1.524729589005732633e+00 -4.408684242209670590e-01
1.527115333942371311e+00 -4.574197138413663710e-01
1.529501078879009990e+00 -4.979923727794999255e-01
1.531886823815648446e+00 -5.544089877048400394e-01
1.534272568752287125e+00 -6.178704991353067832e-01
1.536658313688925803e+00 -6.764859057438711298e-01
1.539044058625564260e+00 -7.229371041501408968e-01
1.541429803562202938e+00 -7.634658778664094037e-01
1.543815548498841617e+00 -8.053348223350496049e-01
1.546201293435480073e+00 -8.586366259705149329e-01
1.548587038372118752e+00 -9.164441992200504927e-01
1.550972783308757430e+00 -9.771923705476532884e-01
1.553358528245395886e+00 -1.026973064401107472e+00
1.555744273182034565e+00 -1.062890546945898462e+00
1.558130018118673243e+00 -1.079798832171276812e+00
1.560515763055311700e+00 -1.070163853707964741e+00
1.562901507991950378e+00 -9.948383597263255052e-01
1.565287252928589057e+00 -9.190714109683564281e-01
1.567672997865227513e+00 -8.570822734990506397e-01
1.570058742801866192e+00 -8.159207538815717031e-01
1.572444487738504870e+00 -7.872863202560179685e-01
1.574830232675143327e+00 -7.652144595230970792e-01
1.577215977611782005e+00 -7.446324747590189475e-01
1.579601722548420684e+00 -7.184943827831913321e-01
1.581987467485059140e+00 -6.944384922688685569e-01
1.584373212421697819e+00 -6.713663788977953795e-01
1.586758957358336497e+00 -6.570447772607871384e-01
1.589144702294974953e+00 -6.631119644157955628e-01
1.591530447231613632e+00 -7.389374922643993093e-01
1.593916192168252310e+00 -8.245669865058088410e-01
1.596301937104890767e+00 -9.082489865049533373e-01
1.598687682041529445e+00 -9.845827588460857038e-01
1.601073426978168124e+00 -1.047938736142988603e+00
1.603459171914806580e+00 -1.086380387894179567e+00
1.605844916851445259e+00 -1.102859819194694557e+00
1.608230661788083937e+00 -1.095236481725811339e+00
1.610616406724722394e+00 -1.070663545017544571e+00
1.613002151661361072e+00 -1.046224925370091263e+00
1.615387896597999751e+00 -1.024171535568592306e+00
1.617773641534638207e+00 -9.966816172528336626e-01
1.620159386471276886e+00 -9.464070580900293406e-01
1.622545131407915564e+00 -8.815111862527222897e-01
1.624930876344554020e+00 -8.241499712298890890e-01
1.627316621281192699e+00 -7.677711476132172974e-01
1.629702366217831377e+00 -7.159147882919201233e-01
1.632088111154469834e+00 -6.706975778407771038e-01
1.634473856091108512e+00 -6.291711364585926836e-01
1.636859601027747191e+00 -6.044298610977274500e-01
1.639245345964385647e+00 -5.893270276978811451e-01
1.641631090901024326e+00 -5.724348961880449949e-01
1.644016835837663004e+00 -5.559650013600092588e-01
1.646402580774301461e+00 -5.444095038978701284e-01
1.648788325710940139e+00 -5.564108830712818365e-01
1.651174070647578818e+00 -5.821965134417741439e-01
1.653559815584217274e+00 -5.947725003763121299e-01
1.655945560520855953e+00 -5.974793586674789214e-01
1.658331305457494631e+00 -5.972703143674313875e-01
1.660717050394133087e+00 -6.071806495826506112e-01
1.663102795330771766e+00 -6.288961742002752153e-01
1.665488540267410444e+00 -6.526405984868287602e-01
1.667874285204048901e+00 -6.797561286757826116e-01
1.670260030140687579e+00 -7.114603498423727190e-01
1.672645775077326258e+00 -7.381862369055212092e-01
1.675031520013964714e+00 -7.595351884198809911e-01
1.677417264950603393e+00 -7.641984570093455220e-01
1.679803009887242071e+00 -7.594235399799307284e-01
1.682188754823880528e+00 -7.532570196621871661e-01
1.684574499760519206e+00 -7.497178125653877201e-01
1.686960244697157885e+00 -7.473023775718155015e-01
1.689345989633796341e+00 -7.475377962973950297e-01
1.691731734570435020e+00 -7.514577545669911540e-01
1.694117479507073698e+00 -7.548190848761000549e-01
1.696503224443712154e+00 -7.521459563470137555e-01
1.698888969380350833e+00 -7.382718683400655291e-01
1.701274714316989511e+00 -7.077093513581174111e-01
1.703660459253627968e+00 -6.715741375751589359e-01
1.706046204190266646e+00 -7.028037622957067354e-01
1.708431949126905325e+00 -7.684050706784172347e-01
1.710817694063543781e+00 -8.328806687114479468e-01
1.713203439000182460e+00 -8.851150773621444534e-01
1.715589183936821138e+00 -9.172789322728842620e-01
1.717974928873459595e+00 -9.281335388031629607e-01
1.720360673810098273e+00 -9.256312659459290382e-01
1.722746418746736952e+00 -9.208717480319458248e-01
1.725132163683375408e+00 -9.183637963918924729e-01
1.727517908620014087e+00 -9.274837079960261965e-01
1.729903653556652765e+00 -9.611192112855421188e-01
