# X mu var std 2std fstd 2fstd
0.000000000000000000e+00 6.697232727924165019e-01 3.643903501426237757e-03 1.695402238519701510e-01 3.390804477039403020e-01 6.036475380075891073e-02 1.207295076015178215e-01
3.344481605351170509e-03 7.366710962091207460e-01 2.554130477197158466e-03 1.597138760133818280e-01 3.194277520267636561e-01 5.053840596217057390e-02 1.010768119243411478e-01
6.688963210702341018e-03 7.904798086035719207e-01 1.852675442068518752e-03 1.522181865322666527e-01 3.044363730645333055e-01 4.304271648105540554e-02 8.608543296211081108e-02
1.003344481605351196e-02 8.304776637788576776e-01 1.431020822816986282e-03 1.470043059150993592e-01 2.940086118301987184e-01 3.782883586388809810e-02 7.565767172777619620e-02
1.337792642140468204e-02 8.562568598063414749e-01 1.199900813541376898e-03 1.438150545397898772e-01 2.876301090795797544e-01 3.463958448857862304e-02 6.927916897715724609e-02
1.672240802675585211e-02 8.676796047391174271e-01 1.089268132052900739e-03 1.421795324080318279e-01 2.843590648160636558e-01 3.300406235682057376e-02 6.600812471364114753e-02
2.006688963210702392e-02 8.648768444062451266e-01 1.047100638968068154e-03 1.415344045047446098e-01 2.830688090094892195e-01 3.235893445353335562e-02 6.471786890706671125e-02
2.341137123745819226e-02 8.482397162822397085e-01 1.037324481338974813e-03 1.413829921747614404e-01 2.827659843495228809e-01 3.220752212355018629e-02 6.441504424710037258e-02
2.675585284280936407e-02 8.184040472961034984e-01 1.037163811058283702e-03 1.413804977807177621e-01 2.827609955614355242e-01 3.220502772950651488e-02 6.441005545901302975e-02
3.010033444816053588e-02 7.762284567588975115e-01 1.034228074213383586e-03 1.413348866226197542e-01 2.826697732452395084e-01 3.215941657140850007e-02 6.431883314281700015e-02
3.344481605351170422e-02 7.227668481127359490e-01 1.023619698475419781e-03 1.411695272880704177e-01 2.823390545761408355e-01 3.199405723685915665e-02 6.398811447371831329e-02
3.678929765886287256e-02 6.592362655016976714e-01 1.005293905041559910e-03 1.408818401531570230e-01 2.817636803063140460e-01 3.170637010194576194e-02 6.341274020389152388e-02
4.013377926421404784e-02 5.869812450535379922e-01 9.818364325800965631e-04 1.405097393514533888e-01 2.810194787029067776e-01 3.133426930024213464e-02 6.266853860048426927e-02
4.347826086956521618e-02 5.074358997248670233e-01 9.567530682248470697e-04 1.401068953049050547e-01 2.802137906098101094e-01 3.093142525369380752e-02 6.186285050738761504e-02
4.682274247491638453e-02 4.220850360691429937e-01 9.332955808066256687e-04 1.397253568072472918e-01 2.794507136144945836e-01 3.054988675603603071e-02 6.109977351207206142e-02
5.016722408026755980e-02 3.324256090266893282e-01 9.137891550057286594e-04 1.394044156994757588e-01 2.788088313989515177e-01 3.022894564826449082e-02 6.045789129652898164e-02
5.351170568561872815e-02 2.399297768339914427e-01 8.993818707019873848e-04 1.391651661267300499e-01 2.783303322534600999e-01 2.998969607551879579e-02 5.997939215103759159e-02
5.685618729096989649e-02 1.460107247711325551e-01 8.901098255367223544e-04 1.390101784549601094e-01 2.780203569099202188e-01 2.983470840374885177e-02 5.966941680749770355e-02
6.020066889632107177e-02 5.199228830334388235e-02 8.851623165245237068e-04 1.389271475925621668e-01 2.778542951851243337e-01 2.975167754135090228e-02 5.950335508270180457e-02
6.354515050167224011e-02 -4.091677019164798729e-02 8.832380212667190200e-04 1.388947907242468194e-01 2.777895814484936388e-01 2.971932067303556524e-02 5.943864134607113048e-02
6.688963210702340845e-02 -1.316431832269252256e-01 8.829016396349476103e-04 1.388891308764099441e-01 2.777782617528198883e-01 2.971366082519869695e-02 5.942732165039739389e-02
7.023411371237457679e-02 -2.192638774033661697e-01 8.828763236420900107e-04 1.388887048741330177e-01 2.777774097482660354e-01 2.971323482292175661e-02 5.942646964584351321e-02
7.357859531772574513e-02 -3.030147657500917302e-01 8.822356054186686336e-04 1.388779212197372159e-01 2.777558424394744319e-01 2.970245116852595138e-02 5.940490233705190276e-02
7.692307692307692735e-02 -3.822936854178669575e-01 8.804851012043646286e-04 1.388484392522259248e-01 2.776968785044518495e-01 2.967296920101466021e-02 5.934593840202932041e-02
8.026755852842809569e-02 -4.566577586318137927e-01 8.775457159754807002e-04 1.387988681678264391e-01 2.775977363356528782e-01 2.962339811661519537e-02 5.924679623323039074e-02
8.361204013377926403e-02 -5.258156601476996483e-01 8.736644170316831826e-04 1.387332848728736190e-01 2.774665697457472380e-01 2.955781482166236138e-02 5.911562964332472275e-02
8.695652173913043237e-02 -5.896154510192346265e-01 8.692852965040409607e-04 1.386591146105943528e-01 2.773182292211887057e-01 2.948364455938310563e-02 5.896728911876621126e-02
9.030100334448160071e-02 -6.480287794270629398e-01 8.649132585967223008e-04 1.385848777058499848e-01 2.771697554116999695e-01 2.940940765463871676e-02 5.881881530927743351e-02
9.364548494983276905e-02 -7.011323496562130719e-01 8.609968383015975668e-04 1.385182176782075725e-01 2.770364353564151449e-01 2.934274762699631139e-02 5.868549525399262279e-02
9.698996655518395127e-02 -7.490876171081476409e-01 8.578475057132717296e-04 1.384645039327388472e-01 2.769290078654776943e-01 2.928903388152759996e-02 5.857806776305519991e-02
1.003344481605351196e-01 -7.921196797027018066e-01 8.556025641982545338e-04 1.384261549012836545e-01 2.768523098025673090e-01 2.925068485007238997e-02 5.850136970014477994e-02
1.036789297658862880e-01 -8.304963054848915061e-01 8.542293802513145629e-04 1.384026727954239533e-01 2.768053455908479066e-01 2.922720274421270262e-02 5.845440548842540524e-02
1.070234113712374563e-01 -8.645079659987062737e-01 8.535616264576106893e-04 1.383912470639420689e-01 2.767824941278841377e-01 2.921577701273082167e-02 5.843155402546164334e-02
1.103678929765886246e-01 -8.944496400713657369e-01 8.533542466790944303e-04 1.383876977423527666e-01 2.767753954847055331e-01 2.921222769114150200e-02 5.842445538228300400e-02
1.137123745819397930e-01 -9.206050195499601019e-01 8.533430595487612180e-04 1.383875062614579043e-01 2.767750125229158087e-01 2.921203621024664673e-02 5.842407242049329347e-02
1.170568561872909613e-01 -9.432335947965806433e-01 8.532968293086251599e-04 1.383867149632074800e-01 2.767734299264149600e-01 2.921124491199622239e-02 5.842248982399244478e-02
1.204013377926421435e-01 -9.625609315722924997e-01 8.530533938548856554e-04 1.383825478553135646e-01 2.767650957106271292e-01 2.920707780410230700e-02 5.841415560820461400e-02
1.237458193979933119e-01 -9.787722807443909323e-01 8.525360232921608272e-04 1.383736895738492956e-01 2.767473791476985912e-01 2.919821952263803450e-02 5.839643904527606899e-02
1.270903010033444802e-01 -9.920094962438268382e-01 8.517506047517886536e-04 1.383602367069819983e-01 2.767204734139639966e-01 2.918476665577075801e-02 5.836953331154151603e-02
1.304347826086956486e-01 -1.002371082490048915e+00 8.507677353346010385e-04 1.383433931060775446e-01 2.766867862121550892e-01 2.916792305486630085e-02 5.833584610973260171e-02
1.337792642140468169e-01 -1.009915056749903783e+00 8.496958882890370823e-04 1.383250135860427665e-01 2.766500271720855331e-01 2.914954353483150198e-02 5.829908706966300397e-02
1.371237458193979852e-01 -1.014664200027216134e+00 8.486523701401460507e-04 1.383071086961647211e-01 2.766142173923294423e-01 2.913163864495346353e-02 5.826327728990692706e-02
1.404682274247491536e-01 -1.016613186075261632e+00 8.477379826678510533e-04 1.382914104046989168e-01 2.765828208093978335e-01 2.911594035348765916e-02 5.823188070697531832e-02
1.438127090301003219e-01 -1.015737024394951948e+00 8.470195359591703443e-04 1.382790701027370173e-01 2.765581402054740345e-01 2.910360005152576313e-02 5.820720010305152625e-02
1.471571906354514903e-01 -1.012000230438371728e+00 8.465221280665735648e-04 1.382705233776200804e-01 2.765410467552401608e-01 2.909505332640882971e-02 5.819010665281765943e-02
1.505016722408026864e-01 -1.005366143911778920e+00 8.462309121268218881e-04 1.382655183861113135e-01 2.765310367722226270e-01 2.909004833490006284e-02 5.818009666980012567e-02
1.538461538461538547e-01 -9.958058518739743015e-01 8.461003181339243895e-04 1.382632736488348391e-01 2.765265472976696781e-01 2.908780359762359879e-02 5.817560719524719759e-02
1.571906354515050230e-01 -9.833062337802086494e-01 8.460676364819841311e-04 1.382627118675468780e-01 2.765254237350937561e-01 2.908724181633563083e-02 5.817448363267126166e-02
1.605351170568561914e-01 -9.678767262649081715e-01 8.460675827049457531e-04 1.382627109431374957e-01 2.765254218862749913e-01 2.908724089192623458e-02 5.817448178385246915e-02
1.638795986622073597e-01 -9.495545010602871594e-01 8.460448678397902711e-04 1.382623204795369320e-01 2.765246409590738641e-01 2.908685042832568832e-02 5.817370085665137663e-02
1.672240802675585281e-01 -9.284078543655190918e-01 8.459626998761904382e-04 1.382609079863049983e-01 2.765218159726099967e-01 2.908543793509374767e-02 5.817087587018749534e-02
1.705685618729096964e-01 -9.045377144143327275e-01 8.458062824193701701e-04 1.382582189312495657e-01 2.765164378624991315e-01 2.908274888003831854e-02 5.816549776007663708e-02
1.739130434782608647e-01 -8.780772803105973967e-01 8.455814986189080784e-04 1.382543541188454295e-01 2.765087082376908589e-01 2.907888406763416492e-02 5.815776813526832983e-02
1.772575250836120331e-01 -8.491899042085396809e-01 8.453098613101506231e-04 1.382496830467533910e-01 2.764993660935067821e-01 2.907421299554212649e-02 5.814842599108425297e-02
1.806020066889632014e-01 -8.180654160597274904e-01 8.450213426567931840e-04 1.382447208612475054e-01 2.764894417224950107e-01 2.906925081003625122e-02 5.813850162007250244e-02
1.839464882943143698e-01 -7.849151617466951780e-01 8.447468282752890190e-04 1.382399987464316415e-01 2.764799974928632831e-01 2.906452869522038393e-02 5.812905739044076786e-02
1.872909698996655381e-01 -7.499660787557047570e-01 8.445117147664604751e-04 1.382359537837037355e-01 2.764719075674074711e-01 2.906048373249248834e-02 5.812096746498497668e-02
1.906354515050167064e-01 -7.134541669562045607e-01 8.443316899269248665e-04 1.382328562021871432e-01 2.764657124043742864e-01 2.905738615097587865e-02 5.811477230195175731e-02
1.939799331103679025e-01 -6.756177249867308943e-01 8.442111367830684721e-04 1.382307817305422626e-01 2.764615634610845252e-01 2.905531167933100151e-02 5.811062335866200301e-02
1.973244147157190709e-01 -6.366907156720997829e-01 8.441440210217865392e-04 1.382296267421528613e-01 2.764592534843057225e-01 2.905415669094160019e-02 5.810831338188320039e-02
2.006688963210702392e-01 -5.968965982673908321e-01 8.441166655071552505e-04 1.382291559706803341e-01 2.764583119413606682e-01 2.905368591946906956e-02 5.810737183893813912e-02
2.040133779264214076e-01 -5.564429234336919494e-01 8.441115520306796682e-04 1.382290679700694247e-01 2.764581359401388494e-01 2.905359791885816709e-02 5.810719583771633417e-02
2.073578595317725759e-01 -5.155169316899500531e-01 8.441112374895642922e-04 1.382290625569507769e-01 2.764581251139015539e-01 2.905359250573953320e-02 5.810718501147906639e-02
2.107023411371237442e-01 -4.742823311410607756e-01 8.441016042903815020e-04 1.382288967732070994e-01 2.764577935464141989e-01 2.905342672199583143e-02 5.810685344399166286e-02
2.140468227424749126e-01 -4.328773593695195432e-01 8.440739257786766814e-04 1.382284204311412801e-01 2.764568408622825602e-01 2.905295037993003288e-02 5.810590075986006575e-02
2.173913043478260809e-01 -3.914141614077218390e-01 8.440255451282463461e-04 1.382275877903408057e-01 2.764551755806816113e-01 2.905211773912955847e-02 5.810423547825911694e-02
2.207357859531772493e-01 -3.499794445208082583e-01 8.439592691449337991e-04 1.382264471284961882e-01 2.764528942569923764e-01 2.905097707728492018e-02 5.810195415456984036e-02
2.240802675585284176e-01 -3.086363046928500276e-01 8.438818108628121095e-04 1.382251139537242768e-01 2.764502279074485536e-01 2.904964390251302264e-02 5.809928780502604528e-02
2.274247491638795859e-01 -2.674270623648890011e-01 8.438017432498834403e-04 1.382237358040902531e-01 2.764474716081805061e-01 2.904826575287900933e-02 5.809653150575801867e-02
2.307692307692307543e-01 -2.263768987061112181e-01 8.437274435454389376e-04 1.382224568750702598e-01 2.764449137501405196e-01 2.904698682385900912e-02 5.809397364771801825e-02
2.341137123745819226e-01 -1.854980504267737251e-01 8.436654288710432326e-04 1.382213893665134030e-01 2.764427787330268060e-01 2.904591931530216276e-02 5.809183863060432551e-02
2.374581939799331187e-01 -1.447943020601024366e-01 8.436193403819625125e-04 1.382205959828019526e-01 2.764411919656039052e-01 2.904512593159069844e-02 5.809025186318139689e-02
2.408026755852842871e-01 -1.042655101810044393e-01 8.435896638809281534e-04 1.382200851094441407e-01 2.764401702188882815e-01 2.904461505823287965e-02 5.808923011646575929e-02
2.441471571906354554e-01 -6.391190387682121887e-02 8.435741168594801387e-04 1.382198174678684333e-01 2.764396349357368665e-01 2.904434741665717218e-02 5.808869483331434436e-02
2.474916387959866237e-01 -2.373792891543463277e-02 8.435685140356641298e-04 1.382197210147954880e-01 2.764394420295909760e-01 2.904425096358424080e-02 5.808850192716848160e-02
2.508361204013377921e-01 1.624456219342072794e-02 8.435678620226094715e-04 1.382197097903163086e-01 2.764394195806326171e-01 2.904423973910505788e-02 5.808847947821011576e-02
2.541806020066889604e-01 5.601392787235882909e-02 8.435674309875129673e-04 1.382197023699955341e-01 2.764394047399910681e-01 2.904423231878427644e-02 5.808846463756855288e-02
2.575250836120401288e-01 9.553726551721671012e-02 8.435635981010602968e-04 1.382196363863130439e-01 2.764392727726260879e-01 2.904416633510179327e-02 5.808833267020358654e-02
2.608695652173912971e-01 1.347698975936017507e-01 8.435543364696540536e-04 1.382194769453994887e-01 2.764389538907989774e-01 2.904400689418824150e-02 5.808801378837648299e-02
2.642140468227424654e-01 1.736558075890931030e-01 8.435393135330926384e-04 1.382192183205564473e-01 2.764384366411128946e-01 2.904374826934520704e-02 5.808749653869041407e-02
2.675585284280936338e-01 2.121289637490602342e-01 8.435196451262449990e-04 1.382188797189180529e-01 2.764377594378361058e-01 2.904340966770680224e-02 5.808681933541360448e-02
2.709030100334448021e-01 2.501154194679878207e-01 8.434974107004444832e-04 1.382184969372030892e-01 2.764369938744061783e-01 2.904302688599183155e-02 5.808605377198366310e-02
2.742474916387959705e-01 2.875360374304003486e-01 8.434750641836963325e-04 1.382181122206781465e-01 2.764362244413562930e-01 2.904264216946688890e-02 5.808528433893377779e-02
2.775919732441471388e-01 3.243096521737992011e-01 8.434548726414803355e-04 1.382177645997051951e-01 2.764355291994103903e-01 2.904229454849393058e-02 5.808458909698786116e-02
2.809364548494983072e-01 3.603564641660095269e-01 8.434384874179690073e-04 1.382174825058943568e-01 2.764349650117887136e-01 2.904201245468311307e-02 5.808402490936622614e-02
2.842809364548494755e-01 3.956014487249968070e-01 8.434267089926228422e-04 1.382172797226594585e-01 2.764345594453189170e-01 2.904180967144821129e-02 5.808361934289642259e-02
2.876254180602006438e-01 4.299775654329763830e-01 8.434194587788601538e-04 1.382171548986656229e-01 2.764343097973312458e-01 2.904168484745435833e-02 5.808336969490871665e-02
2.909698996655518122e-01 4.634285677965694350e-01 8.434159284911313392e-04 1.382170941189374003e-01 2.764341882378748005e-01 2.904162406772616001e-02 5.808324813545232002e-02
2.943143812709029805e-01 4.959112378370211238e-01 8.434148480523928626e-04 1.382170755173763865e-01 2.764341510347527731e-01 2.904160546616513933e-02 5.808321093233027865e-02
2.976588628762541489e-01 5.273969045675527267e-01 8.434147997118390805e-04 1.382170746851125731e-01 2.764341493702251462e-01 2.904160463390132937e-02 5.808320926780265875e-02
3.010033444816053727e-01 5.578721469796539267e-01 8.434145092693356993e-04 1.382170696846566349e-01 2.764341393693132698e-01 2.904159963344539463e-02 5.808319926689078927e-02
3.043478260869565410e-01 5.873386288955957379e-01 8.434130613014234612e-04 1.382170447554421366e-01 2.764340895108842733e-01 2.904157470423088944e-02 5.808314940846177887e-02
3.076923076923077094e-01 6.158120622991558601e-01 8.434100090498053426e-04 1.382169922057024936e-01 2.764339844114049871e-01 2.904152215449123595e-02 5.808304430898247189e-02
3.110367892976588777e-01 6.433203448835895788e-01 8.434053751376624497e-04 1.382169124247860093e-01 2.764338248495720185e-01 2.904144237357474123e-02 5.808288474714948246e-02
3.143812709030100461e-01 6.699009639343065370e-01 8.433995612178724066e-04 1.382168123276603933e-01 2.764336246553207865e-01 2.904134227644914606e-02 5.808268455289829213e-02
3.177257525083612144e-01 6.955977998632593140e-01 8.433931994223931028e-04 1.382167027974703644e-01 2.764334055949407287e-01 2.904123274625912063e-02 5.808246549251824126e-02
3.210702341137123828e-01 7.204574965855595758e-01 8.433869843110786135e-04 1.382165957923232602e-01 2.764331915846465204e-01 2.904112574111200953e-02 5.808225148222401907e-02
3.244147157190635511e-01 7.445255907502277282e-01 8.433815213645390330e-04 1.382165017368201243e-01 2.764330034736402486e-01 2.904103168560888057e-02 5.808206337121776114e-02
3.277591973244147194e-01 7.678426063689883785e-01 8.433772187766974682e-04 1.382164276589882002e-01 2.764328553179764003e-01 2.904095760777694255e-02 5.808191521555388509e-02
3.311036789297658878e-01 7.904403249401756870e-01 8.433742363640472917e-04 1.382163763105559717e-01 2.764327526211119435e-01 2.904090625934471759e-02 5.808181251868943518e-02
3.344481605351170561e-01 8.123384336488891355e-01 8.433724919593155178e-04 1.382163462769609719e-01 2.764326925539219437e-01 2.904087622574972466e-02 5.808175245149944932e-02
3.377926421404682245e-01 8.335417360990525770e-01 8.433717143165875285e-04 1.382163328881964581e-01 2.764326657763929163e-01 2.904086283698519011e-02 5.808172567397038022e-02
3.411371237458193928e-01 8.540380823516005027e-01 8.433715244322015359e-04 1.382163296189341251e-01 2.764326592378682501e-01 2.904085956772288132e-02 5.808171913544576265e-02
3.444816053511705611e-01 8.737971392906200840e-01 8.433715245196871102e-04 1.382163296204403924e-01 2.764326592408807848e-01 2.904085956922913131e-02 5.808171913845826262e-02
3.478260869565217295e-01 8.927700804525500189e-01 8.433713760205296950e-04 1.382163270637122854e-01 2.764326541274245708e-01 2.904085701250102083e-02 5.808171402500204167e-02
3.511705685618728978e-01 9.108902286265961878e-01 8.433708531754846582e-04 1.382163180618235510e-01 2.764326361236471019e-01 2.904084801061230375e-02 5.808169602122460751e-02
3.545150501672240662e-01 9.280746371619832402e-01 8.433698658244503932e-04 1.382163010624693489e-01 2.764326021249386978e-01 2.904083101125810515e-02 5.808166202251621030e-02
3.578595317725752345e-01 9.442265494184933772e-01 8.433684520636197668e-04 1.382162767215436017e-01 2.764325534430872033e-01 2.904080667033234753e-02 5.808161334066469506e-02
3.612040133779264028e-01 9.592386325239139477e-01 8.433667473240480383e-04 1.382162473707674311e-01 2.764324947415348621e-01 2.904077731955616998e-02 5.808155463911233995e-02
3.645484949832775712e-01 9.729968437091415234e-01 8.433649397640574641e-04 1.382162162496831104e-01 2.764324324993662207e-01 2.904074619847185276e-02 5.808149239694370553e-02
3.678929765886287395e-01 9.853847567929032714e-01 8.433632230160914567e-04 1.382161866920948168e-01 2.764323733841896336e-01 2.904071664088356264e-02 5.808143328176712528e-02
3.712374581939799079e-01 9.962881543485317959e-01 8.433617559807093933e-04 1.382161614338335009e-01 2.764323228676670019e-01 2.904069138262223640e-02 5.808138276524447280e-02
3.745819397993310762e-01 1.005599678644582218e+00 8.433606362424628244e-04 1.382161421550462954e-01 2.764322843100925908e-01 2.904067210383504127e-02 5.808134420767008255e-02
3.779264214046822445e-01 1.013223332090352535e+00 8.433598900846051016e-04 1.382161293082702358e-01 2.764322586165404716e-01 2.904065925705897472e-02 5.808131851411794944e-02
3.812709030100334129e-01 1.019078625582906517e+00 8.433594782188413852e-04 1.382161222170776582e-01 2.764322444341553164e-01 2.904065216586641102e-02 5.808130433173282203e-02
3.846153846153845812e-01 1.023104190267949631e+00 8.433593134489769660e-04 1.382161193801945409e-01 2.764322387603890818e-01 2.904064932898327983e-02 5.808129865796655966e-02
3.879598662207358051e-01 1.025260693805039480e+00 8.433592848149373822e-04 1.382161188871952329e-01 2.764322377743904657e-01 2.904064883598397526e-02 5.808129767196795051e-02
3.913043478260869734e-01 1.025532934825887033e+00 8.433592824315105929e-04 1.382161188461591972e-01 2.764322376923183944e-01 2.904064879494792917e-02 5.808129758989585834e-02
3.946488294314381418e-01 1.023931027196785637e+00 8.433592179570847946e-04 1.382161177360871074e-01 2.764322354721742148e-01 2.904064768487584630e-02 5.808129536975169260e-02
3.979933110367893101e-01 1.020490626991355176e+00 8.433590375188093624e-04 1.382161146294366150e-01 2.764322292588732299e-01 2.904064457822535042e-02 5.808128915645070084e-02
4.013377926421404784e-01 1.015272197708386948e+00 8.433587257676844473e-04 1.382161092619394460e-01 2.764322185238788920e-01 2.904063921072820575e-02 5.808127842145641151e-02
4.046822742474916468e-01 1.008359351201165710e+00 8.433583017739554322e-04 1.382161019619317088e-01 2.764322039238634177e-01 2.904063191072045816e-02 5.808126382144091632e-02
4.080267558528428151e-01 9.998563410642460347e-01 8.433578089245274967e-04 1.382160934764156135e-01 2.764321869528312270e-01 2.904062342520434895e-02 5.808124685040869789e-02
4.113712374581939835e-01 9.898848201293453108e-01 8.433573018727380521e-04 1.382160847463711761e-01 2.764321694927423523e-01 2.904061469515991506e-02 5.808122939031983012e-02
4.147157190635451518e-01 9.785800027733975170e-01 8.433568334702545854e-04 1.382160766817596975e-01 2.764321533635193950e-01 2.904060663054845032e-02 5.808121326109690064e-02
4.180602006688963201e-01 9.660863948280524749e-01 8.433564443677821210e-04 1.382160699824761529e-01 2.764321399649523059e-01 2.904059993126488493e-02 5.808119986252976985e-02
4.214046822742474885e-01 9.525532682408938134e-01 8.433561567663394598e-04 1.382160650307625305e-01 2.764321300615250609e-01 2.904059497955128674e-02 5.808118995910257348e-02
4.247491638795986568e-01 9.381300639269146702e-01 8.433559729207340538e-04 1.382160618654414419e-01 2.764321237308828838e-01 2.904059181423019817e-02 5.808118362846039634e-02
4.280936454849498252e-01 9.229619044999680666e-01 8.433558778067618000e-04 1.382160602278375283e-01 2.764321204556750566e-01 2.904059017662626377e-02 5.808118035325252754e-02
4.314381270903009935e-01 9.071853892046161105e-01 8.433558447473732400e-04 1.382160596586447243e-01 2.764321193172894486e-01 2.904058960743347712e-02 5.808117921486695423e-02
4.347826086956521618e-01 8.909248270967340400e-01 8.433558423996401210e-04 1.382160596182231416e-01 2.764321192364462831e-01 2.904058956701189437e-02 5.808117913402378873e-02
4.381270903010033302e-01 8.742890423703940650e-01 8.433558414426833849e-04 1.382160596017469600e-01 2.764321192034939201e-01 2.904058955053570243e-02 5.808117910107140486e-02
4.414715719063544985e-01 8.573688589036856378e-01 8.433558197493695729e-04 1.382160592282470624e-01 2.764321184564941247e-01 2.904058917703581169e-02 5.808117835407162338e-02
4.448160535117056669e-01 8.402353409273709550e-01 8.433557652141598915e-04 1.382160582892990042e-01 2.764321165785980083e-01 2.904058823808773962e-02 5.808117647617547924e-02
4.481605351170568352e-01 8.229388346460332349e-01 8.433556761627269971e-04 1.382160567560753173e-01 2.764321135121506345e-01 2.904058670486405619e-02 5.808117340972811238e-02
4.515050167224080035e-01 8.055088230154262563e-01 8.433555596041308888e-04 1.382160547492529146e-01 2.764321094985058291e-01 2.904058469804165002e-02 5.808116939608330004e-02
4.548494983277591719e-01 7.879545740700880652e-01 8.433554281346844483e-04 1.382160524857060091e-01 2.764321049714120182e-01 2.904058243449474108e-02 5.808116486898948216e-02
4.581939799331103402e-01 7.702665333680593918e-01 8.433552962946455622e-04 1.382160502157783188e-01 2.764321004315566377e-01 2.904058016456705776e-02 5.808116032913411553e-02
4.615384615384615086e-01 7.524183843245204617e-01 8.433551772445979644e-04 1.382160481660594242e-01 2.764320963321188485e-01 2.904057811484815968e-02 5.808115622969631936e-02
4.648829431438126769e-01 7.343696772874077627e-01 8.433550803947920116e-04 1.382160464985683623e-01 2.764320929971367247e-01 2.904057644735710125e-02 5.808115289471420251e-02
4.682274247491638453e-01 7.160689097909810341e-01 8.433550102360798384e-04 1.382160452906255055e-01 2.764320905812510110e-01 2.904057523941424787e-02 5.808115047882849574e-02
4.715719063545150691e-01 6.974569269240405989e-01 8.433549664628725573e-04 1.382160445369695068e-01 2.764320890739390135e-01 2.904057448575824221e-02 5.808114897151648442e-02
4.749163879598662374e-01 6.784705024113811822e-01 8.433549450539423731e-04 1.382160441683657204e-01 2.764320883367314408e-01 2.904057411715447318e-02 5.808114823430894635e-02
4.782608695652174058e-01 6.590459578224269199e-01 8.433549398708106715e-04 1.382160440791262435e-01 2.764320881582524869e-01 2.904057402791498932e-02 5.808114805582997864e-02
4.816053511705685741e-01 6.391226792111009969e-01 8.433549443442323046e-04 1.382160441561464392e-01 2.764320883122928785e-01 2.904057410493518857e-02 5.808114820987037713e-02
4.849498327759197425e-01 6.186463971323946653e-01 8.433549528908956816e-04 1.382160443032968145e-01 2.764320886065936289e-01 2.904057425208557419e-02 5.808114850417114838e-02
4.882943143812709108e-01 5.975721070412358671e-01 8.433549615944335720e-04 1.382160444531481680e-01 2.764320889062963360e-01 2.904057440193691386e-02 5.808114880387382772e-02
4.916387959866220791e-01 5.758665220635995619e-01 8.433549684022101367e-04 1.382160445703596308e-01 2.764320891407192615e-01 2.904057451914838009e-02 5.808114903829676018e-02
4.949832775919732475e-01 5.535099684947120124e-01 8.433549727195899237e-04 1.382160446446932256e-01 2.764320892893864512e-01 2.904057459348196105e-02 5.808114918696392209e-02
4.983277591973244158e-01 5.304976555839066021e-01 8.433549747344226688e-04 1.382160446793831710e-01 2.764320893587663419e-01 2.904057462817192029e-02 5.808114925634384057e-02
5.016722408026755842e-01 5.068402745215565552e-01 8.433549747334234681e-04 1.382160446793659625e-01 2.764320893587319250e-01 2.904057462815471530e-02 5.808114925630943060e-02
5.050167224080267525e-01 4.825639064405146672e-01 8.433549727200895241e-04 1.382160446447018298e-01 2.764320892894036596e-01 2.904057459349056181e-02 5.808114918698112361e-02
5.083612040133779209e-01 4.577092449630022486e-01 8.433549684026542259e-04 1.382160445703672913e-01 2.764320891407345826e-01 2.904057451915602675e-02 5.808114903831205350e-02
5.117056856187290892e-01 4.323301646729754699e-01 8.433549615927127263e-04 1.382160444531185250e-01 2.764320889062370501e-01 2.904057440190728479e-02 5.808114880381456957e-02
5.150501672240802575e-01 4.064916920761348917e-01 8.433549528878425683e-04 1.382160443032442732e-01 2.764320886064885463e-01 2.904057425203300860e-02 5.808114850406601720e-02
5.183946488294314259e-01 3.802674594265784136e-01 8.433549443483956409e-04 1.382160441562181319e-01 2.764320883124362638e-01 2.904057410500687081e-02 5.808114821001374162e-02
5.217391304347825942e-01 3.537367433890909463e-01 8.433549398671469355e-04 1.382160440790631550e-01 2.764320881581263101e-01 2.904057402785191130e-02 5.808114805570382261e-02
5.250836120401337626e-01 3.269812091365197904e-01 8.433549450553301519e-04 1.382160441683896179e-01 2.764320883367792359e-01 2.904057411717836726e-02 5.808114823435673452e-02
5.284280936454849309e-01 3.000814953550967057e-01 8.433549664585426875e-04 1.382160445368949553e-01 2.764320890737899106e-01 2.904057448568369421e-02 5.808114897136738841e-02
5.317725752508360992e-01 2.731137860297070952e-01 8.433550102304177010e-04 1.382160452905280001e-01 2.764320905810560003e-01 2.904057523931675988e-02 5.808115047863351976e-02
5.351170568561872676e-01 2.461465201520123824e-01 8.433550803914058314e-04 1.382160464985100479e-01 2.764320929970200957e-01 2.904057644729880067e-02 5.808115289459760133e-02
5.384615384615384359e-01 2.192373901441405371e-01 8.433551772412117842e-04 1.382160481660011098e-01 2.764320963320022195e-01 2.904057811478985909e-02 5.808115622957971819e-02
5.418060200668896043e-01 1.924307734019981286e-01 8.433552962943124953e-04 1.382160502157725734e-01 2.764321004315451469e-01 2.904058016456132277e-02 5.808116032912264554e-02
5.451505016722407726e-01 1.657557288116115191e-01 8.433554281374044947e-04 1.382160524857528328e-01 2.764321049715056655e-01 2.904058243454157168e-02 5.808116486908314335e-02
5.484949832775919409e-01 1.392246714450456058e-01 8.433555596060182680e-04 1.382160547492853886e-01 2.764321094985707772e-01 2.904058469807414486e-02 5.808116939614828972e-02
5.518394648829431093e-01 1.128328142082302421e-01 8.433556761581195715e-04 1.382160567559959918e-01 2.764321135119919837e-01 2.904058670478473075e-02 5.808117340956946151e-02
5.551839464882942776e-01 8.655843567252374804e-02 8.433557652179901609e-04 1.382160582893649514e-01 2.764321165787299028e-01 2.904058823815368687e-02 5.808117647630737373e-02
5.585284280936454460e-01 6.036399952302985705e-02 8.433558197509793963e-04 1.382160592282747902e-01 2.764321184565495804e-01 2.904058917706352910e-02 5.808117835412705821e-02
5.618729096989966143e-01 3.419811426623081685e-02 8.433558414455699648e-04 1.382160596017966703e-01 2.764321192035933406e-01 2.904058955058540226e-02 5.808117910117080451e-02
5.652173913043477826e-01 7.998283417743289742e-03 8.433558423981413199e-04 1.382160596181973289e-01 2.764321192363946578e-01 2.904058956698608862e-02 5.808117913397217724e-02
5.685618729096989510e-01 -1.830564195159585517e-02 8.433558447479283515e-04 1.382160596586543000e-01 2.764321193173086000e-01 2.904058960744303544e-02 5.808117921488607088e-02
5.719063545150501193e-01 -4.478743296510977190e-02 8.433558778089822461e-04 1.382160602278757477e-01 2.764321204557514955e-01 2.904059017666449360e-02 5.808118035332898721e-02
5.752508361204012877e-01 -7.152003255714176055e-02 8.433559729216222323e-04 1.382160618654567352e-01 2.764321237309134704e-01 2.904059181424549149e-02 5.808118362849098298e-02
5.785953177257524560e-01 -9.857086998852743198e-02 8.433561567641745249e-04 1.382160650307252547e-01 2.764321300614505095e-01 2.904059497951401447e-02 5.808118995902802895e-02
5.819397993311036243e-01 -1.259971457186776778e-01 8.433564443623420281e-04 1.382160699823824779e-01 2.764321399647649558e-01 2.904059993117122374e-02 5.808119986234244747e-02
5.852842809364547927e-01 -1.538413040540697052e-01 8.433568334702545854e-04 1.382160766817596975e-01 2.764321533635193950e-01 2.904060663054845032e-02 5.808121326109690064e-02
5.886287625418059610e-01 -1.821269133982085786e-01 8.433573018719053849e-04 1.382160847463568265e-01 2.764321694927136530e-01 2.904061469514557930e-02 5.808122939029115861e-02
5.919732441471571294e-01 -2.108551661428247903e-01 8.433578089261373201e-04 1.382160934764433136e-01 2.764321869528866271e-01 2.904062342523206289e-02 5.808124685046412577e-02
5.953177257525082977e-01 -2.400021920998113845e-01 8.433583017737888987e-04 1.382161019619288500e-01 2.764322039238577000e-01 2.904063191071759240e-02 5.808126382143518479e-02
5.986622073578594661e-01 -2.695173511151778278e-01 8.433587257696828487e-04 1.382161092619738629e-01 2.764322185239477259e-01 2.904063921076261226e-02 5.808127842152522452e-02
6.020066889632107454e-01 -2.993226331540820850e-01 8.433590375218624757e-04 1.382161146294891840e-01 2.764322292589783681e-01 2.904064457827791601e-02 5.808128915655583202e-02
6.053511705685619138e-01 -3.293132488931510560e-01 8.433592179566407054e-04 1.382161177360794468e-01 2.764322354721588937e-01 2.904064768486819964e-02 5.808129536973639928e-02
6.086956521739130821e-01 -3.593594427269843350e-01 8.433592824328983717e-04 1.382161188461830670e-01 2.764322376923661340e-01 2.904064879497182325e-02 5.808129758994364650e-02
6.120401337792642504e-01 -3.893095051847324517e-01 8.433592848123838692e-04 1.382161188871512680e-01 2.764322377743025361e-01 2.904064883594001042e-02 5.808129767188002085e-02
6.153846153846154188e-01 -4.189939057370983266e-01 8.433593134483663434e-04 1.382161193801840215e-01 2.764322387603680431e-01 2.904064932897276394e-02 5.808129865794552787e-02
6.187290969899665871e-01 -4.482304124054242167e-01 8.433594782220610320e-04 1.382161222171330861e-01 2.764322444342661722e-01 2.904065216592184237e-02 5.808130433184368474e-02
6.220735785953177555e-01 -4.768300143840784044e-01 8.433598900868810588e-04 1.382161293083093989e-01 2.764322586166187978e-01 2.904065925709815865e-02 5.808131851419631730e-02
6.254180602006689238e-01 -5.046034204953836477e-01 8.433606362395762446e-04 1.382161421549966129e-01 2.764322843099932259e-01 2.904067210378534492e-02 5.808134420757068983e-02
6.287625418060200921e-01 -5.313678722358912143e-01 8.433617559815420606e-04 1.382161614338478228e-01 2.764323228676956457e-01 2.904069138263657215e-02 5.808138276527314431e-02
6.321070234113712605e-01 -5.569539873251908579e-01 8.433632230169796351e-04 1.382161866921101101e-01 2.764323733842202202e-01 2.904071664089885596e-02 5.808143328179771192e-02
6.354515050167224288e-01 -5.812123394914880947e-01 8.433649397591724828e-04 1.382162162495990110e-01 2.764324324991980220e-01 2.904074619838774990e-02 5.808149239677549980e-02
6.387959866220735972e-01 -6.040194836549751534e-01 8.433667473217165700e-04 1.382162473707272965e-01 2.764324947414545930e-01 2.904077731951602848e-02 5.808155463903205695e-02
6.421404682274247655e-01 -6.252831527534010725e-01 8.433684520640083448e-04 1.382162767215502908e-01 2.764325534431005815e-01 2.904080667033903662e-02 5.808161334067807324e-02
6.454849498327759338e-01 -6.449463827724362108e-01 8.433698658225630140e-04 1.382163010624368749e-01 2.764326021248737497e-01 2.904083101122561031e-02 5.808166202245122062e-02
6.488294314381271022e-01 -6.629903648574559938e-01 8.433708531760397697e-04 1.382163180618331266e-01 2.764326361236662533e-01 2.904084801062186208e-02 5.808169602124372416e-02
6.521739130434782705e-01 -6.794358758266009213e-01 8.433713760228056522e-04 1.382163270637514485e-01 2.764326541275028970e-01 2.904085701254020477e-02 5.808171402508040954e-02
6.555183946488294389e-01 -6.943431986141423984e-01 8.433715245235728908e-04 1.382163296205072833e-01 2.764326592410145667e-01 2.904085956929603266e-02 5.808171913859206531e-02
6.588628762541806072e-01 -7.078105093101433321e-01 8.433715244322570470e-04 1.382163296189350965e-01 2.764326592378701930e-01 2.904085956772383542e-02 5.808171913544767084e-02
6.622073578595317755e-01 -7.199707744246957031e-01 8.433717143118690807e-04 1.382163328881152176e-01 2.764326657762304351e-01 2.904086283690395301e-02 5.808172567380790602e-02
6.655518394648829439e-01 -7.309872675321660296e-01 8.433724919658103225e-04 1.382163462770727991e-01 2.764326925541455982e-01 2.904087622586154493e-02 5.808175245172308987e-02
6.688963210702341122e-01 -7.410478753836882149e-01 8.433742363698204514e-04 1.382163763106553644e-01 2.764327526213107289e-01 2.904090625944411724e-02 5.808181251888823449e-02
6.722408026755852806e-01 -7.503584169478889621e-01 8.433772187784738250e-04 1.382164276590187868e-01 2.764328553180375736e-01 2.904095760780752572e-02 5.808191521561505144e-02
6.755852842809364489e-01 -7.591352420279584567e-01 8.433815213659823229e-04 1.382165017368449933e-01 2.764330034736899866e-01 2.904103168563373222e-02 5.808206337126746444e-02
6.789297658862876172e-01 -7.675974070630807722e-01 8.433869843157415502e-04 1.382165957924035571e-01 2.764331915848071142e-01 2.904112574119229254e-02 5.808225148238458507e-02
6.822742474916387856e-01 -7.759587430363551475e-01 8.433931994235588370e-04 1.382167027974904316e-01 2.764334055949808633e-01 2.904123274627919138e-02 5.808246549255838276e-02
6.856187290969899539e-01 -7.844201332558683459e-01 8.433995612145417375e-04 1.382168123276030502e-01 2.764336246552061005e-01 2.904134227639180305e-02 5.808268455278360609e-02
6.889632107023411223e-01 -7.931623072512660189e-01 8.434053751356085371e-04 1.382169124247506209e-01 2.764338248495012418e-01 2.904144237353937716e-02 5.808288474707875432e-02
6.923076923076922906e-01 -8.023394318382568446e-01 8.434100090496943203e-04 1.382169922057005784e-01 2.764339844114011568e-01 2.904152215448932428e-02 5.808304430897864856e-02
6.956521739130434590e-01 -8.120737428836087846e-01 8.434130612977597252e-04 1.382170447553790760e-01 2.764340895107581519e-01 2.904157470416781142e-02 5.808314940833562284e-02
6.989966555183946273e-01 -8.224514136844470746e-01 8.434145092695577439e-04 1.382170696846604652e-01 2.764341393693209303e-01 2.904159963344921797e-02 5.808319926689843593e-02
7.023411371237457956e-01 -8.335198003874143557e-01 8.434147997080088111e-04 1.382170746850466259e-01 2.764341493700932517e-01 2.904160463383538213e-02 5.808320926767076425e-02
7.056856187290969640e-01 -8.452861446599796436e-01 8.434148480528924630e-04 1.382170755173849908e-01 2.764341510347699815e-01 2.904160546617374009e-02 5.808321093234748017e-02
7.090301003344481323e-01 -8.577177516330140028e-01 8.434159284986808558e-04 1.382170941190673796e-01 2.764341882381347593e-01 2.904162406785613590e-02 5.808324813571227180e-02
7.123745819397993007e-01 -8.707436001939402592e-01 8.434194587707555257e-04 1.382171548985260678e-01 2.764343097970521357e-01 2.904168484731482411e-02 5.808336969462964822e-02
7.157190635451504690e-01 -8.842572857907321504e-01 8.434267089919567084e-04 1.382172797226479954e-01 2.764345594452959909e-01 2.904180967143674130e-02 5.808361934287348260e-02
7.190635451505016373e-01 -8.981211455771145324e-01 8.434384874243527896e-04 1.382174825060042689e-01 2.764349650120085378e-01 2.904201245479301821e-02 5.808402490958603642e-02
7.224080267558528057e-01 -9.121713741069358283e-01 8.434548726352630865e-04 1.382177645995981419e-01 2.764355291991962837e-01 2.904229454838689467e-02 5.808458909677378934e-02
7.257525083612039740e-01 -9.262239064828291513e-01 8.434750641799770854e-04 1.382181122206141144e-01 2.764362244412282288e-01 2.904264216940285678e-02 5.808528433880571357e-02
7.290969899665551424e-01 -9.400808257495298914e-01 8.434974107086046224e-04 1.382184969373435601e-01 2.764369938746871203e-01 2.904302688613231639e-02 5.808605377226463279e-02
7.324414715719063107e-01 -9.535370427927385428e-01 8.435196451239135307e-04 1.382188797188779184e-01 2.764377594377558367e-01 2.904340966766666421e-02 5.808681933533332842e-02
7.357859531772574790e-01 -9.663869997577815285e-01 8.435393135286517463e-04 1.382192183204800084e-01 2.764384366409600169e-01 2.904374826926875430e-02 5.808749653853750861e-02
7.391304347826086474e-01 -9.784311610845959351e-01 8.435543364765374363e-04 1.382194769455180050e-01 2.764389538910360100e-01 2.904400689430674046e-02 5.808801378861348091e-02
7.424749163879598157e-01 -9.894820783708225820e-01 8.435635980997280292e-04 1.382196363862901178e-01 2.764392727725802357e-01 2.904416633507885676e-02 5.808833267015771351e-02
7.458193979933109841e-01 -9.993698446813913394e-01 8.435674309827945194e-04 1.382197023699142935e-01 2.764394047398285870e-01 2.904423231870304628e-02 5.808846463740609256e-02
7.491638795986621524e-01 -1.007946788476586919e+00 8.435678620263287186e-04 1.382197097903803407e-01 2.764394195807606813e-01 2.904423973916908652e-02 5.808847947833817305e-02
7.525083612040133207e-01 -1.015091295101992364e+00 8.435685140379955982e-04 1.382197210148356226e-01 2.764394420296712451e-01 2.904425096362437883e-02 5.808850192724875766e-02
7.558528428093644891e-01 -1.020710682487448340e+00 8.435741168541510682e-04 1.382198174677766733e-01 2.764396349355533467e-01 2.904434741656543306e-02 5.808869483313086612e-02
7.591973244147156574e-01 -1.024743095497146150e+00 8.435896638747664156e-04 1.382200851093380589e-01 2.764401702186761178e-01 2.904461505812680477e-02 5.808923011625360955e-02
7.625418060200668258e-01 -1.027158418499038550e+00 8.436193403803526891e-04 1.382205959827742525e-01 2.764411919655485050e-01 2.904512593156298797e-02 5.809025186312597594e-02
7.658862876254179941e-01 -1.027958236895508914e+00 8.436654288698774984e-04 1.382213893664933635e-01 2.764427787329867270e-01 2.904591931528209547e-02 5.809183863056419095e-02
7.692307692307691624e-01 -1.027174904536040101e+00 8.437274435403874229e-04 1.382224568749833016e-01 2.764449137499666032e-01 2.904698682377205438e-02 5.809397364754410875e-02
7.725752508361204418e-01 -1.024869794751249508e+00 8.438017432488287284e-04 1.382237358040721009e-01 2.764474716081442018e-01 2.904826575286085372e-02 5.809653150572170743e-02
7.759197324414716102e-01 -1.021130828000177404e+00 8.438818108617018865e-04 1.382251139537051809e-01 2.764502279074103619e-01 2.904964390249391640e-02 5.809928780498783280e-02
7.792642140468227785e-01 -1.016069379126609995e+00 8.439592691426023308e-04 1.382264471284560536e-01 2.764528942569121073e-01 2.905097707724479256e-02 5.810195415448958511e-02
7.826086956521739468e-01 -1.009816672684715977e+00 8.440255451247491436e-04 1.382275877902806316e-01 2.764551755805612632e-01 2.905211773906937051e-02 5.810423547813874101e-02
7.859531772575251152e-01 -1.002519776402238216e+00 8.440739257818963281e-04 1.382284204311967080e-01 2.764568408623934159e-01 2.905295037998544341e-02 5.810590075997088683e-02
7.892976588628762835e-01 -9.943373017521311974e-01 8.441016042968763067e-04 1.382288967733188711e-01 2.764577935466377423e-01 2.905342672210760660e-02 5.810685344421521320e-02
7.926421404682274519e-01 -9.854349176522833043e-01 8.441112374886761138e-04 1.382290625569355114e-01 2.764581251138710227e-01 2.905359250572424681e-02 5.810718501144849363e-02
7.959866220735786202e-01 -9.759807795410011533e-01 8.441115520300135344e-04 1.382290679700579616e-01 2.764581359401159233e-01 2.905359791884670403e-02 5.810719583769340807e-02
7.993311036789297885e-01 -9.661409722122199506e-01 8.441166655126508545e-04 1.382291559707748974e-01 2.764583119415497947e-01 2.905368591956364668e-02 5.810737183912729337e-02
8.026755852842809569e-01 -9.560750613350397220e-01 8.441440210151807122e-04 1.382296267420391744e-01 2.764592534840783489e-01 2.905415669082792030e-02 5.810831338165584059e-02
8.060200668896321252e-01 -9.459318459052400430e-01 8.442111367792937138e-04 1.382307817304772868e-01 2.764615634609545736e-01 2.905531167926604305e-02 5.811062335853208610e-02
8.093645484949832936e-01 -9.358454017550326132e-01 8.443316899345854054e-04 1.382328562023189544e-01 2.764657124046379089e-01 2.905738615110769682e-02 5.811477230221539364e-02
8.127090301003344619e-01 -9.259315045702478653e-01 8.445117147683478542e-04 1.382359537837362096e-01 2.764719075674724191e-01 2.906048373252495889e-02 5.812096746504991779e-02
8.160535117056856302e-01 -9.162845189186982209e-01 8.447468282716807941e-04 1.382399987463695523e-01 2.764799974927391046e-01 2.906452869515830859e-02 5.812905739031661717e-02
8.193979933110367986e-01 -9.069748368840002684e-01 8.450213426629549218e-04 1.382447208613534761e-01 2.764894417227069523e-01 2.906925081014223242e-02 5.813850162028446483e-02
8.227424749163879669e-01 -8.980469452428095911e-01 8.453098613093179559e-04 1.382496830467390692e-01 2.764993660934781383e-01 2.907421299552780461e-02 5.814842599105560922e-02
8.260869565217391353e-01 -8.895181927500663832e-01 8.455814986232379482e-04 1.382543541189198699e-01 2.765087082378397398e-01 2.907888406770861578e-02 5.815776813541723156e-02
8.294314381270903036e-01 -8.813783184465404652e-01 8.458062824202028374e-04 1.382582189312638876e-01 2.765164378625277752e-01 2.908274888005263695e-02 5.816549776010527389e-02
8.327759197324414719e-01 -8.735897872256017660e-01 8.459626998718605684e-04 1.382609079862305579e-01 2.765218159724611158e-01 2.908543793501931415e-02 5.817087587003862831e-02
8.361204013377926403e-01 -8.660889600997336846e-01 8.460448678491716556e-04 1.382623204796982197e-01 2.765246409593964394e-01 2.908685042848695168e-02 5.817370085697390336e-02
8.394648829431438086e-01 -8.587881036197765328e-01 8.460675827135499816e-04 1.382627109432854051e-01 2.765254218865708102e-01 2.908724089207414057e-02 5.817448178414828114e-02
8.428093645484949770e-01 -8.515782162342503403e-01 8.460676364871466681e-04 1.382627118676356126e-01 2.765254237352712252e-01 2.908724181642437234e-02 5.817448363284874469e-02
8.461538461538461453e-01 -8.443326198225660217e-01 8.461003181387538596e-04 1.382632736489178837e-01 2.765265472978357675e-01 2.908780359770661572e-02 5.817560719541323144e-02
8.494983277591973136e-01 -8.369112333719436192e-01 8.462309121249345090e-04 1.382655183860788672e-01 2.765310367721577345e-01 2.909004833486762351e-02 5.818009666973524702e-02
8.528428093645484820e-01 -8.291654142794907534e-01 8.465221280645196522e-04 1.382705233775847753e-01 2.765410467551695506e-01 2.909505332637353503e-02 5.819010665274707006e-02
8.561872909698996503e-01 -8.209432227444281027e-01 8.470195359573939875e-04 1.382790701027065139e-01 2.765581402054130278e-01 2.910360005149524587e-02 5.820720010299049174e-02
8.595317725752508187e-01 -8.120949380017190578e-01 8.477379826662412299e-04 1.382914104046712722e-01 2.765828208093425444e-01 2.911594035346001461e-02 5.823188070692002921e-02
8.628762541806019870e-01 -8.024786335389049174e-01 8.486523701382031604e-04 1.383071086961313589e-01 2.766142173922627179e-01 2.913163864492011521e-02 5.826327728984023041e-02
8.662207357859531554e-01 -7.919656036448131653e-01 8.496958882896477050e-04 1.383250135860532304e-01 2.766500271721064608e-01 2.914954353484197624e-02 5.829908706968395249e-02
8.695652173913043237e-01 -7.804454271027390089e-01 8.507677353389864194e-04 1.383433931061527344e-01 2.766867862123054689e-01 2.916792305494147336e-02 5.833584610988294672e-02
8.729096989966554920e-01 -7.678304565972319251e-01 8.517506047598932817e-04 1.383602367071208594e-01 2.767204734142417188e-01 2.918476665590960875e-02 5.836953331181921750e-02
8.762541806020066604e-01 -7.540595351326344620e-01 8.525360232840006880e-04 1.383736895737095463e-01 2.767473791474190925e-01 2.919821952249829558e-02 5.839643904499659116e-02
8.795986622073578287e-01 -7.391007634829070971e-01 8.530533938508333414e-04 1.383825478552441757e-01 2.767650957104883513e-01 2.920707780403293541e-02 5.841415560806587082e-02
8.829431438127089971e-01 -7.229531749482837055e-01 8.532968293094578272e-04 1.383867149632217186e-01 2.767734299264434372e-01 2.921124491201047488e-02 5.842248982402094976e-02
8.862876254180601654e-01 -7.056472144418376446e-01 8.533430595460411716e-04 1.383875062614113305e-01 2.767750125228226610e-01 2.921203621020009022e-02 5.842407242040018045e-02
8.896321070234113337e-01 -6.872439665586531632e-01 8.533542466807597648e-04 1.383876977423812715e-01 2.767753954847625431e-01 2.921222769117000698e-02 5.842445538234001395e-02
8.929765886287625021e-01 -6.678331297587942750e-01 8.535616264576662005e-04 1.383912470639430126e-01 2.767824941278860251e-01 2.921577701273177230e-02 5.843155402546354460e-02
8.963210702341136704e-01 -6.475297886943998105e-01 8.542293802567546557e-04 1.384026727955170177e-01 2.768053455910340355e-01 2.922720274430576706e-02 5.845440548861153413e-02
8.996655518394648388e-01 -6.264700914104065488e-01 8.556025641915931956e-04 1.384261549011697734e-01 2.768523098023395468e-01 2.925068484995852619e-02 5.850136969991705238e-02
9.030100334448160071e-01 -6.048059898558464376e-01 8.578475057158807537e-04 1.384645039327833949e-01 2.769290078655667897e-01 2.928903388157214072e-02 5.857806776314428143e-02
9.063545150501671754e-01 -5.826992482300122900e-01 8.609968383010424553e-04 1.385182176781981078e-01 2.770364353563962156e-01 2.934274762698685021e-02 5.868549525397370042e-02
9.096989966555183438e-01 -5.603149616605730410e-01 8.649132585904495407e-04 1.385848777057433201e-01 2.771697554114866402e-01 2.940940765453206943e-02 5.881881530906413885e-02
9.130434782608695121e-01 -5.378148554483997978e-01 8.692852965065944737e-04 1.386591146106376515e-01 2.773182292212753031e-01 2.948364455942640780e-02 5.896728911885281560e-02
9.163879598662206805e-01 -5.153506510181476985e-01 8.736644170307950041e-04 1.387332848728586032e-01 2.774665697457172064e-01 2.955781482164733867e-02 5.911562964329467734e-02
9.197324414715718488e-01 -4.930577877090270289e-01 8.775457159724275868e-04 1.387988681677749248e-01 2.775977363355498495e-01 2.962339811656366367e-02 5.924679623312732735e-02
9.230769230769230171e-01 -4.710497792288754759e-01 8.804851011978143127e-04 1.388484392521155408e-01 2.776968785042310817e-01 2.967296920090428669e-02 5.934593840180857338e-02
9.264214046822741855e-01 -4.494134602763777964e-01 8.822356054141167192e-04 1.388779212196605828e-01 2.777558424393211656e-01 2.970245116844932518e-02 5.940490233689865035e-02
9.297658862876253538e-01 -4.282053433804542397e-01 8.828763236465309028e-04 1.388887048742077357e-01 2.777774097484154714e-01 2.971323482299648502e-02 5.942646964599297005e-02
9.331103678929765222e-01 -4.074492600800168063e-01 8.829016396162403524e-04 1.388891308760951682e-01 2.777782617521903363e-01 2.971366082488390362e-02 5.942732164976780723e-02
9.364548494983276905e-01 -3.871354061335967045e-01 8.832380212776547168e-04 1.388947907244308111e-01 2.777895814488616222e-01 2.971932067321954654e-02 5.943864134643909308e-02
9.397993311036788588e-01 -3.672208502126058094e-01 8.851623165198052590e-04 1.389271475924828692e-01 2.778542951849657383e-01 2.975167754127160460e-02 5.950335508254320921e-02
9.431438127090301382e-01 -3.476315021194893440e-01 8.901098255280626148e-04 1.390101784548149755e-01 2.780203569096299510e-01 2.983470840360372481e-02 5.966941680720744962e-02
9.464882943143813065e-01 -3.282654731953680294e-01 8.993818706993228496e-04 1.391651661266856133e-01 2.783303322533712265e-01 2.998969607547436952e-02 5.997939215094873905e-02
9.498327759197324749e-01 -3.089977009708082534e-01 9.137891550152210662e-04 1.394044156996327444e-01 2.788088313992654887e-01 3.022894564842149717e-02 6.045789129684299434e-02
9.531772575250836432e-01 -2.896856552879516489e-01 9.332955808059040237e-04 1.397253568072354679e-01 2.794507136144709358e-01 3.054988675602422071e-02 6.109977351204844143e-02
9.565217391304348116e-01 -2.701758965099577692e-01 9.567530682411673482e-04 1.401068953051688715e-01 2.802137906103377429e-01 3.093142525395762080e-02 6.186285050791524159e-02
9.598662207357859799e-01 -2.503112200734619042e-01 9.818364325910877710e-04 1.405097393516287763e-01 2.810194787032575525e-01 3.133426930041751518e-02 6.266853860083503036e-02
9.632107023411371483e-01 -2.299380972299414627e-01 1.005293905026349854e-03 1.408818401529171593e-01 2.817636803058343187e-01 3.170637010170589826e-02 6.341274020341179651e-02
9.665551839464883166e-01 -2.089141102024366370e-01 1.023619698490352281e-03 1.411695272883037866e-01 2.823390545766075732e-01 3.199405723709251859e-02 6.398811447418503717e-02
9.698996655518394849e-01 -1.871150815967554948e-01 1.034228074226428706e-03 1.413348866228225642e-01 2.826697732456451284e-01 3.215941657161131700e-02 6.431883314322263401e-02
9.732441471571906533e-01 -1.644416124277639502e-01 1.037163811049734985e-03 1.413804977805850349e-01 2.827609955611700698e-01 3.220502772937379465e-02 6.441005545874758931e-02
9.765886287625418216e-01 -1.408247695854194792e-01 1.037324481350243577e-03 1.413829921749363838e-01 2.827659843498727676e-01 3.220752212372512968e-02 6.441504424745025936e-02
9.799331103678929900e-01 -1.162307007480704174e-01 1.047100638966236286e-03 1.415344045047162991e-01 2.830688090094325982e-01 3.235893445350505188e-02 6.471786890701010375e-02
9.832775919732441583e-01 -9.066400046952469149e-02 1.089268132051401938e-03 1.421795324080091238e-01 2.843590648160182477e-01 3.300406235679786970e-02 6.600812471359573941e-02
9.866220735785953266e-01 -6.416970346445118045e-02 1.199900813531495913e-03 1.438150545396472690e-01 2.876301090792945381e-01 3.463958448843600102e-02 6.927916897687200204e-02
9.899665551839464950e-01 -3.683383730252759447e-02 1.431020822793505065e-03 1.470043059147889963e-01 2.940086118295779927e-01 3.782883586357773525e-02 7.565767172715547051e-02
9.933110367892976633e-01 -8.782524406393876770e-03 1.852675442084505963e-03 1.522181865324523653e-01 3.044363730649047306e-01 4.304271648124111810e-02 8.608543296248223620e-02
9.966555183946488317e-01 1.982032027725741385e-02 2.554130477200267091e-03 1.597138760134125812e-01 3.194277520268251624e-01 5.053840596220133402e-02 1.010768119244026680e-01
1.000000000000000000e+00 4.877659657364954993e-02 3.643903501429957004e-03 1.695402238520009597e-01 3.390804477040019194e-01 6.036475380078971942e-02 1.207295076015794388e-01
