# X mu var std 2std fstd 2fstd
0.000000000000000000e+00 6.697389005436534815e-01 3.644039978536850466e-03 1.695424465131580571e-01 3.390848930263161143e-01 6.036588422724254582e-02 1.207317684544850916e-01
3.344481605351170509e-03 7.366807841490360387e-01 2.554301032501260504e-03 1.597166556030163442e-01 3.194333112060326885e-01 5.054009331710083291e-02 1.010801866342016658e-01
6.688963210702341018e-03 7.904841260439600115e-01 1.852831292279311093e-03 1.522210891421757750e-01 3.044421782843515500e-01 4.304452685626026370e-02 8.608905371252052741e-02
1.003344481605351196e-02 8.304773407459190571e-01 1.431139315115459443e-03 1.470069642810762356e-01 2.940139285621524712e-01 3.783040199516071039e-02 7.566080399032142079e-02
1.337792642140468204e-02 8.562527506307247016e-01 1.199979870890988121e-03 1.438172878974119939e-01 2.876345757948239878e-01 3.464072561149648261e-02 6.928145122299296521e-02
1.672240802675585211e-02 8.676726453711798293e-01 1.089318979926812148e-03 1.421813949612497630e-01 2.843627899224995259e-01 3.300483267533425857e-02 6.600966535066851715e-02
2.006688963210702392e-02 8.648680058832353135e-01 1.047140252119604931e-03 1.415361088235233267e-01 2.830722176470466533e-01 3.235954653760780148e-02 6.471909307521560295e-02
2.341137123745819226e-02 8.482299570615405848e-01 1.037369069632476659e-03 1.413847766051303800e-01 2.827695532102607601e-01 3.220821431921485484e-02 6.441642863842970967e-02
2.675585284280936407e-02 8.183942672661401740e-01 1.037224306762396520e-03 1.413825292293624525e-01 2.827650584587249050e-01 3.220596694344693423e-02 6.441193388689386845e-02
3.010033444816053588e-02 7.762194556371682097e-01 1.034308076455381364e-03 1.413372226717872771e-01 2.826744453435745541e-01 3.216066038587176573e-02 6.432132077174353146e-02
3.344481605351170422e-02 7.227592906470224898e-01 1.023715787007883904e-03 1.411721211497310446e-01 2.823442422994620893e-01 3.199555886381551945e-02 6.399111772763103889e-02
3.678929765886287256e-02 6.592306554281449626e-01 1.005397769337723624e-03 1.408845702545300504e-01 2.817691405090601009e-01 3.170800796861454607e-02 6.341601593722909214e-02
4.013377926421404784e-02 5.869779091695624951e-01 9.819379642445613676e-04 1.405124516820147051e-01 2.810249033640294103e-01 3.133588939609918689e-02 6.267177879219837378e-02
4.347826086956521618e-02 5.074349827521044132e-01 9.568434832344374641e-04 1.401094490447428731e-01 2.802188980894857462e-01 3.093288675882736871e-02 6.186577351765473742e-02
4.682274247491638453e-02 4.220865062631016240e-01 9.333697708349686373e-04 1.397276632617391046e-01 2.794553265234782091e-01 3.055110097582358283e-02 6.110220195164716567e-02
5.016722408026755980e-02 3.324292737895979677e-01 9.138467644713155202e-04 1.394064608049531695e-01 2.788129216099063390e-01 3.022989851903766512e-02 6.045979703807533023e-02
5.351170568561872815e-02 2.399353069560997143e-01 8.994269750531302954e-04 1.391670103494762056e-01 2.783340206989524113e-01 2.999044806356067697e-02 5.998089612712135393e-02
5.685618729096989649e-02 1.460176854087947840e-01 8.901494515559105203e-04 1.390119347748909329e-01 2.780238695497818657e-01 2.983537248897540767e-02 5.967074497795081534e-02
6.020066889632107177e-02 5.200017443276750556e-02 8.852043124036867994e-04 1.389289455921934591e-01 2.778578911843869181e-01 2.975238330627794775e-02 5.950476661255589550e-02
6.354515050167224011e-02 -4.090849630430499345e-02 8.832888982394093702e-04 1.388967389044925005e-01 2.777934778089850010e-01 2.972017661857697182e-02 5.944035323715394364e-02
6.688963210702340845e-02 -1.316350550190001356e-01 8.829649543032336290e-04 1.388912885054726098e-01 2.777825770109452197e-01 2.971472621955709159e-02 5.942945243911418318e-02
7.023411371237457679e-02 -2.192563897993005939e-01 8.829519785231720874e-04 1.388910701654542945e-01 2.777821403309085890e-01 2.971450787953877626e-02 5.942901575907755252e-02
7.357859531772574513e-02 -3.030083457545312275e-01 8.823201744606601338e-04 1.388804370240815933e-01 2.777608740481631866e-01 2.970387473816606463e-02 5.940774947633212927e-02
7.692307692307692735e-02 -3.822886691051083918e-01 8.805730117737442519e-04 1.388510127740668343e-01 2.777020255481336686e-01 2.967445048815132297e-02 5.934890097630264594e-02
8.026755852842809569e-02 -4.566543755981248287e-01 8.776309094380430054e-04 1.388013983097324822e-01 2.776027966194649643e-01 2.962483602381696043e-02 5.924967204763392087e-02
8.361204013377926403e-02 -5.258140259278817341e-01 8.737420148060559555e-04 1.387356897223953611e-01 2.774713794447907222e-01 2.955912743647985327e-02 5.911825487295970655e-02
8.695652173913043237e-02 -5.896155674016040349e-01 8.693528332172073547e-04 1.386613521481005196e-01 2.773227042962010391e-01 2.948478986218500131e-02 5.896957972437000262e-02
9.030100334448160071e-02 -6.480305420733122324e-01 8.649711899439416207e-04 1.385869548358958925e-01 2.771739096717917850e-01 2.941039254998038463e-02 5.882078509996076926e-02
9.364548494983276905e-02 -7.011355619810599737e-01 8.610482424953325165e-04 1.385201858265645569e-01 2.770403716531291138e-01 2.934362354064903866e-02 5.868724708129807732e-02
9.698996655518395127e-02 -7.490920090249376662e-01 8.578971142699787222e-04 1.384664430345627917e-01 2.769328860691255834e-01 2.928988074864728383e-02 5.857976149729456766e-02
1.003344481605351196e-01 -7.921249296158239250e-01 8.556554234906421641e-04 1.384281506785249305e-01 2.768563013570498610e-01 2.925158839260941918e-02 5.850317678521883835e-02
1.036789297658862880e-01 -8.305020638145733658e-01 8.542895200992495219e-04 1.384047938454753546e-01 2.768095876909507091e-01 2.922823155955983632e-02 5.845646311911967263e-02
1.070234113712374563e-01 -8.645138785571535589e-01 8.536310831422366796e-04 1.383935279590006728e-01 2.767870559180013457e-01 2.921696567308516151e-02 5.843393134617032303e-02
1.103678929765886246e-01 -8.944553697596504538e-01 8.534326701455374753e-04 1.383901322516957744e-01 2.767802645033915487e-01 2.921356996578024223e-02 5.842713993156048446e-02
1.137123745819397930e-01 -9.206102650925488406e-01 8.534279655186272073e-04 1.383900517303250366e-01 2.767801034606500732e-01 2.921348944440953221e-02 5.842697888881906443e-02
1.170568561872909613e-01 -9.432381055488217036e-01 8.533843846221800256e-04 1.383893058171585255e-01 2.767786116343170510e-01 2.921274353124300380e-02 5.842548706248600759e-02
1.204013377926421435e-01 -9.625645177975729050e-01 8.531394930733071647e-04 1.383851139972432642e-01 2.767702279944865285e-01 2.920855171132774944e-02 5.841710342265549888e-02
1.237458193979933119e-01 -9.787748191299081579e-01 8.526173573245587889e-04 1.383761745662961951e-01 2.767523491325923901e-01 2.919961228038069068e-02 5.839922456076138135e-02
1.270903010033444802e-01 -9.920109307791588060e-01 8.518254474683129018e-04 1.383626111358080557e-01 2.767252222716161114e-01 2.918604884989252704e-02 5.837209769978505408e-02
1.304347826086956486e-01 -1.002371421145612063e+00 8.508362686127646235e-04 1.383456601227147365e-01 2.766913202454294729e-01 2.916909783679921472e-02 5.833819567359842945e-02
1.337792642140468169e-01 -1.009914364641306683e+00 8.497600195062071649e-04 1.383272058380947134e-01 2.766544116761894267e-01 2.915064355217920553e-02 5.830128710435841105e-02
1.371237458193979852e-01 -1.014662589924996805e+00 8.487151304529261253e-04 1.383092780956872991e-01 2.766185561913745983e-01 2.913271580977177047e-02 5.826543161954354094e-02
1.404682274247491536e-01 -1.016610807208349065e+00 8.478026944663819009e-04 1.382936138960353389e-01 2.765872277920706779e-01 2.911705161011983109e-02 5.823410322023966218e-02
1.438127090301003219e-01 -1.015734050504368824e+00 8.470889803090519976e-04 1.382813553672801732e-01 2.765627107345603464e-01 2.910479308136465840e-02 5.820958616272931679e-02
1.471571906354514903e-01 -1.011996847967874036e+00 8.465979219338115591e-04 1.382729181047085421e-01 2.765458362094170841e-01 2.909635581879303767e-02 5.819271163758607535e-02
1.505016722408026864e-01 -1.005362541093368423e+00 8.463132318696220402e-04 1.382680254988517543e-01 2.765360509977035086e-01 2.909146321293623258e-02 5.818292642587246516e-02
1.538461538461538547e-01 -9.958022092882587994e-01 8.461880042509029032e-04 1.382658731105277650e-01 2.765317462210555299e-01 2.908931082461223977e-02 5.817862164922447954e-02
1.571906354515050230e-01 -9.833027167714638583e-01 8.461586139699162068e-04 1.382653679329323149e-01 2.765307358658646297e-01 2.908880564701679661e-02 5.817761129403359321e-02
1.605351170568561914e-01 -9.678734793819027127e-01 8.461594578264564070e-04 1.382653824377617635e-01 2.765307648755235270e-01 2.908882015184624872e-02 5.817764030369249745e-02
1.638795986622073597e-01 -9.495516445012061046e-01 8.461355319082097814e-04 1.382649711786035074e-01 2.765299423572070148e-01 2.908840889268798913e-02 5.817681778537597825e-02
1.672240802675585281e-01 -9.284054822404923524e-01 8.460507873390143985e-04 1.382635144696527096e-01 2.765270289393054193e-01 2.908695218373720179e-02 5.817390436747440358e-02
1.705685618729096964e-01 -9.045358945180664856e-01 8.458913846091653532e-04 1.382607742334509837e-01 2.765215484669019674e-01 2.908421194753547587e-02 5.816842389507095173e-02
1.739130434782608647e-01 -8.780760550262701747e-01 8.456641082522642350e-04 1.382568667590854117e-01 2.765137335181708234e-01 2.908030447316988301e-02 5.816060894633976602e-02
1.772575250836120331e-01 -8.491892921432590002e-01 8.453910946566445261e-04 1.382521722478173287e-01 2.765043444956346574e-01 2.907560996190182434e-02 5.815121992380364868e-02
1.806020066889632014e-01 -8.180654140422231047e-01 8.451025380947219112e-04 1.382472096487576685e-01 2.764944192975153370e-01 2.907064736284216064e-02 5.814129472568432128e-02
1.839464882943143698e-01 -7.849157468873585453e-01 8.448291404649643788e-04 1.382425069714915411e-01 2.764850139429830822e-01 2.906594468557601244e-02 5.813188937115202487e-02
1.872909698996655381e-01 -7.499672103674537293e-01 8.445958111419349379e-04 1.382384929021346354e-01 2.764769858042692707e-01 2.906193061621913099e-02 5.812386123243826197e-02
1.906354515050167064e-01 -7.134557882488847813e-01 8.444176175942397222e-04 1.382354269849060679e-01 2.764708539698121359e-01 2.905886469899056010e-02 5.811772939798112020e-02
1.939799331103679025e-01 -6.756197645604780089e-01 8.442983760298394813e-04 1.382333751880532868e-01 2.764667503761065737e-01 2.905681290213776163e-02 5.811362580427552327e-02
1.973244147157190709e-01 -6.366930889327080401e-01 8.442316911611014163e-04 1.382322276742886102e-01 2.764644553485772205e-01 2.905566538837308158e-02 5.811133077674616315e-02
2.006688963210702392e-01 -5.968992089561284686e-01 8.442038124747974770e-04 1.382317479241935432e-01 2.764634958483870864e-01 2.905518563827802145e-02 5.811037127655604290e-02
2.040133779264214076e-01 -5.564456654979693662e-01 8.441974325436585325e-04 1.382316381340983613e-01 2.764632762681967226e-01 2.905507584818285347e-02 5.811015169636570693e-02
2.073578595317725759e-01 -5.155196917114875932e-01 8.441955232650344421e-04 1.382316052778822524e-01 2.764632105557645048e-01 2.905504299196672024e-02 5.811008598393344049e-02
2.107023411371237442e-01 -4.742849914897001584e-01 8.441844570915013612e-04 1.382314148426142253e-01 2.764628296852284506e-01 2.905485255669870703e-02 5.810970511339741407e-02
2.140468227424749126e-01 -4.328798021642267235e-01 8.441559316088587117e-04 1.382309239483038021e-01 2.764618478966076043e-01 2.905436166238829429e-02 5.810872332477658858e-02
2.173913043478260809e-01 -3.914162732548856494e-01 8.441075333644465495e-04 1.382300910451634557e-01 2.764601820903269114e-01 2.905352875924793049e-02 5.810705751849586098e-02
2.207357859531772493e-01 -3.499811218748425934e-01 8.440420708175078168e-04 1.382289644381904381e-01 2.764579288763808762e-01 2.905240215227490944e-02 5.810480430454981887e-02
2.240802675585284176e-01 -3.086374595606230509e-01 8.439660232485435287e-04 1.382276556086898534e-01 2.764553112173797067e-01 2.905109332277433509e-02 5.810218664554867019e-02
2.274247491638795859e-01 -2.674276279699784875e-01 8.438875635104481354e-04 1.382263052023416094e-01 2.764526104046832189e-01 2.904974291642609466e-02 5.809948583285218932e-02
2.307692307692307543e-01 -2.263768346541037424e-01 8.438146141772073783e-04 1.382250495817663460e-01 2.764500991635326921e-01 2.904848729585083472e-02 5.809697459170166944e-02
2.341137123745819226e-01 -1.854973468824163141e-01 8.437533078636261230e-04 1.382239943215297084e-01 2.764479886430594169e-01 2.904743203561420059e-02 5.809486407122840118e-02
2.374581939799331187e-01 -1.447929824653224895e-01 8.437070766366128183e-04 1.382231985220894466e-01 2.764463970441788931e-01 2.904663623617393872e-02 5.809327247234787744e-02
2.408026755852842871e-01 -1.042636321135698568e-01 8.436764314432299017e-04 1.382226710002206205e-01 2.764453420004412409e-01 2.904610871430508834e-02 5.809221742861017668e-02
2.441471571906354554e-01 -6.390955776903295416e-02 8.436593462626817974e-04 1.382223768942662523e-01 2.764447537885325046e-01 2.904581460835074791e-02 5.809162921670149582e-02
2.474916387959866237e-01 -2.373523451048044700e-02 8.436520593711471783e-04 1.382222514561030069e-01 2.764445029122060138e-01 2.904568917018749558e-02 5.809137834037499115e-02
2.508361204013377921e-01 1.624746158568236495e-02 8.436500579106498421e-04 1.382222170024243191e-01 2.764444340048486382e-01 2.904565471650879735e-02 5.809130943301759470e-02
2.541806020066889604e-01 5.601687306545485856e-02 8.436490213115654946e-04 1.382221991581131237e-01 2.764443983162262475e-01 2.904563687219761242e-02 5.809127374439522484e-02
2.575250836120401288e-01 9.554009064570102849e-02 8.436455511075524605e-04 1.382221394209554033e-01 2.764442788419108066e-01 2.904557713503989544e-02 5.809115427007979088e-02
2.608695652173912971e-01 1.347724402258373699e-01 8.436375909722237942e-04 1.382220023922768604e-01 2.764440047845537207e-01 2.904544010636133863e-02 5.809088021272267727e-02
2.642140468227424654e-01 1.736579190513202475e-01 8.436245205405423775e-04 1.382217773916871173e-01 2.764435547833742346e-01 2.904521510577159210e-02 5.809043021154318420e-02
2.675585284280936338e-01 2.121305189047505424e-01 8.436069728799955314e-04 1.382214753152223030e-01 2.764429506304446060e-01 2.904491302930679170e-02 5.808982605861358339e-02
2.709030100334448021e-01 2.501163252044868446e-01 8.435864673287940541e-04 1.382211223157867597e-01 2.764422446315735193e-01 2.904456002987124141e-02 5.808912005974248283e-02
2.742474916387959705e-01 2.875362391853760746e-01 8.435649636398534490e-04 1.382207521289779972e-01 2.764415042579559945e-01 2.904418984306247550e-02 5.808837968612495101e-02
2.775919732441471388e-01 3.243091379638211036e-01 8.435444331983399380e-04 1.382203986922572181e-01 2.764407973845144362e-01 2.904383640634170677e-02 5.808767281268341354e-02
2.809364548494983072e-01 3.603552657700178075e-01 8.435265168486583143e-04 1.382200902542712051e-01 2.764401805085424102e-01 2.904352796835567643e-02 5.808705593671135287e-02
2.842809364548494755e-01 3.955996398901567290e-01 8.435123060362426095e-04 1.382198456064397674e-01 2.764396912128795347e-01 2.904328332052425951e-02 5.808656664104851902e-02
2.876254180602006438e-01 4.299752572042120358e-01 8.435022534840075359e-04 1.382196725443573249e-01 2.764393450887146497e-01 2.904311025844180313e-02 5.808622051688360627e-02
2.909698996655518122e-01 4.634259012961363111e-01 8.434961970809062848e-04 1.382195682784243818e-01 2.764391365568487635e-01 2.904300599250887391e-02 5.808601198501774782e-02
2.943143812709029805e-01 4.959083750187348594e-01 8.434934683721473370e-04 1.382195213013489576e-01 2.764390426026979153e-01 2.904295901543345326e-02 5.808591803086690653e-02
2.976588628762541489e-01 5.273940176257894130e-01 8.434930536898588294e-04 1.382195141622289680e-01 2.764390283244579360e-01 2.904295187631344630e-02 5.808590375262689259e-02
3.010033444816053727e-01 5.578694071902211560e-01 8.434937785880003425e-04 1.382195266419863344e-01 2.764390532839726689e-01 2.904296435607082311e-02 5.808592871214164621e-02
3.043478260869565410e-01 5.873361956969703757e-01 8.434944912964481567e-04 1.382195389118822115e-01 2.764390778237644231e-01 2.904297662596670021e-02 5.808595325193340042e-02
3.076923076923077094e-01 6.158100733889917411e-01 8.434942256436150920e-04 1.382195343384382269e-01 2.764390686768764538e-01 2.904297205252270864e-02 5.808594410504541727e-02
3.110367892976588777e-01 6.433189080072199140e-01 8.434923275065786541e-04 1.382195016603414151e-01 2.764390033206828301e-01 2.904293937442590720e-02 5.808587874885181440e-02
3.143812709030100461e-01 6.699001508946141881e-01 8.434885316560003510e-04 1.382194363113283808e-01 2.764388726226567616e-01 2.904287402541284868e-02 5.808574805082569736e-02
3.177257525083612144e-01 6.955976430943761057e-01 8.434829794883857979e-04 1.382193407254585504e-01 2.764386814509171009e-01 2.904277843954303565e-02 5.808555687908607129e-02
3.210702341137123828e-01 7.204579884274725510e-01 8.434761737936558035e-04 1.382192235584927265e-01 2.764384471169854529e-01 2.904266127257720473e-02 5.808532254515440946e-02
3.244147157190635511e-01 7.445266853554554087e-01 8.434688750865171336e-04 1.382190979032908995e-01 2.764381958065817990e-01 2.904253561737537431e-02 5.808507123475074863e-02
3.277591973244147194e-01 7.678442239814935455e-01 8.434619538845722353e-04 1.382189787467503761e-01 2.764379574935007522e-01 2.904241646083487172e-02 5.808483292166974343e-02
3.311036789297658878e-01 7.904423581304378388e-01 8.434562228599173928e-04 1.382188800801260331e-01 2.764377601602520662e-01 2.904231779421052526e-02 5.808463558842105051e-02
3.344481605351170561e-01 8.123407549720076393e-01 8.434522789282916655e-04 1.382188121803071545e-01 2.764376243606143091e-01 2.904224989439164670e-02 5.808449978878329339e-02
3.377926421404682245e-01 8.335442065819881341e-01 8.434503861065034691e-04 1.382187795929067931e-01 2.764375591858135861e-01 2.904221730699127479e-02 5.808443461398254959e-02
3.411371237458193928e-01 8.540405601996458040e-01 8.434504237110340696e-04 1.382187802403182786e-01 2.764375604806365572e-01 2.904221795440276033e-02 5.808443590880552065e-02
3.444816053511705611e-01 8.737994882396845631e-01 8.434519123351469361e-04 1.382188058689300114e-01 2.764376117378600228e-01 2.904224358301450010e-02 5.808448716602900019e-02
3.478260869565217295e-01 8.927721772683869794e-01 8.434541139085149908e-04 1.382188437718545049e-01 2.764376875437090098e-01 2.904228148593899703e-02 5.808456297187799405e-02
3.511705685618728978e-01 9.108919693581587484e-01 8.434561860877765049e-04 1.382188794470474158e-01 2.764377588940948316e-01 2.904231716113190101e-02 5.808463432226380202e-02
3.545150501672240662e-01 9.280759418770728741e-01 8.434573586968419079e-04 1.382188996349795751e-01 2.764377992699591502e-01 2.904233734906407072e-02 5.808467469812814143e-02
3.578595317725752345e-01 9.442273652761378200e-01 8.434570943455232950e-04 1.382188950838421082e-01 2.764377901676842164e-01 2.904233279792660383e-02 5.808466559585320765e-02
3.612040133779264028e-01 9.592389351596734004e-01 8.434551984369265121e-04 1.382188624433914603e-01 2.764377248867829207e-01 2.904230015747593166e-02 5.808460031495186332e-02
3.645484949832775712e-01 9.729966370099129014e-01 8.434518543246616318e-04 1.382188048702040484e-01 2.764376097404080967e-01 2.904224258428852318e-02 5.808448516857704635e-02
3.678929765886287395e-01 9.853840712234361865e-01 8.434475762273407895e-04 1.382187312170979898e-01 2.764374624341959796e-01 2.904216893118247850e-02 5.808433786236495699e-02
3.712374581939799079e-01 9.962870440451468967e-01 8.434430904998846401e-04 1.382186539891638311e-01 2.764373079783276621e-01 2.904209170324831626e-02 5.808418340649663253e-02
3.745819397993310762e-01 1.005598217525135230e+00 8.434391720603118259e-04 1.382185865276985282e-01 2.764371730553970563e-01 2.904202424178300643e-02 5.808404848356601285e-02
3.779264214046822445e-01 1.013221609242858534e+00 8.434364726261356360e-04 1.382185400530397124e-01 2.764370801060794247e-01 2.904197776712418716e-02 5.808395553424837432e-02
3.812709030100334129e-01 1.019076740186315444e+00 8.434353792017845741e-04 1.382185212281388242e-01 2.764370424562776485e-01 2.904195894222331292e-02 5.808391788444662585e-02
3.846153846153845812e-01 1.023102246288431605e+00 8.434359340802055627e-04 1.382185307811846786e-01 2.764370615623693572e-01 2.904196849526914648e-02 5.808393699053829295e-02
3.879598662207358051e-01 1.025258794687496255e+00 8.434378337927039837e-04 1.382185634874977531e-01 2.764371269749955062e-01 2.904200120158223486e-02 5.808400240316446972e-02
3.913043478260869734e-01 1.025531178384669229e+00 8.434405060857019798e-04 1.382186094948452404e-01 2.764372189896904808e-01 2.904204720892971173e-02 5.808409441785942345e-02
3.946488294314381418e-01 1.023929500891891609e+00 8.434432464261010232e-04 1.382186566736503808e-01 2.764373133473007615e-01 2.904209438773486598e-02 5.808418877546973197e-02
3.979933110367893101e-01 1.020489403763015890e+00 8.434453817317000279e-04 1.382186934358793640e-01 2.764373868717587279e-01 2.904213114996384223e-02 5.808426229992768447e-02
4.013377926421404784e-01 1.015271332535257587e+00 8.434464228962990084e-04 1.382187113609461004e-01 2.764374227218922009e-01 2.904214907503057178e-02 5.808429815006114355e-02
4.046822742474916468e-01 1.008358878533623271e+00 8.434461704898144063e-04 1.382187070154256570e-01 2.764374140308513139e-01 2.904214472951015258e-02 5.808428945902030516e-02
4.080267558528428151e-01 9.998562732702060973e-01 8.434447492121077694e-04 1.382186825461876323e-01 2.764373650923752646e-01 2.904212026027211055e-02 5.808424052054422110e-02
4.113712374581939835e-01 9.898851470628378113e-01 8.434425637750542215e-04 1.382186449208618884e-01 2.764372898417237767e-01 2.904208263494638398e-02 5.808416526989276796e-02
4.147157190635451518e-01 9.785806925398728984e-01 8.434401881060038519e-04 1.382186040203735866e-01 2.764372080407471732e-01 2.904204173445806142e-02 5.808408346891612284e-02
4.180602006688963201e-01 9.660873957673781209e-01 8.434382159461240036e-04 1.382185700668201178e-01 2.764371401336402356e-01 2.904200778090460996e-02 5.808401556180921993e-02
4.214046822742474885e-01 9.525545120823849521e-01 8.434371106120219785e-04 1.382185510368950654e-01 2.764371020737901308e-01 2.904198875097953672e-02 5.808397750195907344e-02
4.247491638795986568e-01 9.381314699938664292e-01 8.434370917533851042e-04 1.382185507122162260e-01 2.764371014244324520e-01 2.904198842630072164e-02 5.808397685260144327e-02
4.280936454849498252e-01 9.229633847604540309e-01 8.434380875125269128e-04 1.382185678556506481e-01 2.764371357113012961e-01 2.904200556973514022e-02 5.808401113947028044e-02
4.314381270903009935e-01 9.071868538829725992e-01 8.434397634121126863e-04 1.382185967086640987e-01 2.764371934173281975e-01 2.904203442274856661e-02 5.808406884549713323e-02
4.347826086956521618e-01 8.909261904949217215e-01 8.434416194137983602e-04 1.382186286623598437e-01 2.764372573247196874e-01 2.904206637644433237e-02 5.808413275288866473e-02
4.381270903010033302e-01 8.742902285015338171e-01 8.434431282399734719e-04 1.382186546389119475e-01 2.764373092778238949e-01 2.904209235299642575e-02 5.808418470599285149e-02
4.414715719063544985e-01 8.573698065183945616e-01 8.434438774710950604e-04 1.382186675379645791e-01 2.764373350759291581e-01 2.904210525204905038e-02 5.808421050409810077e-02
4.448160535117056669e-01 8.402360075355841396e-01 8.434436767776332111e-04 1.382186640827489099e-01 2.764373281654978198e-01 2.904210179683338819e-02 5.808420359366677638e-02
4.481605351170568352e-01 8.229391991847547771e-01 8.434426016709628549e-04 1.382186455732928587e-01 2.764372911465857174e-01 2.904208328737735087e-02 5.808416657475470174e-02
4.515050167224080035e-01 8.055088869091239223e-01 8.434409629037853406e-04 1.382186173596148537e-01 2.764372347192297075e-01 2.904205507369933548e-02 5.808411014739867095e-02
4.548494983277591719e-01 7.879543605470151757e-01 8.434392117087630147e-04 1.382185872103033342e-01 2.764371744206066683e-01 2.904202492438781244e-02 5.808404984877562488e-02
4.581939799331103402e-01 7.702660850386782165e-01 8.434378090704242048e-04 1.382185630618679995e-01 2.764371261237359989e-01 2.904200077595247426e-02 5.808400155190494851e-02
4.615384615384615086e-01 7.524177591818845823e-01 8.434370974026994539e-04 1.382185508094773974e-01 2.764371016189547947e-01 2.904198852356187216e-02 5.808397704712374432e-02
4.648829431438126769e-01 7.343689434347717704e-01 8.434372115697086336e-04 1.382185527750281473e-01 2.764371055500562946e-01 2.904199048911263251e-02 5.808398097822526501e-02
4.682274247491638453e-01 7.160681393260712735e-01 8.434380542700070649e-04 1.382185672833327328e-01 2.764371345666654656e-01 2.904200499741722494e-02 5.808400999483444987e-02
4.715719063545150691e-01 6.974561895060626959e-01 8.434393410868268326e-04 1.382185894377316870e-01 2.764371788754633741e-01 2.904202715181615491e-02 5.808405430363230981e-02
4.749163879598662374e-01 6.784698590779120186e-01 8.434406993058085611e-04 1.382186128214029919e-01 2.764372256428059837e-01 2.904205053548748056e-02 5.808410107097496111e-02
4.782608695652174058e-01 6.590454556253940721e-01 8.434417885607725651e-04 1.382186315744626526e-01 2.764372631489253052e-01 2.904206928854713432e-02 5.808413857709426864e-02
4.816053511705685741e-01 6.391223471749357676e-01 8.434424047358834997e-04 1.382186421827804046e-01 2.764372843655608092e-01 2.904207989686488633e-02 5.808415979372977267e-02
4.849498327759197425e-01 6.186462439324846851e-01 8.434425344917007017e-04 1.382186444167080863e-01 2.764372888334161726e-01 2.904208213079256459e-02 5.808416426158512919e-02
4.882943143812709108e-01 5.975721206467133895e-01 8.434423436901594684e-04 1.382186411317929131e-01 2.764372822635858262e-01 2.904207884587739832e-02 5.808415769175479665e-02
4.916387959866220791e-01 5.758666714036150269e-01 8.434421046696338742e-04 1.382186370167200196e-01 2.764372740334400391e-01 2.904207473080451171e-02 5.808414946160902342e-02
4.949832775919732475e-01 5.535102070243532735e-01 8.434420872622805376e-04 1.382186367170280539e-01 2.764372734340561077e-01 2.904207443111253562e-02 5.808414886222507123e-02
4.983277591973244158e-01 5.304979264307037035e-01 8.434424507684501471e-04 1.382186429752953749e-01 2.764372859505907498e-01 2.904208068937985318e-02 5.808416137875970636e-02
5.016722408026755842e-01 5.068405167379251841e-01 8.434431744862580516e-04 1.382186554351060304e-01 2.764373108702120607e-01 2.904209314919050516e-02 5.808418629838101033e-02
5.050167224080267525e-01 4.825640617689275214e-01 8.434440520488917237e-04 1.382186705435625718e-01 2.764373410871251435e-01 2.904210825764706391e-02 5.808421651529412782e-02
5.083612040133779209e-01 4.577092644611314709e-01 8.434447542207679227e-04 1.382186826324185991e-01 2.764373652648371982e-01 2.904212034650307389e-02 5.808424069300614778e-02
5.117056856187290892e-01 4.323300145369342595e-01 8.434449414982947424e-04 1.382186858566583076e-01 2.764373717133166153e-01 2.904212357074280326e-02 5.808424714148560652e-02
5.150501672240802575e-01 4.064913580745663779e-01 8.434443903845290080e-04 1.382186763684772335e-01 2.764373527369544670e-01 2.904211408256170829e-02 5.808422816512341658e-02
5.183946488294314259e-01 3.802669494709363662e-01 8.434430904582512767e-04 1.382186539884470711e-01 2.764373079768941421e-01 2.904209170253153893e-02 5.808418340506307787e-02
5.217391304347825942e-01 3.537360879415362147e-01 8.434412769307009228e-04 1.382186227660312516e-01 2.764372455320625033e-01 2.904206048011574726e-02 5.808412096023149451e-02
5.250836120401337626e-01 3.269804593578369278e-01 8.434393826625696811e-04 1.382185901535175065e-01 2.764371803070350131e-01 2.904202786760197441e-02 5.808405573520394882e-02
5.284280936454849309e-01 3.000807191097063509e-01 8.434379192691632277e-04 1.382185649590984278e-01 2.764371299181968555e-01 2.904200267318290951e-02 5.808400534636581902e-02
5.317725752508360992e-01 2.731130620701086587e-01 8.434373208590084658e-04 1.382185546566019330e-01 2.764371093132038659e-01 2.904199237068642511e-02 5.808398474137285022e-02
5.351170568561872676e-01 2.461459309913317239e-01 8.434377981390017709e-04 1.382185628736677663e-01 2.764371257473355326e-01 2.904200058775224455e-02 5.808400117550448910e-02
5.384615384615384359e-01 2.192370142507902020e-01 8.434392505614618507e-04 1.382185878792080991e-01 2.764371757584161982e-01 2.904202559329259123e-02 5.808405118658518246e-02
5.418060200668896043e-01 1.924306774285583777e-01 8.434412688092529642e-04 1.382186226262090978e-01 2.764372452524181956e-01 2.904206034029357605e-02 5.808412068058715211e-02
5.451505016722407726e-01 1.657559605816844861e-01 8.434432334555874711e-04 1.382186564503449788e-01 2.764373129006899577e-01 2.904209416442945710e-02 5.808418832885891420e-02
5.484949832775919409e-01 1.392252543557836730e-01 8.434444861222245571e-04 1.382186780167334872e-01 2.764373560334669744e-01 2.904211573081796893e-02 5.808423146163593787e-02
5.518394648829431093e-01 1.128337435944396921e-01 8.434445256231271060e-04 1.382186786967958825e-01 2.764373573935917650e-01 2.904211641088037463e-02 5.808423282176074925e-02
5.551839464882942776e-01 8.655967749888417162e-02 8.434431710631629109e-04 1.382186553761726722e-01 2.764373107523453443e-01 2.904209309025716432e-02 5.808418618051432863e-02
5.585284280936454460e-01 6.036549157482970496e-02 8.434406407257788452e-04 1.382186118128648777e-01 2.764372236257297555e-01 2.904204952694934908e-02 5.808409905389869815e-02
5.618729096989966143e-01 3.419976977880961888e-02 8.434375180253472770e-04 1.382185580511060830e-01 2.764371161022121659e-01 2.904199576519057510e-02 5.808399153038115020e-02
5.652173913043477826e-01 7.999996879575012321e-03 8.434346079893573211e-04 1.382185079505805769e-01 2.764370159011611539e-01 2.904194566466505520e-02 5.808389132933011040e-02
5.685618729096989510e-01 -1.830398727841463929e-02 8.434327203294955666e-04 1.382184754517091219e-01 2.764369509034182437e-01 2.904191316579360013e-02 5.808382633158720026e-02
5.719063545150501193e-01 -4.478595641810892425e-02 8.434324381800251125e-04 1.382184705940833203e-01 2.764369411881666405e-01 2.904190830816778812e-02 5.808381661633557624e-02
5.752508361204012877e-01 -7.151884703120128806e-02 8.434339388542211324e-04 1.382184964304283559e-01 2.764369928608567117e-01 2.904193414451284802e-02 5.808386828902569604e-02
5.785953177257524560e-01 -9.857007320927201055e-02 8.434369202536262655e-04 1.382185477595987144e-01 2.764370955191974288e-01 2.904198547368320310e-02 5.808397094736640620e-02
5.819397993311036243e-01 -1.259968125307942000e-01 8.434406589582499336e-04 1.382186121267626744e-01 2.764372242535253488e-01 2.904204984084714919e-02 5.808409968169429838e-02
5.852842809364547927e-01 -1.538414803263363495e-01 8.434441891933541768e-04 1.382186729046938067e-01 2.764373458093876135e-01 2.904211061877828154e-02 5.808422123755656308e-02
5.886287625418059610e-01 -1.821276120126564535e-01 8.434465576643845885e-04 1.382187136811614536e-01 2.764374273623229072e-01 2.904215139524592149e-02 5.808430279049184297e-02
5.919732441471571294e-01 -2.108563653684507599e-01 8.434470859965959022e-04 1.382187227771151383e-01 2.764374455542302766e-01 2.904216049119961660e-02 5.808432098239923319e-02
5.953177257525082977e-01 -2.400038364413945580e-01 8.434455686104347372e-04 1.382186966532521488e-01 2.764373933065042976e-01 2.904213436733662015e-02 5.808426873467324031e-02
5.986622073578594661e-01 -2.695193545594664619e-01 8.434423491263109973e-04 1.382186412253838537e-01 2.764372824507677073e-01 2.904207893946834929e-02 5.808415787893669857e-02
6.020066889632107454e-01 -2.993248845329444241e-01 8.434382504354798193e-04 1.382185706606040565e-01 2.764371413212081130e-01 2.904200837468854865e-02 5.808401674937709730e-02
6.053511705685619138e-01 -3.293156189545340395e-01 8.434343726893001048e-04 1.382185038995421833e-01 2.764370077990843666e-01 2.904194161362666504e-02 5.808388322725333008e-02
6.086956521739130821e-01 -3.593617923797704505e-01 8.434318098880511094e-04 1.382184597770928225e-01 2.764369195541856450e-01 2.904189749117731464e-02 5.808379498235462929e-02
6.120401337792642504e-01 -3.893116943367882499e-01 8.434313589549824464e-04 1.382184520135999461e-01 2.764369040271998923e-01 2.904188972768443136e-02 5.808377945536886272e-02
6.153846153846154188e-01 -4.189958021082223483e-01 8.434332988190296199e-04 1.382184854112705197e-01 2.764369708225410394e-01 2.904192312535500142e-02 5.808384625071000285e-02
6.187290969899665871e-01 -4.482318997513992653e-01 8.434373002121353657e-04 1.382185543011360818e-01 2.764371086022721635e-01 2.904199201522057044e-02 5.808398403044114089e-02
6.220735785953177555e-01 -4.768309996119832195e-01 8.434424931184070218e-04 1.382186437044090610e-01 2.764372874088181220e-01 2.904208141849352887e-02 5.808416283698705773e-02
6.254180602006689238e-01 -5.046038392654472737e-01 8.434476778892419091e-04 1.382187329673442988e-01 2.764374659346885976e-01 2.904217068142878749e-02 5.808434136285757499e-02
6.287625418060200921e-01 -5.313676927561884478e-01 8.434516275274694941e-04 1.382188009655949679e-01 2.764376019311899357e-01 2.904223867967945655e-02 5.808447735935891310e-02
6.321070234113712605e-01 -5.569532121642399858e-01 8.434534041816821315e-04 1.382188315529973011e-01 2.764376631059946021e-01 2.904226926708176892e-02 5.808453853416353785e-02
6.354515050167224288e-01 -5.812110053780435992e-01 8.434526075936088496e-04 1.382188178387063204e-01 2.764376356774126409e-01 2.904225555279081258e-02 5.808451110558162517e-02
6.387959866220735972e-01 -6.040176593302001296e-01 8.434494903112321751e-04 1.382187641706079384e-01 2.764375283412158768e-01 2.904220188469242361e-02 5.808440376938484723e-02
6.421404682274247655e-01 -6.252809350525904142e-01 8.434449077250882887e-04 1.382186852752062267e-01 2.764373705504124534e-01 2.904212298929071540e-02 5.808424597858143079e-02
6.454849498327759338e-01 -6.449438911974140209e-01 8.434401143684322477e-04 1.382186027508765236e-01 2.764372055017530472e-01 2.904204046496100186e-02 5.808408092992200372e-02
6.488294314381271022e-01 -6.629877349552552035e-01 8.434364574469443987e-04 1.382185397917077840e-01 2.764370795834155681e-01 2.904197750579227272e-02 5.808395501158454544e-02
6.521739130434782705e-01 -6.794332517362714485e-01 8.434350461428152812e-04 1.382185154940386851e-01 2.764370309880773702e-01 2.904195320812316336e-02 5.808390641624632672e-02
6.555183946488294389e-01 -6.943407251678764824e-01 8.434364820013584563e-04 1.382185402144478492e-01 2.764370804288956984e-01 2.904197792853232055e-02 5.808395585706464109e-02
6.588628762541806072e-01 -7.078083240872582449e-01 8.434407197969728820e-04 1.382186131741873769e-01 2.764372263483747538e-01 2.904205088827186906e-02 5.808410177654373813e-02
6.622073578595317755e-01 -7.199690001450819166e-01 8.434470946685479475e-04 1.382187229264144890e-01 2.764374458528289780e-01 2.904216064049897766e-02 5.808432128099795533e-02
6.655518394648829439e-01 -7.309860051644816448e-01 8.434545069601062650e-04 1.382188505387393074e-01 2.764377010774786148e-01 2.904228825282378218e-02 5.808457650564756436e-02
6.688963210702341122e-01 -7.410471983224299342e-01 8.434617143175948684e-04 1.382189746223175253e-01 2.764379492446350506e-01 2.904241233640199663e-02 5.808482467280399325e-02
6.722408026755852806e-01 -7.503583665669987246e-01 8.434676520102657449e-04 1.382190768466464159e-01 2.764381536932928318e-01 2.904251456073089072e-02 5.808502912146178143e-02
6.755852842809364489e-01 -7.591358248731232550e-01 8.434716949037857070e-04 1.382191464495843292e-01 2.764382928991686583e-01 2.904258416366880050e-02 5.808516832733760099e-02
6.789297658862876172e-01 -7.675985938906226824e-01 8.434737914870815700e-04 1.382191825445471811e-01 2.764383650890943622e-01 2.904262025863164898e-02 5.808524051726329795e-02
6.822742474916387856e-01 -7.759604698135120771e-01 8.434744361884849440e-04 1.382191936437743573e-01 2.764383872875487147e-01 2.904263135785882868e-02 5.808526271571765737e-02
6.856187290969899539e-01 -7.844223041597080393e-01 8.434744926780202157e-04 1.382191946163021656e-01 2.764383892326043313e-01 2.904263233038665432e-02 5.808526466077330863e-02
6.889632107023411223e-01 -7.931647996029469461e-01 8.434749238576122465e-04 1.382192020395194010e-01 2.764384040790388020e-01 2.904263975360387579e-02 5.808527950720775157e-02
6.923076923076922906e-01 -8.023421027724368937e-01 8.434765120096110458e-04 1.382192293812359862e-01 2.764384587624719725e-01 2.904266709532048185e-02 5.808533419064096370e-02
6.956521739130434590e-01 -8.120764374733383528e-01 8.434796553853929346e-04 1.382192834976992413e-01 2.764385669953984825e-01 2.904272121178373689e-02 5.808544242356747378e-02
6.989966555183946273e-01 -8.224539740862385484e-01 8.434843044787254662e-04 1.382193635364616646e-01 2.764387270729233292e-01 2.904280125054615677e-02 5.808560250109231354e-02
7.023411371237457956e-01 -8.335220755151978578e-01 8.434900582103277422e-04 1.382194625923643949e-01 2.764389251847287898e-01 2.904290030644886625e-02 5.808580061289773250e-02
7.056856187290969640e-01 -8.452879997823806724e-01 8.434963875981194015e-04 1.382195715583397488e-01 2.764391431166794977e-01 2.904300927242422364e-02 5.808601854484844729e-02
7.090301003344481323e-01 -8.577190772690191922e-01 8.435029109870040287e-04 1.382196838637866632e-01 2.764393677275733263e-01 2.904312157787113796e-02 5.808624315574227592e-02
7.123745819397993007e-01 -8.707443196788285933e-01 8.435096219482907109e-04 1.382197993979918937e-01 2.764395987959837875e-01 2.904323711207637895e-02 5.808647422415275791e-02
7.157190635451504690e-01 -8.842573609205696128e-01 8.435169795580343965e-04 1.382199260642046068e-01 2.764398521284092136e-01 2.904336377828908508e-02 5.808672755657817016e-02
7.190635451505016373e-01 -8.981205798396616480e-01 8.435258098147824235e-04 1.382200780822991082e-01 2.764401561645982164e-01 2.904351579638357952e-02 5.808703159276715905e-02
7.224080267558528057e-01 -9.121702131596135521e-01 8.435370275903797399e-04 1.382202712017957247e-01 2.764405424035914494e-01 2.904370891588021336e-02 5.808741783176042672e-02
7.257525083612039740e-01 -9.262222357043650156e-01 8.435512537916523002e-04 1.382205161109657798e-01 2.764410322219315597e-01 2.904395382505027198e-02 5.808790765010054397e-02
7.290969899665551424e-01 -9.400787649100366128e-01 8.435684505492258012e-04 1.382208121565736691e-01 2.764416243131473383e-01 2.904424987065814742e-02 5.808849974131629484e-02
7.324414715719063107e-01 -9.535347381181449311e-01 8.435877129391311513e-04 1.382211437588707070e-01 2.764422875177414141e-01 2.904458147295517836e-02 5.808916294591035673e-02
7.357859531772574790e-01 -9.663846138627397719e-01 8.436073276738009774e-04 1.382214814228971411e-01 2.764429628457942822e-01 2.904491913698161593e-02 5.808983827396323185e-02
7.391304347826086474e-01 -9.784288614520632033e-01 8.436251406494510441e-04 1.382217880665743970e-01 2.764435761331487940e-01 2.904522578065887525e-02 5.809045156131775051e-02
7.424749163879598157e-01 -9.894800252143040042e-01 8.436391825576983194e-04 1.382220297904625528e-01 2.764440595809251056e-01 2.904546750454704493e-02 5.809093500909408986e-02
7.458193979933109841e-01 -9.993681790855709624e-01 8.436484085913575903e-04 1.382221886105682029e-01 2.764443772211364059e-01 2.904562632465269509e-02 5.809125264930539018e-02
7.491638795986621524e-01 -1.007945621760546917e+00 8.436533436502191563e-04 1.382222735640064593e-01 2.764445471280129185e-01 2.904571127809093753e-02 5.809142255618187506e-02
7.525083612040133207e-01 -1.015090700268387769e+00 8.436564121840350872e-04 1.382223263864523766e-01 2.764446527729047531e-01 2.904576410053684790e-02 5.809152820107369580e-02
7.558528428093644891e-01 -1.020710688494802509e+00 8.436617831257819944e-04 1.382224188428460010e-01 2.764448376856920020e-01 2.904585655693048968e-02 5.809171311386097936e-02
7.591973244147156574e-01 -1.024743684883401285e+00 8.436746700440367341e-04 1.382226406794618001e-01 2.764452813589236002e-01 2.904607839354629226e-02 5.809215678709258451e-02
7.625418060200668258e-01 -1.027159528632613839e+00 8.437001734177274059e-04 1.382230796919269866e-01 2.764461593838539732e-01 2.904651740601147183e-02 5.809303481202294367e-02
7.658862876254179941e-01 -1.027959764823085598e+00 8.437418974259758286e-04 1.382237979104284920e-01 2.764475958208569839e-01 2.904723562451297716e-02 5.809447124902595433e-02
7.692307692307691624e-01 -1.027176715119029859e+00 8.438006809843856537e-04 1.382248097542979337e-01 2.764496195085958674e-01 2.904824746838241892e-02 5.809649493676483784e-02
7.725752508361204418e-01 -1.024871731486112880e+00 8.438738129801781618e-04 1.382260685292267532e-01 2.764521370584535065e-01 2.904950624331123152e-02 5.809901248662246304e-02
7.759197324414716102e-01 -1.021132725673324915e+00 8.439550380593408008e-04 1.382274665413658343e-01 2.764549330827316687e-01 2.905090425545030913e-02 5.810180851090061827e-02
7.792642140468227785e-01 -1.016071077299742331e+00 8.440355043790592759e-04 1.382288514277208447e-01 2.764577028554416893e-01 2.905228914180531946e-02 5.810457828361063892e-02
7.826086956521739468e-01 -1.009818028893000319e+00 8.441055842044464796e-04 1.382300575008538757e-01 2.764601150017077513e-01 2.905349521493836434e-02 5.810699042987672869e-02
7.859531772575251152e-01 -1.002520677972737140e+00 8.441572618499981751e-04 1.382309468405743536e-01 2.764618936811487071e-01 2.905438455465883876e-02 5.810876910931767753e-02
7.892976588628762835e-01 -9.943376752303524357e-01 8.441865865847497652e-04 1.382314514886770762e-01 2.764629029773541524e-01 2.905488920276155101e-02 5.810977840552310203e-02
7.926421404682274519e-01 -9.854347350239716086e-01 8.441955870628903291e-04 1.382316063757614288e-01 2.764632127515228577e-01 2.905504408984592099e-02 5.811008817969184198e-02
7.959866220735786202e-01 -9.759800606942380385e-01 8.441930758831261983e-04 1.382315631615501084e-01 2.764631263231002167e-01 2.905500087563457970e-02 5.811000175126915940e-02
7.993311036789297885e-01 -9.661397833968100590e-01 8.441939495978378893e-04 1.382315781970768487e-01 2.764631563941536974e-01 2.905501591116132695e-02 5.811003182232265390e-02
8.026755852842809569e-01 -9.560735097283301620e-01 8.442168884914558191e-04 1.382319729436821132e-01 2.764639458873642264e-01 2.905541065776658105e-02 5.811082131553316210e-02
8.060200668896321252e-01 -9.459300707038862388e-01 8.442807289280040983e-04 1.382330715209906247e-01 2.764661430419812493e-01 2.905650923507509253e-02 5.811301847015018507e-02
8.093645484949832936e-01 -9.358435625373414668e-01 8.444001421968883037e-04 1.382351262937409619e-01 2.764702525874819239e-01 2.905856400782544369e-02 5.811712801565088737e-02
8.127090301003344619e-01 -9.259297678994832248e-01 8.445815239828124987e-04 1.382382470956923237e-01 2.764764941913846474e-01 2.906168480977681587e-02 5.812336961955363174e-02
8.160535117056856302e-01 -9.162830443107440326e-01 8.448201022625001499e-04 1.382423514935475772e-01 2.764847029870951545e-01 2.906578920763205551e-02 5.813157841526411101e-02
8.193979933110367986e-01 -9.069737633311859559e-01 8.450991609544322714e-04 1.382471515636448656e-01 2.764943031272897311e-01 2.907058927772934384e-02 5.814117855545868768e-02
8.227424749163879669e-01 -8.980463794220451268e-01 8.453919430942979929e-04 1.382521868380089392e-01 2.765043736760178783e-01 2.907562455209342436e-02 5.815124910418684873e-02
8.260869565217391353e-01 -8.895181999215626689e-01 8.456662821839100452e-04 1.382569041371371210e-01 2.765138082742742420e-01 2.908034185122159235e-02 5.816068370244318469e-02
8.294314381270903036e-01 -8.813789167937067237e-01 8.458913956338465212e-04 1.382607744229813473e-01 2.765215488459626947e-01 2.908421213706581521e-02 5.816842427413163041e-02
8.327759197324414719e-01 -8.735909461093279704e-01 8.460456821899886570e-04 1.382634267128348970e-01 2.765268534256697941e-01 2.908686442691938920e-02 5.817372885383877840e-02
8.361204013377926403e-01 -8.660906023519279184e-01 8.461239267403275477e-04 1.382647716969522822e-01 2.765295433939045644e-01 2.908820941103676047e-02 5.817641882207352094e-02
8.394648829431438086e-01 -8.587901116622057573e-01 8.461421551971270993e-04 1.382650850259435349e-01 2.765301700518870698e-01 2.908852274002801663e-02 5.817704548005603327e-02
8.428093645484949770e-01 -8.515804414846499526e-01 8.461385829393597291e-04 1.382650236226614093e-01 2.765300472453228187e-01 2.908846133674587719e-02 5.817692267349175439e-02
8.461538461538461453e-01 -8.443348945786138815e-01 8.461696856587042070e-04 1.382655582407212591e-01 2.765311164814425182e-01 2.908899595480573044e-02 5.817799190961146089e-02
8.494983277591973136e-01 -8.369133841638359828e-01 8.463013330820556845e-04 1.382678209916170520e-01 2.765356419832341039e-01 2.909125870570154065e-02 5.818251741140308131e-02
8.528428093645484820e-01 -8.291672755744455836e-01 8.465960298718600008e-04 1.382728855909631793e-01 2.765457711819263587e-01 2.909632330504766801e-02 5.819264661009533601e-02
8.561872909698996503e-01 -8.209446498784422896e-01 8.470983962224343244e-04 1.382815171256405740e-01 2.765630342512811479e-01 2.910495483972504530e-02 5.820990967945009059e-02
8.595317725752508187e-01 -8.120958182966157013e-01 8.478218522733338425e-04 1.382939428733470366e-01 2.765878857466940732e-01 2.911738058743151836e-02 5.823476117486303671e-02
8.628762541806019870e-01 -8.024788947407665018e-01 8.487398094498277423e-04 1.383097016541646462e-01 2.766194033083292925e-01 2.913313936824913838e-02 5.826627873649827677e-02
8.662207357859531554e-01 -7.919652190673999170e-01 8.497843408325489456e-04 1.383276230013088526e-01 2.766552460026177052e-01 2.915106071539334126e-02 5.830212143078668252e-02
8.695652173913043237e-01 -7.804444171391055063e-01 8.508542352743120318e-04 1.383459680953301463e-01 2.766919361906602925e-01 2.916940580941463149e-02 5.833881161882926297e-02
8.729096989966554920e-01 -7.678288865843335698e-01 8.518326166237488728e-04 1.383627339537404910e-01 2.767254679074809820e-01 2.918617166782496927e-02 5.837234333564993854e-02
8.762541806020066604e-01 -7.540575098470337911e-01 8.526121733183344986e-04 1.383760857977527348e-01 2.767521715955054695e-01 2.919952351183721651e-02 5.839904702367443301e-02
8.795986622073578287e-01 -7.390984188112186271e-01 8.531238833247578590e-04 1.383848467840635976e-01 2.767696935681271952e-01 2.920828449814808631e-02 5.841656899629617261e-02
8.829431438127089971e-01 -7.229506674847309133e-01 8.533634118155219994e-04 1.383889468482124019e-01 2.767778936964248038e-01 2.921238456229689751e-02 5.842476912459379501e-02
8.862876254180601654e-01 -7.056447099001829093e-01 8.534085881812258911e-04 1.383897200779315440e-01 2.767794401558630879e-01 2.921315779201601182e-02 5.842631558403202363e-02
8.896321070234113337e-01 -6.872416279364765845e-01 8.534219190859948512e-04 1.383899482431440175e-01 2.767798964862880351e-01 2.921338595722849235e-02 5.842677191445698470e-02
8.929765886287625021e-01 -6.678311061617423494e-01 8.536341390856239109e-04 1.383935802563659445e-01 2.767871605127318890e-01 2.921701797045044013e-02 5.843403594090088027e-02
8.963210702341136704e-01 -6.475282056274338505e-01 8.543082253694711525e-04 1.384051138300730066e-01 2.768102276601460132e-01 2.922855154415748835e-02 5.845710308831497670e-02
8.996655518394648388e-01 -6.264690431681644300e-01 8.556876591586104475e-04 1.384287016804728043e-01 2.768574033609456087e-01 2.925213939455728954e-02 5.850427878911457907e-02
9.030100334448160071e-01 -6.048055344431582103e-01 8.579372482223623919e-04 1.384671281429002976e-01 2.769342562858005952e-01 2.929056585698477586e-02 5.858113171396955171e-02
9.063545150501671754e-01 -5.826994050110689827e-01 8.610885615435437401e-04 1.385208728340191209e-01 2.770417456680382418e-01 2.934431054810359221e-02 5.868862109620718442e-02
9.096989966555183438e-01 -5.603157117051362768e-01 8.650039520307628571e-04 1.385875118120828697e-01 2.771750236241657395e-01 2.941094952616734107e-02 5.882189905233468213e-02
9.130434782608695121e-01 -5.378161443414488652e-01 8.693723909737882671e-04 1.386616838046372813e-01 2.773233676092745625e-01 2.948512151872174913e-02 5.897024303744349827e-02
9.163879598662206805e-01 -5.153523937329080873e-01 8.737464243543935360e-04 1.387357643109092542e-01 2.774715286218185084e-01 2.955920202499373248e-02 5.911840404998746495e-02
9.197324414715718488e-01 -4.930598750304465150e-01 8.776225630017231438e-04 1.388012574404942912e-01 2.776025148809885823e-01 2.962469515457877636e-02 5.924939030915755273e-02
9.230769230769230171e-01 -4.710520851652384433e-01 8.805580890674513661e-04 1.388507613326876444e-01 2.777015226653752888e-01 2.967419904677211923e-02 5.934839809354423845e-02
9.264214046822741855e-01 -4.494158498870655660e-01 8.823070293387247354e-04 1.388802157537757376e-01 2.777604315075514751e-01 2.970365346786022279e-02 5.940730693572044557e-02
9.297658862876253538e-01 -4.282076805172077560e-01 8.829488757523540343e-04 1.388910179557129032e-01 2.777820359114258064e-01 2.971445566979738495e-02 5.942891133959476990e-02
9.331103678929765222e-01 -4.074514146107627299e-01 8.829777640346203604e-04 1.388915040498601428e-01 2.777830080997202855e-01 2.971494176394462103e-02 5.942988352788924206e-02
9.364548494983276905e-01 -3.871372603589152694e-01 8.833193873431510745e-04 1.388972518361791808e-01 2.777945036723583616e-01 2.972068955026365214e-02 5.944137910052730428e-02
9.397993311036788588e-01 -3.672223042807212789e-01 8.852495259181192289e-04 1.389297054126192865e-01 2.778594108252385730e-01 2.975314312670376132e-02 5.950628625340752265e-02
9.431438127090301382e-01 -3.476324783887293490e-01 8.902023941284031849e-04 1.390128220067384790e-01 2.780256440134769580e-01 2.983625972082297115e-02 5.967251944164594230e-02
9.464882943143813065e-01 -3.282659195500925442e-01 8.994784481686224353e-04 1.391678684956927370e-01 2.783357369913854740e-01 2.999130620977723261e-02 5.998261241955446521e-02
9.498327759197324749e-01 -3.089975931740486237e-01 9.138878904778047207e-04 1.394071410180172943e-01 2.788142820360345886e-01 3.023057873210178298e-02 6.046115746420356596e-02
9.531772575250836432e-01 -2.896849984712984161e-01 9.333945253051090241e-04 1.397280683912633936e-01 2.794561367825267872e-01 3.055150610534788230e-02 6.110301221069576461e-02
9.565217391304348116e-01 -2.701747258553327535e-01 9.568505249561432002e-04 1.401095628671094329e-01 2.802191257342188657e-01 3.093300058119391807e-02 6.186600116238783614e-02
9.598662207357859799e-01 -2.503096007071385909e-01 9.819312133457769320e-04 1.405123439635085902e-01 2.810246879270171805e-01 3.133578167759305810e-02 6.267156335518611621e-02
9.632107023411371483e-01 -2.299361232474349537e-01 1.005385501334110643e-03 1.408843768011751596e-01 2.817687536023503192e-01 3.170781451525964828e-02 6.341562903051929656e-02
9.665551839464883166e-01 -2.089119026650695654e-01 1.023708409464918478e-03 1.411720058594138905e-01 2.823440117188277809e-01 3.199544357349837220e-02 6.399088714699674441e-02
9.698996655518394849e-01 -1.871127852488161381e-01 1.034315129913310205e-03 1.413373323313188157e-01 2.826746646626376314e-01 3.216077004540329742e-02 6.432154009080659485e-02
9.732441471571906533e-01 -1.644393908016058559e-01 1.037251487303492148e-03 1.413829512064929406e-01 2.827659024129858811e-01 3.220638892057742231e-02 6.441277784115484462e-02
9.765886287625418216e-01 -1.408227981721873190e-01 1.037416132303181637e-03 1.413855071972779931e-01 2.827710143945559862e-01 3.220894491136246096e-02 6.441788982272492192e-02
9.799331103678929900e-01 -1.162291578876295528e-01 1.047200498987321815e-03 1.415370397080321641e-01 2.830740794160643281e-01 3.236047742211665273e-02 6.472095484423330547e-02
9.832775919732441583e-01 -9.066305571854349488e-02 1.089380690938113183e-03 1.421823298264244528e-01 2.843646596528489057e-01 3.300576754050893458e-02 6.601153508101786915e-02
9.866220735785953266e-01 -6.416950331010667918e-02 1.200029578324768309e-03 1.438180053610065012e-01 2.876360107220130025e-01 3.464144307509097603e-02 6.928288615018195207e-02
9.899665551839464950e-01 -3.683448828765531480e-02 1.431166358254576387e-03 1.470073217053955439e-01 2.940146434107910878e-01 3.783075941948001869e-02 7.566151883896003738e-02
9.933110367892976633e-01 -8.784073928387998303e-03 1.852832732199050092e-03 1.522211058681054718e-01 3.044422117362109437e-01 4.304454358218995358e-02 8.608908716437990716e-02
9.966555183946488317e-01 1.981790497426787201e-02 2.554285846170678553e-03 1.597165053623642583e-01 3.194330107247285166e-01 5.053994307644873313e-02 1.010798861528974663e-01
1.000000000000000000e+00 4.877345044743899849e-02 3.644031533896752162e-03 1.695423765676491168e-01 3.390847531352982336e-01 6.036581428173359853e-02 1.207316285634671971e-01
