# X mu var std 2std fstd 2fstd
0.000000000000000000e+00 6.920856304214498822e-01 3.250736888109607720e-03 1.616046946353716374e-01 3.232093892707432747e-01 5.701523382491391345e-02 1.140304676498278269e-01
3.344481605351170509e-03 7.503694741281606850e-01 2.302041720077490153e-03 1.525690577249534663e-01 3.051381154499069326e-01 4.797959691449574932e-02 9.595919382899149863e-02
6.688963210702341018e-03 7.964291369767553253e-01 1.673908171557169722e-03 1.455028836880069565e-01 2.910057673760139130e-01 4.091342287754923951e-02 8.182684575509847902e-02
1.003344481605351196e-02 8.297906176269268519e-01 1.285489918567492588e-03 1.404431903036010010e-01 2.808863806072020020e-01 3.585372949314328400e-02 7.170745898628656800e-02
1.337792642140468204e-02 8.501890595848219379e-01 1.066509435966371717e-03 1.372469168651838933e-01 2.744938337303677867e-01 3.265745605472618329e-02 6.531491210945236658e-02
1.672240802675585211e-02 8.575713148453687484e-01 9.586082880389445917e-04 1.355508607794343179e-01 2.711017215588686358e-01 3.096139996897660784e-02 6.192279993795321569e-02
2.006688963210702392e-02 8.520936248653959710e-01 9.159451911044806964e-04 1.348540472293149883e-01 2.697080944586299767e-01 3.026458641885728176e-02 6.052917283771456353e-02
2.341137123745819226e-02 8.341145132217575586e-01 9.050056019604551822e-04 1.346727718310294919e-01 2.693455436620589838e-01 3.008331102057177492e-02 6.016662204114354984e-02
2.675585284280936407e-02 8.041831255417205560e-01 9.036563534110664394e-04 1.346503382662317949e-01 2.693006765324635898e-01 3.006087745577408141e-02 6.012175491154816281e-02
3.010033444816053588e-02 7.630233857770445383e-01 8.995507086552925876e-04 1.345819716865963023e-01 2.691639433731926045e-01 2.999251087613860611e-02 5.998502175227721223e-02
3.344481605351170422e-02 7.115144589103593598e-01 8.880539963276173898e-04 1.343896956472440951e-01 2.687793912944881902e-01 2.980023483678639548e-02 5.960046967357279096e-02
3.678929765886287256e-02 6.506681144416111007e-01 8.699087318867623157e-04 1.340836760379690573e-01 2.681673520759381146e-01 2.949421522751134728e-02 5.898843045502269455e-02
4.013377926421404784e-02 5.816036688743738692e-01 8.488833503816864846e-04 1.337250636080949406e-01 2.674501272161898813e-01 2.913560279763723060e-02 5.827120559527446120e-02
4.347826086956521618e-02 5.055212460580426059e-01 8.296456237774645255e-04 1.333930304464848449e-01 2.667860608929696897e-01 2.880356963602713830e-02 5.760713927205427659e-02
4.682274247491638453e-02 4.236741296781267319e-01 8.160694007329113682e-04 1.331563892546029082e-01 2.663127785092058164e-01 2.856692844414518775e-02 5.713385688829037551e-02
5.016722408026755980e-02 3.373409914618104577e-01 8.101244264349403762e-04 1.330521456176739781e-01 2.661042912353479561e-01 2.846268480721627844e-02 5.692536961443255689e-02
5.351170568561872815e-02 2.477987618041097018e-01 8.114204960335866896e-04 1.330749043919360608e-01 2.661498087838721216e-01 2.848544358147836117e-02 5.697088716295672234e-02
5.685618729096989649e-02 1.562968675581550004e-01 8.173890095596042646e-04 1.331794767174068472e-01 2.663589534348136945e-01 2.859001590694913025e-02 5.718003181389826051e-02
6.020066889632107177e-02 6.403349664771290639e-02 8.239989140459745912e-04 1.332948420837655745e-01 2.665896841675311491e-01 2.870538127330787836e-02 5.741076254661575673e-02
6.354515050167224011e-02 -2.786553620902389866e-02 8.268320415233872686e-04 1.333441481070253287e-01 2.666882962140506574e-01 2.875468729656761868e-02 5.750937459313523736e-02
6.688963210702340845e-02 -1.183648504900577519e-01 8.222954504656905875e-04 1.332651552303961706e-01 2.665303104607923412e-01 2.867569441993847446e-02 5.735138883987694891e-02
7.023411371237457679e-02 -2.065341301216862824e-01 8.087328872305191369e-04 1.330276901370265330e-01 2.660553802740530660e-01 2.843822932656882296e-02 5.687645865313764593e-02
7.357859531772574513e-02 -2.915590883805615485e-01 7.872168840915951590e-04 1.326468463638480200e-01 2.652936927276960399e-01 2.805738555339030646e-02 5.611477110678061292e-02
7.692307692307692735e-02 -3.727486590862207350e-01 7.618553098927327615e-04 1.321911873849445362e-01 2.643823747698890725e-01 2.760172657448683661e-02 5.520345314897367323e-02
8.026755852842809569e-02 -4.495384306973939093e-01 7.395245180894968436e-04 1.317836608922673680e-01 2.635673217845347360e-01 2.719420008180966492e-02 5.438840016361932983e-02
8.361204013377926403e-02 -5.214904591242303100e-01 7.290346739036747663e-04 1.315901029121499255e-01 2.631802058242998510e-01 2.700064210169222587e-02 5.400128420338445173e-02
8.695652173913043237e-02 -5.882897043563676265e-01 7.398278787786826110e-04 1.317892379929767321e-01 2.635784759859534643e-01 2.719977718251902557e-02 5.439955436503805114e-02
9.030100334448160071e-02 -6.497374317948928502e-01 7.803921549543056582e-04 1.325249607156734066e-01 2.650499214313468133e-01 2.793549990521568618e-02 5.587099981043137237e-02
9.364548494983276905e-02 -7.057419985165958032e-01 8.566314072062791718e-04 1.338577270250164153e-01 2.677154540500328306e-01 2.926826621455871566e-02 5.853653242911743132e-02
9.698996655518395127e-02 -7.563075054042005529e-01 9.704536781872765468e-04 1.357415663281795748e-01 2.714831326563591496e-01 3.115210551772185782e-02 6.230421103544371564e-02
1.003344481605351196e-01 -8.015208367712883808e-01 1.118822739431441209e-03 1.380382685535065102e-01 2.760765371070130203e-01 3.344880774304880011e-02 6.689761548609760022e-02
1.036789297658862880e-01 -8.415376292529720414e-01 1.293462382662015787e-03 1.405541988556877342e-01 2.811083977113754684e-01 3.596473804523002415e-02 7.192947609046004831e-02
1.070234113712374563e-01 -8.765677116090584420e-01 1.481315484036669228e-03 1.430773223259624305e-01 2.861546446519248610e-01 3.848786151550472046e-02 7.697572303100944091e-02
1.103678929765886246e-01 -9.068605377463067052e-01 1.665752701534633931e-03 1.454030945807388564e-01 2.908061891614777128e-01 4.081363377028115330e-02 8.162726754056230660e-02
1.137123745819397930e-01 -9.326910984687677431e-01 1.828413574566078829e-03 1.473494137403438542e-01 2.946988274806877084e-01 4.275995292988614416e-02 8.551990585977228831e-02
1.170568561872909613e-01 -9.543467455445413528e-01 1.951462120814755497e-03 1.487648172981506645e-01 2.975296345963013289e-01 4.417535648769294748e-02 8.835071297538589497e-02
1.204013377926421435e-01 -9.721152974445886885e-01 2.019964984764628744e-03 1.495334813778772254e-01 2.990669627557544508e-01 4.494402056741952228e-02 8.988804113483904457e-02
1.237458193979933119e-01 -9.862747226956698476e-01 2.024064681089208367e-03 1.495790671778089165e-01 2.991581343556178330e-01 4.498960636735120644e-02 8.997921273470241288e-02
1.270903010033444802e-01 -9.970846175078884599e-01 1.960630251579982206e-03 1.488684654467408164e-01 2.977369308934816328e-01 4.427900463628312022e-02 8.855800927256624044e-02
1.304347826086956486e-01 -1.004779612539040468e+00 1.834123211860507873e-03 1.474161255400453785e-01 2.948322510800907570e-01 4.282666472958766152e-02 8.565332945917532304e-02
1.337792642140468169e-01 -1.009564762591909304e+00 1.656511984210833326e-03 1.452897308858618064e-01 2.905794617717236128e-01 4.070027007540408942e-02 8.140054015080817884e-02
1.371237458193979852e-01 -1.011612895725663153e+00 1.446191232213777820e-03 1.426182818836092825e-01 2.852365637672185650e-01 3.802882107315157939e-02 7.605764214630315878e-02
1.404682274247491536e-01 -1.011063827385496161e+00 1.225997440972483076e-03 1.396037070678382008e-01 2.792074141356764017e-01 3.501424625738048385e-02 7.002849251476096770e-02
1.438127090301003219e-01 -1.008025282972830894e+00 1.020540366363754774e-03 1.365353582992395176e-01 2.730707165984790352e-01 3.194589748878179369e-02 6.389179497756358739e-02
1.471571906354514903e-01 -1.002575320565898931e+00 8.531735953379095431e-04 1.337985962878714408e-01 2.675971925757428815e-01 2.920913547741373073e-02 5.841827095482746146e-02
1.505016722408026864e-01 -9.947660054984172051e-01 7.429912610816334466e-04 1.318473268509538499e-01 2.636946537019076997e-01 2.725786604049615369e-02 5.451573208099230738e-02
1.538461538461538547e-01 -9.846280609138747808e-01 7.022518085404862815e-04 1.310894949338411442e-01 2.621789898676822883e-01 2.650003412338343065e-02 5.300006824676686129e-02
1.571906354515050230e-01 -9.721762033992732421e-01 7.345900064467405198e-04 1.316927817591300454e-01 2.633855635182600907e-01 2.710332094867233185e-02 5.420664189734466371e-02
1.605351170568561914e-01 -9.574148700286621017e-01 8.342887240589502533e-04 1.334735173825348231e-01 2.669470347650696462e-01 2.888405657207709920e-02 5.776811314415419840e-02
1.638795986622073597e-01 -9.403440518198830089e-01 9.867527507610605528e-04 1.360020816938074528e-01 2.720041633876149056e-01 3.141262088334974278e-02 6.282524176669948557e-02
1.672240802675585281e-01 -9.209649675473485786e-01 1.170174133161326320e-03 1.387972688834887280e-01 2.775945377669774561e-01 3.420780807303101800e-02 6.841561614606203601e-02
1.705685618729096964e-01 -8.992853395639487379e-01 1.358221682981350896e-03 1.414435200574572227e-01 2.828870401149144453e-01 3.685405924699951957e-02 7.370811849399903914e-02
1.739130434782608647e-01 -8.753240680402791796e-01 1.523447023549149865e-03 1.436208202993244920e-01 2.872416405986489840e-01 3.903135948886676809e-02 7.806271897773353619e-02
1.772575250836120331e-01 -8.491151399614810247e-01 1.640994647647585087e-03 1.450986529481390619e-01 2.901973058962781238e-01 4.050919213768135879e-02 8.101838427536271758e-02
1.806020066889632014e-01 -8.207106524017916405e-01 1.692148594663132844e-03 1.457251946031486167e-01 2.914503892062972334e-01 4.113573379269090668e-02 8.227146758538181337e-02
1.839464882943143698e-01 -7.901828741204210971e-01 1.667251956165857665e-03 1.454214575307487545e-01 2.908429150614975089e-01 4.083199672029103056e-02 8.166399344058206111e-02
1.872909698996655381e-01 -7.576253135802151206e-01 1.567598521054992030e-03 1.441823707951379596e-01 2.883647415902759192e-01 3.959290998468023570e-02 7.918581996936047140e-02
1.906354515050167064e-01 -7.231528034341631050e-01 1.406011862875334965e-03 1.420862855143621151e-01 2.841725710287242301e-01 3.749682470390439809e-02 7.499364940780879618e-02
1.939799331103679025e-01 -6.869006499163735624e-01 1.205982540513227900e-03 1.393167201395960897e-01 2.786334402791921794e-01 3.472725932913837271e-02 6.945451865827674542e-02
1.973244147157190709e-01 -6.490229292291872509e-01 9.994100572054630781e-04 1.362029082214165909e-01 2.724058164428331819e-01 3.161344741095888783e-02 6.322689482191777566e-02
2.006688963210702392e-01 -6.096900410245885693e-01 8.231710986335699903e-04 1.332804192927665721e-01 2.665608385855331441e-01 2.869095848230884815e-02 5.738191696461769631e-02
2.040133779264214076e-01 -5.690856508182918772e-01 7.148874365937243772e-04 1.313268398254943958e-01 2.626536796509887917e-01 2.673737901503668926e-02 5.347475803007337852e-02
2.073578595317725759e-01 -5.274031683135126380e-01 7.083763829934800653e-04 1.312048019315757985e-01 2.624096038631515970e-01 2.661534112111809888e-02 5.323068224223619777e-02
2.107023411371237442e-01 -4.848419170969046066e-01 8.293194683706742957e-04 1.333873681714218828e-01 2.667747363428437657e-01 2.879790736096416934e-02 5.759581472192833868e-02
2.140468227424749126e-01 -4.416031531987474334e-01 1.091673614582577573e-03 1.376299452890875075e-01 2.752598905781750149e-01 3.304048447862981130e-02 6.608096895725962261e-02
2.173913043478260809e-01 -3.978860860129130317e-01 1.495273836746671171e-03 1.432582316306773573e-01 2.865164632613547147e-01 3.866877082021965423e-02 7.733754164043930845e-02
2.207357859531772493e-01 -3.538840456631698883e-01 2.024945674500885917e-03 1.495888571897524555e-01 2.991777143795049110e-01 4.499939637929475239e-02 8.999879275858950478e-02
2.240802675585284176e-01 -3.097809268510879899e-01 2.651274251459264774e-03 1.560799866522012969e-01 3.121599733044025937e-01 5.149052584174359376e-02 1.029810516834871875e-01
2.274247491638795859e-01 -2.657480213998218432e-01 3.332985315172528815e-03 1.623214737250662787e-01 3.246429474501325574e-01 5.773201291460855478e-02 1.154640258292171096e-01
2.307692307692307543e-01 -2.219413310616818458e-01 4.020704672622141956e-03 1.679984875544642819e-01 3.359969751089285639e-01 6.340902674400658579e-02 1.268180534880131716e-01
2.341137123745819226e-01 -1.784994296504917310e-01 4.661698816481001442e-03 1.728660952945987872e-01 3.457321905891975744e-01 6.827663448414106329e-02 1.365532689682821266e-01
2.374581939799331187e-01 -1.355419201476412705e-01 5.205081025573656331e-03 1.767357082913465494e-01 3.534714165826930987e-01 7.214624748088882544e-02 1.442924949617776509e-01
2.408026755852842871e-01 -9.316850902091899922e-02 5.606908276844331171e-03 1.794687521856058177e-01 3.589375043712116353e-01 7.487929137514812150e-02 1.497585827502962430e-01
2.441471571906354554e-01 -5.145869741865777280e-02 5.834602279351984618e-03 1.809740291430206871e-01 3.619480582860413742e-01 7.638456833256299094e-02 1.527691366651259819e-01
2.474916387959866237e-01 -1.047206789290853167e-02 5.870202176493851363e-03 1.812067054522082388e-01 3.624134109044164775e-01 7.661724464175054261e-02 1.532344892835010852e-01
2.508361204013377921e-01 2.975087352110524289e-02 5.712088360260068887e-03 1.801678198840712952e-01 3.603356397681425904e-01 7.557835907361358518e-02 1.511567181472271704e-01
2.541806020066889604e-01 6.918735619730755071e-02 5.374990883251671084e-03 1.779037901277996936e-01 3.558075802555993872e-01 7.331432931734198355e-02 1.466286586346839671e-01
2.575250836120401288e-01 1.078305742407118517e-01 4.888291573864724307e-03 1.745057791765210475e-01 3.490115583530420951e-01 6.991631836606332362e-02 1.398326367321266472e-01
2.608695652173912971e-01 1.456875655831117444e-01 4.292823016348187859e-03 1.701090992126054191e-01 3.402181984252108382e-01 6.551963840214769519e-02 1.310392768042953904e-01
2.642140468227424654e-01 1.827768267492320964e-01 3.636537119608053079e-03 1.648931681559273887e-01 3.297863363118547775e-01 6.030370734546967176e-02 1.206074146909393435e-01
2.675585284280936338e-01 2.191257524408569968e-01 2.969541103271010687e-03 1.590829567826470003e-01 3.181659135652940007e-01 5.449349597218929031e-02 1.089869919443785806e-01
2.709030100334448021e-01 2.547679891798224072e-01 2.339064775472347434e-03 1.529533396403483791e-01 3.059066792806967583e-01 4.836387882989067605e-02 9.672775765978135210e-02
2.742474916387959705e-01 2.897407894197476241e-01 1.784922468749158397e-03 1.468378036033905210e-01 2.936756072067810419e-01 4.224834279293281786e-02 8.449668558586563571e-02
2.775919732441471388e-01 3.240824471013589725e-01 1.335966434391701275e-03 1.411403354154750489e-01 2.822806708309500978e-01 3.655087460501733887e-02 7.310174921003467774e-02
2.809364548494983072e-01 3.578298879573033608e-01 1.007904274480823058e-03 1.363369689722146449e-01 2.726739379444292899e-01 3.174750816175693491e-02 6.349501632351386982e-02
2.842809364548494755e-01 3.910164783935679567e-01 8.026863901944921061e-04 1.329211813758326977e-01 2.658423627516653953e-01 2.833172056537498762e-02 5.666344113074997524e-02
2.876254180602006438e-01 4.236701059263171532e-01 7.094807241936814399e-04 1.312255401802463750e-01 2.624510803604927500e-01 2.663607936978866844e-02 5.327215873957733688e-02
2.909698996655518122e-01 4.558115723872275260e-01 7.070640949660901998e-04 1.311801376534056929e-01 2.623602753068113858e-01 2.659067684294798631e-02 5.318135368589597262e-02
2.943143812709029805e-01 4.874533288742466386e-01 7.672947520987936877e-04 1.322895465882814592e-01 2.645790931765629184e-01 2.770008577782375261e-02 5.540017155564750523e-02
2.976588628762541489e-01 5.185985691376620021e-01 8.592090524291380637e-04 1.339017287614221730e-01 2.678034575228443459e-01 2.931226795096445598e-02 5.862453590192891195e-02
3.010033444816053727e-01 5.492406861478238422e-01 9.532206652312166404e-04 1.354637327084509679e-01 2.709274654169019358e-01 3.087427189799326482e-02 6.174854379598652965e-02
3.043478260869565410e-01 5.793630853344085008e-01 1.024900711913101416e-03 1.366035313406652185e-01 2.732070626813304370e-01 3.201407053020751542e-02 6.402814106041503084e-02
3.076923076923077094e-01 6.089393377226528514e-01 1.057881084347173008e-03 1.371145447357479397e-01 2.742290894714958793e-01 3.252508392529022963e-02 6.505016785058045925e-02
3.110367892976588777e-01 6.379336471538167297e-01 1.045542428688435443e-03 1.369243093285571200e-01 2.738486186571142400e-01 3.233484851809940996e-02 6.466969703619881993e-02
3.143812709030100461e-01 6.663015981604097915e-01 9.913077614563999690e-04 1.360745010908257779e-01 2.721490021816515559e-01 3.148504028036807484e-02 6.297008056073614968e-02
3.177257525083612144e-01 6.939911449932737453e-01 9.075423846925319586e-04 1.347149049514580477e-01 2.694298099029160953e-01 3.012544414100034457e-02 6.025088828200068913e-02
3.210702341137123828e-01 7.209437978376022071e-01 8.132382894018634579e-04 1.331067939501792974e-01 2.662135879003585948e-01 2.851733313972159428e-02 5.703466627944318856e-02
3.244147157190635511e-01 7.470959594285119243e-01 7.308145582670799029e-04 1.316230428569989952e-01 2.632460857139979904e-01 2.703358204654129557e-02 5.406716409308259114e-02
3.277591973244147194e-01 7.723803640451625263e-01 6.824754581807162277e-04 1.307136920561942361e-01 2.614273841123884723e-01 2.612423124573651917e-02 5.224846249147303834e-02
3.311036789297658878e-01 7.967275711440200414e-01 6.866214151032955931e-04 1.307929227020340757e-01 2.615858454040681513e-01 2.620346189157637951e-02 5.240692378315275901e-02
3.344481605351170561e-01 8.200674675785520895e-01 7.547984144856459930e-04 1.320630556696246738e-01 2.641261113392493476e-01 2.747359485916697416e-02 5.494718971833394833e-02
3.377926421404682245e-01 8.423307352774972445e-01 8.895999500859475559e-04 1.344156229853998297e-01 2.688312459707996593e-01 2.982616217494211269e-02 5.965232434988422539e-02
3.411371237458193928e-01 8.634502452599439604e-01 1.083811503334579157e-03 1.375107533630683943e-01 2.750215067261367885e-01 3.292129255261067727e-02 6.584258510522135455e-02
3.444816053511705611e-01 8.833623437338236073e-01 1.320926278799040973e-03 1.409340103165258873e-01 2.818680206330517746e-01 3.634454950606818419e-02 7.268909901213636837e-02
3.478260869565217295e-01 9.020080015852344202e-01 1.576982771402779104e-03 1.443007031909571969e-01 2.886014063819143938e-01 3.971124238049949379e-02 7.942248476099898757e-02
3.511705685618728978e-01 9.193338045649025458e-01 1.823502048160029199e-03 1.472919437378008012e-01 2.945838874756016024e-01 4.270248292734310502e-02 8.540496585468621005e-02
3.545150501672240662e-01 9.352927677558379171e-01 2.031157098936156591e-03 1.496578210972060730e-01 2.993156421944121459e-01 4.506836028674835598e-02 9.013672057349671196e-02
3.578595317725752345e-01 9.498449642155997186e-01 2.173706637852896445e-03 1.512124877161927783e-01 3.024249754323855566e-01 4.662302690573507519e-02 9.324605381147015037e-02
3.612040133779264028e-01 9.629579638769427685e-01 2.231684105577056050e-03 1.518301647169095769e-01 3.036603294338191539e-01 4.724070390645185996e-02 9.448140781290371992e-02
3.645484949832775712e-01 9.746070846688206224e-01 2.195354931303235974e-03 1.514440756451059245e-01 3.028881512902118489e-01 4.685461483464820748e-02 9.370922966929641496e-02
3.678929765886287395e-01 9.847754632331545688e-01 2.066539057643899252e-03 1.500486629332831723e-01 3.000973258665663446e-01 4.545920212282546224e-02 9.091840424565092449e-02
3.712374581939799079e-01 9.934539574557197383e-01 1.859031366649459196e-03 1.477059468297225453e-01 2.954118936594450906e-01 4.311648601926482832e-02 8.623297203852965664e-02
3.745819397993310762e-01 1.000640897146450881e+00 1.597523586464583058e-03 1.445584936542054222e-01 2.891169873084108444e-01 3.996903284374771215e-02 7.993806568749542429e-02
3.779264214046822445e-01 1.006341702588919196e+00 1.315116663840303329e-03 1.408539980864288998e-01 2.817079961728577997e-01 3.626453727597118287e-02 7.252907455194236575e-02
3.812709030100334129e-01 1.010568393193006731e+00 1.049689710961386468e-03 1.369883760849138210e-01 2.739767521698276420e-01 3.239891527445612485e-02 6.479783054891224969e-02
3.846153846153845812e-01 1.013339010172689125e+00 8.395385876087022806e-04 1.335642530894146363e-01 2.671285061788292725e-01 2.897479227895693316e-02 5.794958455791386631e-02
3.879598662207358051e-01 1.014676977981743278e+00 7.187956250496702710e-04 1.313998249454274292e-01 2.627996498908548584e-01 2.681036413496971221e-02 5.362072826993942443e-02
3.913043478260869734e-01 1.014610429221314503e+00 7.131793927298228208e-04 1.312948796000933116e-01 2.625897592001866232e-01 2.670541878963561197e-02 5.341083757927122394e-02
3.946488294314381418e-01 1.013171516905233771e+00 8.365945625962676073e-04 1.335134052613148048e-01 2.670268105226296096e-01 2.892394445085710517e-02 5.784788890171421033e-02
3.979933110367893101e-01 1.010395736424361202e+00 1.089009660281949499e-03 1.375896071780414454e-01 2.751792143560828907e-01 3.300014636758372838e-02 6.600029273516745676e-02
4.013377926421404784e-01 1.006321277344024656e+00 1.455895334326192617e-03 1.427456573495022307e-01 2.854913146990044615e-01 3.815619653904451375e-02 7.631239307808902750e-02
4.046822742474916468e-01 1.000988422394712085e+00 1.909324716211255888e-03 1.482852811621945266e-01 2.965705623243890532e-01 4.369582035173680268e-02 8.739164070347360536e-02
4.080267558528428151e-01 9.944390078311069470e-01 2.410641919719324830e-03 1.536877491688040109e-01 3.073754983376080219e-01 4.909828835834630784e-02 9.819657671669261567e-02
4.113712374581939835e-01 9.867159557744513698e-01 2.914418043485358760e-03 1.585748110777789321e-01 3.171496221555578643e-01 5.398535026732121517e-02 1.079707005346424303e-01
4.147157190635451518e-01 9.778628854293157646e-01 3.373258590747637946e-03 1.626692214052435359e-01 3.253384428104870718e-01 5.807976059478583974e-02 1.161595211895716795e-01
4.180602006688963201e-01 9.679238062505859386e-01 3.742920784249998117e-03 1.657688755203909625e-01 3.315377510407819250e-01 6.117941470993325942e-02 1.223588294198665188e-01
4.214046822742474885e-01 9.569428923611208448e-01 3.987156746428206083e-03 1.677333975457310777e-01 3.354667950914621555e-01 6.314393673527336770e-02 1.262878734705467354e-01
4.247491638795986568e-01 9.449643339600530823e-01 4.081724417789313678e-03 1.684778354790100185e-01 3.369556709580200371e-01 6.388837466855229463e-02 1.277767493371045893e-01
4.280936454849498252e-01 9.320322581404316686e-01 4.017099768836062193e-03 1.679700553866847468e-01 3.359401107733694936e-01 6.338059457622705062e-02 1.267611891524541012e-01
4.314381270903009935e-01 9.181907086801651685e-01 3.799570881423604187e-03 1.662301201306142784e-01 3.324602402612285568e-01 6.164065932015656141e-02 1.232813186403131228e-01
4.347826086956521618e-01 9.034836719372665303e-01 3.450579783865780938e-03 1.633310966734959624e-01 3.266621933469919248e-01 5.874163586303824541e-02 1.174832717260764908e-01
4.381270903010033302e-01 8.879551342003818570e-01 3.004379892446612434e-03 1.594016847431409256e-01 3.188033694862818512e-01 5.481222393268322945e-02 1.096244478653664589e-01
4.414715719063544985e-01 8.716491546311332383e-01 2.504271859838867395e-03 1.546321611756345249e-01 3.092643223512690498e-01 5.004270036517681486e-02 1.000854007303536297e-01
4.448160535117056669e-01 8.546099374348296029e-01 1.997845649973861454e-03 1.492867275051210640e-01 2.985734550102421281e-01 4.469726669466334706e-02 8.939453338932669413e-02
4.481605351170568352e-01 8.368818870880551097e-01 1.531772298254320801e-03 1.437273235300074448e-01 2.874546470600148895e-01 3.913786271954973472e-02 7.827572543909946945e-02
4.515050167224080035e-01 8.185096313140575175e-01 1.146741394024204056e-03 1.384530311187433527e-01 2.769060622374867053e-01 3.386357030828562875e-02 6.772714061657125750e-02
4.548494983277591719e-01 7.995379980479707660e-01 8.731235426724825348e-04 1.341381247848658087e-01 2.682762495697316174e-01 2.954866397440809173e-02 5.909732794881618345e-02
4.581939799331103402e-01 7.800119347790160917e-01 7.278527628960626984e-04 1.315682073138826347e-01 2.631364146277652694e-01 2.697874650342492811e-02 5.395749300684985622e-02
4.615384615384615086e-01 7.599763613753545144e-01 7.128817122718642723e-04 1.312893056091052058e-01 2.625786112182104115e-01 2.669984479864750612e-02 5.339968959729501224e-02
4.648829431438126769e-01 7.394759506414116945e-01 8.153793541704854476e-04 1.331443089832371474e-01 2.662886179664742947e-01 2.855484817277944079e-02 5.710969634555888158e-02
4.682274247491638453e-01 7.185548343686813944e-01 1.009637572990717885e-03 1.363642554280585784e-01 2.727285108561171567e-01 3.177479461760088220e-02 6.354958923520176439e-02
4.715719063545150691e-01 6.972562364023543457e-01 1.260454042222676572e-03 1.400923345282664711e-01 2.801846690565329423e-01 3.550287371780876805e-02 7.100574743561753610e-02
4.749163879598662374e-01 6.756220380426777306e-01 1.527586644045648458e-03 1.436738137415943251e-01 2.873476274831886501e-01 3.908435293113662889e-02 7.816870586227325779e-02
4.782608695652174058e-01 6.536922849350020881e-01 1.770750058399453864e-03 1.466697419216795584e-01 2.933394838433591167e-01 4.208028111122184139e-02 8.416056222244368279e-02
4.816053511705685741e-01 6.315046481832279346e-01 1.954562394450925014e-03 1.487998939054967773e-01 2.975997878109935546e-01 4.421043309503906032e-02 8.842086619007812065e-02
4.849498327759197425e-01 6.090938557368019701e-01 2.052856311528707817e-03 1.498979182056141557e-01 2.997958364112283114e-01 4.530845739515645954e-02 9.061691479031291907e-02
4.882943143812709108e-01 5.864911129169527726e-01 2.051844265980750596e-03 1.498867484332365163e-01 2.997734968664730326e-01 4.529728762277881321e-02 9.059457524555762642e-02
4.916387959866220791e-01 5.637235332335678306e-01 1.951762611209319600e-03 1.487682182761144167e-01 2.975364365522288335e-01 4.417875746565672057e-02 8.835751493131344114e-02
4.949832775919732475e-01 5.408136022030104462e-01 1.766798563662969578e-03 1.466227638410663170e-01 2.932455276821326340e-01 4.203330303060859308e-02 8.406660606121718615e-02
4.983277591973244158e-01 5.177786977231965126e-01 1.523306652851238877e-03 1.436190220794655859e-01 2.872380441589311717e-01 3.902956126900786887e-02 7.805912253801573775e-02
5.016722408026755842e-01 4.946306905375852936e-01 1.256523584277807401e-03 1.400369372266683232e-01 2.800738744533366464e-01 3.544747641621061318e-02 7.089495283242122636e-02
5.050167224080267525e-01 4.713756474572207145e-01 1.006168847957658076e-03 1.363096255004093982e-01 2.726192510008187964e-01 3.172016468995168814e-02 6.344032937990337628e-02
5.083612040133779209e-01 4.480136582671696011e-01 8.114520331743015720e-04 1.330754579524624504e-01 2.661509159049249007e-01 2.848599714200472990e-02 5.697199428400945981e-02
5.117056856187290892e-01 4.245388046516410108e-01 7.060809571363546458e-04 1.311616447089699877e-01 2.623232894179399755e-01 2.657218389851226728e-02 5.314436779702453456e-02
5.150501672240802575e-01 4.009392860908491119e-01 7.138686641241453155e-04 1.313077815683972860e-01 2.626155631367945720e-01 2.671832075793958636e-02 5.343664151587917271e-02
5.183946488294314259e-01 3.771977135425161332e-01 8.454713828597407469e-04 1.336664514191802933e-01 2.673329028383605865e-01 2.907699060872257282e-02 5.815398121744514565e-02
5.217391304347825942e-01 3.532915770220703133e-01 1.096661014108946510e-03 1.377053333508113098e-01 2.754106667016226195e-01 3.311587254035361361e-02 6.623174508070722721e-02
5.250836120401337626e-01 3.291938879523505501e-01 1.448359277330561051e-03 1.426467764978595343e-01 2.852935529957190686e-01 3.805731568740182424e-02 7.611463137480364849e-02
5.284280936454849309e-01 3.048739916037379039e-01 1.868456462885789921e-03 1.478151067036747313e-01 2.956302134073494625e-01 4.322564589321702816e-02 8.645129178643405632e-02
5.317725752508360992e-01 2.802985392323958935e-01 2.315229264257692363e-03 1.527062901351097235e-01 3.054125802702194470e-01 4.811682932465202039e-02 9.623365864930404079e-02
5.351170568561872676e-01 2.554326037793898108e-01 2.741983419488413110e-03 1.569534123371369438e-01 3.139068246742738877e-01 5.236395152667924074e-02 1.047279030533584815e-01
5.384615384615384359e-01 2.302409175025465493e-01 3.102399714758810340e-03 1.602886503445865585e-01 3.205773006891731169e-01 5.569918953412886231e-02 1.113983790682577246e-01
5.418060200668896043e-01 2.046892047417047944e-01 3.355973450932782810e-03 1.625202250979481955e-01 3.250404501958963910e-01 5.793076428749048545e-02 1.158615285749809709e-01
5.451505016722407726e-01 1.787455784435421080e-01 3.472918264081499909e-03 1.635209317244057103e-01 3.270418634488114207e-01 5.893147091394800724e-02 1.178629418278960145e-01
5.484949832775919409e-01 1.523819652295098914e-01 3.437957881755276165e-03 1.632235625069557716e-01 3.264471250139115432e-01 5.863410169649805465e-02 1.172682033929961093e-01
5.518394648829431093e-01 1.255755207970337683e-01 3.252548480125822417e-03 1.616205793346969233e-01 3.232411586693938466e-01 5.703111852423922712e-02 1.140622370484784542e-01
5.551839464882942776e-01 9.830999551306894568e-02 2.935246716563974251e-03 1.587673780513776944e-01 3.175347561027553889e-01 5.417791724091997746e-02 1.083558344818399549e-01
5.585284280936454460e-01 7.057700920248186072e-02 2.520145084362068223e-03 1.547905074565393835e-01 3.095810149130787670e-01 5.020104664608167344e-02 1.004020932921633469e-01
5.618729096989966143e-01 4.237719450907395657e-02 2.053513869227431652e-03 1.499051740811040423e-01 2.998103481622080846e-01 4.531571327064632532e-02 9.063142654129265063e-02
5.652173913043477826e-01 1.372116978319322216e-02 1.588993226610111668e-03 1.444516387064296303e-01 2.889032774128592607e-01 3.986217789597191336e-02 7.972435579194382671e-02
5.685618729096989510e-01 -1.536969471415941708e-02 1.181846693987399950e-03 1.389674580468791554e-01 2.779349160937583108e-01 3.437799723642143840e-02 6.875599447284287680e-02
5.719063545150501193e-01 -4.486274946255751350e-02 8.828997306658503382e-04 1.343030895128873581e-01 2.686061790257747162e-01 2.971362870242963763e-02 5.942725740485927527e-02
5.752508361204012877e-01 -7.471380422163256818e-02 7.328306970971187060e-04 1.316603066985550796e-01 2.633206133971101592e-01 2.707084588809737652e-02 5.414169177619475304e-02
5.785953177257524560e-01 -1.048671532668292161e-01 7.574516806101772894e-04 1.321113008763068197e-01 2.642226017526136395e-01 2.752184006584910969e-02 5.504368013169821938e-02
5.819397993311036243e-01 -1.352559010834995523e-01 9.645155718046086440e-04 1.356461118180053438e-01 2.712922236360106876e-01 3.105665100754761987e-02 6.211330201509523974e-02
5.852842809364547927e-01 -1.658025945042327920e-01 1.342424513909958473e-03 1.412285726161491561e-01 2.824571452322983123e-01 3.663911180569144610e-02 7.327822361138289220e-02
5.886287625418059610e-01 -1.964201589744228593e-01 1.861010720189775619e-03 1.477288942813527184e-01 2.954577885627054368e-01 4.313943347089499447e-02 8.627886694178998894e-02
5.919732441471571294e-01 -2.270131280651669636e-01 2.474335914860119768e-03 1.543321579112394426e-01 3.086643158224788852e-01 4.974269710078173951e-02 9.948539420156347901e-02
5.953177257525082977e-01 -2.574791467588390947e-01 3.125234890793197624e-03 1.604932611355983640e-01 3.209865222711967281e-01 5.590380032514066788e-02 1.118076006502813358e-01
5.986622073578594661e-01 -2.877107206027966213e-01 3.751136125460389874e-03 1.658359801030704905e-01 3.316719602061409811e-01 6.124651929261278049e-02 1.224930385852255610e-01
6.020066889632107454e-01 -3.175971748800040517e-01 4.290549279615017177e-03 1.700917453478310581e-01 3.401834906956621163e-01 6.550228453737333423e-02 1.310045690747466685e-01
6.053511705685619138e-01 -3.470267807258718973e-01 4.689531597729424371e-03 1.730696155834240413e-01 3.461392311668480826e-01 6.848015477296634512e-02 1.369603095459326902e-01
6.086956521739130821e-01 -3.758889987842772284e-01 4.907441515933536579e-03 1.746425943301906925e-01 3.492851886603813849e-01 7.005313351973298241e-02 1.401062670394659648e-01
6.120401337792642504e-01 -4.040767858635773702e-01 4.921358893691912817e-03 1.747418584436955524e-01 3.494837168873911049e-01 7.015239763323782851e-02 1.403047952664756570e-01
6.153846153846154188e-01 -4.314889062486413907e-01 4.728689796404794005e-03 1.733549303166335154e-01 3.467098606332670307e-01 6.876546950617580534e-02 1.375309390123516107e-01
6.187290969899665871e-01 -4.580321870302323517e-01 4.347664905912960315e-03 1.705262859229315642e-01 3.410525718458631284e-01 6.593682511247384026e-02 1.318736502249476805e-01
6.220735785953177555e-01 -4.836236561118502086e-01 3.815663913734613100e-03 1.663605212978300496e-01 3.327210425956600992e-01 6.177106048737234650e-02 1.235421209747446930e-01
6.254180602006689238e-01 -5.081925026138524037e-01 3.185529637386439947e-03 1.610299572415349323e-01 3.220599144830698646e-01 5.644049643107721531e-02 1.128809928621544306e-01
6.287625418060200921e-01 -5.316818020716002069e-01 2.520250147417070659e-03 1.547915538685869785e-01 3.095831077371739570e-01 5.020209305812926848e-02 1.004041861162585370e-01
6.321070234113712605e-01 -5.540499533619793748e-01 1.886561769129423052e-03 1.480240296367902886e-01 2.960480592735805772e-01 4.343456882633259242e-02 8.686913765266518483e-02
6.354515050167224288e-01 -5.752717802957165727e-01 1.348141572204172248e-03 1.413065082435530362e-01 2.826130164871060724e-01 3.671704743309532615e-02 7.343409486619065230e-02
6.387959866220735972e-01 -5.953392584479637595e-01 9.591023973343640666e-04 1.355588391919229085e-01 2.711176783838458171e-01 3.096937838146519850e-02 6.193875676293039700e-02
6.421404682274247655e-01 -6.142618368019769903e-01 7.584717860616077686e-04 1.321298272942503238e-01 2.642596545885006476e-01 2.754036648379261723e-02 5.508073296758523446e-02
6.454849498327759338e-01 -6.320663337574594642e-01 7.662317876784449601e-04 1.322703529145508317e-01 2.645407058291016633e-01 2.768089210409312162e-02 5.536178420818624324e-02
6.488294314381271022e-01 -6.487963981620564757e-01 9.813307879042955026e-04 1.359156605146078500e-01 2.718313210292157001e-01 3.132619970415012611e-02 6.265239940830025223e-02
6.521739130434782705e-01 -6.645115375202812480e-01 1.381869105759241621e-03 1.417629608576585487e-01 2.835259217153170974e-01 3.717350004720085255e-02 7.434700009440170509e-02
6.555183946488294389e-01 -6.792857274307442239e-01 1.927429712514447217e-03 1.484919631595772449e-01 2.969839263191544898e-01 4.390250234911954874e-02 8.780500469823909748e-02
6.588628762541806072e-01 -6.932056281780488716e-01 2.563298833396607680e-03 1.552184923377998849e-01 3.104369846755997697e-01 5.062903152734217482e-02 1.012580630546843496e-01
6.622073578595317755e-01 -7.063684457978530729e-01 3.226122747938492494e-03 1.613884286526508782e-01 3.227768573053017565e-01 5.679896784219316125e-02 1.135979356843863225e-01
6.655518394648829439e-01 -7.188794857459945842e-01 3.850398055876602492e-03 1.666410365831695883e-01 3.332820731663391767e-01 6.205157577271187136e-02 1.241031515454237427e-01
6.688963210702341122e-01 -7.308494569839036892e-01 4.375108878186200791e-03 1.707340666236772941e-01 3.414681332473545883e-01 6.614460581321957022e-02 1.322892116264391404e-01
6.722408026755852806e-01 -7.423915926174160518e-01 4.749814658190921676e-03 1.735083599469857130e-01 3.470167198939714259e-01 6.891889913652801680e-02 1.378377982730560336e-01
6.755852842809364489e-01 -7.536186600211425279e-01 4.939557097466944907e-03 1.748714435476211859e-01 3.497428870952423718e-01 7.028198273716347588e-02 1.405639654743269518e-01
6.789297658862876172e-01 -7.646399381675029749e-01 4.928086890125000542e-03 1.747897947849125777e-01 3.495795895698251554e-01 7.020033397445485379e-02 1.404006679489097076e-01
6.822742474916387856e-01 -7.755582427140464974e-01 4.719095584229855873e-03 1.732851345041471480e-01 3.465702690082942961e-01 6.869567369368943799e-02 1.373913473873788760e-01
6.856187290969899539e-01 -7.864670799984556648e-01 4.335354731321418818e-03 1.704328715006810657e-01 3.408657430013621314e-01 6.584341069022335569e-02 1.316868213804467114e-01
6.889632107023411223e-01 -7.974480093889336763e-01 3.815889692158492674e-03 1.663623488128693484e-01 3.327246976257386968e-01 6.177288800241164529e-02 1.235457760048232906e-01
6.923076923076922906e-01 -8.085682894623348327e-01 3.211524457966097659e-03 1.612597745378943903e-01 3.225195490757887806e-01 5.667031372743667333e-02 1.133406274548733467e-01
6.956521739130434590e-01 -8.198788772851786089e-01 2.579303939261558959e-03 1.553763089038525114e-01 3.107526178077050227e-01 5.078684809339480133e-02 1.015736961867896027e-01
6.989966555183946273e-01 -8.314128416716506376e-01 1.976413103157314936e-03 1.490463287068504450e-01 2.980926574137008900e-01 4.445686789639273495e-02 8.891373579278546990e-02
7.023411371237457956e-01 -8.431842410778621622e-01 1.454256221684419644e-03 1.427241723169634380e-01 2.854483446339268760e-01 3.813471150650572100e-02 7.626942301301144200e-02
7.056856187290969640e-01 -8.551875047461927615e-01 1.053330182995459389e-03 1.370445094623309601e-01 2.740890189246619202e-01 3.245504865187324312e-02 6.491009730374648623e-02
7.090301003344481323e-01 -8.673973423729254284e-01 7.994272694389749443e-04 1.328636057036100826e-01 2.657272114072201652e-01 2.827414489315238297e-02 5.654828978630476594e-02
7.123745819397993007e-01 -8.797691931676895338e-01 7.015466641463863730e-04 1.310761869982368655e-01 2.621523739964737310e-01 2.648672618777915891e-02 5.297345237555831782e-02
7.157190635451504690e-01 -8.922402100998748642e-01 7.516981762391375128e-04 1.320065754697200555e-01 2.640131509394401110e-01 2.741711465926233160e-02 5.483422931852466320e-02
7.190635451505016373e-01 -9.047307598755049973e-01 9.265685331420708652e-04 1.350290490655913778e-01 2.700580981311827555e-01 3.043958825513365732e-02 6.087917651026731464e-02
7.224080267558528057e-01 -9.171464041185409810e-01 1.190814113610881228e-03 1.390976354015728000e-01 2.781952708031456001e-01 3.450817459111509000e-02 6.901634918223018000e-02
7.257525083612039740e-01 -9.293803128715892869e-01 1.501567283713535397e-03 1.433395225357445013e-01 2.866790450714890026e-01 3.875006172528677739e-02 7.750012345057355478e-02
7.290969899665551424e-01 -9.413160482535576357e-01 1.813616103923182225e-03 1.471760326837980304e-01 2.943520653675960608e-01 4.258657187334033423e-02 8.517314374668066845e-02
7.324414715719063107e-01 -9.528306443821304983e-01 2.084652911636728986e-03 1.502474602370283963e-01 3.004949204740567925e-01 4.565799942657068622e-02 9.131599885314137244e-02
7.357859531772574790e-01 -9.637978998551168797e-01 2.279992685149214056e-03 1.523387297593035705e-01 3.046774595186071410e-01 4.774926894884584661e-02 9.549853789769169321e-02
7.391304347826086474e-01 -9.740917915319918796e-01 2.376235708323164858e-03 1.533361089857237236e-01 3.066722179714474472e-01 4.874664817526600663e-02 9.749329635053201326e-02
7.424749163879598157e-01 -9.835899133334728983e-01 2.363481654645984299e-03 1.532051131731071714e-01 3.064102263462143427e-01 4.861565236264946133e-02 9.723130472529892265e-02
7.458193979933109841e-01 -9.921768415204085256e-01 2.245877887198874552e-03 1.519801549096041482e-01 3.039603098192082964e-01 4.739069409914645203e-02 9.478138819829290407e-02
7.491638795986621524e-01 -9.997473285211346816e-01 2.040482808181888312e-03 1.497611644332112746e-01 2.995223288664225492e-01 4.517170362275357148e-02 9.034340724550714297e-02
7.525083612040133207e-01 -1.006209230932400889e+00 1.774622373140095867e-03 1.467157278316417179e-01 2.934314556632834359e-01 4.212626702118401484e-02 8.425253404236802968e-02
7.558528428093644891e-01 -1.011486083772157762e+00 1.482091568371472117e-03 1.430874032018566444e-01 2.861748064037132888e-01 3.849794239139894825e-02 7.699588478279789650e-02
7.591973244147156574e-01 -1.015519242273439815e+00 1.198682825798143801e-03 1.392114599699248445e-01 2.784229199398496890e-01 3.462199915946714834e-02 6.924399831893429669e-02
7.625418060200668258e-01 -1.018269524277401139e+00 9.575953158164913354e-04 1.355344978247592369e-01 2.710689956495184738e-01 3.094503701430152340e-02 6.189007402860304680e-02
7.658862876254179941e-01 -1.019718300315327841e+00 7.852850017050736235e-04 1.326123978746748255e-01 2.652247957493496511e-01 2.802293706421711897e-02 5.604587412843423794e-02
7.692307692307691624e-01 -1.019867994345776241e+00 6.982552075627898201e-04 1.310139798706561332e-01 2.620279597413122663e-01 2.642451906019842311e-02 5.284903812039684623e-02
7.725752508361204418e-01 -1.018741975447259085e+00 7.011689009896064423e-04 1.310690548592645388e-01 2.621381097185290776e-01 2.647959404880683570e-02 5.295918809761367141e-02
7.759197324414716102e-01 -1.016383838993670574e+00 7.865013476658364380e-04 1.326340921623909430e-01 2.652681843247818860e-01 2.804463135193323298e-02 5.608926270386646595e-02
7.792642140468227785e-01 -1.012856094463786327e+00 9.357647180738435039e-04 1.351797324351727003e-01 2.703594648703454006e-01 3.059027162471499722e-02 6.118054324942999445e-02
7.826086956521739468e-01 -1.008238295443185217e+00 1.122146802698669767e-03 1.380879205168183965e-01 2.761758410336367930e-01 3.349845970636067261e-02 6.699691941272134521e-02
7.859531772575251152e-01 -1.002624665003813975e+00 1.314236502047833304e-03 1.408418607592588079e-01 2.816837215185176158e-01 3.625239994880109090e-02 7.250479989760218180e-02
7.892976588628762835e-01 -9.961212859417740706e-01 1.480378977567177456e-03 1.430651541449146913e-01 2.861303082898293826e-01 3.847569333445698125e-02 7.695138666891396251e-02
7.926421404682274519e-01 -9.888429396965623397e-01 1.593128235013105843e-03 1.445034713207172250e-01 2.890069426414344500e-01 3.991401051025950109e-02 7.982802102051900217e-02
7.959866220735786202e-01 -9.809096897687259453e-01 1.633252890766646610e-03 1.450029844228160614e-01 2.900059688456321227e-01 4.041352361235835827e-02 8.082704722471671654e-02
7.993311036789297885e-01 -9.724433145650316357e-01 1.592802904146113814e-03 1.444993957157681141e-01 2.889987914315362283e-01 3.990993490531040411e-02 7.981986981062080821e-02
8.026755852842809569e-01 -9.635637005372253983e-01 1.476854601696760659e-03 1.430193268224120295e-01 2.860386536448240591e-01 3.842986601195430563e-02 7.685973202390861125e-02
8.060200668896321252e-01 -9.543853089257735567e-01 1.303705156443422507e-03 1.406963182816282354e-01 2.813926365632564708e-01 3.610685747117051841e-02 7.221371494234103683e-02
8.093645484949832936e-01 -9.450138283105800063e-01 1.103467571164133253e-03 1.378079431834399737e-01 2.756158863668799475e-01 3.321848237298226370e-02 6.643696474596452739e-02
8.127090301003344619e-01 -9.355431202878073949e-01 9.152020445956868949e-04 1.348417672447725368e-01 2.696835344895450737e-01 3.025230643431483721e-02 6.050461286862967442e-02
8.160535117056856302e-01 -9.260525572922027049e-01 7.828879651990771444e-04 1.325695959995356332e-01 2.651391919990712664e-01 2.798013518907793012e-02 5.596027037815586025e-02
8.193979933110367986e-01 -9.166048396743109450e-01 7.506734293809651237e-04 1.319878810090926169e-01 2.639757620181852338e-01 2.739842019863490338e-02 5.479684039726980677e-02
8.227424749163879669e-01 -9.072443644254868378e-01 8.579213178046281958e-04 1.338797547284884537e-01 2.677595094569769074e-01 2.929029391803073326e-02 5.858058783606146652e-02
8.260869565217391353e-01 -8.979962003521645419e-01 1.134593830568903948e-03 1.382731932427298804e-01 2.765463864854597609e-01 3.368373243227217040e-02 6.736746486454434080e-02
8.294314381270903036e-01 -8.888657049351682549e-01 1.597479254667595779e-03 1.445579390735539371e-01 2.891158781471078743e-01 3.996847826309622709e-02 7.993695652619245418e-02
8.327759197324414719e-01 -8.798387970918989387e-01 2.247670934734405986e-03 1.519990688528620182e-01 3.039981377057240364e-01 4.740960804240429427e-02 9.481921608480858854e-02
8.361204013377926403e-01 -8.708828780384327839e-01 3.069570594650420682e-03 1.599931664144190746e-01 3.199863328288381492e-01 5.540370560396137151e-02 1.108074112079227430e-01
8.394648829431438086e-01 -8.619483706346239282e-01 4.031522725975202753e-03 1.680837339850929368e-01 3.361674679701858737e-01 6.349427317463522680e-02 1.269885463492704536e-01
8.428093645484949770e-01 -8.529708261853178319e-01 5.088012949749847608e-03 1.759197695841469566e-01 3.518395391682939133e-01 7.133030877368923273e-02 1.426606175473784655e-01
8.461538461538461453e-01 -8.438735279365843223e-01 6.183200672778038816e-03 1.832227913565946942e-01 3.664455827131893884e-01 7.863333054613698414e-02 1.572666610922739683e-01
8.494983277591973136e-01 -8.345705027896789252e-01 7.255422800732788322e-03 1.897682304701140410e-01 3.795364609402280820e-01 8.517876965965631708e-02 1.703575393193126342e-01
8.528428093645484820e-01 -8.249698377464959043e-01 8.242214645150694463e-03 1.953761043498610794e-01 3.907522086997221589e-01 9.078664353940338327e-02 1.815732870788067665e-01
8.561872909698996503e-01 -8.149771864233622543e-01 9.085354845900398685e-03 1.999065885782435048e-01 3.998131771564870096e-01 9.531712776778578089e-02 1.906342555355715618e-01
8.595317725752508187e-01 -8.044993430051873284e-01 9.735455653826996514e-03 2.032578734551688804e-01 4.065157469103377608e-01 9.866841264471115647e-02 1.973368252894223129e-01
8.628762541806019870e-01 -7.934477579655399015e-01 1.015568409426102769e-02 2.053648749463521384e-01 4.107297498927042767e-01 1.007754141358944144e-01 2.015508282717888289e-01
8.662207357859531554e-01 -7.817418707103170883e-01 1.032430421384187072e-02 2.061980441774246553e-01 4.123960883548493106e-01 1.016085833669669453e-01 2.032171667339338905e-01
8.695652173913043237e-01 -7.693121398204905148e-01 1.023586209668309391e-02 2.057618982461698887e-01 4.115237964923397773e-01 1.011724374357121786e-01 2.023448748714243572e-01
8.729096989966554920e-01 -7.561026616571987491e-01 9.900977684442929458e-03 2.040931174490100974e-01 4.081862348980201949e-01 9.950365663855238740e-02 1.990073132771047748e-01
8.762541806020066604e-01 -7.420732817061871378e-01 9.344844657605055199e-03 2.012581975230322562e-01 4.025163950460645124e-01 9.666873671257453227e-02 1.933374734251490645e-01
8.795986622073578287e-01 -7.272011209146447275e-01 8.604656738518356301e-03 1.973507498189571163e-01 3.947014996379142326e-01 9.276128900849942016e-02 1.855225780169988403e-01
8.829431438127089971e-01 -7.114814598728949058e-01 7.726264671781072658e-03 1.924886341386584099e-01 3.849772682773168198e-01 8.789917332820071372e-02 1.757983466564014274e-01
8.862876254180601654e-01 -6.949279465006604761e-01 6.760415803601487091e-03 1.868112085637224085e-01 3.736224171274448169e-01 8.222174775326468454e-02 1.644434955065293691e-01
8.896321070234113337e-01 -6.775721177240754400e-01 5.758935395794632928e-03 1.804771106343561471e-01 3.609542212687122942e-01 7.588764982389843705e-02 1.517752996477968741e-01
8.929765886287625021e-01 -6.594622507680149015e-01 4.771178674705935270e-03 1.736631799423093980e-01 3.473263598846187961e-01 6.907371913185170187e-02 1.381474382637034037e-01
8.963210702341136704e-01 -6.406615845020459110e-01 3.841021981772288919e-03 1.665654398811612924e-01 3.331308797623225848e-01 6.197597907070358930e-02 1.239519581414071786e-01
8.996655518394648388e-01 -6.212459751292627175e-01 3.004580075111190889e-03 1.594035107895569736e-01 3.188070215791139472e-01 5.481404997909925664e-02 1.096280999581985133e-01
9.030100334448160071e-01 -6.013010722291792787e-01 2.288746096052134485e-03 1.524303021079530529e-01 3.048606042159061058e-01 4.784084129749532899e-02 9.568168259499065798e-02
9.063545150501671754e-01 -5.809191196197691642e-01 1.710562288770569629e-03 1.459484052937320420e-01 2.918968105874640839e-01 4.135894448327434580e-02 8.271788896654869161e-02
9.096989966555183438e-01 -5.601955006102060652e-01 1.277352834502350513e-03 1.403295340406897629e-01 2.806590680813795258e-01 3.574007323023205979e-02 7.148014646046411957e-02
9.130434782608695121e-01 -5.392251579342894896e-01 9.874924225542992470e-04 1.360138529693253051e-01 2.720277059386506102e-01 3.142439215886759507e-02 6.284878431773519014e-02
9.163879598662206805e-01 -5.180990243132135298e-01 8.316492909346654165e-04 1.334277910487822738e-01 2.668555820975645476e-01 2.883833023832457418e-02 5.767666047664914836e-02
9.197324414715718488e-01 -4.969006007783287049e-01 7.943297899480629941e-04 1.327733177137997989e-01 2.655466354275995977e-01 2.818385690334207841e-02 5.636771380668415682e-02
9.230769230769230171e-01 -4.757028152131579923e-01 8.555605770020924825e-04 1.338394279386801444e-01 2.676788558773602889e-01 2.924996712822242745e-02 5.849993425644485490e-02
9.264214046822741855e-01 -4.545652846361818988e-01 9.925692280670778134e-04 1.360945275151494716e-01 2.721890550302989431e-01 3.150506670469176845e-02 6.301013340938353691e-02
9.297658862876253538e-01 -4.335320904809517040e-01 1.181358164469833560e-03 1.389603520480999777e-01 2.779207040961999553e-01 3.437089123764226067e-02 6.874178247528452135e-02
9.331103678929765222e-01 -4.126301579560401889e-01 1.398103710969426927e-03 1.419806858635290214e-01 2.839613717270580429e-01 3.739122505307130445e-02 7.478245010614260890e-02
9.364548494983276905e-01 -3.918683088005688875e-01 1.620346101614914772e-03 1.448429836577181107e-01 2.896859673154362214e-01 4.025352284726039370e-02 8.050704569452078740e-02
9.397993311036788588e-01 -3.712370323323761490e-01 1.827963141571602688e-03 1.473441464200093698e-01 2.946882928400187396e-01 4.275468560955164588e-02 8.550937121910329175e-02
9.431438127090301382e-01 -3.507089930424301949e-01 2.003937793935623313e-03 1.493548245857653223e-01 2.987096491715306446e-01 4.476536377530761918e-02 8.953072755061523835e-02
9.464882943143813065e-01 -3.302402661954079721e-01 2.134938250579687495e-03 1.507948528180977632e-01 3.015897056361955264e-01 4.620539200764005316e-02 9.241078401528010633e-02
9.498327759197324749e-01 -3.097722655312360462e-01 2.211729700243376690e-03 1.516184912091739501e-01 3.032369824183479001e-01 4.702903039871624696e-02 9.405806079743249393e-02
9.531772575250836432e-01 -2.892343017652181936e-01 2.229433231972519601e-03 1.518063352514085751e-01 3.036126705028171502e-01 4.721687444095087199e-02 9.443374888190174399e-02
9.565217391304348116e-01 -2.685466867956895487e-01 2.187642480596010096e-03 1.513617013019715740e-01 3.027234026039431480e-01 4.677224049151387786e-02 9.354448098302775572e-02
9.598662207357859799e-01 -2.476242781050498609e-01 2.090406107867384677e-03 1.503104199852977052e-01 3.006208399705954104e-01 4.572095917483998823e-02 9.144191834967997645e-02
9.632107023411371483e-01 -2.263803415865853763e-01 1.946086308723336041e-03 1.487039290575457029e-01 2.974078581150914058e-01 4.411446824708800674e-02 8.822893649417601347e-02
9.665551839464883166e-01 -2.047305983525304629e-01 1.767110895993784063e-03 1.466264789729509188e-01 2.932529579459018376e-01 4.203701816249320877e-02 8.407403632498641755e-02
9.698996655518394849e-01 -1.825973144940517545e-01 1.569648677730968011e-03 1.442082527876365206e-01 2.884165055752730411e-01 3.961879197717881051e-02 7.923758395435762103e-02
9.732441471571906533e-01 -1.599132904547710676e-01 1.373252205430125971e-03 1.416468784947773618e-01 2.832937569895547236e-01 3.705741768431963790e-02 7.411483536863927579e-02
9.765886287625418216e-01 -1.366256097603768815e-01 1.200525391906187003e-03 1.392380595109273533e-01 2.784761190218547067e-01 3.464859870046965024e-02 6.929719740093930047e-02
9.799331103678929900e-01 -1.126990155314822051e-01 1.076882203942874667e-03 1.374053442199116570e-01 2.748106884398233141e-01 3.281588340945394699e-02 6.563176681890789399e-02
9.832775919732441583e-01 -8.811879558738869300e-02 1.030463015361648494e-03 1.366902865842855308e-01 2.733805731685710616e-01 3.210082577382782076e-02 6.420165154765564153e-02
9.866220735785953266e-01 -6.289307440675304117e-02 1.092264995342654126e-03 1.376388934128890962e-01 2.752777868257781924e-01 3.304943260243137920e-02 6.609886520486275840e-02
9.899665551839464950e-01 -3.705443060992646975e-02 1.296521079765902348e-03 1.405966973021117450e-01 2.811933946042234900e-01 3.600723649165404189e-02 7.201447298330808378e-02
9.933110367892976633e-01 -1.066078173705050855e-02 1.681329694292471675e-03 1.455934812754373642e-01 2.911869625508747284e-01 4.100402046497966801e-02 8.200804092995933603e-02
9.966555183946488317e-01 1.620449667928765963e-02 2.289497387812926017e-03 1.524381534552199657e-01 3.048763069104399315e-01 4.784869264476226264e-02 9.569738528952452528e-02
1.000000000000000000e+00 4.343322540278823224e-02 3.169513401818273637e-03 1.608878924211009365e-01 3.217757848422018729e-01 5.629843161064323337e-02 1.125968632212864667e-01
