# X mu var std 2std fstd 2fstd
0.000000000000000000e+00 1.088099459042248141e+00 1.005838756628821447e-02 2.296987115601427931e-01 4.593974231202855862e-01 1.002915129324920274e-01 2.005830258649840547e-01
3.344481605351170509e-03 1.038276508791360797e+00 8.087368146984713624e-03 2.193369942850674215e-01 4.386739885701348429e-01 8.992979565741664183e-02 1.798595913148332837e-01
6.688963210702341018e-03 9.863782372240947893e-01 6.410611670829887386e-03 2.094734941010263918e-01 4.189469882020527836e-01 8.006629547337561215e-02 1.601325909467512243e-01
1.003344481605351196e-02 9.325187665151661864e-01 5.004959691119832167e-03 2.001529383659546579e-01 4.003058767319093159e-01 7.074573973830390605e-02 1.414914794766078121e-01
1.337792642140468204e-02 8.768209289164980991e-01 3.846571137457786491e-03 1.914279301410551082e-01 3.828558602821102164e-01 6.202073151340434243e-02 1.240414630268086849e-01
1.672240802675585211e-02 8.194159087195499458e-01 2.911244620276169735e-03 1.833631493678255509e-01 3.667262987356511017e-01 5.395595074017479897e-02 1.079119014803495979e-01
2.006688963210702392e-02 7.604428363968367410e-01 2.174736141948047097e-03 1.760412649520455008e-01 3.520825299040910017e-01 4.663406632439473509e-02 9.326813264878947018e-02
2.341137123745819226e-02 7.000483362888046956e-01 1.613066822116314284e-03 1.695702017787637794e-01 3.391404035575275588e-01 4.016300315111302061e-02 8.032600630222604121e-02
2.675585284280936407e-02 6.383860295259219386e-01 1.202815455377405363e-03 1.640888285688372750e-01 3.281776571376745499e-01 3.468162994118652309e-02 6.936325988237304618e-02
3.010033444816053588e-02 5.756159941943391756e-01 9.213910414754097238e-04 1.597616223822768688e-01 3.195232447645537377e-01 3.035442375462610656e-02 6.070884750925221313e-02
3.344481605351170422e-02 5.119041850640637659e-01 7.472808560231424674e-04 1.567436368744879460e-01 3.134872737489758920e-01 2.733643824683717680e-02 5.467287649367435359e-02
3.678929765886287256e-02 4.474218154989562102e-01 6.602701549892741467e-04 1.551029211313920131e-01 3.102058422627840262e-01 2.569572250374124386e-02 5.139144500748248773e-02
4.013377926421404784e-02 3.823447044551006035e-01 6.416302178139585144e-04 1.547376194258522630e-01 3.094752388517045261e-01 2.533042079820148687e-02 5.066084159640297374e-02
4.347826086956521618e-02 3.168525917461751940e-01 6.742721185906242571e-04 1.553739488785124412e-01 3.107478977570248824e-01 2.596675025086166502e-02 5.193350050172333005e-02
4.682274247491638453e-02 2.511284250084842573e-01 7.428643568722154622e-04 1.566627367230950529e-01 3.133254734461901059e-01 2.725553809544429759e-02 5.451107619088859518e-02
5.016722408026755980e-02 1.853576220325001411e-01 8.339132620737611671e-04 1.582847550006155901e-01 3.165695100012311802e-01 2.887755637296482089e-02 5.775511274592964178e-02
5.351170568561872815e-02 1.197273123394751587e-01 9.358058897103672859e-04 1.599981431980684599e-01 3.199962863961369197e-01 3.059094457041768716e-02 6.118188914083537433e-02
5.685618729096989649e-02 5.442556206927492979e-02 1.038815934468394382e-03 1.616378662358216312e-01 3.232757324716432623e-01 3.223066760817085846e-02 6.446133521634171692e-02
6.020066889632107177e-02 -1.035941359308602608e-02 1.135073974713561931e-03 1.630980575468526095e-01 3.261961150937052190e-01 3.369085891920183679e-02 6.738171783840367357e-02
6.354515050167224011e-02 -7.444004609104776238e-02 1.218504116006800765e-03 1.643142769357360811e-01 3.286285538714721621e-01 3.490707830808532225e-02 6.981415661617064450e-02
6.688963210702340845e-02 -1.376302128048054740e-01 1.284729798788072225e-03 1.652503262644526572e-01 3.305006525289053143e-01 3.584312763680189834e-02 7.168625527360379668e-02
7.023411371237457679e-02 -1.997460354549560058e-01 1.330952160100914126e-03 1.658894156669277753e-01 3.317788313338555506e-01 3.648221703927701648e-02 7.296443407855403296e-02
7.357859531772574513e-02 -2.606066730196952563e-01 1.355804875316188405e-03 1.662284543818505211e-01 3.324569087637010423e-01 3.682125575419975538e-02 7.364251150839951077e-02
7.692307692307692735e-02 -3.200351045736476996e-01 1.359189839753552950e-03 1.662743905434117542e-01 3.325487810868235083e-01 3.686719191576099536e-02 7.373438383152199072e-02
8.026755852842809569e-02 -3.778588974787502885e-01 1.342098370988300746e-03 1.660418594147837767e-01 3.320837188295675535e-01 3.663466078713300406e-02 7.326932157426600811e-02
8.361204013377926403e-02 -4.339109564131610752e-01 1.306422812538442137e-03 1.655516700242342654e-01 3.311033400484685307e-01 3.614447139658349267e-02 7.228894279316698535e-02
8.695652173913043237e-02 -4.880302488121506244e-01 1.254763493862000659e-03 1.648298396057314430e-01 3.296596792114628860e-01 3.542264097808068418e-02 7.084528195616136836e-02
9.030100334448160071e-02 -5.400625024157847953e-01 1.190235948849685879e-03 1.639069949871901355e-01 3.278139899743802710e-01 3.449979635953936974e-02 6.899959271907873948e-02
9.364548494983276905e-02 -5.898608707706145537e-01 1.116283117486790728e-03 1.628180219860594913e-01 3.256360439721189826e-01 3.341082335840873246e-02 6.682164671681746493e-02
9.698996655518395127e-02 -6.372865627161703461e-01 1.036496958698412572e-03 1.616018714587017513e-01 3.232037429174035026e-01 3.219467283105098554e-02 6.438934566210197108e-02
1.003344481605351196e-01 -6.822094321002424300e-01 9.544534955874517911e-04 1.603014294092619529e-01 3.206028588185239059e-01 3.089423078161118025e-02 6.178846156322236050e-02
1.036789297658862880e-01 -7.245085242086969357e-01 8.735648093657044080e-04 1.589633284379913802e-01 3.179266568759827605e-01 2.955612981034060061e-02 5.911225962068120121e-02
1.070234113712374563e-01 -7.640725756637797295e-01 7.969509101553167189e-04 1.576375176154928281e-01 3.152750352309856563e-01 2.823031898784207280e-02 5.646063797568414561e-02
1.103678929765886246e-01 -8.008004648380274704e-01 7.273337586558356735e-04 1.563763246545696872e-01 3.127526493091393744e-01 2.696912602691892494e-02 5.393825205383784988e-02
1.137123745819397930e-01 -8.346016101465639769e-01 6.669550115558573996e-04 1.552326707734965616e-01 3.104653415469931232e-01 2.582547214584580281e-02 5.165094429169160561e-02
1.170568561872909613e-01 -8.653963139164987384e-01 6.175183358728786147e-04 1.542571148422555716e-01 3.085142296845111431e-01 2.484991621460480235e-02 4.969983242920960470e-02
1.204013377926421435e-01 -8.931160498858385921e-01 5.801564042633230870e-04 1.534936347331297690e-01 3.069872694662595380e-01 2.408643610547901368e-02 4.817287221095802735e-02
1.237458193979933119e-01 -9.177036927530125565e-01 5.554219659336215613e-04 1.529745906329962324e-01 3.059491812659924648e-01 2.356739200534547010e-02 4.713478401069094020e-02
1.270903010033444802e-01 -9.391136885789294064e-01 5.433017067599500921e-04 1.527160318622841628e-01 3.054320637245683256e-01 2.330883323463339013e-02 4.661766646926678026e-02
1.304347826086956486e-01 -9.573121652336566978e-01 5.432509870505308324e-04 1.527149438435769779e-01 3.054298876871539559e-01 2.330774521592620524e-02 4.661549043185241048e-02
1.337792642140468169e-01 -9.722769824759101009e-01 5.542469937525946371e-04 1.529496495143489176e-01 3.058992990286978353e-01 2.354245088669815189e-02 4.708490177339630378e-02
1.371237458193979852e-01 -9.839977216530272353e-01 5.748573811767838373e-04 1.533833822517554069e-01 3.067667645035108137e-01 2.397618362410464804e-02 4.795236724820929608e-02
1.404682274247491536e-01 -9.924756154080466297e-01 6.033211131141379352e-04 1.539697944414921416e-01 3.079395888829842831e-01 2.456259581384137580e-02 4.912519162768275161e-02
1.438127090301003219e-01 -9.977234181767485888e-01 6.376379688330996096e-04 1.546586930157676787e-01 3.093173860315353574e-01 2.525149438811690600e-02 5.050298877623381200e-02
1.471571906354514903e-01 -9.997652186468339863e-01 6.756630419043417168e-04 1.554007178565728342e-01 3.108014357131456684e-01 2.599351922892207539e-02 5.198703845784415079e-02
1.505016722408026864e-01 -9.986361957316313154e-01 7.152025462316261885e-04 1.561504696734975495e-01 3.123009393469950989e-01 2.674327104584676984e-02 5.348654209169353968e-02
1.538461538461538547e-01 -9.943823199784623812e-01 7.541073465976393239e-04 1.568682136598311960e-01 3.137364273196623921e-01 2.746101503218042680e-02 5.492203006436085361e-02
1.571906354515050230e-01 -9.870600026838605157e-01 7.903608463116084011e-04 1.575205557077223040e-01 3.150411114154446079e-01 2.811335708007153822e-02 5.622671416014307644e-02
1.605351170568561914e-01 -9.767356953222456895e-01 8.221581833730885486e-04 1.580804995079660435e-01 3.161609990159320871e-01 2.867330088031527086e-02 5.734660176063054171e-02
1.638795986622073597e-01 -9.634854422079414116e-01 8.479740970753796726e-04 1.585271934263347005e-01 3.170543868526694009e-01 2.911999479868393817e-02 5.823998959736787634e-02
1.672240802675585281e-01 -9.473943896008020227e-01 8.666173143293384642e-04 1.588455632957049002e-01 3.176911265914098004e-01 2.943836466805414137e-02 5.887672933610828274e-02
1.705685618729096964e-01 -9.285562547306152048e-01 8.772698520520096424e-04 1.590259401953137974e-01 3.180518803906275949e-01 2.961874156766302821e-02 5.923748313532605642e-02
1.739130434782608647e-01 -9.070727584530275944e-01 8.795102198027101182e-04 1.590637361835204600e-01 3.181274723670409199e-01 2.965653755586970114e-02 5.931307511173940228e-02
1.772575250836120331e-01 -8.830530254581082650e-01 8.733201153509503835e-04 1.589591886681023525e-01 3.179183773362047050e-01 2.955199004045159714e-02 5.910398008090319427e-02
1.806020066889632014e-01 -8.566129561305965145e-01 8.590748143893409388e-04 1.587171766963791919e-01 3.174343533927583838e-01 2.930997806872841921e-02 5.861995613745683842e-02
1.839464882943143698e-01 -8.278745743066380225e-01 8.375180437580310392e-04 1.583471026316040364e-01 3.166942052632080729e-01 2.893990400395327761e-02 5.787980800790655522e-02
1.872909698996655381e-01 -7.969653552850759493e-01 8.097226757312162319e-04 1.578628250612968131e-01 3.157256501225936263e-01 2.845562643364605779e-02 5.691125286729211558e-02
1.906354515050167064e-01 -7.640175385309802003e-01 7.770390710559472438e-04 1.572826191815356323e-01 3.145652383630712645e-01 2.787542055388487344e-02 5.575084110776974688e-02
1.939799331103679025e-01 -7.291674295546937135e-01 7.410333145929638666e-04 1.566291257194817876e-01 3.132582514389635753e-01 2.722192709183102535e-02 5.444385418366205071e-02
1.973244147157190709e-01 -6.925546954616830231e-01 7.034179162571679205e-04 1.559292256289409873e-01 3.118584512578819745e-01 2.652202700129022844e-02 5.304405400258045689e-02
2.006688963210702392e-01 -6.543216586464258855e-01 6.659777812838527144e-04 1.552137439463069091e-01 3.104274878926138181e-01 2.580654531865613291e-02 5.161309063731226582e-02
2.040133779264214076e-01 -6.146125930483384847e-01 6.304943808172952307e-04 1.545168457939750106e-01 3.090336915879500213e-01 2.510964716632424487e-02 5.021929433264848974e-02
2.073578595317725759e-01 -5.735730273000855250e-01 5.986710732764832441e-04 1.538749544151455373e-01 3.077499088302910746e-01 2.446775578749475766e-02 4.893551157498951532e-02
2.107023411371237442e-01 -5.313490589795785146e-01 5.720624395111453863e-04 1.533250254417897473e-01 3.066500508835794947e-01 2.391782681413897466e-02 4.783565362827794931e-02
2.140468227424749126e-01 -4.880866840274867835e-01 5.520103045977338852e-04 1.529020981719717287e-01 3.058041963439434574e-01 2.349489954432097336e-02 4.698979908864194671e-02
2.173913043478260809e-01 -4.439311452145393577e-01 5.395888341996337659e-04 1.526362501407804717e-01 3.052725002815609434e-01 2.322905151312971289e-02 4.645810302625942578e-02
2.207357859531772493e-01 -3.990263033380923030e-01 5.355607246853681669e-04 1.525493835868409476e-01 3.050987671736818951e-01 2.314218495919017834e-02 4.628436991838035669e-02
2.240802675585284176e-01 -3.535140345980719578e-01 5.403460677217917498e-04 1.526525437040696653e-01 3.053050874081393307e-01 2.324534507641888570e-02 4.649069015283777140e-02
2.274247491638795859e-01 -3.075336573504093840e-01 5.540049780827681824e-04 1.529445089685280423e-01 3.058890179370560847e-01 2.353731034087727311e-02 4.707462068175454623e-02
2.307692307692307543e-01 -2.612213911638640029e-01 5.762345461463579685e-04 1.534120845083701001e-01 3.068241690167402003e-01 2.400488588071932397e-02 4.800977176143864794e-02
2.341137123745819226e-01 -2.147098508160009134e-01 6.063801331560595342e-04 1.540319855943650118e-01 3.080639711887300236e-01 2.462478696671423911e-02 4.924957393342847822e-02
2.374581939799331187e-01 -1.681275775591306865e-01 6.434604876627233495e-04 1.547737215991327464e-01 3.095474431982654928e-01 2.536652297148198759e-02 5.073304594296397518e-02
2.408026755852842871e-01 -1.215986096692934920e-01 6.862056450259894965e-04 1.556027258226890253e-01 3.112054516453780506e-01 2.619552719503826996e-02 5.239105439007653992e-02
2.441471571906354554e-01 -7.524209396443733155e-02 7.331060971596543158e-04 1.564831306921181664e-01 3.129662613842363328e-01 2.707593206446740758e-02 5.415186412893481516e-02
2.474916387959866237e-01 -2.917193964384753868e-02 7.824713037474696374e-04 1.573798871603511729e-01 3.147597743207023457e-01 2.797268853270042099e-02 5.594537706540084199e-02
2.508361204013377921e-01 1.650348453680131056e-02 8.324952738834010295e-04 1.582601928203407338e-01 3.165203856406814675e-01 2.885299419268996801e-02 5.770598838537993602e-02
2.541806020066889604e-01 6.168160907945025723e-02 8.813266905244672347e-04 1.590943455185944433e-01 3.181886910371888866e-01 2.968714689094368447e-02 5.937429378188736895e-02
2.575250836120401288e-01 1.062658782084818093e-01 9.271408883971220521e-04 1.598561869260675394e-01 3.197123738521350789e-01 3.044898829841678062e-02 6.089797659683356124e-02
2.608695652173912971e-01 1.501659199808780543e-01 9.682109345220345741e-04 1.605232866613678921e-01 3.210465733227357843e-01 3.111608803371713333e-02 6.223217606743426666e-02
2.642140468227424654e-01 1.932976723618358150e-01 1.002975101246124899e-03 1.610769807747720883e-01 3.221539615495441766e-01 3.166978214712132950e-02 6.333956429424265899e-02
2.675585284280936338e-01 2.355834659017331523e-01 1.030098162879345119e-03 1.615023409840782298e-01 3.230046819681564596e-01 3.209514235642747793e-02 6.419028471285495585e-02
2.709030100334448021e-01 2.769520639542136786e-01 1.048524183093113051e-03 1.617881217629338897e-01 3.235762435258677794e-01 3.238092313528311006e-02 6.476184627056622012e-02
2.742474916387959705e-01 3.173386616643819047e-01 1.057518782472521152e-03 1.619267124996710827e-01 3.238534249993421654e-01 3.251951387202031002e-02 6.503902774404062004e-02
2.775919732441471388e-01 3.566848452290296567e-01 1.056699271909197118e-03 1.619141097683481634e-01 3.238282195366963268e-01 3.250691114069740456e-02 6.501382228139480912e-02
2.809364548494983072e-01 3.949385131850717268e-01 1.046051493177312455e-03 1.617499179502017437e-01 3.234998359004034874e-01 3.234271932255097792e-02 6.468543864510195585e-02
2.842809364548494755e-01 4.320537617167964917e-01 1.025932706342468689e-03 1.614373829284391215e-01 3.228747658568782430e-01 3.203018430078835577e-02 6.406036860157671153e-02
2.876254180602006438e-01 4.679907361846843972e-01 9.970603861264902903e-04 1.609834616447731459e-01 3.219669232895462918e-01 3.157626301712237321e-02 6.315252603424474642e-02
2.909698996655518122e-01 5.027154512685251264e-01 9.604873168294896131e-04 1.603989284410943794e-01 3.207978568821887588e-01 3.099172981344361019e-02 6.198345962688722038e-02
2.943143812709029805e-01 5.361995822825971203e-01 9.175638884354041670e-04 1.596985156745439893e-01 3.193970313490879787e-01 3.029131704689322704e-02 6.058263409378645409e-02
2.976588628762541489e-01 5.684202303615160101e-01 8.698889763323058855e-04 1.589010789476816565e-01 3.178021578953633131e-01 2.949388032003089771e-02 5.898776064006179543e-02
3.010033444816053727e-01 5.993596643302445681e-01 8.192512157830460608e-04 1.580297634285739439e-01 3.160595268571478877e-01 2.862256480092317118e-02 5.724512960184634236e-02
3.043478260869565410e-01 6.290050421610560161e-01 7.675628443853418741e-04 1.571121231788084882e-01 3.142242463576169764e-01 2.770492455115772246e-02 5.540984910231544491e-02
3.076923076923077094e-01 6.573481149832680615e-01 7.167885676451119003e-04 1.561801059715518247e-01 3.123602119431036495e-01 2.677290734390106938e-02 5.354581468780213876e-02
3.110367892976588777e-01 6.843849166490673097e-01 6.688720941432011987e-04 1.552697602591520121e-01 3.105395205183040241e-01 2.586256163150126020e-02 5.172512326300252039e-02
3.143812709030100461e-01 7.101154418702549931e-01 6.256630804724134989e-04 1.544204567215579638e-01 3.088409134431159275e-01 2.501325809390718760e-02 5.002651618781437520e-02
3.177257525083612144e-01 7.345433159275812640e-01 5.888472185373516080e-04 1.536733729972820650e-01 3.073467459945641300e-01 2.426617436963131313e-02 4.853234873926262627e-02
3.210702341137123828e-01 7.576754589167543630e-01 5.598820891412588721e-04 1.530690263072967128e-01 3.061380526145934255e-01 2.366182767964594355e-02 4.732365535929188710e-02
3.244147157190635511e-01 7.795217474342646113e-01 5.399411998958620696e-04 1.526438334936519592e-01 3.052876669873039184e-01 2.323663486600118996e-02 4.647326973200237993e-02
3.277591973244147194e-01 8.000946765232358482e-01 5.298683296332666083e-04 1.524260676188342045e-01 3.048521352376684090e-01 2.301886899118344224e-02 4.603773798236688447e-02
3.311036789297658878e-01 8.194090245954033236e-01 5.301439266652255202e-04 1.524320531693243164e-01 3.048641063386486327e-01 2.302485454167355755e-02 4.604970908334711510e-02
3.344481605351170561e-01 8.374815239221681251e-01 5.408648677348789095e-04 1.526637002505277230e-01 3.053274005010554459e-01 2.325650162287696415e-02 4.651300324575392831e-02
3.377926421404682245e-01 8.543305391462607812e-01 5.617383946134752457e-04 1.531082195890666464e-01 3.062164391781332928e-01 2.370102096141588760e-02 4.740204192283177520e-02
3.411371237458193928e-01 8.699757561084016100e-01 5.920905237741747257e-04 1.537401089298356394e-01 3.074802178596712787e-01 2.433291030218487361e-02 4.866582060436974722e-02
3.444816053511705611e-01 8.844378831115666806e-01 6.308886905421160233e-04 1.545246963243186444e-01 3.090493926486372889e-01 2.511749769666787521e-02 5.023499539333575042e-02
3.478260869565217295e-01 8.977383665613962727e-01 6.767778621076845453e-04 1.554221532135746930e-01 3.108443064271493861e-01 2.601495458592393076e-02 5.202990917184786152e-02
3.511705685618728978e-01 9.098991227268113935e-01 7.281288532122666586e-04 1.563910614573544855e-01 3.127821229147089710e-01 2.698386282970373015e-02 5.396772565940746030e-02
3.545150501672240662e-01 9.209422871615344786e-01 7.830971225048443361e-04 1.573910711706860699e-01 3.147821423413721398e-01 2.798387254303529026e-02 5.596774508607058052e-02
3.578595317725752345e-01 9.308899831178385487e-01 8.396899334572751434e-04 1.583846024702532940e-01 3.167692049405065879e-01 2.897740384260251781e-02 5.795480768520503562e-02
3.612040133779264028e-01 9.397641100697075034e-01 8.958394458497036727e-04 1.593377757328404143e-01 3.186755514656808286e-01 2.993057710518966241e-02 5.986115421037932482e-02
3.645484949832775712e-01 9.475861532457097169e-01 9.494790741255386413e-04 1.602208169501642410e-01 3.204416339003284819e-01 3.081361832251348215e-02 6.162723664502696430e-02
3.678929765886287395e-01 9.543770148551240506e-01 9.986203159661794122e-04 1.610081529797930400e-01 3.220163059595860799e-01 3.160095435214226728e-02 6.320190870428453456e-02
3.712374581939799079e-01 9.601568674747069654e-01 1.041427223550202589e-03 1.616783501960439018e-01 3.233567003920878036e-01 3.227115156839313603e-02 6.454230313678627207e-02
3.745819397993310762e-01 9.649450298509741897e-01 1.076285762439155823e-03 1.622139930830552024e-01 3.244279861661104047e-01 3.280679445540444356e-02 6.561358891080888711e-02
3.779264214046822445e-01 9.687598651652518100e-01 1.101865476660133722e-03 1.626015577366941856e-01 3.252031154733883711e-01 3.319435910904341980e-02 6.638871821808683960e-02
3.812709030100334129e-01 9.716187016076449634e-01 1.117171147410668227e-03 1.628313088986911572e-01 3.256626177973823144e-01 3.342411027104039839e-02 6.684822054208079678e-02
3.846153846153845812e-01 9.735377749130963432e-01 1.121582487108052119e-03 1.628972342667487361e-01 3.257944685334974722e-01 3.349003563909797032e-02 6.698007127819594064e-02
3.879598662207358051e-01 9.745321923295268141e-01 1.114880338150024209e-03 1.627970224988547487e-01 3.255940449977094975e-01 3.338982387120399686e-02 6.677964774240799373e-02
3.913043478260869734e-01 9.746159173155226618e-01 1.097258330758381232e-03 1.625320885257074965e-01 3.250641770514149931e-01 3.312488989805673772e-02 6.624977979611347545e-02
3.946488294314381418e-01 9.738017741046918196e-01 1.069319479814281404e-03 1.621076493862302348e-01 3.242152987724604696e-01 3.270045075857948291e-02 6.540090151715896583e-02
3.979933110367893101e-01 9.721014711265595354e-01 1.032057747245428364e-03 1.615328542201118767e-01 3.230657084402237533e-01 3.212565559246111785e-02 6.425131118492223570e-02
4.013377926421404784e-01 9.695256421404648828e-01 9.868251447380865186e-04 1.608209717970439379e-01 3.216419435940878757e-01 3.141377316939317210e-02 6.282754633878634420e-02
4.046822742474916468e-01 9.660839038202919671e-01 9.352854812274852703e-04 1.599896360914548066e-01 3.199792721829096132e-01 3.058243746380404776e-02 6.116487492760809552e-02
4.080267558528428151e-01 9.617849284243927821e-01 8.793563516590063595e-04 1.590611419009998750e-01 3.181222838019997501e-01 2.965394327334909888e-02 5.930788654669819776e-02
4.113712374581939835e-01 9.566365300971620966e-01 8.211413997809052703e-04 1.580627635283974597e-01 3.161255270567949194e-01 2.865556490074668353e-02 5.731112980149336705e-02
4.147157190635451518e-01 9.506457632770254351e-01 7.628552521419137934e-04 1.570270330250890245e-01 3.140540660501780490e-01 2.761983439743826221e-02 5.523966879487652443e-02
4.180602006688963201e-01 9.438190316293280091e-01 7.067437998227145890e-04 1.559918520920597906e-01 3.119837041841195813e-01 2.658465346440902141e-02 5.316930692881804282e-02
4.214046822742474885e-01 9.361622058829838222e-01 6.550026879715306703e-04 1.550002189256056429e-01 3.100004378512112857e-01 2.559302029795488403e-02 5.118604059590976807e-02
4.247491638795986568e-01 9.276807489253158234e-01 6.096969541179061676e-04 1.540992409514016781e-01 3.081984819028033562e-01 2.469204232375090888e-02 4.938408464750181776e-02
4.280936454849498252e-01 9.183798465008526923e-01 5.726847312488745571e-04 1.533380308582455442e-01 3.066760617164910885e-01 2.393083223059479236e-02 4.786166446118958473e-02
4.314381270903009935e-01 9.082645418660725278e-01 5.455478010406566167e-04 1.527641633499912110e-01 3.055283266999824221e-01 2.335696472234045570e-02 4.671392944468091141e-02
4.347826086956521618e-01 8.973398727728659763e-01 5.295315509991636903e-04 1.524187511828166974e-01 3.048375023656333949e-01 2.301155255516593168e-02 4.602310511033186335e-02
4.381270903010033302e-01 8.856110091878659496e-01 5.254965644005640162e-04 1.523309104649724910e-01 3.046618209299449820e-01 2.292371183732172177e-02 4.584742367464344354e-02
4.414715719063544985e-01 8.730833902023101833e-01 5.338836652551374063e-04 1.525131213587415380e-01 3.050262427174830759e-01 2.310592273109077568e-02 4.621184546218155137e-02
4.448160535117056669e-01 8.597628586466262712e-01 5.546937663849517940e-04 1.529591362631183005e-01 3.059182725262366009e-01 2.355193763546752778e-02 4.710387527093505555e-02
4.481605351170568352e-01 8.456557919948675117e-01 5.874833439113745026e-04 1.536452543234233525e-01 3.072905086468467051e-01 2.423805569577259719e-02 4.847611139154519438e-02
4.515050167224080035e-01 8.307692282248064775e-01 6.313758047175113686e-04 1.545343911631791023e-01 3.090687823263582046e-01 2.512719253552834348e-02 5.025438507105668695e-02
4.548494983277591719e-01 8.151109853898512725e-01 6.850884445740222737e-04 1.555813928764528120e-01 3.111627857529056240e-01 2.617419424880204973e-02 5.234838849760409946e-02
4.581939799331103402e-01 7.986897737567638655e-01 7.469741341287468132e-04 1.567380261696178501e-01 3.134760523392357001e-01 2.733082754196708777e-02 5.466165508393417555e-02
4.615384615384615086e-01 7.815152994682552645e-01 8.150763378686782124e-04 1.579567404430403388e-01 3.159134808860806776e-01 2.854954181538957997e-02 5.709908363077915994e-02
4.648829431438126769e-01 7.635983588000684330e-01 8.871955867036196257e-04 1.591930272497257270e-01 3.183860544994514541e-01 2.978582862207495435e-02 5.957165724414990871e-02
4.682274247491638453e-01 7.449509221973310558e-01 9.609651055485469388e-04 1.604066358088085398e-01 3.208132716176170796e-01 3.099943718115777402e-02 6.199887436231554805e-02
4.715719063545150691e-01 7.255862073935122059e-01 1.033932958359209692e-03 1.615620265444537018e-01 3.231240530889074036e-01 3.215482791680294300e-02 6.430965583360588600e-02
4.749163879598662374e-01 7.055187410361157818e-01 1.103647826959043695e-03 1.626283940751214185e-01 3.252567881502428371e-01 3.322119544747063891e-02 6.644239089494127781e-02
4.782608695652174058e-01 6.847644083648842805e-01 1.167745395871368219e-03 1.635794885109958519e-01 3.271589770219917037e-01 3.417228988334507916e-02 6.834457976669015833e-02
4.816053511705685741e-01 6.633404906103468335e-01 1.224032278489218563e-03 1.643933713032839083e-01 3.287867426065678167e-01 3.498617267563313565e-02 6.997234535126627131e-02
4.849498327759197425e-01 6.412656899010915623e-01 1.270564492319221049e-03 1.650521771284048644e-01 3.301043542568097289e-01 3.564497850075408480e-02 7.128995700150816961e-02
4.882943143812709108e-01 6.185601415868947628e-01 1.305717670143940416e-03 1.655419142089852858e-01 3.310838284179705715e-01 3.613471558133452693e-02 7.226943116266905387e-02
4.916387959866220791e-01 5.952454140004996841e-01 1.328246473931402744e-03 1.658523145409168675e-01 3.317046290818337351e-01 3.644511591326610872e-02 7.289023182653221744e-02
4.949832775919732475e-01 5.713444957923934364e-01 1.337331049562309748e-03 1.659767358076905119e-01 3.319534716153810239e-01 3.656953718003975312e-02 7.313907436007950624e-02
4.983277591973244158e-01 5.468817710801737730e-01 1.332608809759106006e-03 1.659121134989267332e-01 3.318242269978534664e-01 3.650491487127597440e-02 7.300982974255194879e-02
5.016722408026755842e-01 5.218829827552583511e-01 1.314190344625684346e-03 1.656589619589107221e-01 3.313179239178214441e-01 3.625176333125996325e-02 7.250352666251992650e-02
5.050167224080267525e-01 4.963751843852594603e-01 1.282658815552449681e-03 1.652214250684445052e-01 3.304428501368890103e-01 3.581422644079374634e-02 7.162845288158749268e-02
5.083612040133779209e-01 4.703866812388256546e-01 1.239052769592929350e-03 1.646073800134466303e-01 3.292147600268932606e-01 3.520018138579585759e-02 7.040036277159171518e-02
5.117056856187290892e-01 4.439469610410028966e-01 1.184832896939449825e-03 1.638286003559280557e-01 3.276572007118561114e-01 3.442140172827727607e-02 6.884280345655455213e-02
5.150501672240802575e-01 4.170866151409274858e-01 1.121833823366016024e-03 1.629009864601133062e-01 3.258019729202266124e-01 3.349378783246254737e-02 6.698757566492509474e-02
5.183946488294314259e-01 3.898372508390831048e-01 1.052202561849616656e-03 1.618448705824877265e-01 3.236897411649754530e-01 3.243767195483696769e-02 6.487534390967393538e-02
5.217391304347825942e-01 3.622313956788335565e-01 9.783257244423192254e-04 1.606853974959091269e-01 3.213707949918182538e-01 3.127819886825836809e-02 6.255639773651673619e-02
5.250836120401337626e-01 3.343023945555567145e-01 9.027479995537071328e-04 1.594529637128288546e-01 3.189059274256577092e-01 3.004576508517809580e-02 6.009153017035619160e-02
5.284280936454849309e-01 3.060843005371241543e-01 8.280847167806498982e-04 1.581836597856988436e-01 3.163673195713976871e-01 2.877646115804808127e-02 5.755292231609616255e-02
5.317725752508360992e-01 2.776117603210985774e-01 7.569315396963430297e-04 1.569195874678867841e-01 3.138391749357735683e-01 2.751238884023601144e-02 5.502477768047202289e-02
5.351170568561872676e-01 2.489198952769471063e-01 6.917744387895254738e-04 1.557088038788426720e-01 3.114176077576853441e-01 2.630160525119190282e-02 5.260321050238380564e-02
5.384615384615384359e-01 2.200441790364922046e-01 6.349030976628528781e-04 1.546044821650254530e-01 3.092089643300509061e-01 2.519728353737467688e-02 5.039456707474935376e-02
5.418060200668896043e-01 1.910203126021202680e-01 5.883307956317397180e-04 1.536627298655300899e-01 3.073254597310601799e-01 2.425553123787932419e-02 4.851106247575864838e-02
5.451505016722407726e-01 1.618840979407135672e-01 5.537235920455241484e-04 1.529385307626048851e-01 3.058770615252097702e-01 2.353133213495411588e-02 4.706266426990823176e-02
5.484949832775919409e-01 1.326713110220264502e-01 5.323413203319884513e-04 1.524797216871687233e-01 3.049594433743374466e-01 2.307252305951796797e-02 4.614504611903593595e-02
5.518394648829431093e-01 1.034175752437202084e-01 5.249924928823231215e-04 1.523199132831062341e-01 3.046398265662124683e-01 2.291271465545545449e-02 4.582542931091090899e-02
5.551839464882942776e-01 7.415823616163988441e-02 5.320047365605540691e-04 1.524724264947357466e-01 3.049448529894714932e-01 2.306522786708499126e-02 4.613045573416998252e-02
5.585284280936454460e-01 4.492823841402571183e-02 5.532118388830200824e-04 1.529276543818027245e-01 3.058553087636054491e-01 2.352045575415196224e-02 4.704091150830392448e-02
5.618729096989966143e-01 1.576200569214792485e-02 5.879579059297301673e-04 1.536550419529803535e-01 3.073100839059607070e-01 2.424784332532957734e-02 4.849568665065915468e-02
5.652173913043477826e-01 -1.330667543145284959e-02 6.351185355664618927e-04 1.546087568248429023e-01 3.092175136496858046e-01 2.520155819719212958e-02 5.040311639438425917e-02
5.685618729096989510e-01 -4.224476705280104383e-02 6.931383134612096155e-04 1.557347187057213367e-01 3.114694374114426734e-01 2.632752007807058134e-02 5.265504015614116268e-02
5.719063545150501193e-01 -7.102008615075054709e-02 7.600833669497272706e-04 1.569768081089206735e-01 3.139536162178413470e-01 2.756960948126990080e-02 5.513921896253980159e-02
5.752508361204012877e-01 -9.960140480723277123e-02 8.337071819848302463e-04 1.582811866096533460e-01 3.165623732193066919e-01 2.887398798200259409e-02 5.774797596400518818e-02
5.785953177257524560e-01 -1.279585438330724523e-01 9.115274209689817626e-04 1.595987110271477882e-01 3.191974220542955765e-01 3.019151239949701207e-02 6.038302479899402414e-02
5.819397993311036243e-01 -1.560624592601193017e-01 9.909110896938115413e-04 1.608859389088915515e-01 3.217718778177831029e-01 3.147874028124079265e-02 6.295748056248158531e-02
5.852842809364547927e-01 -1.838853212235985191e-01 1.069165104575306707e-03 1.621052888559088578e-01 3.242105777118177157e-01 3.269809022825808514e-02 6.539618045651617029e-02
5.886287625418059610e-01 -2.114005848236279739e-01 1.143629116876608825e-03 1.632247845390757401e-01 3.264495690781514803e-01 3.381758591142497439e-02 6.763517182284994878e-02
5.919732441471571294e-01 -2.385830526207201041e-01 1.211767365952917371e-03 1.642176477191651940e-01 3.284352954383303880e-01 3.481044909151442129e-02 6.962089818302884259e-02
5.953177257525082977e-01 -2.654089284869988186e-01 1.271256361530601802e-03 1.650618808100879353e-01 3.301237616201758707e-01 3.565468218243715570e-02 7.130936436487431140e-02
5.986622073578594661e-01 -2.918558626014690072e-01 1.320065335301258804e-03 1.657399020131856693e-01 3.314798040263713386e-01 3.633270338553489659e-02 7.266540677106979318e-02
6.020066889632107454e-01 -3.179029874441542947e-01 1.356526649363654687e-03 1.662382541292740656e-01 3.324765082585481313e-01 3.683105550162328601e-02 7.366211100324657202e-02
6.053511705685619138e-01 -3.435309447096239754e-01 1.379393695230504485e-03 1.665473883852503501e-01 3.330947767705007001e-01 3.714018975759957736e-02 7.428037951519915472e-02
6.086956521739130821e-01 -3.687219031245955181e-01 1.387884249970761791e-03 1.666615171688717589e-01 3.333230343377435179e-01 3.725431854122098624e-02 7.450863708244197248e-02
6.120401337792642504e-01 -3.934595672171591896e-01 1.381707760590929462e-03 1.665785284477006578e-01 3.331570568954013156e-01 3.717132982004987818e-02 7.434265964009975636e-02
6.153846153846154188e-01 -4.177291771458386815e-01 1.361075586442409609e-03 1.662999565408565805e-01 3.325999130817131610e-01 3.689275791320580783e-02 7.378551582641161566e-02
6.187290969899665871e-01 -4.415174997549895508e-01 1.326693822844418787e-03 1.658310070892108912e-01 3.316620141784217823e-01 3.642380846156012542e-02 7.284761692312025083e-02
6.220735785953177555e-01 -4.648128110787519418e-01 1.279738936386965028e-03 1.651806376066888848e-01 3.303612752133777697e-01 3.577343897903813297e-02 7.154687795807626594e-02
6.254180602006689238e-01 -4.876048705685124829e-01 1.221817042366852256e-03 1.643616982288015893e-01 3.287233964576031786e-01 3.495449960115080967e-02 6.990899920230161935e-02
6.287625418060200921e-01 -5.098848873684840299e-01 1.154908226681169775e-03 1.633911393450127036e-01 3.267822786900254073e-01 3.398394071736192401e-02 6.796788143472384802e-02
6.321070234113712605e-01 -5.316454790100282324e-01 1.081297837940780292e-03 1.622902921247775243e-01 3.245805842495550486e-01 3.288309349712675855e-02 6.576618699425351711e-02
6.354515050167224288e-01 -5.528806229382497994e-01 1.003497132555497074e-03 1.610852214913885971e-01 3.221704429827771943e-01 3.167802286373783832e-02 6.335604572747567664e-02
6.387959866220735972e-01 -5.735856013230977712e-01 9.241560298565049429e-04 1.598071333291678775e-01 3.196142666583357550e-01 3.039993470151712215e-02 6.079986940303424431e-02
6.421404682274247655e-01 -5.937569396425086410e-01 8.459710128026471211e-04 1.584927794676932733e-01 3.169855589353865466e-01 2.908558084004249714e-02 5.817116168008499427e-02
6.454849498327759338e-01 -6.133923395562445036e-01 7.715913828233824431e-04 1.571847324062888851e-01 3.143694648125777702e-01 2.777753377863813322e-02 5.555506755727626644e-02
6.488294314381271022e-01 -6.324906066164366347e-01 7.035271385295767139e-04 1.559312846350813797e-01 3.118625692701627594e-01 2.652408600743061742e-02 5.304817201486123485e-02
6.521739130434782705e-01 -6.510515733840566144e-01 6.440616951142125266e-04 1.547855692434766117e-01 3.095711384869532234e-01 2.537837061582584250e-02 5.075674123165168500e-02
6.555183946488294389e-01 -6.690760185398322291e-01 5.951724963962028289e-04 1.538033560381160958e-01 3.076067120762321916e-01 2.439615741046533698e-02 4.879231482093067396e-02
6.588628762541806072e-01 -6.865655825934188217e-01 5.584622994721208421e-04 1.530390055723623854e-01 3.060780111447247709e-01 2.363180694471163010e-02 4.726361388942326019e-02
6.622073578595317755e-01 -7.035226808059449333e-01 5.351035431547141201e-04 1.525395038122775992e-01 3.050790076245551985e-01 2.313230518462684737e-02 4.626461036925369474e-02
6.655518394648829439e-01 -7.199504139484937948e-01 5.257977576488953846e-04 1.523374789933352458e-01 3.046749579866704916e-01 2.293028036568448350e-02 4.586056073136896699e-02
6.688963210702341122e-01 -7.358524775227230919e-01 5.307514506066900780e-04 1.524452421775421007e-01 3.048904843550842014e-01 2.303804354989134190e-02 4.607608709978268380e-02
6.722408026755852806e-01 -7.512330700695819541e-01 5.496693314881620322e-04 1.528522264904655648e-01 3.057044529809311295e-01 2.344502786281479553e-02 4.689005572562959107e-02
6.755852842809364489e-01 -7.660968011884951023e-01 5.817651321793313205e-04 1.535270065078833679e-01 3.070540130157667358e-01 2.411980788023261602e-02 4.823961576046523203e-02
6.789297658862876172e-01 -7.804485998818945225e-01 6.257896679586024595e-04 1.544229870013679173e-01 3.088459740027358347e-01 2.501578837371715505e-02 5.003157674743431010e-02
6.822742474916387856e-01 -7.942936238295021933e-01 6.800751804426732102e-04 1.554854497278045644e-01 3.109708994556091288e-01 2.607825110015380560e-02 5.215650220030761119e-02
6.856187290969899539e-01 -8.076371701826545735e-01 7.425944341473530086e-04 1.566577845690090287e-01 3.133155691380180574e-01 2.725058594135826989e-02 5.450117188271653978e-02
6.889632107023411223e-01 -8.204845884520816091e-01 8.110325205457440383e-04 1.578858313291296722e-01 3.157716626582593444e-01 2.847863270147890993e-02 5.695726540295781987e-02
6.923076923076922906e-01 -8.328411960424625393e-01 8.828688760799799145e-04 1.591203081263212193e-01 3.182406162526424387e-01 2.971310949867044665e-02 5.942621899734089330e-02
6.956521739130434590e-01 -8.447121969643371919e-01 9.554666591255757098e-04 1.603178223535734748e-01 3.206356447071469495e-01 3.091062372592270555e-02 6.182124745184541109e-02
6.989966555183946273e-01 -8.561026042285626581e-01 1.026166368044656831e-03 1.614410302443128054e-01 3.228820604886256107e-01 3.203383161666204654e-02 6.406766323332409308e-02
7.023411371237457956e-01 -8.670171664006877110e-01 1.092380427492839522e-03 1.624583775399504049e-01 3.249167550799008097e-01 3.305117891229962523e-02 6.610235782459925047e-02
7.056856187290969640e-01 -8.774602987623352224e-01 1.151685428819476187e-03 1.633436897370668384e-01 3.266873794741336767e-01 3.393649110941607261e-02 6.787298221883214522e-02
7.090301003344481323e-01 -8.874360194947499281e-01 1.201908783788094986e-03 1.640757547525904803e-01 3.281515095051809605e-01 3.466855612493971450e-02 6.933711224987942900e-02
7.123745819397993007e-01 -8.969478912652508740e-01 1.241206737418778074e-03 1.646379627042185434e-01 3.292759254084370868e-01 3.523076407656777070e-02 7.046152815313554141e-02
7.157190635451504690e-01 -9.059989685616514077e-01 1.268130978546092155e-03 1.650180253317037327e-01 3.300360506634074653e-01 3.561082670405297385e-02 7.122165340810594769e-02
7.190635451505016373e-01 -9.145917510822925145e-01 1.281681476197838116e-03 1.652077778994703594e-01 3.304155557989407188e-01 3.580057927181958671e-02 7.160115854363917343e-02
7.224080267558528057e-01 -9.227281434506153790e-01 1.281343642776091359e-03 1.652030593209780074e-01 3.304061186419560148e-01 3.579586069332725551e-02 7.159172138665451102e-02
7.257525083612039740e-01 -9.304094214832382415e-01 1.267108465040444817e-03 1.650036656579677574e-01 3.300073313159355148e-01 3.559646703031699166e-02 7.119293406063398333e-02
7.290969899665551424e-01 -9.376362051998644587e-01 1.239474832662586842e-03 1.646133746861576930e-01 3.292267493723153859e-01 3.520617605850693416e-02 7.041235211701386831e-02
7.324414715719063107e-01 -9.444084387215530008e-01 1.199433911466255085e-03 1.640400430309950364e-01 3.280800860619900727e-01 3.463284440334427755e-02 6.926568880668855510e-02
7.357859531772574790e-01 -9.507253771618311422e-01 1.148436033033528678e-03 1.632957812630093652e-01 3.265915625260187305e-01 3.388858263535860643e-02 6.777716527071721286e-02
7.391304347826086474e-01 -9.565855805727176975e-01 1.088341182853968993e-03 1.623972150394982772e-01 3.247944300789965544e-01 3.299001641184752531e-02 6.598003282369505063e-02
7.424749163879598157e-01 -9.619869149648561102e-01 1.021354744547576729e-03 1.613658397838009517e-01 3.227316795676019034e-01 3.195864115615019291e-02 6.391728231230038582e-02
7.458193979933109841e-01 -9.669265603785107688e-01 9.499506777458175538e-04 1.602284685194935998e-01 3.204569370389871996e-01 3.082126989184283405e-02 6.164253978368566811e-02
7.491638795986621524e-01 -9.714010259397164448e-01 8.767847545572912422e-04 1.590177500334805927e-01 3.180355000669611854e-01 2.961055140582983386e-02 5.922110281165966772e-02
7.525083612040133207e-01 -9.754061717939711551e-01 8.046008377921899397e-04 1.577726853640385174e-01 3.155453707280770348e-01 2.836548673638775858e-02 5.673097347277551716e-02
7.558528428093644891e-01 -9.789372377685376936e-01 7.361334414236150349e-04 1.565389778067539095e-01 3.130779556135078190e-01 2.713177917910314721e-02 5.426355835820629442e-02
7.591973244147156574e-01 -9.819888785739878667e-01 6.740099606362077783e-04 1.553689004331219869e-01 3.107378008662439739e-01 2.596170180547122466e-02 5.192340361094244933e-02
7.625418060200668258e-01 -9.845552053163750816e-01 6.206559894910792553e-04 1.543201669271344612e-01 3.086403338542689223e-01 2.491296829948368846e-02 4.982593659896737692e-02
7.658862876254179941e-01 -9.866298330530713923e-01 5.782070582300047638e-04 1.534531350458900323e-01 3.069062700917800646e-01 2.404593641823925265e-02 4.809187283647850530e-02
7.692307692307691624e-01 -9.882059340886225618e-01 5.484299207984757877e-04 1.528257793019460187e-01 3.056515586038920373e-01 2.341858067429526680e-02 4.683716134859053359e-02
7.725752508361204418e-01 -9.892762966722379314e-01 5.326562133168786508e-04 1.524865446607791553e-01 3.049730893215583105e-01 2.307934603312837910e-02 4.615869206625675819e-02
7.759197324414716102e-01 -9.898333887249303187e-01 5.317308962854389942e-04 1.524664895162587408e-01 3.049329790325174816e-01 2.305929088860797851e-02 4.611858177721595703e-02
7.792642140468227785e-01 -9.898694261931095806e-01 5.459773999114868543e-04 1.527733579164916866e-01 3.055467158329833732e-01 2.336615928884092086e-02 4.673231857768184172e-02
7.826086956521739468e-01 -9.893764455968807603e-01 5.751808298629450776e-04 1.533901265111045631e-01 3.067802530222091262e-01 2.398292788345378693e-02 4.796585576690757385e-02
7.859531772575251152e-01 -9.883463803138646808e-01 6.185899790127201859e-04 1.542786678044549276e-01 3.085573356089098551e-01 2.487146917680417568e-02 4.974293835360835137e-02
7.892976588628762835e-01 -9.867711401159435791e-01 6.749382484501025405e-04 1.553867723048707739e-01 3.107735446097415477e-01 2.597957367722000463e-02 5.195914735444000926e-02
7.926421404682274519e-01 -9.846426934542097387e-01 7.424829318012757164e-04 1.566557386215894354e-01 3.133114772431788708e-01 2.724853999393868006e-02 5.449707998787736013e-02
7.959866220735786202e-01 -9.819531519693315280e-01 8.190616797889821010e-04 1.580264522829958329e-01 3.160529045659916658e-01 2.861925365534507062e-02 5.723850731069014125e-02
7.993311036789297885e-01 -9.786948566881390477e-01 9.021643614402669346e-04 1.594432496570432067e-01 3.188864993140864135e-01 3.003605102939244445e-02 6.007210205878488890e-02
8.026755852842809569e-01 -9.748604653552590538e-01 9.890179918594695779e-04 1.608558550673060139e-01 3.217117101346120278e-01 3.144865643965524815e-02 6.289731287931049630e-02
8.060200668896321252e-01 -9.704430403384729509e-01 1.076681925239078401e-03 1.622200303439028379e-01 3.244400606878056759e-01 3.281283171625207912e-02 6.562566343250415823e-02
8.093645484949832936e-01 -9.654361365406841644e-01 1.162150129648695674e-03 1.634975217362500122e-01 3.269950434725000243e-01 3.409032310859924642e-02 6.818064621719849283e-02
8.127090301003344619e-01 -9.598338887481074888e-01 1.242457082632962952e-03 1.646557033141330395e-01 3.293114066282660790e-01 3.524850468648227375e-02 7.049700937296454750e-02
8.160535117056856302e-01 -9.536310978447992692e-01 1.314783661971443080e-03 1.656671443249548847e-01 3.313342886499097695e-01 3.625994569730411204e-02 7.251989139460822409e-02
8.193979933110367986e-01 -9.468233153275976699e-01 1.376559361210654558e-03 1.665092115273662521e-01 3.330184230547325042e-01 3.710201289971548633e-02 7.420402579943097265e-02
8.227424749163879669e-01 -9.394069255622878867e-01 1.425557237784563346e-03 1.671637508773539116e-01 3.343275017547078232e-01 3.775655224970313889e-02 7.551310449940627778e-02
8.260869565217391353e-01 -9.313792252331380972e-01 1.459978199272820264e-03 1.676168597001180260e-01 3.352337194002360521e-01 3.820966107246726723e-02 7.641932214493453446e-02
8.294314381270903036e-01 -9.227384994511302896e-01 1.478521547644551237e-03 1.678587466802916595e-01 3.357174933605833189e-01 3.845154805264088677e-02 7.690309610528177353e-02
8.327759197324414719e-01 -9.134840940041073498e-01 1.480439120679921412e-03 1.678836735269957081e-01 3.357673470539914162e-01 3.847647489934494236e-02 7.695294979868988472e-02
8.361204013377926403e-01 -9.036164832524005153e-01 1.465570883028620734e-03 1.676899739062094052e-01 3.353799478124188105e-01 3.828277527855863949e-02 7.656555055711727897e-02
8.394648829431438086e-01 -8.931373331969429952e-01 1.434360410380866851e-03 1.672801495343449463e-01 3.345602990686898925e-01 3.787295090669417358e-02 7.574590181338834716e-02
8.428093645484949770e-01 -8.820495592741188773e-01 1.387849360042172318e-03 1.666610488990277195e-01 3.333220977980554389e-01 3.725385027137694677e-02 7.450770054275389354e-02
8.461538461538461453e-01 -8.703573784608140684e-01 1.327650711180664370e-03 1.658441402004648124e-01 3.316882804009296248e-01 3.643694157281404666e-02 7.287388314562809333e-02
8.494983277591973136e-01 -8.580663553055369874e-01 1.255901264803217787e-03 1.648458959062361895e-01 3.296917918124723790e-01 3.543869727858542373e-02 7.087739455717084747e-02
8.528428093645484820e-01 -8.451834415365182540e-01 1.175194596309546728e-03 1.636883099910466099e-01 3.273766199820932199e-01 3.428111136339583032e-02 6.856222272679166063e-02
8.561872909698996503e-01 -8.317170089349862350e-01 1.088496329040622868e-03 1.623995663668813538e-01 3.247991327337627077e-01 3.299236773923058114e-02 6.598473547846116227e-02
8.595317725752508187e-01 -8.176768752009373475e-01 9.990442252169103726e-04 1.610148594904370345e-01 3.220297189808740690e-01 3.160766086278626180e-02 6.321532172557252360e-02
8.628762541806019870e-01 -8.030743225803127494e-01 9.102361499691459653e-04 1.595773187793695091e-01 3.191546375587390183e-01 3.017012015171875380e-02 6.034024030343750761e-02
8.662207357859531554e-01 -7.879221090651336024e-01 8.255094375828337782e-04 1.581388786617670128e-01 3.162777573235340256e-01 2.873168003411624011e-02 5.746336006823248022e-02
8.695652173913043237e-01 -7.722344720227579673e-01 7.482155604794516867e-04 1.567607278419852757e-01 3.135214556839705513e-01 2.735352921433451337e-02 5.470705842866902674e-02
8.729096989966554920e-01 -7.560271241555165389e-01 6.814942594421551959e-04 1.555126436428608261e-01 3.110252872857216522e-01 2.610544501521004992e-02 5.221089003042009985e-02
8.762541806020066604e-01 -7.393172417381106420e-01 6.281514279276641938e-04 1.544701479339009031e-01 3.089402958678018063e-01 2.506294930625013739e-02 5.012589861250027479e-02
8.795986622073578287e-01 -7.221234451273371713e-01 5.905450494401226144e-04 1.537083313057816814e-01 3.074166626115633627e-01 2.430113267813092254e-02 4.860226535626184508e-02
8.829431438127089971e-01 -7.044657715848583468e-01 5.704833636906462765e-04 1.532919921936551910e-01 3.065839843873103820e-01 2.388479356600442180e-02 4.776958713200884360e-02
8.862876254180601654e-01 -6.863656405008606853e-01 5.691391859370077341e-04 1.532638368220193836e-01 3.065276736440387673e-01 2.385663819436862135e-02 4.771327638873724269e-02
8.896321070234113337e-01 -6.678458111529285146e-01 5.869839315752099990e-04 1.536349498971187888e-01 3.072698997942375776e-01 2.422775126946803692e-02 4.845550253893607384e-02
8.929765886287625021e-01 -6.489303331793490059e-01 6.237444143946744689e-04 1.543820742908983135e-01 3.087641485817966269e-01 2.497487566324754424e-02 4.994975132649508848e-02
8.963210702341136704e-01 -6.296444899912820858e-01 6.783849041763286188e-04 1.554530217894617428e-01 3.109060435789234855e-01 2.604582316181096660e-02 5.209164632362193320e-02
8.996655518394648388e-01 -6.100147353908038639e-01 7.491162643654723048e-04 1.567771870157643466e-01 3.135543740315286931e-01 2.736998838811358081e-02 5.473997677622716163e-02
9.030100334448160071e-01 -5.900686237035359660e-01 8.334332611729282966e-04 1.582764428362012921e-01 3.165528856724025841e-01 2.886924420855052978e-02 5.773848841710105956e-02
9.063545150501671754e-01 -5.698347337739024798e-01 9.281803616823956424e-04 1.598732512384238857e-01 3.197465024768477715e-01 3.046605261077311999e-02 6.093210522154623998e-02
9.096989966555183438e-01 -5.493425872086692419e-01 1.029645541995031360e-03 1.614952889727465923e-01 3.229905779454931847e-01 3.208809034509581964e-02 6.417618069019163929e-02
9.130434782608695121e-01 -5.286225612886155112e-01 1.133680829428443003e-03 1.630773757793742562e-01 3.261547515587485124e-01 3.367017715172349740e-02 6.734035430344699480e-02
9.163879598662206805e-01 -5.077057970008931331e-01 1.235847526589410736e-03 1.645618217459464683e-01 3.291236434918929366e-01 3.515462311829570252e-02 7.030924623659140504e-02
9.197324414715718488e-01 -4.866241026733252317e-01 1.331583331790317558e-03 1.658980650436502335e-01 3.317961300873004671e-01 3.649086641599946085e-02 7.298173283199892170e-02
9.230769230769230171e-01 -4.654098537181015072e-01 1.416387899916900402e-03 1.670421278811634047e-01 3.340842557623268094e-01 3.763492925351262508e-02 7.526985850702525016e-02
9.264214046822741855e-01 -4.440958890148086757e-01 1.486022798420117601e-03 1.679561648708604304e-01 3.359123297417208609e-01 3.854896624320965776e-02 7.709793248641931551e-02
9.297658862876253538e-01 -4.227154044821952450e-01 1.536721321155132877e-03 1.686082358735596087e-01 3.372164717471192175e-01 3.920103724590884992e-02 7.840207449181769983e-02
9.331103678929765222e-01 -4.013018444033323862e-01 1.565403241477982725e-03 1.689723757595426867e-01 3.379447515190853735e-01 3.956517713189191404e-02 7.913035426378382808e-02
9.364548494983276905e-01 -3.798887910811010737e-01 1.569889325949450683e-03 1.690290275348257931e-01 3.380580550696515862e-01 3.962182890717502737e-02 7.924365781435005474e-02
9.397993311036788588e-01 -3.585098534086634814e-01 1.549110297470534126e-03 1.687659371423762267e-01 3.375318742847524534e-01 3.935873851472546786e-02 7.871747702945093572e-02
9.431438127090301382e-01 -3.371985549444008745e-01 1.503304936544525971e-03 1.681796751611986940e-01 3.363593503223973880e-01 3.877247653354794210e-02 7.754495306709588420e-02
9.464882943143813065e-01 -3.159882220807550546e-01 1.434202140533521758e-03 1.672780599927362055e-01 3.345561199854724110e-01 3.787086136508544670e-02 7.574172273017089341e-02
9.498327759197324749e-01 -2.949118728936013789e-01 1.345182020257545095e-03 1.660839217672326895e-01 3.321678435344653790e-01 3.667672313958193764e-02 7.335344627916387528e-02
9.531772575250836432e-01 -2.740021072514654543e-01 1.241411495084966937e-03 1.646408685342183598e-01 3.292817370684367195e-01 3.523366990656759401e-02 7.046733981313518802e-02
9.565217391304348116e-01 -2.532909987529461393e-01 1.129950340644463383e-03 1.630219326091128795e-01 3.260438652182257591e-01 3.361473398146210684e-02 6.722946796292421368e-02
9.598662207357859799e-01 -2.328099890470481381e-01 1.019824236382102164e-03 1.613418856682669877e-01 3.226837713365339755e-01 3.193468704061622893e-02 6.386937408123245785e-02
9.632107023411371483e-01 -2.125897850724674798e-01 9.220620373858558812e-04 1.597726730580932286e-01 3.195453461161864572e-01 3.036547443044247674e-02 6.073094886088495348e-02
9.665551839464883166e-01 -1.926602597312892240e-01 8.496952399404634690e-04 1.585567310414042197e-01 3.171134620828084394e-01 2.914953241375345741e-02 5.829906482750691482e-02
9.698996655518394849e-01 -1.730503564882820700e-01 8.177184046312764489e-04 1.580029746204661412e-01 3.160059492409322823e-01 2.859577599281537888e-02 5.719155198563075776e-02
9.732441471571906533e-01 -1.537879983595157873e-01 8.430101248165500476e-04 1.584418352676459363e-01 3.168836705352918726e-01 2.903463663999517053e-02 5.806927327999034105e-02
9.765886287625418216e-01 -1.349000017243377203e-01 9.442149631780031444e-04 1.601352796477535922e-01 3.202705592955071845e-01 3.072808102010281955e-02 6.145616204020563911e-02
9.799331103678929900e-01 -1.164119953623395376e-01 1.141587603602634352e-03 1.631945868605792493e-01 3.263891737211584987e-01 3.378738823292848359e-02 6.757477646585696718e-02
9.832775919732441583e-01 -9.834834508229864380e-02 1.456801262301676879e-03 1.675752646292400505e-01 3.351505292584801010e-01 3.816806600158929863e-02 7.633613200317859726e-02
9.866220735785953266e-01 -8.073208427343726845e-02 1.912723151610795820e-03 1.731418891102733115e-01 3.462837782205466231e-01 4.373469048262255271e-02 8.746938096524510542e-02
9.899665551839464950e-01 -6.358485067127381263e-02 2.533160476014800506e-03 1.797377110034929226e-01 3.594754220069858452e-01 5.033051237584215687e-02 1.006610247516843137e-01
9.933110367892976633e-01 -4.692682959079122473e-02 3.342581048852478337e-03 1.872222576421711804e-01 3.744445152843423608e-01 5.781505901452041463e-02 1.156301180290408293e-01
9.966555183946488317e-01 -3.077670383850969471e-02 4.365813134560263611e-03 1.954814987341237931e-01 3.909629974682475861e-01 6.607430010647304119e-02 1.321486002129460824e-01
1.000000000000000000e+00 -1.515161047418070450e-02 5.627729539355024770e-03 2.044253933496981979e-01 4.088507866993963957e-01 7.501819472204743211e-02 1.500363894440948642e-01
