# Z qmu qsqrt 2qsqrt
9.192263854618022423e-01 -4.962560445800594522e-01 2.963682242181484017e-02 5.927364484362968033e-02
9.191569645182717796e-01 -4.967355562251352663e-01 1.406450941159784933e-03 2.812901882319569866e-03
9.192484461330404644e-01 -4.961385674420061287e-01 1.243110493032754341e-03 2.486220986065508683e-03
3.151056279431424523e-01 6.752570629515814993e-01 2.899567707143158382e-02 5.799135414286316764e-02
3.150943981898293167e-01 6.752933714344587779e-01 1.396840258177168333e-03 2.793680516354336667e-03
9.192238099913850879e-01 -4.963393633896354684e-01 1.157161413942928412e-03 2.314322827885856824e-03
3.145735921331309637e-01 6.711333948020411500e-01 1.376548329140591526e-03 2.753096658281183051e-03
9.189470117392594117e-01 -4.981015644609003146e-01 1.157754723084880588e-03 2.315509446169761176e-03
6.569585548679220122e-02 -1.007199142613256909e-01 2.975600025123971426e-02 5.951200050247942852e-02
3.149745409359256398e-01 6.742470312397247367e-01 1.147736798529978581e-03 2.295473597059957162e-03
3.135243749215081976e-01 6.629900417102808641e-01 1.815394501157847765e-03 3.630789002315695530e-03
6.563746684807678089e-02 -9.931577653118384141e-02 1.461486462286581750e-03 2.922972924573163499e-03
3.143219155120999808e-01 6.691554466281101066e-01 1.139080365897107098e-03 2.278160731794214196e-03
3.139842188550504010e-01 6.664745233860950302e-01 1.174688437274770333e-03 2.349376874549540667e-03
3.163835111073419748e-01 6.850740132053938503e-01 1.516398135499252842e-03 3.032796270998505683e-03
6.545146934905635150e-02 -9.414260985231497070e-02 1.248876180150738620e-03 2.497752360301477240e-03
9.192032749513967538e-01 -4.964509153956422338e-01 1.057316255093321668e-03 2.114632510186643336e-03
3.166434969622655138e-01 6.873325427972691859e-01 1.411239341968106506e-03 2.822478683936213012e-03
3.123087043116063999e-01 6.534070702291120414e-01 1.364694613904890745e-03 2.729389227809781489e-03
3.110489959235606117e-01 6.431310541748257448e-01 1.473122636218747060e-03 2.946245272437494119e-03
3.158119398447130632e-01 6.807322233053348937e-01 1.078001786475374282e-03 2.156003572950748563e-03
6.578412320054265183e-02 -1.031337033366645645e-01 1.187911735893869324e-03 2.375823471787738648e-03
6.524270296000642122e-02 -8.821225611591411442e-02 1.326914227171129782e-03 2.653828454342259564e-03
3.158623908013723502e-01 6.810639560818411153e-01 1.064096861856917700e-03 2.128193723713835400e-03
3.159201899678523162e-01 6.815795489719365108e-01 1.061827254062713789e-03 2.123654508125427578e-03
6.651293101793262497e-02 -1.227498118269733651e-01 1.509028668965742975e-03 3.018057337931485951e-03
9.188694933846907054e-01 -4.986155856118991703e-01 1.118882170223439373e-03 2.237764340446878747e-03
3.169424038903861929e-01 6.893539826478324306e-01 1.109367797521379007e-03 2.218735595042758014e-03
2.809778717378314528e-01 3.611891515603974923e-01 1.699372410104568049e-02 3.398744820209136097e-02
3.164054446453857250e-01 6.852561467980408105e-01 1.065822014965155540e-03 2.131644029930311081e-03
9.191690920304984580e-01 -4.966476271622115579e-01 1.107975083468647768e-03 2.215950166937295535e-03
6.400452377722452846e-02 -5.467345006074457447e-02 1.751417644964618943e-03 3.502835289929237886e-03
9.190816872066664978e-01 -4.972276629279624438e-01 1.049955769027846597e-03 2.099911538055693194e-03
3.186559231242038215e-01 7.022364832509532251e-01 1.225200706281303481e-03 2.450401412562606962e-03
9.190875907722807492e-01 -4.971765750174481080e-01 1.059047061318596061e-03 2.118094122637192121e-03
3.168118143165156164e-01 6.880873565045081408e-01 9.813528733057729717e-04 1.962705746611545943e-03
9.185976327924947338e-01 -5.004983478701334754e-01 1.233994467039435314e-03 2.467988934078870628e-03
2.515508633582455578e-01 2.452570681220948151e-02 1.778285791807520874e-02 3.556571583615041748e-02
2.530234282911956178e-01 4.206331180481333309e-02 1.442232050791657227e-03 2.884464101583314455e-03
2.549655842094059599e-01 6.517659844394922686e-02 1.364961198320509359e-03 2.729922396641018718e-03
3.190125623218059148e-01 7.049123475852769882e-01 1.166453721871477545e-03 2.332907443742955091e-03
3.189000278744698047e-01 7.040692143538925807e-01 1.127648403426549954e-03 2.255296806853099908e-03
3.190872929618530085e-01 7.054348576396990422e-01 1.113468283874002700e-03 2.226936567748005399e-03
9.187341950293113069e-01 -4.995003168987410813e-01 1.076874472991756456e-03 2.153748945983512911e-03
2.476772544180111113e-01 -2.176096187795831596e-02 1.986366241033678953e-03 3.972732482067357906e-03
9.182779102406221083e-01 -5.025457331782143822e-01 1.229668594378103327e-03 2.459337188756206653e-03
2.503257617038666671e-01 9.957459012082926775e-03 1.115748682981104137e-03 2.231497365962208275e-03
9.179738738730280900e-01 -5.046366665309387489e-01 1.303639493697572507e-03 2.607278987395145013e-03
9.173445604169360168e-01 -5.088138430213962060e-01 1.405719855042837901e-03 2.811439710085675801e-03
2.560057784954989368e-01 7.756125918371899186e-02 1.262407890895279102e-03 2.524815781790558204e-03
6.575093749926522180e-02 -1.022292445329008037e-01 1.120582024660966586e-03 2.241164049321933173e-03
9.193121477213226367e-01 -4.956121917406012267e-01 1.046250726942669776e-03 2.092501453885339553e-03
2.542955018084819829e-01 5.720341227110375959e-02 1.150855174107074568e-03 2.301710348214149136e-03
9.165069817407254238e-01 -5.144180950905214988e-01 1.432242412018703897e-03 2.864484824037407795e-03
3.074651443178303412e-01 6.139325925494919511e-01 1.203940702111156022e-03 2.407881404222312043e-03
9.163067921490264389e-01 -5.157964950149026562e-01 1.274351101072031343e-03 2.548702202144062685e-03
3.481590210553157649e-01 8.940329216469607987e-01 1.007470511005483481e-02 2.014941022010966962e-02
2.355940958462932888e-01 -1.676812150198656037e-01 3.843765815763887286e-03 7.687531631527774571e-03
2.796613814181748703e-01 3.471133094111422124e-01 1.349890383701293686e-03 2.699780767402587371e-03
4.091773173634623562e-01 9.966614769627315518e-01 2.724643402570820980e-02 5.449286805141641959e-02
2.311759767273294797e-01 -2.212920724927888438e-01 1.751344901938271196e-03 3.502689803876542392e-03
9.170383673432506155e-01 -5.108759209656307254e-01 1.093969827478808755e-03 2.187939654957617511e-03
3.592888937600060423e-02 6.773205480105072285e-01 1.975027143524053785e-02 3.950054287048107571e-02
4.528858232091872993e-01 7.981460938253281956e-01 2.815428980796194983e-02 5.630857961592389965e-02
2.354350564712992255e-01 -1.696788513110522034e-01 1.188540125506513901e-03 2.377080251013027803e-03
3.642351565914696276e-02 6.673792975599626143e-01 1.424064597882395561e-03 2.848129195764791122e-03
9.132898099415621695e-01 -5.362275264559109855e-01 1.738277063183708577e-03 3.476554126367417154e-03
2.209481223811009531e-01 -3.471363370376946977e-01 3.051576346286319352e-03 6.103152692572638705e-03
3.173075864438588689e-01 6.920031578918727222e-01 1.022453045233464751e-03 2.044906090466929501e-03
4.566653282575855455e-01 7.782310624672009736e-01 3.332960403639420328e-03 6.665920807278840655e-03
1.227920054947288370e-01 -9.738008647003731921e-01 2.616747213132098251e-02 5.233494426264196503e-02
8.666334696365001200e-01 -7.906367673518718275e-01 2.610863197326136059e-02 5.221726394652272119e-02
8.735569026895413369e-01 -7.653501337762422807e-01 3.951628575685616797e-03 7.903257151371233594e-03
8.670128887046224531e-01 -7.893479135471349606e-01 1.346114304417250773e-03 2.692228608834501546e-03
2.090557741735056263e-01 -4.943813988237996115e-01 3.502410677827698555e-03 7.004821355655397111e-03
4.828312829842041909e-01 6.317329292878621771e-01 1.308022531170490929e-02 2.616045062340981858e-02
3.328057669355156678e-01 8.009444386643485014e-01 1.371948623924446400e-03 2.743897247848892801e-03
1.842697279612987293e-01 -7.814069262179131892e-01 7.866709005882807637e-03 1.573341801176561527e-02
1.200699323666149475e-02 8.478409828949005078e-01 2.778726560818767927e-02 5.557453121637535853e-02
7.714756711185214444e-01 -1.025607675879256941e+00 2.813465493272211682e-02 5.626930986544423363e-02
8.493473696334451484e-01 -8.371048946246234523e-01 6.270549696479331934e-03 1.254109939295866387e-02
8.216160364061074750e-01 -9.010156377680281770e-01 1.211901686918204733e-02 2.423803373836409467e-02
6.006699372370193357e-01 -2.874109305915506507e-01 2.872678904366097671e-02 5.745357808732195343e-02
5.882276958482403062e-01 -1.785962027890864723e-01 1.310771904392137727e-02 2.621543808784275453e-02
5.647721821898396000e-01 1.128588149430123297e-02 1.343759990392417655e-02 2.687519980784835311e-02
5.741963756395079832e-01 -6.322486136230830167e-02 1.673529025579230346e-03 3.347058051158460692e-03
8.071754185136807980e-01 -9.424241510854564075e-01 3.665212922794564877e-03 7.330425845589129755e-03
8.149513077376971948e-01 -9.194725840822918217e-01 1.259765747254822403e-03 2.519531494509644805e-03
8.954223889605873454e-01 -6.531820027861739986e-01 1.926863676422497021e-03 3.853727352844994042e-03
8.157826633128311133e-01 -9.170884785198074596e-01 1.122846647448866482e-03 2.245693294897732964e-03
2.866903295596775481e-01 4.208596345136056960e-01 1.201178014502292824e-03 2.402356029004585648e-03
9.400098294601855198e-01 -3.658922204655946087e-01 7.255434638396053744e-03 1.451086927679210749e-02
8.009032931784607623e-01 -9.614305579317802275e-01 1.724916357857218417e-03 3.449832715714436834e-03
9.057871356758918913e-02 -6.526840980482291332e-01 8.056295356601756580e-03 1.611259071320351316e-02
1.005963001122574668e-01 -7.946105408501703549e-01 1.546818825531013925e-03 3.093637651062027850e-03
2.815642859150854216e-01 3.674714005006776696e-01 1.135338018117527069e-03 2.270676036235054138e-03
8.807920391406810490e-01 -7.336608666293951142e-01 1.191540093991753447e-03 2.383080187983506893e-03
2.115866245996345096e-01 -4.628006020209608495e-01 1.285701213236611516e-03 2.571402426473223032e-03
8.528304574921218295e-01 -8.291014037701206485e-01 1.280352903230917369e-03 2.560705806461834738e-03
8.252228417166305174e-01 -8.916388487897948245e-01 1.201302802684156568e-03 2.402605605368313135e-03
8.553926502646346242e-01 -8.228379718534866161e-01 1.130382089958078184e-03 2.260764179916156368e-03
8.029162411100845276e-01 -9.553550787678775080e-01 1.210880431762378353e-03 2.421760863524756707e-03
9.616254357266643127e-02 -7.372006253939430431e-01 1.241098153005118498e-03 2.482196306010236997e-03
4.647308479419520050e-02 4.311129189270774820e-01 1.510611918743752545e-03 3.021223837487505091e-03
9.663200004574763746e-02 -7.436202241485511122e-01 1.165429626849830017e-03 2.330859253699660034e-03
2.826666622925361194e-01 3.791262978433960762e-01 1.164951366099770949e-03 2.329902732199541898e-03
2.719204965905461790e-01 2.618000190456568066e-01 1.064953823483552825e-03 2.129907646967105651e-03
8.099154184475428897e-01 -9.341991711381761876e-01 1.113575434675187232e-03 2.227150869350374464e-03
3.059725264496808775e-02 7.700931951314182733e-01 1.514544487694475779e-03 3.029088975388951558e-03
2.876247134031169050e-01 4.304171729662928381e-01 1.070696441293966751e-03 2.141392882587933501e-03
2.960347153060006176e-01 5.125692900590825829e-01 1.090062364884531159e-03 2.180124729769062318e-03
2.973905390552039618e-01 5.252084345794274522e-01 1.079308722415455975e-03 2.158617444830911950e-03
1.264240861949331995e-01 -9.890761819585621728e-01 1.531899338835254754e-03 3.063798677670509507e-03
9.912153136525300723e-02 -7.764004646221902561e-01 1.142738849560119650e-03 2.285477699120239299e-03
8.182165742746252968e-02 -4.900051394856252407e-01 1.175564915262580171e-03 2.351129830525160343e-03
2.563673207067343474e-01 8.178611547967551409e-02 1.034085997202638081e-03 2.068171994405276163e-03
7.743223736328966149e-03 8.042555723146697089e-01 2.478637754019666264e-03 4.957275508039332527e-03
8.702809176618583331e-01 -7.779151033165820905e-01 1.059099395438225545e-03 2.118198790876451090e-03
8.510047998183767337e-01 -8.333324243400807019e-01 1.125996865062481051e-03 2.251993730124962102e-03
9.482899092006301656e-01 -3.179214299322036807e-01 2.719195975564221192e-03 5.438391951128442384e-03
9.804352170414459833e-01 -1.126248631215242685e-01 1.956301978821271131e-02 3.912603957642542263e-02
6.481209065450870277e-01 -6.594451084875114777e-01 2.293879456794048477e-02 4.587758913588096954e-02
8.767196333246769502e-01 -7.522211152838028658e-01 1.110782564850168854e-03 2.221565129700337708e-03
9.940784841051543141e-01 -2.100857408479737693e-03 1.630564243795674245e-02 3.261128487591348490e-02
9.039439898989923838e-01 -5.987357443515944899e-01 1.110080421102165558e-03 2.220160842204331117e-03
6.395757031766557965e-01 -6.092397057031641028e-01 3.325618408563002677e-03 6.651236817126005355e-03
6.587895690893936784e-01 -7.074928598461170948e-01 3.527602951484440624e-03 7.055205902968881247e-03
2.081128445516607639e-01 -5.056535458515060144e-01 1.211334325651010606e-03 2.422668651302021213e-03
6.351043937415659091e-01 -5.789068376380619441e-01 1.441057404593343132e-03 2.882114809186686263e-03
1.970693047472303061e-01 -6.392181457819368084e-01 1.216913323341326826e-03 2.433826646682653652e-03
2.198192288315964638e-01 -3.611176348507613154e-01 1.090842852947308773e-03 2.181685705894617546e-03
2.690795168425321182e-01 2.296135869734645119e-01 1.059806082494256594e-03 2.119612164988513188e-03
6.293185058088992569e-03 7.841798430300891409e-01 1.623021930658841974e-03 3.246043861317683948e-03
6.462263105363044158e-01 -6.491815722347397122e-01 1.189468295300607700e-03 2.378936590601215401e-03
2.198721900575603683e-01 -3.604289618006812912e-01 1.064860157248609255e-03 2.129720314497218509e-03
9.766043617369581098e-02 -7.575554463567665264e-01 1.098822572080037589e-03 2.197645144160075177e-03
2.808092232374138630e-01 3.593947202373938832e-01 1.059060779475926636e-03 2.118121558951853271e-03
5.359288328337791230e-01 2.395222038916312857e-01 7.643623047237454830e-03 1.528724609447490966e-02
2.963554242507160028e-02 7.839426666726988513e-01 1.282652067926179015e-03 2.565304135852358031e-03
3.042261793833931360e-01 5.864098974402771614e-01 1.082122944538817201e-03 2.164245889077634401e-03
4.825291562786931387e-01 6.336346836750258449e-01 1.378946981367470178e-03 2.757893962734940356e-03
9.644303089611518942e-01 -2.226055976311760443e-01 1.614677602676526215e-03 3.229355205353052431e-03
8.582521268705833872e-01 -8.154900594874526787e-01 1.078591965050341344e-03 2.157183930100682687e-03
8.446896289875358566e-01 -8.473776013547340558e-01 1.104907512660330011e-03 2.209815025320660022e-03
3.208797185592928702e-01 7.186872412943071664e-01 1.059447603823959836e-03 2.118895207647919672e-03
6.252512582883278380e-01 -5.032501640188040692e-01 1.534475838989207089e-03 3.068951677978414179e-03
8.938121612784558079e-02 -6.324914170825600701e-01 1.091055871791171434e-03 2.182111743582342868e-03
1.046397502420878395e-01 -8.399949029198237049e-01 1.143492960146939462e-03 2.286985920293878923e-03
8.947268342683821762e-01 -6.574521205358676568e-01 1.186406823099160537e-03 2.372813646198321073e-03
8.946957457682463977e-01 -6.576929155871654720e-01 1.064838173787531267e-03 2.129676347575062533e-03
7.261475207179359480e-03 7.978731560624021668e-01 1.229062227910809098e-03 2.458124455821618197e-03
3.181470937237065311e-01 6.984658207546777797e-01 1.020756549697011918e-03 2.041513099394023836e-03
9.883445042226970956e-02 -7.727997175707618238e-01 1.084308990395534871e-03 2.168617980791069742e-03
2.827639969787949514e-01 3.802438082299540167e-01 1.069385490798488393e-03 2.138770981596976786e-03
6.767357414668627724e-01 -7.617802991825147751e-01 5.248005634682499296e-03 1.049601126936499859e-02
7.125267551802282329e-01 -8.713987424768866452e-01 9.348863317671363832e-03 1.869772663534272766e-02
3.119065919064235581e-01 6.501800722205138827e-01 1.040207862663470630e-03 2.080415725326941259e-03
8.870773838870928962e-01 -7.016202470236759803e-01 1.096328114685615534e-03 2.192656229371231068e-03
1.023997665446439859e-01 -8.155085943572560891e-01 1.046460808354941069e-03 2.092921616709882138e-03
9.939271775243997409e-01 -3.386318094321557216e-03 1.390012332809715048e-03 2.780024665619430096e-03
2.071518831751886502e-01 -5.175004605976064598e-01 1.094008921590700067e-03 2.188017843181400135e-03
2.791061070338918260e-01 3.411143438906288905e-01 1.079092416787503627e-03 2.158184833575007254e-03
6.077368054793648167e-01 -3.505600028874565344e-01 1.271227144963106397e-03 2.542454289926212793e-03
6.382221620143878615e-01 -6.003072537274969367e-01 1.124072181268138352e-03 2.248144362536276704e-03
2.858524283151753775e-01 4.123266554491856750e-01 1.039199985716078188e-03 2.078399971432156376e-03
7.526222980565455689e-01 -1.015319069110500516e+00 2.433711530674602212e-03 4.867423061349204425e-03
8.868278910565057238e-01 -7.029197425453126424e-01 1.061052262370028093e-03 2.122104524740056185e-03
9.093672365682275993e-01 -5.624593282980889786e-01 1.043546444866982458e-03 2.087092889733964916e-03
5.171080682832983610e-01 3.904087579485240322e-01 2.470099358695486413e-03 4.940198717390972827e-03
5.848179932835885220e-01 -1.498818442820521180e-01 1.172201791428049067e-03 2.344403582856098133e-03
3.247932777506309932e-01 7.466586355651420037e-01 1.000773580692929663e-03 2.001547161385859325e-03
8.900309019484921036e-01 -6.851574493339228633e-01 1.081228374318602423e-03 2.162456748637204846e-03
9.234672781564965405e-01 -4.683594476334435597e-01 1.036297738350026778e-03 2.072595476700053556e-03
7.407994590163475834e-01 -9.841542338549751356e-01 1.566141295063379390e-03 3.132282590126758779e-03
5.682250960320821553e-01 -1.554146443853181639e-02 1.195431676194078432e-03 2.390863352388156865e-03
9.891208675801003158e-01 -4.379608551025700180e-02 1.276304247055982466e-03 2.552608494111964933e-03
9.888293043141518357e-01 -4.622339839166840492e-02 1.176972499020492117e-03 2.353944998040984234e-03
6.772676970101092486e-01 -7.631929156725401064e-01 1.324095123247637533e-03 2.648190246495275065e-03
1.214424099380298494e-02 8.487771117671375487e-01 1.260762493718812702e-03 2.521524987437625404e-03
1.078505386728762991e-02 8.376738685362542514e-01 1.120961180450301365e-03 2.241922360900602731e-03
9.334336201349491269e-01 -4.052856907729817104e-01 1.100159952817702201e-03 2.200319905635404402e-03
9.450145822744567825e-01 -3.366869827924275915e-01 1.096151330928695974e-03 2.192302661857391949e-03
7.465227115990071827e-01 -1.001348176539157420e+00 1.242788587735477786e-03 2.485577175470955573e-03
5.397042999120713613e-01 2.091365201847004973e-01 1.327078621501706201e-03 2.654157243003412402e-03
2.895161887977128479e-01 4.494098322130821721e-01 1.050225004771972647e-03 2.100450009543945295e-03
2.844942570336179699e-01 3.981693736413224327e-01 1.064171769203424954e-03 2.128343538406849908e-03
9.676394705020455733e-01 -2.021796679218446635e-01 1.281945615501662271e-03 2.563891231003324542e-03
6.304740021050512233e-01 -5.447365380844365612e-01 1.083939548833158517e-03 2.167879097666317034e-03
6.259744068065359324e-01 -5.091904060571844637e-01 1.138221890272503312e-03 2.276443780545006623e-03
9.885480701643557522e-01 -4.846772910138164719e-02 1.149541351919386011e-03 2.299082703838772022e-03
6.468040451166784388e-01 -6.523478961130358966e-01 1.158862299216058701e-03 2.317724598432117401e-03
2.844271173646043538e-01 3.976057051933536979e-01 1.039004961150993703e-03 2.078009922301987406e-03
2.876679664084554333e-01 4.307166507287288892e-01 9.647650259530422562e-04 1.929530051906084512e-03
1.014880081479673929e-01 -8.051115387722642680e-01 1.052617661710187344e-03 2.105235323420374689e-03
6.419936110165387344e-01 -6.244949587248105338e-01 1.085410209025452957e-03 2.170820418050905913e-03
2.857139663281261788e-01 4.109485763744286091e-01 1.034083369887217737e-03 2.068166739774435475e-03
9.848680671357264160e-02 -7.683243546454027184e-01 1.025601440950755627e-03 2.051202881901511253e-03
9.169143206353004283e-01 -5.116983619579595910e-01 1.038537536388410435e-03 2.077075072776820869e-03
8.613078660357740279e-01 -8.070547297262119502e-01 1.013612377057034140e-03 2.027224754114068279e-03
3.253283284308223361e-02 7.394212314434123190e-01 1.088054923458921935e-03 2.176109846917843871e-03
5.173237125385475865e-01 3.887704818386420458e-01 1.416213313275792611e-03 2.832426626551585221e-03
5.172475292244086420e-01 3.892990161831907381e-01 1.188767660446863076e-03 2.377535320893726153e-03
2.921912785367348220e-01 4.758180367216683360e-01 1.047682675807537619e-03 2.095365351615075238e-03
8.687451979259152024e-01 -7.834096227620738206e-01 1.045331049426194078e-03 2.090662098852388157e-03
3.110455524100816382e-01 6.432766089643464635e-01 1.049977980973601944e-03 2.099955961947203888e-03
5.308587693095351279e-01 2.803864508641475406e-01 1.212856355961179156e-03 2.425712711922358312e-03
8.658033288402621208e-01 -7.933447378844774578e-01 1.037965535954639244e-03 2.075931071909278489e-03
6.498931887785744932e-01 -6.683731387013077674e-01 1.158887815457288221e-03 2.317775630914576442e-03
6.197629875487746798e-01 -4.570438086205599881e-01 1.113541962887119874e-03 2.227083925774239748e-03
8.883044899073542222e-01 -6.949079765354490013e-01 1.064286460790108118e-03 2.128572921580216236e-03
2.127794438136628719e-01 -4.482006305620912512e-01 1.084517721426718614e-03 2.169035442853437228e-03
5.255060434819515125e-01 3.235453982452864419e-01 1.138548085736212478e-03 2.277096171472424956e-03
8.642115941594920026e-01 -7.983916149237757498e-01 1.103255980154505987e-03 2.206511960309011974e-03
5.549627124744338502e-02 1.833648173230967293e-01 1.112842287761035224e-03 2.225684575522070448e-03
9.844378838879221938e-01 -8.163554565028888210e-02 1.185674617211923123e-03 2.371349234423846247e-03
9.219873648473240202e-01 -4.779580399696792825e-01 1.014732236697698294e-03 2.029464473395396588e-03
8.905928619337764029e-01 -6.819585211088375898e-01 1.044699565453564459e-03 2.089399130907128917e-03
9.838522450684959730e-02 -7.670104690011850801e-01 1.037916212771449386e-03 2.075832425542898773e-03
6.316242355582305512e-01 -5.533950784501245890e-01 1.060593577998488564e-03 2.121187155996977127e-03
9.810140779728169225e-01 -1.082872930092061980e-01 1.132744293774720461e-03 2.265488587549440921e-03
1.045317544615172595e-01 -8.387424915419131599e-01 1.058590504602868049e-03 2.117181009205736097e-03
2.640383955089998236e-01 1.716748969748705111e-01 1.178434979030778661e-03 2.356869958061557323e-03
2.202623189818290750e-01 -3.554913483810083763e-01 1.047421200235137701e-03 2.094842400470275402e-03
9.826463608717242448e-02 -7.654476113836740092e-01 1.038012056654568889e-03 2.076024113309137779e-03
9.680035537450778493e-01 -1.998640187950730673e-01 1.090235900316419452e-03 2.180471800632838904e-03
6.179423163898152271e-01 -4.414306670724348902e-01 1.090286583409324312e-03 2.180573166818648625e-03
7.526155458814289823e-01 -1.015316213563146608e+00 1.157234042478490817e-03 2.314468084956981635e-03
7.466635539291320844e-01 -1.001688606349707911e+00 1.124654205805550875e-03 2.249308411611101750e-03
1.790285866593304027e-03 7.054590182788667008e-01 2.136895061608335387e-03 4.273790123216670775e-03
7.514594269779624192e-01 -1.013032361648377178e+00 1.082933134381102716e-03 2.165866268762205431e-03
2.849263350899164382e-01 4.025908882235065267e-01 1.013691572412370049e-03 2.027383144824740097e-03
3.496195509434710941e-02 6.959661497942097874e-01 1.085315414038836527e-03 2.170630828077673054e-03
7.627023791637801975e-02 -3.680782299502491361e-01 1.080840442486224974e-03 2.161680884972449947e-03
1.001892705998342764e-01 -7.896424473931060728e-01 1.036312557668831640e-03 2.072625115337663280e-03
9.956886812816573284e-01 1.172867327100285753e-02 1.303682041887444703e-03 2.607364083774889405e-03
2.830492213953941238e-01 3.833029486856772139e-01 1.033877322815900850e-03 2.067754645631801700e-03
9.761453303254686853e-01 -1.442687391754480519e-01 1.059925205260101857e-03 2.119850410520203714e-03
2.956122464967117502e-01 5.085984768226556874e-01 1.016851851373280942e-03 2.033703702746561884e-03
8.554308284992130362e-01 -8.227450243171243738e-01 1.047358228297216171e-03 2.094716456594432341e-03
2.838957155629094897e-01 3.919600811422227493e-01 1.029160972279249400e-03 2.058321944558498800e-03
3.146637553652097963e-01 6.718760855189573888e-01 1.011163841284859520e-03 2.022327682569719041e-03
7.515340993662578128e-01 -1.013200594143943478e+00 1.078688037624568564e-03 2.157376075249137128e-03
3.550145140370886132e-01 9.301618814559997617e-01 1.778813704731209552e-03 3.557627409462419104e-03
2.022657229267658952e-01 -5.771141951171141482e-01 1.114838832705869476e-03 2.229677665411738952e-03
2.974907979725950335e-01 5.261180147828151688e-01 1.033486440233912385e-03 2.066972880467824771e-03
8.949465248328771771e-01 -6.561490549889211765e-01 1.029815014212166714e-03 2.059630028424333428e-03
1.865924160323676568e-03 7.071133222003328500e-01 1.326059613634286705e-03 2.652119227268573409e-03
2.799888227318310108e-01 3.506109314155309020e-01 1.018172030257055022e-03 2.036344060514110044e-03
6.459641084436976710e-01 -6.476997786092855147e-01 1.089094135548249794e-03 2.178188271096499588e-03
1.134132100822667424e-02 8.424997205413691237e-01 1.129150470310971363e-03 2.258300940621942726e-03
8.580420831432542528e-01 -8.160558837625271345e-01 1.039571280677688758e-03 2.079142561355377516e-03
6.371262165866430349e-01 -5.928516150374845139e-01 1.035325476812097535e-03 2.070650953624195070e-03
1.887387057253460676e-01 -7.338907474624731808e-01 1.195088470705961154e-03 2.390176941411922308e-03
2.837775939797600455e-01 3.907064803940456521e-01 9.723175665845047852e-04 1.944635133169009570e-03
1.703022918910496522e-02 8.688902237998983313e-01 1.100363118991046218e-03 2.200726237982092437e-03
2.104161235552611531e-01 -4.773063799786200212e-01 1.050375578686993383e-03 2.100751157373986766e-03
8.622498468551866857e-01 -8.043145002061047322e-01 1.047097474894839036e-03 2.094194949789678073e-03
2.511056776470073637e-01 1.920865025585634378e-02 1.061479448666894157e-03 2.122958897333788314e-03
1.123415586463377414e-01 -9.093353265260384344e-01 1.094073867118572569e-03 2.188147734237145137e-03
1.484484212965701475e-02 8.637348389024827044e-01 1.115233174149452000e-03 2.230466348298904000e-03
6.322966963521118311e-01 -5.585223709845703599e-01 1.035659787621420963e-03 2.071319575242841927e-03
2.016362973796617317e-02 8.657142435809361825e-01 1.077329159207561981e-03 2.154658318415123962e-03
2.867266220728148518e-01 4.212419429662095371e-01 1.031251555866989113e-03 2.062503111733978226e-03
3.717361063952971667e-02 6.520518093504326096e-01 1.068701402077999827e-03 2.137402804155999654e-03
2.051726027926133178e-01 -5.416293384168467950e-01 1.074895554417761457e-03 2.149791108835522914e-03
8.746434046669705475e-01 -7.609659809431005284e-01 1.080011918735420285e-03 2.160023837470840570e-03
6.422949983117980377e-01 -6.263323126633353333e-01 1.009914250373025041e-03 2.019828500746050082e-03
1.988656305672418523e-01 -6.176600741662321425e-01 1.061662280633832471e-03 2.123324561267664942e-03
6.337470116337651227e-01 -5.690813861329804269e-01 1.030898783257724015e-03 2.061797566515448030e-03
2.762303547178729390e-01 3.097648060843558593e-01 1.026271938468674341e-03 2.052543876937348681e-03
7.511899020506014324e-01 -1.012436440333207122e+00 1.061083405157255393e-03 2.122166810314510786e-03
3.039817906904530576e-01 5.842626852572003759e-01 1.028392541618039415e-03 2.056785083236078830e-03
2.837786134281256034e-01 3.907228872134066444e-01 1.018266667066224183e-03 2.036533334132448365e-03
3.039618608358740093e-01 5.842365814609870034e-01 1.068215983455000776e-03 2.136431966910001552e-03
3.719158715671654764e-02 6.517019892897365496e-01 1.103648553597313649e-03 2.207297107194627298e-03
8.851985398937550764e-02 -6.176623901168424302e-01 1.046969335783197929e-03 2.093938671566395859e-03
8.317301810747473878e-01 -8.758357138341266168e-01 1.090331258508757525e-03 2.180662517017515050e-03
5.428281406513878471e-01 1.841725789554915227e-01 1.087527533657953356e-03 2.175055067315906712e-03
9.933972378357813771e-01 -7.834473874922759026e-03 1.126099517586366108e-03 2.252199035172732216e-03
8.569856155975145162e-01 -8.188190250860897246e-01 1.035280860671966606e-03 2.070561721343933213e-03
6.237435834492857101e-01 -4.908103867563685108e-01 1.054572635711156390e-03 2.109145271422312781e-03
9.817212888859297437e-02 -7.642191242370227622e-01 1.098089735041419017e-03 2.196179470082838033e-03
8.933751495657625830e-01 -6.656355112717202704e-01 9.959761907337011649e-04 1.991952381467402330e-03
7.540614573620582073e-01 -1.017809595323350580e+00 1.056901051213646019e-03 2.113802102427292037e-03
1.229391245325087006e-01 -9.743678551604053606e-01 1.166521174572936409e-03 2.333042349145872819e-03
3.725392679773921467e-02 6.503867976857669042e-01 1.014315977412087039e-03 2.028631954824174077e-03
9.454942835367579068e-01 -3.339823747640757734e-01 1.194425197044664700e-03 2.388850394089329400e-03
2.853935126296514024e-01 4.073305881165503739e-01 1.014768308737780227e-03 2.029536617475560453e-03
2.007257654282740833e-01 -5.955375903944284399e-01 1.006454036630242835e-03 2.012908073260485670e-03
3.195243813592615542e-03 7.326216084796612904e-01 1.171275342354931998e-03 2.342550684709863995e-03
6.381873368670141211e-01 -6.000489658687029326e-01 1.031184278125899141e-03 2.062368556251798282e-03
2.004889075868180118e-02 8.660220700335233834e-01 1.065848366382033969e-03 2.131696732764067938e-03
1.977501473641569973e-03 7.093034138059887139e-01 1.133688322146523099e-03 2.267376644293046199e-03
6.371816438097737123e-01 -5.932769835886141374e-01 1.028021828775536103e-03 2.056043657551072205e-03
8.559257649221153619e-01 -8.214848072630571707e-01 1.036205228054261785e-03 2.072410456108523570e-03
7.504338281308736702e-01 -1.010861891504750254e+00 1.091026778541204310e-03 2.182053557082408619e-03
1.147394019665504278e-01 -9.270223683532242687e-01 1.112156566231333518e-03 2.224313132462667035e-03
8.866051236969307858e-01 -7.041224054279996425e-01 1.036042340571681139e-03 2.072084681143362278e-03
8.891751508804206228e-02 -6.245759245585179587e-01 1.027594210382454026e-03 2.055188420764908052e-03
5.765890763771652772e-01 -8.225423678012537543e-02 1.103056380668899225e-03 2.206112761337798451e-03
