# Y X a0 a1 a2 a3
0.000000000000000000e+00 -1.000000000000000000e+00 1.445456418431508884e-02 1.243086090491793416e-01 6.865254798173792139e-01 1.747113469491262672e-01
0.000000000000000000e+00 -9.859719438877755371e-01 1.470129702721785850e-02 1.250050960085517249e-01 6.852183158208938751e-01 1.750752911433366421e-01
0.000000000000000000e+00 -9.719438877755510742e-01 1.494497802012155485e-02 1.257752607668292388e-01 6.838779136684224325e-01 1.754018475446267322e-01
3.867616328634674305e-01 -9.579158316633266113e-01 1.520036462419183110e-02 1.264724465080572235e-01 6.824498193422876557e-01 1.758773695254632341e-01
0.000000000000000000e+00 -9.438877755511021483e-01 1.548332260727515106e-02 1.273524966409577686e-01 6.807898350611075733e-01 1.763743456906596285e-01
0.000000000000000000e+00 -9.298597194388777964e-01 1.574282585062506540e-02 1.280123599062434336e-01 6.794757582869594970e-01 1.767690559561719277e-01
0.000000000000000000e+00 -9.158316633266533335e-01 1.602501670423516975e-02 1.290183479642312558e-01 6.777099115313141020e-01 1.772467238002194412e-01
1.520293686445143289e+00 -9.018036072144288706e-01 1.631343041257983170e-02 1.297727999257978215e-01 6.760712362453529245e-01 1.778425334162694882e-01
2.326457083126067360e+00 -8.877755511022044077e-01 1.659334375631639838e-02 1.305758441795406011e-01 6.743895915014948006e-01 1.784412205626481895e-01
0.000000000000000000e+00 -8.737474949899799448e-01 1.692666831177344275e-02 1.315784839054734701e-01 6.725015743220422726e-01 1.789932734607107279e-01
0.000000000000000000e+00 -8.597194388777554819e-01 1.721608583110512472e-02 1.324668090681865862e-01 6.708065074564392161e-01 1.795105976442689100e-01
3.103745175436515430e-02 -8.456913827655310190e-01 1.754634138536404278e-02 1.334488918827266279e-01 6.688260313994911499e-01 1.801787353324182384e-01
0.000000000000000000e+00 -8.316633266533066671e-01 1.787744359065941355e-02 1.344048614382785667e-01 6.669208218988006420e-01 1.807968730722613881e-01
2.033813164703544452e+00 -8.176352705410820931e-01 1.822643600251114965e-02 1.353555761639010091e-01 6.647985396545461612e-01 1.816194481790415760e-01
0.000000000000000000e+00 -8.036072144288577412e-01 1.857360338222962745e-02 1.363525298158460020e-01 6.629065890398470051e-01 1.821672777620773898e-01
6.783836732874515274e-01 -7.895791583166332783e-01 1.894219522370005696e-02 1.375119915538003390e-01 6.605794085656834236e-01 1.829664046568162672e-01
0.000000000000000000e+00 -7.755511022044088154e-01 1.931653525577865446e-02 1.385323577149805696e-01 6.584133972492547393e-01 1.837377097799860470e-01
1.929794001652468172e+00 -7.615230460921843525e-01 1.969545527315454125e-02 1.394941832061212528e-01 6.563536014783745154e-01 1.844567600423496767e-01
0.000000000000000000e+00 -7.474949899799598896e-01 2.008958640720111266e-02 1.406023193052431675e-01 6.539914709361106526e-01 1.853166233514451089e-01
0.000000000000000000e+00 -7.334669338677355377e-01 2.050315350090309297e-02 1.417355189275468774e-01 6.517137440140691185e-01 1.860475835574808556e-01
2.397178208323287762e+00 -7.194388777555109638e-01 2.092530816704394822e-02 1.428794355511074643e-01 6.493361361307815605e-01 1.868591201510670929e-01
0.000000000000000000e+00 -7.054108216432866119e-01 2.133797415429038169e-02 1.439955382320848298e-01 6.469435408632895346e-01 1.877229467503352123e-01
1.589805006157847256e+00 -6.913827655310621489e-01 2.178796642889807220e-02 1.452871103029916844e-01 6.442752824049803317e-01 1.886496408631298805e-01
0.000000000000000000e+00 -6.773547094188376860e-01 2.223626170394520096e-02 1.464766040767840061e-01 6.418282600882725397e-01 1.894588741309983226e-01
0.000000000000000000e+00 -6.633266533066132231e-01 2.269907097132057780e-02 1.477088570312795890e-01 6.391402562702613865e-01 1.904518157271384293e-01
1.736233074094597706e+00 -6.492985971943887602e-01 2.318233586340279206e-02 1.490583673056256053e-01 6.363034527771914695e-01 1.914558440537801332e-01
2.331399711227013505e+00 -6.352705410821642973e-01 2.367118383807931270e-02 1.503898282399443176e-01 6.335642445133223832e-01 1.923747434086540420e-01
0.000000000000000000e+00 -6.212424849699398344e-01 2.417693785697900069e-02 1.516653417873189136e-01 6.309020733105863421e-01 1.932556470451157749e-01
0.000000000000000000e+00 -6.072144288577154825e-01 2.471476214142059522e-02 1.529583526113853509e-01 6.279478461955146917e-01 1.943790390516793309e-01
1.139234703713363883e+00 -5.931863727454909085e-01 2.521234025288852931e-02 1.543428139275113131e-01 6.250874466817166741e-01 1.953573991378835251e-01
0.000000000000000000e+00 -5.791583166332665567e-01 2.577370155525642026e-02 1.555659325746600319e-01 6.222805519711542832e-01 1.963798138989291675e-01
0.000000000000000000e+00 -5.651302605210420937e-01 2.634252440800509062e-02 1.571296069721108690e-01 6.192069311827822498e-01 1.973209374371019120e-01
2.881307264552379066e-01 -5.511022044088176308e-01 2.690982948292200763e-02 1.586291951097724973e-01 6.159009817114721175e-01 1.985599936958334089e-01
0.000000000000000000e+00 -5.370741482965931679e-01 2.749632892841876938e-02 1.601098808812051189e-01 6.127821012099231579e-01 1.996116889804529781e-01
0.000000000000000000e+00 -5.230460921843687050e-01 2.809398794496267490e-02 1.614854191651201587e-01 6.097414532333176318e-01 2.006791396565995034e-01
0.000000000000000000e+00 -5.090180360721443531e-01 2.872411393412357267e-02 1.629239370901046646e-01 6.064195221121304602e-01 2.019324268636413511e-01
0.000000000000000000e+00 -4.949899799599197792e-01 2.934716936657197350e-02 1.645513342589527972e-01 6.032018568870175512e-01 2.028996394874576226e-01
5.763014085674598164e-01 -4.809619238476954273e-01 3.001815985044795076e-02 1.661083048000106255e-01 5.995800823884346320e-01 2.042934529611068750e-01
9.742619986271466859e-01 -4.669338677354709644e-01 3.068593949232946427e-02 1.677109153629466609e-01 5.962791106274658581e-01 2.053240345172580306e-01
2.463553802080919120e+00 -4.529058116232465014e-01 3.138002954235602493e-02 1.692908227327510895e-01 5.928692523043893603e-01 2.064598954205034975e-01
0.000000000000000000e+00 -4.388777555110220385e-01 3.206937939030046758e-02 1.709760638763867246e-01 5.891913786974735112e-01 2.077631780358393243e-01
2.384913083324001093e+00 -4.248496993987975756e-01 3.281171957481118784e-02 1.724879954592974662e-01 5.857686735181764082e-01 2.089316114477149655e-01
0.000000000000000000e+00 -4.108216432865731127e-01 3.356243155808776718e-02 1.743078899734214482e-01 5.818126293589238607e-01 2.103170491095668615e-01
0.000000000000000000e+00 -3.967935871743486498e-01 3.429427054329553526e-02 1.759303991867740280e-01 5.784498315801689383e-01 2.113254986897614707e-01
1.765983268522226757e+00 -3.827655310621242979e-01 3.507471522274265702e-02 1.776204976001872493e-01 5.745308532444920457e-01 2.127739339325781243e-01
0.000000000000000000e+00 -3.687374749498998350e-01 3.588051667281835083e-02 1.794921320525675601e-01 5.706148567344273559e-01 2.140124945401866707e-01
0.000000000000000000e+00 -3.547094188376753721e-01 3.668424278768959296e-02 1.812285399240928518e-01 5.668179238546163790e-01 2.152692934336012665e-01
0.000000000000000000e+00 -3.406813627254509091e-01 3.750341348477127801e-02 1.828905004876739127e-01 5.630606792917137726e-01 2.165454067358411339e-01
1.417938334574973647e+00 -3.266533066132264462e-01 3.836377267073658170e-02 1.847835471622102377e-01 5.589200647594213534e-01 2.179326154076318411e-01
2.730765869558274272e-01 -3.126252505010019833e-01 3.924045512212952225e-02 1.865453307656136650e-01 5.548966251260613047e-01 2.193175889861954386e-01
0.000000000000000000e+00 -2.985971943887775204e-01 4.011893117986210788e-02 1.883686731208958631e-01 5.509952348668818445e-01 2.205171608323601706e-01
1.801987072754409169e+00 -2.845691382765530575e-01 4.105844290746305664e-02 1.903579503480447577e-01 5.469512382178519649e-01 2.216323685266403387e-01
0.000000000000000000e+00 -2.705410821643285946e-01 4.198316285988043517e-02 1.922960074485756399e-01 5.426086881593601419e-01 2.231121415321838108e-01
0.000000000000000000e+00 -2.565130260521042427e-01 4.290240125035454932e-02 1.940761774426673913e-01 5.385421442684666937e-01 2.244792770385112823e-01
1.484720460844509482e+00 -2.424849699398797798e-01 4.387173872561622723e-02 1.959514806406152387e-01 5.343094617657051515e-01 2.258673188680633270e-01
0.000000000000000000e+00 -2.284569138276553169e-01 4.489863466177894391e-02 1.979437041900474759e-01 5.299548812471799319e-01 2.272027799009936067e-01
2.424826069296909026e+00 -2.144288577154308539e-01 4.587323184971687368e-02 1.999403575604517258e-01 5.258137826065437670e-01 2.283726279832877515e-01
2.273965118669688756e+00 -2.004008016032063910e-01 4.693206532965227967e-02 2.018613519829226544e-01 5.213439547043041689e-01 2.298626279831208485e-01
0.000000000000000000e+00 -1.863727454909819281e-01 4.798475196848572127e-02 2.037207011667899192e-01 5.172891018540775043e-01 2.310054450106467927e-01
0.000000000000000000e+00 -1.723446893787574652e-01 4.902127019361402632e-02 2.057735890043772831e-01 5.128186863492766312e-01 2.323864544527320664e-01
1.535258319332945209e+00 -1.583166332665331133e-01 5.017715796451206745e-02 2.077936067974481549e-01 5.082263633337408271e-01 2.338028719042989367e-01
7.569983922303126223e-01 -1.442885771543086504e-01 5.131361717116083437e-02 2.099057628287278043e-01 5.035061958225389711e-01 2.352744241775724110e-01
1.125606788822949289e+00 -1.302605210420841875e-01 5.241677798892827034e-02 2.119515589414093792e-01 4.991777275551413928e-01 2.364539355145208466e-01
0.000000000000000000e+00 -1.162324649298597246e-01 5.358960318104272202e-02 2.138901629485748246e-01 4.946832503658009084e-01 2.378369835045816283e-01
0.000000000000000000e+00 -1.022044088176352616e-01 5.475369374787276283e-02 2.161023012781348451e-01 4.899361636539803500e-01 2.392078413200120490e-01
2.076922519496813724e+00 -8.817635270541079873e-02 5.603408085248696296e-02 2.181865323750297181e-01 4.853230556099922821e-01 2.404563311624910715e-01
0.000000000000000000e+00 -7.414829659318633581e-02 5.720816597524273212e-02 2.203472977970168667e-01 4.806390154489430522e-01 2.418055207787973837e-01
0.000000000000000000e+00 -6.012024048096187290e-02 5.851138456203606314e-02 2.223316168456981323e-01 4.760146121586575352e-01 2.431423864336080820e-01
1.401098243596208714e+00 -4.609218436873740998e-02 5.974840582473572165e-02 2.245914659853066042e-01 4.710689399404209277e-01 2.445911882495367951e-01
2.084145283832957996e-01 -3.206412825651305809e-02 6.105378743142715614e-02 2.267242556902351047e-01 4.664538322547925886e-01 2.457681246235450812e-01
0.000000000000000000e+00 -1.803607214428859518e-02 6.237914222566669220e-02 2.286806214982363139e-01 4.618939867497038332e-01 2.470462495263932856e-01
0.000000000000000000e+00 -4.008016032064132261e-03 6.372941919156603630e-02 2.308938864917942646e-01 4.570340731492801845e-01 2.483426211673594730e-01
0.000000000000000000e+00 1.002004008016044168e-02 6.505986642547885446e-02 2.330917629749974518e-01 4.524204561889041409e-01 2.494279144106196500e-01
0.000000000000000000e+00 2.404809619238479357e-02 6.650777734563013965e-02 2.352686702532399421e-01 4.474314029010721394e-01 2.507921495000577372e-01
2.869897894172917852e+00 3.807615230460914546e-02 6.786447879971702069e-02 2.374892271053187232e-01 4.425537952926593688e-01 2.520924988023048874e-01
3.488878713638793982e+00 5.210420841683371940e-02 6.934046791471681903e-02 2.394695495695013665e-01 4.378241637884381365e-01 2.533658187273435392e-01
1.599031212770050780e+00 6.613226452905807129e-02 7.074373018376006739e-02 2.417815143514046305e-01 4.329995204885558335e-01 2.544752349762794408e-01
3.413624782108874989e+00 8.016032064128264523e-02 7.224322627506296612e-02 2.440847425151251304e-01 4.280079331088319505e-01 2.556640981009799529e-01
0.000000000000000000e+00 9.418837675350699712e-02 7.371806116421869559e-02 2.461884665530340022e-01 4.233086356763113289e-01 2.567848366064360843e-01
0.000000000000000000e+00 1.082164328657315711e-01 7.521527945947183158e-02 2.484561535410489963e-01 4.184241644065831989e-01 2.579044025928959316e-01
3.288603922100730159e+00 1.222444889779559229e-01 7.676001831231984984e-02 2.505391240939419673e-01 4.134912822266224586e-01 2.592095753671157521e-01
0.000000000000000000e+00 1.362725450901802748e-01 7.830823175037965322e-02 2.528212702926042055e-01 4.086163093861977513e-01 2.602541885708184455e-01
1.667217973451809776e+00 1.503006012024048488e-01 7.981435435399063250e-02 2.548636528517686517e-01 4.039403546993639016e-01 2.613816380948768558e-01
2.982767737492475479e+00 1.643286573146292007e-01 8.148258413140181677e-02 2.570998381367528562e-01 3.990092838752446469e-01 2.624082938566006939e-01
0.000000000000000000e+00 1.783567134268537746e-01 8.308190421255201574e-02 2.591970505160041682e-01 3.941442970472818774e-01 2.635767482241619386e-01
0.000000000000000000e+00 1.923847695390781265e-01 8.470297730061035479e-02 2.615629689207802921e-01 3.890763802654539916e-01 2.646576735131555003e-01
2.810448421304910571e+00 2.064128256513027004e-01 8.635527353584090959e-02 2.638392751626528754e-01 3.842915027348391965e-01 2.655139485666669352e-01
3.031206301911647749e+00 2.204408817635270523e-01 8.803957390411122630e-02 2.657887957662686818e-01 3.796281128838522312e-01 2.665435174457679302e-01
2.304786775321670422e+00 2.344689378757514042e-01 8.968199426029993537e-02 2.681844022422891216e-01 3.748005916634697954e-01 2.673330118339410921e-01
0.000000000000000000e+00 2.484969939879759782e-01 9.136334848236875306e-02 2.702365321819332200e-01 3.699906978340750663e-01 2.684094215016229468e-01
0.000000000000000000e+00 2.625250501002003300e-01 9.307476298704715767e-02 2.725996522368918651e-01 3.648881359914105671e-01 2.694374487846504240e-01
2.758559997658789786e+00 2.765531062124249040e-01 9.485270711850841974e-02 2.745946261817482914e-01 3.603049632829246618e-01 2.702477034168186409e-01
0.000000000000000000e+00 2.905811623246492559e-01 9.652583494402584841e-02 2.769385724283504602e-01 3.553702537341871248e-01 2.711653388934366360e-01
2.941122902310770115e+00 3.046092184368738298e-01 9.828260033999483558e-02 2.791299198910159873e-01 3.507414478008278325e-01 2.718460319681613169e-01
0.000000000000000000e+00 3.186372745490981817e-01 1.000258561976893196e-01 2.811558370120431638e-01 3.460515078240286035e-01 2.727667989662388992e-01
0.000000000000000000e+00 3.326653306613227556e-01 1.018712539320731358e-01 2.832746499845087973e-01 3.413654229808686935e-01 2.734886731025494289e-01
3.294051388267301039e+00 3.466933867735471075e-01 1.036165574693827113e-01 2.855167811838660308e-01 3.366180515494626158e-01 2.742486097972886006e-01
2.580493278641299959e+00 3.607214428857714594e-01 1.054540295041783426e-01 2.875760671068102736e-01 3.320652863181348113e-01 2.749046170708766557e-01
0.000000000000000000e+00 3.747494989979960334e-01 1.072822645267533931e-01 2.897596717558003632e-01 3.273322852803924321e-01 2.756257784370539365e-01
3.021049811399951213e-01 3.887775551102203853e-01 1.089903110509320011e-01 2.917461494001465927e-01 3.228750395930447548e-01 2.763884999558766653e-01
7.632096448248244513e-01 4.028056112224449592e-01 1.109199385062712845e-01 2.939376398526450940e-01 3.182347770088200245e-01 2.769076446322635277e-01
0.000000000000000000e+00 4.168336673346693111e-01 1.127233815426823132e-01 2.962121490598721985e-01 3.136184603529816872e-01 2.774460090444637594e-01
0.000000000000000000e+00 4.308617234468938850e-01 1.145205800039375971e-01 2.982696769631348332e-01 3.090101709904564120e-01 2.781995720424711993e-01
0.000000000000000000e+00 4.448897795591182369e-01 1.164344774227347307e-01 3.002751652887923339e-01 3.044625377854058290e-01 2.788278195030670092e-01
0.000000000000000000e+00 4.589178356713428109e-01 1.182719185047747118e-01 3.023248738533724222e-01 3.002070361494014739e-01 2.791961714924514060e-01
3.094706711243528363e-01 4.729458917835671627e-01 1.200681752636819921e-01 3.044999455613096040e-01 2.958210715765945964e-01 2.796108075984138908e-01
3.018909574495941772e+00 4.869739478957915146e-01 1.220475701584690237e-01 3.065563429811334895e-01 2.912669829858198223e-01 2.801291038745776230e-01
1.064436836650165974e+00 5.010020040080160886e-01 1.238939355180357083e-01 3.085811156519370213e-01 2.870919738113313358e-01 2.804329750186958514e-01
3.903388882350181888e+00 5.150300601202404405e-01 1.258200333694415585e-01 3.106153361198545348e-01 2.827022768689755328e-01 2.808623536417282907e-01
1.666589931112848699e+00 5.290581162324650144e-01 1.276243582362366347e-01 3.125047625532894058e-01 2.785602342770423512e-01 2.813106449334316084e-01
0.000000000000000000e+00 5.430861723446893663e-01 1.295090286344143804e-01 3.145307294134732645e-01 2.742463941160661611e-01 2.817138478360461940e-01
0.000000000000000000e+00 5.571142284569139402e-01 1.314725716102920494e-01 3.165976645434389058e-01 2.700823132838465757e-01 2.818474505624224968e-01
1.856147597181415643e+00 5.711422845691382921e-01 1.332267357611911507e-01 3.186170443237719141e-01 2.660315589618614807e-01 2.821246609531753990e-01
9.592197069992225433e-01 5.851703406813626440e-01 1.351216799948739000e-01 3.204672752876625563e-01 2.620170367209975759e-01 2.823940079964659122e-01
0.000000000000000000e+00 5.991983967935872180e-01 1.369622171905272023e-01 3.226694047552895461e-01 2.579559544849248098e-01 2.824124235692586082e-01
1.358745585500091835e+00 6.132264529058115698e-01 1.388720429795826383e-01 3.244544519074816780e-01 2.539341654284741900e-01 2.827393396844615214e-01
2.131118240830143229e+00 6.272545090180361438e-01 1.407846144193850291e-01 3.263025701707757964e-01 2.500628169576418203e-01 2.828499984521973265e-01
5.495965628992690588e-01 6.412825651302604957e-01 1.425689794874360483e-01 3.283821150664970601e-01 2.460891188040778832e-01 2.829597866419889529e-01
1.023363547697125231e+00 6.553106212424850696e-01 1.444436758502000706e-01 3.302090441704500501e-01 2.422692531580258601e-01 2.830780268213239359e-01
1.448497457084907847e+00 6.693386773547094215e-01 1.463211872348685050e-01 3.319174893845022734e-01 2.386836255716042465e-01 2.830776978090249751e-01
0.000000000000000000e+00 6.833667334669337734e-01 1.481331663865395054e-01 3.339700067694749142e-01 2.346418456354557314e-01 2.832549812085297658e-01
2.923041799362121829e+00 6.973947895791583473e-01 1.499742378608634741e-01 3.358961935439239710e-01 2.311187695293920041e-01 2.830107990658206063e-01
2.618828117264301980e+00 7.114228456913826992e-01 1.517812947069494267e-01 3.376484679150803525e-01 2.275632153726403206e-01 2.830070220053297891e-01
2.800313651049273211e+00 7.254509018036072732e-01 1.535914629085461391e-01 3.395905259499045203e-01 2.239112068069953887e-01 2.829068043345539518e-01
0.000000000000000000e+00 7.394789579158316251e-01 1.553959999619837773e-01 3.411436265140435076e-01 2.204492044039836618e-01 2.830111691199890811e-01
6.750843458843736045e-01 7.535070140280561990e-01 1.571306002640439625e-01 3.431414313647911940e-01 2.169531086971270839e-01 2.827748596740376485e-01
0.000000000000000000e+00 7.675350701402805509e-01 1.589729169049687307e-01 3.448824339769592795e-01 2.135886160539406109e-01 2.825560330641314066e-01
3.618189645662093223e+00 7.815631262525051248e-01 1.607779180299420407e-01 3.466547541792528442e-01 2.100583788591679768e-01 2.825089489316371383e-01
0.000000000000000000e+00 7.955911823647294767e-01 1.623896868249905256e-01 3.484959750316050098e-01 2.068102888682796237e-01 2.823040492751248132e-01
3.636241016014050143e+00 8.096192384769538286e-01 1.641553510995117093e-01 3.501287638698828975e-01 2.035214676420465107e-01 2.821944173885588825e-01
0.000000000000000000e+00 8.236472945891784025e-01 1.659103675069837081e-01 3.518696745055546193e-01 2.002802705207486489e-01 2.819396874667130515e-01
6.271886745786970918e-01 8.376753507014027544e-01 1.676609958242027687e-01 3.537916158529709754e-01 1.969646858382129995e-01 2.815827024846132565e-01
1.948543717647682083e+00 8.517034068136273284e-01 1.691876204197617639e-01 3.556196119790566712e-01 1.939299745531642138e-01 2.812627930480174343e-01
3.753125142619122556e+00 8.657314629258516803e-01 1.708620637721822433e-01 3.571137957744052183e-01 1.909210702938422544e-01 2.811030701595702008e-01
7.519443731938804110e-01 8.797595190380762542e-01 1.725017501552996158e-01 3.591046264695773038e-01 1.878750645773968331e-01 2.805185587977263584e-01
0.000000000000000000e+00 8.937875751503006061e-01 1.742318097385343323e-01 3.607217662276691050e-01 1.848085651951505426e-01 2.802378588386460478e-01
0.000000000000000000e+00 9.078156312625251800e-01 1.756545773179165326e-01 3.624302202559630537e-01 1.820173792202315899e-01 2.798978232058888516e-01
0.000000000000000000e+00 9.218436873747495319e-01 1.772077581795187817e-01 3.641969451694698212e-01 1.790956096876592518e-01 2.794996869633520897e-01
3.579138818335342975e+00 9.358717434869738838e-01 1.787493253035073171e-01 3.659661766270124739e-01 1.762334182177488773e-01 2.790510798517312763e-01
0.000000000000000000e+00 9.498997995991984578e-01 1.803532598378769225e-01 3.674619807172065933e-01 1.735517228040487081e-01 2.786330366408677484e-01
9.146289820942545834e-01 9.639278557114228096e-01 1.818812774923023734e-01 3.689953356579719901e-01 1.708706828488474050e-01 2.782527040008781483e-01
1.582223308358336133e+00 9.779559118236473836e-01 1.834335742015098802e-01 3.705575706812561099e-01 1.681428995248360481e-01 2.778659555923979618e-01
0.000000000000000000e+00 9.919839679358717355e-01 1.847718957517781591e-01 3.723363277782226755e-01 1.654164007583543428e-01 2.774753757116447672e-01
0.000000000000000000e+00 1.006012024048096087e+00 1.861369088449722764e-01 3.740272263580332046e-01 1.629471930088217668e-01 2.768886717881728354e-01
4.270316837071800542e+00 1.020040080160320883e+00 1.875864284086477263e-01 3.755646079632922185e-01 1.603784932683514908e-01 2.764704703597084534e-01
0.000000000000000000e+00 1.034068136272545235e+00 1.888971224681569860e-01 3.772598966360856676e-01 1.578952240448415756e-01 2.759477568509156598e-01
3.487711750503986186e-01 1.048096192384769587e+00 1.902775411871957534e-01 3.788942300563131194e-01 1.555344883045708115e-01 2.752937404519202880e-01
0.000000000000000000e+00 1.062124248496993939e+00 1.916432133794186699e-01 3.804553820272483233e-01 1.531698833448330299e-01 2.747315212485000879e-01
0.000000000000000000e+00 1.076152304609218291e+00 1.928834087929565677e-01 3.820777297937974493e-01 1.508540823754891125e-01 2.741847790377568983e-01
2.148735649691627003e+00 1.090180360721443087e+00 1.941246626996351310e-01 3.838042284519929126e-01 1.485352074365831054e-01 2.735359014117889065e-01
2.297831313915078777e+00 1.104208416833667439e+00 1.953217657900692406e-01 3.854657737294701070e-01 1.462415824113701135e-01 2.729708780690904280e-01
2.094323421966589827e+00 1.118236472945891791e+00 1.964910557053224371e-01 3.870323635106145965e-01 1.440527531352992774e-01 2.724238276487637722e-01
1.860867489940186137e-01 1.132264529058116143e+00 1.976692618118681966e-01 3.886208529370150933e-01 1.419421826672950804e-01 2.717677025838216021e-01
0.000000000000000000e+00 1.146292585170340494e+00 1.989470524473429813e-01 3.900661737422343456e-01 1.397506916401376476e-01 2.712360821702851088e-01
0.000000000000000000e+00 1.160320641282565290e+00 2.000650273417104996e-01 3.915161322113833720e-01 1.377497495387940973e-01 2.706690909081119756e-01
4.400864464650238617e+00 1.174348697394789642e+00 2.010535308796253529e-01 3.932109111054591932e-01 1.357299693737663848e-01 2.700055886411490969e-01
0.000000000000000000e+00 1.188376753507013994e+00 2.021511455717157624e-01 3.949561709537833809e-01 1.337457306411878044e-01 2.691469528333131911e-01
2.031500438728427671e+00 1.202404809619238346e+00 2.030742450712520186e-01 3.964587457385270186e-01 1.317958896321206053e-01 2.686711195581003020e-01
1.944815252729900745e+00 1.216432865731463142e+00 2.041158183462295495e-01 3.979880082447653789e-01 1.298910705249433639e-01 2.680051028840617633e-01
3.538390950155634762e+00 1.230460921843687494e+00 2.051253987247466937e-01 3.996231479099262018e-01 1.280380929413611479e-01 2.672133604239659288e-01
3.681719552334931311e+00 1.244488977955911846e+00 2.058792589649734439e-01 4.012309545858324111e-01 1.262483801352000667e-01 2.666414063139940227e-01
0.000000000000000000e+00 1.258517034068136198e+00 2.068105827678067832e-01 4.027975621452804522e-01 1.244553128333726472e-01 2.659365422535400758e-01
9.795589876841801491e-01 1.272545090180360550e+00 2.076937923353890103e-01 4.041844584783431671e-01 1.227075582441060492e-01 2.654141909421617318e-01
4.362259350736062302e+00 1.286573146292585346e+00 2.084000804546839170e-01 4.059272894599161852e-01 1.210127876219121018e-01 2.646598424634878932e-01
2.671490392800622615e+00 1.300601202404809698e+00 2.092096378237644771e-01 4.075449271467787016e-01 1.193985358856774898e-01 2.638468991437792899e-01
4.400803284519343883e+00 1.314629258517034049e+00 2.099724289880275374e-01 4.090573749575918128e-01 1.178370263364343501e-01 2.631331697179462581e-01
7.701378436359869184e-01 1.328657314629258401e+00 2.107112937560310650e-01 4.105741057759258461e-01 1.162197266325009498e-01 2.624948738355422639e-01
1.919644373416443950e-01 1.342685370741483197e+00 2.113394005701241807e-01 4.122555895457887254e-01 1.145807451192267373e-01 2.618242647648603705e-01
3.231991032872705727e+00 1.356713426853707549e+00 2.119447890296072279e-01 4.139924102445745602e-01 1.131237667729037694e-01 2.609390339529144565e-01
9.373788874080961619e-01 1.370741482965931901e+00 2.127206181581498545e-01 4.151953540846768931e-01 1.116640974893478300e-01 2.604199302678255057e-01
0.000000000000000000e+00 1.384769539078156253e+00 2.131492859619178726e-01 4.169583937842631927e-01 1.102476977913492834e-01 2.596446224624697763e-01
0.000000000000000000e+00 1.398797595190380605e+00 2.136848139770845256e-01 4.186313262388195455e-01 1.086924779275018210e-01 2.589913818565940939e-01
0.000000000000000000e+00 1.412825651302605401e+00 2.141355360014364217e-01 4.201983205946487887e-01 1.073461821176382863e-01 2.583199612862763783e-01
0.000000000000000000e+00 1.426853707414829753e+00 2.146491068071791075e-01 4.218473658531963766e-01 1.059492332176180523e-01 2.575542941220063109e-01
1.889743790927294498e+00 1.440881763527054105e+00 2.151264039811225659e-01 4.232633510375293229e-01 1.047072497491937787e-01 2.569029952321542631e-01
0.000000000000000000e+00 1.454909819639278457e+00 2.154574537319353111e-01 4.248875544289726913e-01 1.034852376314337741e-01 2.561697542076581957e-01
4.314778804949552793e+00 1.468937875751502808e+00 2.158236212311012148e-01 4.265398158751578794e-01 1.022023411796839920e-01 2.554342217140569415e-01
0.000000000000000000e+00 1.482965931863727604e+00 2.161937448242608750e-01 4.280826844491844030e-01 1.010130778548563868e-01 2.547104928716983352e-01
3.956552929184172118e+00 1.496993987975951956e+00 2.165471060626782407e-01 4.297065046986413006e-01 9.977053191366043461e-02 2.539758573250200380e-01
3.897843987648654362e+00 1.511022044088176308e+00 2.167560250422615464e-01 4.313937388289967867e-01 9.853967243352174110e-02 2.533105636952198703e-01
1.200173818837149575e+00 1.525050100200400660e+00 2.169921217500596633e-01 4.331873704944319003e-01 9.739080330881765002e-02 2.524297044466908280e-01
1.911218768875948548e+00 1.539078156312625456e+00 2.171191800278853834e-01 4.347193620094522704e-01 9.636782321957775010e-02 2.517936347430845268e-01
1.530095854982071568e+00 1.553106212424849808e+00 2.173357185598715213e-01 4.361436715015861720e-01 9.533667283148392069e-02 2.511839371070583304e-01
1.965782056663758492e+00 1.567134268537074160e+00 2.174451687359036378e-01 4.376572716015434406e-01 9.423377048343296869e-02 2.506637891791199113e-01
2.236777148176218866e+00 1.581162324649298512e+00 2.173932589488215827e-01 4.394378878066141358e-01 9.320015658896453614e-02 2.499686966555997591e-01
3.501797465373817975e+00 1.595190380761522864e+00 2.175517124336040775e-01 4.410739273072420974e-01 9.219083926051679923e-02 2.491835209986370259e-01
2.718930113077745236e+00 1.609218436873747660e+00 2.176902677787906359e-01 4.425391540630477238e-01 9.123526560747978464e-02 2.485353125506817862e-01
0.000000000000000000e+00 1.623246492985972012e+00 2.177697181689379202e-01 4.443151776167260092e-01 9.031061872632867304e-02 2.476044854880073143e-01
0.000000000000000000e+00 1.637274549098196363e+00 2.174650690203802639e-01 4.460873850991855516e-01 8.935589199798388282e-02 2.470916538824502462e-01
0.000000000000000000e+00 1.651302605210420715e+00 2.174855467802330466e-01 4.475235119955457419e-01 8.852286825412404581e-02 2.464680729700970685e-01
2.229509335746159948e+00 1.665330661322645511e+00 2.173009022925233569e-01 4.493689762924458764e-01 8.764108915027418734e-02 2.456890322647564684e-01
2.167962605783640695e-01 1.679358717434869863e+00 2.171718355440630244e-01 4.508425320195696973e-01 8.680578117151706297e-02 2.451798512648502015e-01
1.299139617436495975e+00 1.693386773547094215e+00 2.170385750252682155e-01 4.525585746311545643e-01 8.588163102848574149e-02 2.445212193150913815e-01
0.000000000000000000e+00 1.707414829659318567e+00 2.166927166724947895e-01 4.543712241156147025e-01 8.511949219814803069e-02 2.438165670137425189e-01
2.245217894971756500e+00 1.721442885771542919e+00 2.166528244624028321e-01 4.557858164896351205e-01 8.437096204237969077e-02 2.431903970055823427e-01
0.000000000000000000e+00 1.735470941883767715e+00 2.163931403014721366e-01 4.574881608544141276e-01 8.357963089624405317e-02 2.425390679478695855e-01
1.002070858337351211e+00 1.749498997995992067e+00 2.161129434666855254e-01 4.593218169209702939e-01 8.285392637331859267e-02 2.417113132390256158e-01
4.483508584557129417e+00 1.763527054108216419e+00 2.157777653368788129e-01 4.606325353523599841e-01 8.211065571234664462e-02 2.414790435984146555e-01
2.040052285733580557e-03 1.777555110220440771e+00 2.152808993696837536e-01 4.624262631510373533e-01 8.144771990106389192e-02 2.408451175782150566e-01
2.887158461285418642e+00 1.791583166332665567e+00 2.149370623400000402e-01 4.641812667954440252e-01 8.072995649187592049e-02 2.401517143726800418e-01
4.335903313860644204e+00 1.805611222444889918e+00 2.145231946815681356e-01 4.658448288849312280e-01 8.015237747338863072e-02 2.394795989601120889e-01
3.353776343671874383e+00 1.819639278557114270e+00 2.140511070366809543e-01 4.675262149413271784e-01 7.947916978711924707e-02 2.389435082348725370e-01
1.092765010985105256e+00 1.833667334669338622e+00 2.137141591425158194e-01 4.690059572876374427e-01 7.890991683140133328e-02 2.383699667384454601e-01
3.666188318000381141e+00 1.847695390781562974e+00 2.131939265681195572e-01 4.706248294745901672e-01 7.826785604153142784e-02 2.379133879157589171e-01
9.168123637747047638e-01 1.861723446893787770e+00 2.126347887913688506e-01 4.723796086474165712e-01 7.768870562406103575e-02 2.372968969371536951e-01
0.000000000000000000e+00 1.875751503006012122e+00 2.121298568330248768e-01 4.740239019640135054e-01 7.714918888039973277e-02 2.366970523225619405e-01
3.201534106224297016e+00 1.889779559118236474e+00 2.115484193704925409e-01 4.757627111839343170e-01 7.658944162027862823e-02 2.360994278252946388e-01
4.428218588831252411e+00 1.903807615230460826e+00 2.109900472589694154e-01 4.773364731179586262e-01 7.610310261012727395e-02 2.355703770129446983e-01
2.323204726671713072e+00 1.917835671342685622e+00 2.103864487924548554e-01 4.789592212782645686e-01 7.555329060844633016e-02 2.351010393208342319e-01
6.434071877346718704e-01 1.931863727454909974e+00 2.097684064427760564e-01 4.804469533096106248e-01 7.514429937846774099e-02 2.346403408691456194e-01
8.235956661423871061e-01 1.945891783567134325e+00 2.090073447704273446e-01 4.824045035217720545e-01 7.462399547946779732e-02 2.339641562283326648e-01
9.734676970195121903e-01 1.959919839679358677e+00 2.082998405295810318e-01 4.838668986605187960e-01 7.422468411622736018e-02 2.336085766936727981e-01
2.574203183671264661e+00 1.973947895791583029e+00 2.075249058049727091e-01 4.856484855360046482e-01 7.373609362338537365e-02 2.330905150356372690e-01
0.000000000000000000e+00 1.987975951903807825e+00 2.069579735797360542e-01 4.870726464473307260e-01 7.335060356559983119e-02 2.326187764073334441e-01
3.551728844103987370e-01 2.002004008016032177e+00 2.061286888397851624e-01 4.888980858545366459e-01 7.290654132600120352e-02 2.320666839796770575e-01
4.855509648091308250e+00 2.016032064128256529e+00 2.053186367022675485e-01 4.903644721909242166e-01 7.256367090416386556e-02 2.317532202026443833e-01
6.587122348834758559e-07 2.030060120240480881e+00 2.045584182139613960e-01 4.920478717271905000e-01 7.216133928590558189e-02 2.312323707729425915e-01
0.000000000000000000e+00 2.044088176352705233e+00 2.037162623000389750e-01 4.937166655408873894e-01 7.179712340609165078e-02 2.307699487529818183e-01
2.011300681357230502e+00 2.058116232464930029e+00 2.029916674126290288e-01 4.951455086497731917e-01 7.148988339125492142e-02 2.303729405463428859e-01
0.000000000000000000e+00 2.072144288577154381e+00 2.019758749091238592e-01 4.970161227082663946e-01 7.114804503501942490e-02 2.298599573475903490e-01
9.037536080325683230e-01 2.086172344689378733e+00 2.012925354328120864e-01 4.983590239426934909e-01 7.079289221091668305e-02 2.295555484135777258e-01
4.598727870714047761e+00 2.100200400801603084e+00 2.002741559116679726e-01 5.000745257857958093e-01 7.050939670563313721e-02 2.291419215969031919e-01
4.497196979291138812e-03 2.114228456913827880e+00 1.994393815038367768e-01 5.015381195171034756e-01 7.017043835754074865e-02 2.288520606215191655e-01
6.310608044109943231e-04 2.128256513026052232e+00 1.985518090382615564e-01 5.030682425105555966e-01 6.999353217031162311e-02 2.283864162808712517e-01
3.832653361770703260e+00 2.142284569138276584e+00 1.974752684719947304e-01 5.047099433359399923e-01 6.974889739812208111e-02 2.280658907939431546e-01
3.772049469969366520e+00 2.156312625250500936e+00 1.965322695589968582e-01 5.063239023437930975e-01 6.951251978999276049e-02 2.276313083072173116e-01
1.842602991554813663e+00 2.170340681362725288e+00 1.955435086768889386e-01 5.077982919038356302e-01 6.925714746884858997e-02 2.274010519504267303e-01
0.000000000000000000e+00 2.184368737474950084e+00 1.945471893454156498e-01 5.094323284911719263e-01 6.897022980667762149e-02 2.270502523567347886e-01
4.001760665536870931e+00 2.198396793587174436e+00 1.935437339450295224e-01 5.108713046533358559e-01 6.884212752811337543e-02 2.267428338735212323e-01
3.227224858845654243e-01 2.212424849699398788e+00 1.924598869153966718e-01 5.124651858920500347e-01 6.863644764633354545e-02 2.264384795462197342e-01
0.000000000000000000e+00 2.226452905811623140e+00 1.915843369806086438e-01 5.140851578374838748e-01 6.844972208177316220e-02 2.258807831001342914e-01
0.000000000000000000e+00 2.240480961923847936e+00 1.903893985977033743e-01 5.155487670967786595e-01 6.827854981016742708e-02 2.257832844953505114e-01
1.517607239824408705e+00 2.254509018036072288e+00 1.893819763479737961e-01 5.170539974552557094e-01 6.809626036208084321e-02 2.254677658346896651e-01
1.814786654285506895e+00 2.268537074148296639e+00 1.883215973068762816e-01 5.184051941686357301e-01 6.805051532808814585e-02 2.252226931963998702e-01
2.868826976139569940e+00 2.282565130260520991e+00 1.872633216879293072e-01 5.197967745254138405e-01 6.791334554538076829e-02 2.250265582412761256e-01
2.017343710540453472e+00 2.296593186372745343e+00 1.861651203322263748e-01 5.212479228486409655e-01 6.774021988090637991e-02 2.248467369382263492e-01
4.736373637586810403e+00 2.310621242484970139e+00 1.851595672911029999e-01 5.225367817114994207e-01 6.771390350550414439e-02 2.245897474918934766e-01
1.170619157233282510e-12 2.324649298597194491e+00 1.839598442337161965e-01 5.241142211547059615e-01 6.760602729887009443e-02 2.243199073127077892e-01
3.140892054008861262e-02 2.338677354709418843e+00 1.829220460182231500e-01 5.252544435759370911e-01 6.756109799664265780e-02 2.242624124091970039e-01
2.587514654325216323e+00 2.352705410821643195e+00 1.817702647478419420e-01 5.267405368862413395e-01 6.744434638741048094e-02 2.240448519785062098e-01
1.640186572433391277e+00 2.366733466933867547e+00 1.806462344145496612e-01 5.281494017720796963e-01 6.742944643596938958e-02 2.237749173774012668e-01
3.353247197872298635e+00 2.380761523046092343e+00 1.794963115257747488e-01 5.295075015039479860e-01 6.736869612716094025e-02 2.236274908431162833e-01
0.000000000000000000e+00 2.394789579158316695e+00 1.784486243936663219e-01 5.307112300122298620e-01 6.733599840049137031e-02 2.235041471936125568e-01
4.529379169806261096e+00 2.408817635270541047e+00 1.772368495756800888e-01 5.320569026309750482e-01 6.733591181416666294e-02 2.233703359791781862e-01
2.012917343336735332e+00 2.422845691382765398e+00 1.761352098179633785e-01 5.331583950570260022e-01 6.731990884732734493e-02 2.233864862776831495e-01
2.549822716638695308e+00 2.436873747494990194e+00 1.748750091747338642e-01 5.345992895744283713e-01 6.736147522281787925e-02 2.231642260280199408e-01
0.000000000000000000e+00 2.450901803607214546e+00 1.737440341727291004e-01 5.357737731217092625e-01 6.736280470875125048e-02 2.231193879968103866e-01
3.351433287097314029e+00 2.464929859719438898e+00 1.726060082590283318e-01 5.370785472972131602e-01 6.737938908838296548e-02 2.229360553553755286e-01
3.668083927304325975e+00 2.478957915831663250e+00 1.714496725260911680e-01 5.381852563388845878e-01 6.740970629713374795e-02 2.229553648378903574e-01
0.000000000000000000e+00 2.492985971943887602e+00 1.702779919969385214e-01 5.391851075457135822e-01 6.753288928481186726e-02 2.230040111725361540e-01
2.503579787923772226e+00 2.507014028056112398e+00 1.690587083166083804e-01 5.404333305599925419e-01 6.755094138836546802e-02 2.229570197350336236e-01
2.463500885078649283e+00 2.521042084168336750e+00 1.679369257810156835e-01 5.415247460264259738e-01 6.760762670348670345e-02 2.229307014890716532e-01
2.108530160684414678e+00 2.535070140280561102e+00 1.666737732771874370e-01 5.427230186238153342e-01 6.770169609284168444e-02 2.229015120061554056e-01
3.117652496677354002e+00 2.549098196392785454e+00 1.657353054209828314e-01 5.435129027150901182e-01 6.780885340330658484e-02 2.229429384606204378e-01
4.416935105249291560e+00 2.563126252505010250e+00 1.644268747134540742e-01 5.446573705691684086e-01 6.794498084905706281e-02 2.229707738683206208e-01
4.248408493479734815e+00 2.577154308617234602e+00 1.632020855196350539e-01 5.459604862946295656e-01 6.799967528111457160e-02 2.228377529046207395e-01
2.792963161043056974e+00 2.591182364729458953e+00 1.620467096925033990e-01 5.468670394051824424e-01 6.813840189817985116e-02 2.229478490041343353e-01
3.947418474965909585e+00 2.605210420841683305e+00 1.608723885147372301e-01 5.477149099074205552e-01 6.827403605723729452e-02 2.231386655206049063e-01
1.852728201913752759e+00 2.619238476953907657e+00 1.596536303279724456e-01 5.487374083938870717e-01 6.845661579317630085e-02 2.231523454849642374e-01
2.357723163029850078e+00 2.633266533066132453e+00 1.585308023591573134e-01 5.495253161085102978e-01 6.857841250944755884e-02 2.233654690228848161e-01
1.839067319193953942e+00 2.647294589178356805e+00 1.573291778352068904e-01 5.503764480161303929e-01 6.882521724103610183e-02 2.234691569076266981e-01
1.468692530751685479e-05 2.661322645290581157e+00 1.561806741269639864e-01 5.511529245196119531e-01 6.901619988107951520e-02 2.236502014723445175e-01
1.315096194616184544e+00 2.675350701402805509e+00 1.549264745009855948e-01 5.522287937729346563e-01 6.914912131205194767e-02 2.236956104140276902e-01
0.000000000000000000e+00 2.689378757515030305e+00 1.537767228202726322e-01 5.530100591930697806e-01 6.937943033852463082e-02 2.238337876481329702e-01
4.788205149630480051e+00 2.703406813627254657e+00 1.526371831616890051e-01 5.536029982180082909e-01 6.961190582838856777e-02 2.241479127919142056e-01
0.000000000000000000e+00 2.717434869739479009e+00 1.514152989831149265e-01 5.545091847498854198e-01 6.980321118593819929e-02 2.242723050810615515e-01
2.911494833033406060e+00 2.731462925851703361e+00 1.503894509523547585e-01 5.549978774609759524e-01 7.005485579552306330e-02 2.245578157911462536e-01
1.524471224721051232e+00 2.745490981963927712e+00 1.492698600321825941e-01 5.556359885560553380e-01 7.035429299574286199e-02 2.247398584160192614e-01
3.114115631300011788e+00 2.759519038076152508e+00 1.480089710723851149e-01 5.563585076982631161e-01 7.055926161424987131e-02 2.250732596151017451e-01
0.000000000000000000e+00 2.773547094188376860e+00 1.469151244089113018e-01 5.569356885938393509e-01 7.084193141123656945e-02 2.253072555860128057e-01
2.308907515319829351e-01 2.787575150300601212e+00 1.458167956201249227e-01 5.574108375089384948e-01 7.114381843514949733e-02 2.256285484357871129e-01
9.714064921483909210e-01 2.801603206412825564e+00 1.446164635246700580e-01 5.579392001390443001e-01 7.142666430305530390e-02 2.260176720332303102e-01
2.139314895400628469e+00 2.815631262525050360e+00 1.434148246335702759e-01 5.584951328149019290e-01 7.175036891598408906e-02 2.263396736355437477e-01
1.422679491473084923e+00 2.829659318637274712e+00 1.422657321435259192e-01 5.590658826680109383e-01 7.203632208208560206e-02 2.266320631063774849e-01
4.835781175599524140e+00 2.843687374749499064e+00 1.411731780923245194e-01 5.594103716618679112e-01 7.243872896307364251e-02 2.269777212827340518e-01
3.953700022744484510e+00 2.857715430861723416e+00 1.401028787759057148e-01 5.599310012865040820e-01 7.274922086169047231e-02 2.272168990758997309e-01
6.261445148703245898e-07 2.871743486973947768e+00 1.389636033193278053e-01 5.601442591515771730e-01 7.307957209943914678e-02 2.278125654296558056e-01
0.000000000000000000e+00 2.885771543086172564e+00 1.378499600191003260e-01 5.606650009750929753e-01 7.343742184823728869e-02 2.280476171575694933e-01
1.554541228873583147e+00 2.899799599198396916e+00 1.368098550150193271e-01 5.608413588559968410e-01 7.383347022634233203e-02 2.285153159026414305e-01
3.163568491756023615e+00 2.913827655310621267e+00 1.356409752425014881e-01 5.611976376815194234e-01 7.423293633068352160e-02 2.289284507452955808e-01
4.646452891898134041e+00 2.927855711422845619e+00 1.346092333307238320e-01 5.613092127593455327e-01 7.465271184920983794e-02 2.294288420607207835e-01
3.943051905077132185e-02 2.941883767535069971e+00 1.336146511893311351e-01 5.612981074286211847e-01 7.501759070289183706e-02 2.300696506791557738e-01
4.633856468222897540e+00 2.955911823647294767e+00 1.324531078402994555e-01 5.616329836553300980e-01 7.548070400348130815e-02 2.304332045008891106e-01
9.477034753459854244e-01 2.969939879759519119e+00 1.313978392330816813e-01 5.617197423506177234e-01 7.589824153094437698e-02 2.309841768853562183e-01
4.570617818473651891e-09 2.983967935871743471e+00 1.304462122856229478e-01 5.617584517846663239e-01 7.635616384158233627e-02 2.314391720881285586e-01
0.000000000000000000e+00 2.997995991983967823e+00 1.293432575604382961e-01 5.616838650600105565e-01 7.677476632996717287e-02 2.321981110495840162e-01
0.000000000000000000e+00 3.012024048096192175e+00 1.282864845832155931e-01 5.619169369116959745e-01 7.721726043430562902e-02 2.325793180707828589e-01
8.169072093384341926e-01 3.026052104208416971e+00 1.271964962174239044e-01 5.618485958959450466e-01 7.768931518757954402e-02 2.332655926990514217e-01
9.995948806012075472e-02 3.040080160320641767e+00 1.262119965906827457e-01 5.617015213254852313e-01 7.814675164287414322e-02 2.339397304409579492e-01
4.297364114359597309e+00 3.054108216432865675e+00 1.252509880640688411e-01 5.615360391821745401e-01 7.866631176765019606e-02 2.345466609861064922e-01
4.168641535961804756e+00 3.068136272545090470e+00 1.241827741769087751e-01 5.616012696520498171e-01 7.918170449304022529e-02 2.350342516780011548e-01
0.000000000000000000e+00 3.082164328657314378e+00 1.231820345442179582e-01 5.612633866879983557e-01 7.969140279338372823e-02 2.358631759743999301e-01
4.146817842055379622e+00 3.096192384769539174e+00 1.221330824092986406e-01 5.610501264817813194e-01 8.023745493622332081e-02 2.365793361726965527e-01
1.547455886067785169e+00 3.110220440881763970e+00 1.211789815611311327e-01 5.608192404124757724e-01 8.079258924576936118e-02 2.372091887806236921e-01
4.154418582877348776e+00 3.124248496993987878e+00 1.202416187941833664e-01 5.604837916028416744e-01 8.131043618196588663e-02 2.379641534210091003e-01
0.000000000000000000e+00 3.138276553106212674e+00 1.193420439615044820e-01 5.600870440917459225e-01 8.194594590856460470e-02 2.386249660381849769e-01
4.267456449353752568e+00 3.152304609218436582e+00 1.183220434400012455e-01 5.596915378593885215e-01 8.248627753469102430e-02 2.395001411659191393e-01
0.000000000000000000e+00 3.166332665330661378e+00 1.174648820289673212e-01 5.591512470064764484e-01 8.308854393608514077e-02 2.402953270284710896e-01
4.125705545664580254e-01 3.180360721442886174e+00 1.164749218381925938e-01 5.587438819622164710e-01 8.366156324741964856e-02 2.411196329521712589e-01
3.031128449232916466e+00 3.194388777555110082e+00 1.155281134634726647e-01 5.583420702626515908e-01 8.425638106162834651e-02 2.418734352122473008e-01
6.064476210656326582e-01 3.208416833667334878e+00 1.146060349882927765e-01 5.577227107151708774e-01 8.491079612358166939e-02 2.427604581729546906e-01
3.218358040985922486e+00 3.222444889779558785e+00 1.137636570245982998e-01 5.571674830816158996e-01 8.557804071433322557e-02 2.434908191794526167e-01
4.780173422974178798e+00 3.236472945891783581e+00 1.127495827339354967e-01 5.565428982778106715e-01 8.617367976392854845e-02 2.445338392243252279e-01
0.000000000000000000e+00 3.250501002004008377e+00 1.119015115652812198e-01 5.559226820728243590e-01 8.684731429592919272e-02 2.453284920659652424e-01
3.109926038957601779e+00 3.264529058116232285e+00 1.110203552401688165e-01 5.552488513368594170e-01 8.750258051215235866e-02 2.462282129108194217e-01
4.408387788910793859e+00 3.278557114228457081e+00 1.101167560055389405e-01 5.544009009898199780e-01 8.816994853420358214e-02 2.473123944704374855e-01
4.132617004143872563e+00 3.292585170340680989e+00 1.092824160636639425e-01 5.535191317674297284e-01 8.893345644425641738e-02 2.482649957246498840e-01
3.468518725708393369e+00 3.306613226452905785e+00 1.084715925925881091e-01 5.527484192591366474e-01 8.954064372852968412e-02 2.492393444197455732e-01
3.182541415853101352e+00 3.320641282565130581e+00 1.075994656987791925e-01 5.518329964372573615e-01 9.029944304345466355e-02 2.502680948205087130e-01
0.000000000000000000e+00 3.334669338677354489e+00 1.067633411580924535e-01 5.511187968135337067e-01 9.094096662904378736e-02 2.511768953993300246e-01
1.207749953864291292e+00 3.348697394789579285e+00 1.058818636386322787e-01 5.499521632468692411e-01 9.175666932651173335e-02 2.524093037879868162e-01
2.439428865834498972e-01 3.362725450901804081e+00 1.050690669249791237e-01 5.491605298996943274e-01 9.246262512317156290e-02 2.533077780521549860e-01
4.162534739476549891e-09 3.376753507014027988e+00 1.041797887221329461e-01 5.481712693377021051e-01 9.326448242621129814e-02 2.543844595139536091e-01
4.698794404195004049e+00 3.390781563126252784e+00 1.034797662780630179e-01 5.469985503669712035e-01 9.406066568624497914e-02 2.554610176687209244e-01
2.957418570825845805e+00 3.404809619238476692e+00 1.026821781483215346e-01 5.457321550542550970e-01 9.483858698474234572e-02 2.567470798126811338e-01
0.000000000000000000e+00 3.418837675350701488e+00 1.018320525804676524e-01 5.447985028685248254e-01 9.562959660192162092e-02 2.577398479490858874e-01
3.232809432422473872e+00 3.432865731462926284e+00 1.010953638129702958e-01 5.434970651366695105e-01 9.644071887252610165e-02 2.589668521778340504e-01
4.599316981235877400e+00 3.446893787575150192e+00 1.003517899091740662e-01 5.423152799356261156e-01 9.718889232094371500e-02 2.601440378342560478e-01
4.476975482564856890e+00 3.460921843687374988e+00 9.959936713540139264e-02 5.410338535597885024e-01 9.804678191982245383e-02 2.613199973849876234e-01
0.000000000000000000e+00 3.474949899799598896e+00 9.875396582866402539e-02 5.399004897135412095e-01 9.882209625629481686e-02 2.625234482014998649e-01
3.422024184014111015e+00 3.488977955911823692e+00 9.802156334725664610e-02 5.384506046133731294e-01 9.966498534458333169e-02 2.638628466947867679e-01
2.772905314371960639e+00 3.503006012024048488e+00 9.729519661240712547e-02 5.369943312621139331e-01 1.006387699886264475e-01 2.650717021368524384e-01
0.000000000000000000e+00 3.517034068136272396e+00 9.656396243345601038e-02 5.356764030186018655e-01 1.013841304877979022e-01 2.663755040601442081e-01
3.958887676613007223e+00 3.531062124248497192e+00 9.587891660477559919e-02 5.341445066291328203e-01 1.023227189917172569e-01 2.676538577743742264e-01
2.253481134450884937e+00 3.545090180360721099e+00 9.509947514024180704e-02 5.328606386422846120e-01 1.031588480690972531e-01 2.688810381483763834e-01
3.892258001642647791e+00 3.559118236472945895e+00 9.445751049881681571e-02 5.312958052644579654e-01 1.040122393362827163e-01 2.702344449004423499e-01
1.319529481037288399e+00 3.573146292585170691e+00 9.372823304845610826e-02 5.298715069528470156e-01 1.049428052412271495e-01 2.714574547574697960e-01
4.343739970635525083e+00 3.587174348697394599e+00 9.308673020723368108e-02 5.280506860326690255e-01 1.058729008319809761e-01 2.729896829281163728e-01
2.842170943044439711e-14 3.601202404809619395e+00 9.237192120780875204e-02 5.265565043839509629e-01 1.067892435066800927e-01 2.742823309015601230e-01
4.080195248027868260e+00 3.615230460921843303e+00 9.171239905368776257e-02 5.248369731663640181e-01 1.076717015774944358e-01 2.757789262024536447e-01
2.995715084068109602e-01 3.629258517034068099e+00 9.102458251001874223e-02 5.232994288651861003e-01 1.086368543464169695e-01 2.770391342783780630e-01
2.506767292544296866e-01 3.643286573146292895e+00 9.039038100212730409e-02 5.215733089366388908e-01 1.096549367696829508e-01 2.783813732915508266e-01
3.255719690321765114e+00 3.657314629258516803e+00 8.971129968991542469e-02 5.199055300208750285e-01 1.105638279345500102e-01 2.798193423546595504e-01
4.326628728510884869e+00 3.671342685370741599e+00 8.905640767210674935e-02 5.180150144807386114e-01 1.115512353029964321e-01 2.813773425441581932e-01
4.756919785729316175e+00 3.685370741482966395e+00 8.846771494149728576e-02 5.160602245523697729e-01 1.125506510680032990e-01 2.829214094381296007e-01
2.601539822057076456e+00 3.699398797595190302e+00 8.788412245582200022e-02 5.142713355399883834e-01 1.135150995544620400e-01 2.843294424497274653e-01
2.357448598923663763e+00 3.713426853707415098e+00 8.724832601808409083e-02 5.122798906697300092e-01 1.144221008358573821e-01 2.860496824763286150e-01
0.000000000000000000e+00 3.727454909819639006e+00 8.665915609813347464e-02 5.103594121079927382e-01 1.154206751112327178e-01 2.875607566826409722e-01
0.000000000000000000e+00 3.741482965931863802e+00 8.596790590847272484e-02 5.086997149604446378e-01 1.164532036739768517e-01 2.888791754571057302e-01
7.908922685205110881e-01 3.755511022044088598e+00 8.540187985298611228e-02 5.066299840613111005e-01 1.174343943192775741e-01 2.905337417664252131e-01
8.084695688355232335e-01 3.769539078156312506e+00 8.479951333762925092e-02 5.046209518420348150e-01 1.184883650075219397e-01 2.920911698128140221e-01
1.643130076446581579e-14 3.783567134268537302e+00 8.422912900161695637e-02 5.026012279035698693e-01 1.195167916172777678e-01 2.936528514775354481e-01
4.740197989338964746e+00 3.797595190380761210e+00 8.368550293439316889e-02 5.002927068140285982e-01 1.206091172450277083e-01 2.954126730065505524e-01
0.000000000000000000e+00 3.811623246492986006e+00 8.311273569856643395e-02 4.982919782022899868e-01 1.215654531765733015e-01 2.970298329225701250e-01
0.000000000000000000e+00 3.825651302605210802e+00 8.251011381534953393e-02 4.964308338566698064e-01 1.226135545794278803e-01 2.984454977485528349e-01
3.732576449157132825e-01 3.839679358717434710e+00 8.192128669204014335e-02 4.942784480221883436e-01 1.236413082935200192e-01 3.001589569922516465e-01
1.263227559761082031e+00 3.853707414829659506e+00 8.145340644139142938e-02 4.920209430482125890e-01 1.247077683638608270e-01 3.018178821465350992e-01
3.285624857608251403e+00 3.867735470941883413e+00 8.085062048544049140e-02 4.898670875414946613e-01 1.257600735991653007e-01 3.035222183738995883e-01
8.533567347745170395e-02 3.881763527054108209e+00 8.033036208853480686e-02 4.877729882935311623e-01 1.268100287964352146e-01 3.050866208214988995e-01
1.931768197471399606e+00 3.895791583166333005e+00 7.979472878494599242e-02 4.852457144440364689e-01 1.279177424502181415e-01 3.070418143207994666e-01
0.000000000000000000e+00 3.909819639278556913e+00 7.926563249429956215e-02 4.831718981994009843e-01 1.289626257974662848e-01 3.085998435088331826e-01
3.230173045461103065e+00 3.923847695390781709e+00 7.875299138023049428e-02 4.809573770724132058e-01 1.300295321952026906e-01 3.102600993521535955e-01
1.514092372419749033e+00 3.937875751503005617e+00 7.819479414045382715e-02 4.786774169914774224e-01 1.311521678635475252e-01 3.119756210045212530e-01
0.000000000000000000e+00 3.951903807615230413e+00 7.771482276495840502e-02 4.762658424536785895e-01 1.322364329407896277e-01 3.137829018405734471e-01
8.524978955816338653e-08 3.965931863727455209e+00 7.725768005343809641e-02 4.740412148152470251e-01 1.332905485919810562e-01 3.154105565393338084e-01
1.435824166725964860e-07 3.979959919839679117e+00 7.672177761772486226e-02 4.717008352634104451e-01 1.344012384585111797e-01 3.171761486603535407e-01
2.861852446222840296e+00 3.993987975951903913e+00 7.630517896098169828e-02 4.693226570433693401e-01 1.354872893337653594e-01 3.188848746618836993e-01
2.013156106255247213e+00 4.008016032064128709e+00 7.579222765010402985e-02 4.669536961563002242e-01 1.365735560156874639e-01 3.206805201779083792e-01
8.411622674618426387e-01 4.022044088176352616e+00 7.530611749206043981e-02 4.646489442552504956e-01 1.375739886059468287e-01 3.224709496467421110e-01
1.150795547076819414e+00 4.036072144288577412e+00 7.479169866921386856e-02 4.622975671532854047e-01 1.386138273709275337e-01 3.242969068065733040e-01
6.464189648657429066e-01 4.050100200400801320e+00 7.439768064911772560e-02 4.596875961377330233e-01 1.397738539614205300e-01 3.261408692517286934e-01
0.000000000000000000e+00 4.064128256513026116e+00 7.395330953045368971e-02 4.573034631475004219e-01 1.409227442270886421e-01 3.278204830949573712e-01
0.000000000000000000e+00 4.078156312625250912e+00 7.346825124464548273e-02 4.549766287516801011e-01 1.419300990769818416e-01 3.296250209266927134e-01
3.583883011508552041e+00 4.092184368737474820e+00 7.308451633581734830e-02 4.524359418905336550e-01 1.430395066785200564e-01 3.314400350951288710e-01
2.466742936193889069e+00 4.106212424849699616e+00 7.261623780523068783e-02 4.501253246983222267e-01 1.441842778682527193e-01 3.330741596281943662e-01
3.225449953029220662e+00 4.120240480961923524e+00 7.215182369002355600e-02 4.475927335898237658e-01 1.452110800503837174e-01 3.350443626697689470e-01
3.931841491910175623e+00 4.134268537074148320e+00 7.177250784017129293e-02 4.449051598878592251e-01 1.464237661414316272e-01 3.368985661305378687e-01
1.940072174221239898e+00 4.148296593186373116e+00 7.131921211833085195e-02 4.425042787335076722e-01 1.475052237424656909e-01 3.386712854056957434e-01
4.652337285666203748e+00 4.162324649298597024e+00 7.084247158686939050e-02 4.404045543359701997e-01 1.484698573694982759e-01 3.402831167076620922e-01
0.000000000000000000e+00 4.176352705410821819e+00 7.051361684299863042e-02 4.374054853770013573e-01 1.496653856118580483e-01 3.424155121681420333e-01
2.807976074276182302e-12 4.190380761523045727e+00 7.010743109296328768e-02 4.350881469531063250e-01 1.506258655406341185e-01 3.441785564132961994e-01
2.872563347860872085e+00 4.204408817635270523e+00 6.967908742524071830e-02 4.326392228547054075e-01 1.516405112646982967e-01 3.460411784553557024e-01
2.306575868163107224e+00 4.218436873747495319e+00 6.929894554053253608e-02 4.299743491961033892e-01 1.528770076212200568e-01 3.478496976421439624e-01
0.000000000000000000e+00 4.232464929859719227e+00 6.890693447314552578e-02 4.275247549043599826e-01 1.539586474809925554e-01 3.496096631415021028e-01
2.073047239570674272e+00 4.246492985971944023e+00 6.849184166415449304e-02 4.250808138589304841e-01 1.549043017230986030e-01 3.515230427538165170e-01
2.931791655809683039e+00 4.260521042084168819e+00 6.813606379317826978e-02 4.225078386542794884e-01 1.559723590357160461e-01 3.533837385168262513e-01
2.753261460227346191e+00 4.274549098196392727e+00 6.776817134185228464e-02 4.199469212684716624e-01 1.571309345101382093e-01 3.551539728795377604e-01
0.000000000000000000e+00 4.288577154308617523e+00 6.740667838735275863e-02 4.176115575375816125e-01 1.580507692393529340e-01 3.569309948357127227e-01
0.000000000000000000e+00 4.302605210420841431e+00 6.697479332176732580e-02 4.151912119939654144e-01 1.590799219454446523e-01 3.587540727388226491e-01
1.186247326544546800e-06 4.316633266533066227e+00 6.671238568757319187e-02 4.124954877196896352e-01 1.601356706441990907e-01 3.606564559485381238e-01
1.697136860347312037e+00 4.330661322645291023e+00 6.633368863323557685e-02 4.099689948766591097e-01 1.611956918101075664e-01 3.625016246799977471e-01
3.589469604857556728e+00 4.344689378757514930e+00 6.595240464376088407e-02 4.074521955776676529e-01 1.621617676660040697e-01 3.644336321125672407e-01
4.237827629890346337e+00 4.358717434869739726e+00 6.565898727460289797e-02 4.050687597151448327e-01 1.632176238780538580e-01 3.660546291321984946e-01
3.359090459022469943e+00 4.372745490981963634e+00 6.528528741796908730e-02 4.026292799647196996e-01 1.642593776722411358e-01 3.678260549450700356e-01
3.515937005588494202e+00 4.386773547094188430e+00 6.496700730241986022e-02 4.000488688755605149e-01 1.652328306866809038e-01 3.697512931353385546e-01
0.000000000000000000e+00 4.400801603206413226e+00 6.465979719935797954e-02 3.977734106896164690e-01 1.662021462488179058e-01 3.713646458622077984e-01
1.390140821960610396e+00 4.414829659318637134e+00 6.430524304192444807e-02 3.952225165013773522e-01 1.671861309808221341e-01 3.732861094758761489e-01
5.773159728052480084e-15 4.428857715430861930e+00 6.401606148983661482e-02 3.928200436105195870e-01 1.680942473537009596e-01 3.750696475459428525e-01
0.000000000000000000e+00 4.442885771543085838e+00 6.371468926294182600e-02 3.904573226942554265e-01 1.690983859115129107e-01 3.767296021312899201e-01
0.000000000000000000e+00 4.456913827655310634e+00 6.336082576412196965e-02 3.880417533070225633e-01 1.699930114191366137e-01 3.786044095097189088e-01
1.568631950165225053e+00 4.470941883767535430e+00 6.310134984426812865e-02 3.854990410207476681e-01 1.710124983089185702e-01 3.803871108260656886e-01
0.000000000000000000e+00 4.484969939879759337e+00 6.280476953932453976e-02 3.832970029690849212e-01 1.718546798601053027e-01 3.820435476314852918e-01
1.866163677372866630e-08 4.498997995991984133e+00 6.250205188440978443e-02 3.807997083571986741e-01 1.727986916091681369e-01 3.838995481492233908e-01
3.522855057812313007e+00 4.513026052104208041e+00 6.219061784511863145e-02 3.784398821936184043e-01 1.737691249468895915e-01 3.856003750143733866e-01
4.426406245846751908e+00 4.527054108216432837e+00 6.193540567928804141e-02 3.761158818984313701e-01 1.745865306776721027e-01 3.873621817446084026e-01
3.348343744241287112e+00 4.541082164328657633e+00 6.163447021366264683e-02 3.737358148915319034e-01 1.755037157991853336e-01 3.891259990956201231e-01
2.006292705532769283e+00 4.555110220440881541e+00 6.135922085945505478e-02 3.715293730110778014e-01 1.764623258283324336e-01 3.906490803011347102e-01
2.531308496177394510e-13 4.569138276553106337e+00 6.112330220298087258e-02 3.691470617652746200e-01 1.772345832880529992e-01 3.924950527436915637e-01
2.427867971698677962e+00 4.583166332665331133e+00 6.086975243927674611e-02 3.668599550212267579e-01 1.781577178862950861e-01 3.941125746532014307e-01
4.338459606929225387e+00 4.597194388777555041e+00 6.059716522841421260e-02 3.646697818196712459e-01 1.789912230991716202e-01 3.957418298527430323e-01
0.000000000000000000e+00 4.611222444889779837e+00 6.032700929598247552e-02 3.623449050136660632e-01 1.798348490954864987e-01 3.974932365948649626e-01
2.629159232877780639e+00 4.625250501002003745e+00 6.004711106727088354e-02 3.601859181694836431e-01 1.805978415259139880e-01 3.991691292373314992e-01
1.801703799511943593e+00 4.639278557114228541e+00 5.982376452368317471e-02 3.580218131410492499e-01 1.813316090848237916e-01 4.008228132504437213e-01
4.573486423703672976e+00 4.653306613226453337e+00 5.960182687394968704e-02 3.558568726901759627e-01 1.821734716446216096e-01 4.023678287912527129e-01
0.000000000000000000e+00 4.667334669338677244e+00 5.930522795025873484e-02 3.538560337720345061e-01 1.829842463681264908e-01 4.038544919095802821e-01
0.000000000000000000e+00 4.681362725450902040e+00 5.914563924237382919e-02 3.515301864328628234e-01 1.836962885361377307e-01 4.056278857886257416e-01
0.000000000000000000e+00 4.695390781563125948e+00 5.893092019666594517e-02 3.495069961762799493e-01 1.844681657561459132e-01 4.070939178709082618e-01
0.000000000000000000e+00 4.709418837675350744e+00 5.865753409026563253e-02 3.475200052433313758e-01 1.850967881975633667e-01 4.087256724688396736e-01
4.754945946151024394e+00 4.723446893787575540e+00 5.850586173425058323e-02 3.453865763447904191e-01 1.859322448312140386e-01 4.101753170897449730e-01
1.900147104970941747e+00 4.737474949899799448e+00 5.828934340670317155e-02 3.434262317890226512e-01 1.866554554120427867e-01 4.116289693922313697e-01
1.620053671215302375e-08 4.751503006012024244e+00 5.804672899711536826e-02 3.414627757616979786e-01 1.873189868256794899e-01 4.131715084155072604e-01
0.000000000000000000e+00 4.765531062124248152e+00 5.786764820709475871e-02 3.394518598698980649e-01 1.878968575163633414e-01 4.147836344066438419e-01
0.000000000000000000e+00 4.779559118236472948e+00 5.768001529149110324e-02 3.374764762874977730e-01 1.884795302083503710e-01 4.163639782126606348e-01
2.453578627333858009e+00 4.793587174348697744e+00 5.749141090373838248e-02 3.354811094260111703e-01 1.892477917695273570e-01 4.177796879007231179e-01
0.000000000000000000e+00 4.807615230460921651e+00 5.731844473508766746e-02 3.336353255666199003e-01 1.897601081572329873e-01 4.192861215410594866e-01
0.000000000000000000e+00 4.821643286573146447e+00 5.713420665054330660e-02 3.317615433482467568e-01 1.903441409492283021e-01 4.207601090519816345e-01
3.119544417819613447e+00 4.835671342685371243e+00 5.697786582788666454e-02 3.299432303591535720e-01 1.910732395946006523e-01 4.220056642183591111e-01
2.660471207744211346e-03 4.849699398797595151e+00 5.679022578858061027e-02 3.281605990364865888e-01 1.916626657197531836e-01 4.233865094551795272e-01
0.000000000000000000e+00 4.863727454909819947e+00 5.665060739674049328e-02 3.264916400887636905e-01 1.921636663729248407e-01 4.246940861415708923e-01
3.821023495000066994e+00 4.877755511022043855e+00 5.647206174150637414e-02 3.246979060602844802e-01 1.927713459627091730e-01 4.260586862355000282e-01
0.000000000000000000e+00 4.891783567134268651e+00 5.628760062548692628e-02 3.229223918928668668e-01 1.933138106531999689e-01 4.274761968284461755e-01
0.000000000000000000e+00 4.905811623246493447e+00 5.613827328739843386e-02 3.213516559045807020e-01 1.937287249881061990e-01 4.287813458199147831e-01
8.231326765211235005e-11 4.919839679358717355e+00 5.599991827792426269e-02 3.196639053312776979e-01 1.943190620686872094e-01 4.300171143221108716e-01
2.430431951359122156e+00 4.933867735470942151e+00 5.588642186451427130e-02 3.180111460062428064e-01 1.946907491202437002e-01 4.314116830089992916e-01
4.182024881058767463e+00 4.947895791583166059e+00 5.577251412677956127e-02 3.162870772025210275e-01 1.952740571223545718e-01 4.326663515483447631e-01
4.440892098500724769e-16 4.961923847695390855e+00 5.563326957809420353e-02 3.148718188191029776e-01 1.956864934122159727e-01 4.338084181905867420e-01
0.000000000000000000e+00 4.975951903807615651e+00 5.548341574689620581e-02 3.133221528333353656e-01 1.959855642466242498e-01 4.352088671731441649e-01
1.729615478833578024e+00 4.989979959919839558e+00 5.537377480203437008e-02 3.117161452173751734e-01 1.966486484791545863e-01 4.362614315014357591e-01
2.086857718549835816e+00 5.004008016032064354e+00 5.522916279235362547e-02 3.102565853967815257e-01 1.969205650384489859e-01 4.375936867724158352e-01
0.000000000000000000e+00 5.018036072144288262e+00 5.515266007777026164e-02 3.088435150121942030e-01 1.973757868614935129e-01 4.386280380485420571e-01
2.333734429023552430e-04 5.032064128256513058e+00 5.502310479094779661e-02 3.074866571020307138e-01 1.975810059165545585e-01 4.399092321904669034e-01
3.819478765685702104e+00 5.046092184368737854e+00 5.492099086331186930e-02 3.062053831043426988e-01 1.980175304952848658e-01 4.408560955370606771e-01
2.733128535303020357e+00 5.060120240480961762e+00 5.483168221770819833e-02 3.047339626129649259e-01 1.984326494950022224e-01 4.420017056743245631e-01
4.854802887638864028e+00 5.074148296593186558e+00 5.477462792183904194e-02 3.033385726931228099e-01 1.987481655338855235e-01 4.431386338511525969e-01
1.831931200697640261e+00 5.088176352705410466e+00 5.466099081849773444e-02 3.021913824384895864e-01 1.990521866158001529e-01 4.440954401272125263e-01
2.157631724179721822e+00 5.102204408817635262e+00 5.460602659444971363e-02 3.009378465634968691e-01 1.993470256949499975e-01 4.451091011471034475e-01
1.808060384436857939e-10 5.116232464929860058e+00 5.455427598736219824e-02 2.998205120172388050e-01 1.996567898435764876e-01 4.459684221518224190e-01
3.566710759304393186e+00 5.130260521042083965e+00 5.444657603618249103e-02 2.985876324247427327e-01 1.998737626103642695e-01 4.470920289287104721e-01
0.000000000000000000e+00 5.144288577154308761e+00 5.439654529561158830e-02 2.974267807461519753e-01 2.001070926640109437e-01 4.480695812942254719e-01
0.000000000000000000e+00 5.158316633266533557e+00 5.435325144206488990e-02 2.962927341877277798e-01 2.003592047030750278e-01 4.489948096671322331e-01
4.018774225091439334e+00 5.172344689378757465e+00 5.425786750240547268e-02 2.952770082955827879e-01 2.005334708172675784e-01 4.499316533847441679e-01
3.018989538423070940e+00 5.186372745490982261e+00 5.420687986155913601e-02 2.941156330493936988e-01 2.008386056345320969e-01 4.508388814545151169e-01
4.321612745096682140e+00 5.200400801603206169e+00 5.417663236061118215e-02 2.932002992658315210e-01 2.010988817314617039e-01 4.515241866420954819e-01
8.074474455013392341e-11 5.214428857715430965e+00 5.416684045230493738e-02 2.923148959006788283e-01 2.011198382187505962e-01 4.523984254282656381e-01
4.556488621464395372e+00 5.228456913827655761e+00 5.406954458792529589e-02 2.913168789507489809e-01 2.013730780105804086e-01 4.532404984507452661e-01
0.000000000000000000e+00 5.242484969939879669e+00 5.410060150007746371e-02 2.905320707729687202e-01 2.014781604538443127e-01 4.538891672731095173e-01
0.000000000000000000e+00 5.256513026052104465e+00 5.404431867102744980e-02 2.896578157300711553e-01 2.016013536585425647e-01 4.546965119403589273e-01
4.337665861527965738e+00 5.270541082164328373e+00 5.403993310492501145e-02 2.889333695837013605e-01 2.017058336408937835e-01 4.553208636704798584e-01
2.543789483734436454e-08 5.284569138276553169e+00 5.403158684165437764e-02 2.879907695628025621e-01 2.018257151802754501e-01 4.561519284152676934e-01
8.641555042878606519e-05 5.298597194388777964e+00 5.400392671420648633e-02 2.871011951356405301e-01 2.019402992700989885e-01 4.569545788800539743e-01
9.461694030088478868e-01 5.312625250501001872e+00 5.400103028136182121e-02 2.865105345737254394e-01 2.019236281014105683e-01 4.575648070435021086e-01
4.246309243767484531e+00 5.326653306613226668e+00 5.401174283772254558e-02 2.859836668532286241e-01 2.019340994602721873e-01 4.580704908487767124e-01
3.173447751788640810e-04 5.340681362725450576e+00 5.400710946820218988e-02 2.852118828542607454e-01 2.020908841006502088e-01 4.586901235768868768e-01
3.152430711563638226e-08 5.354709418837675372e+00 5.402819880406560527e-02 2.844852733176740922e-01 2.021762682175818338e-01 4.593102596606783994e-01
2.492734577637493842e+00 5.368737474949900168e+00 5.405851097397332966e-02 2.840074914975849740e-01 2.023417276828466116e-01 4.595922698455950361e-01
0.000000000000000000e+00 5.382765531062124076e+00 5.405542310572986064e-02 2.835031618201664383e-01 2.021324846319032253e-01 4.603089304422005590e-01
3.718193702053329552e+00 5.396793587174348872e+00 5.409003572346524069e-02 2.829819786235089341e-01 2.020098610127070982e-01 4.609181246403186716e-01
1.370903391746831296e-11 5.410821643286572780e+00 5.411512356189323442e-02 2.825049912341029978e-01 2.020844281650061858e-01 4.612954570389977138e-01
0.000000000000000000e+00 5.424849699398797576e+00 5.413702791996510832e-02 2.820206908283801606e-01 2.021072530807420387e-01 4.617350281709127757e-01
1.216227119755970645e-11 5.438877755511022372e+00 5.418789179766923120e-02 2.817224793901634272e-01 2.019083351245054003e-01 4.621812936876618649e-01
3.651047108197615465e+00 5.452905811623246279e+00 5.419836197365034136e-02 2.812182375216320529e-01 2.019863742505293991e-01 4.625970262541881928e-01
0.000000000000000000e+00 5.466933867735471075e+00 5.430707394166758850e-02 2.810294953187755240e-01 2.018843713747926483e-01 4.627790593647642114e-01
0.000000000000000000e+00 5.480961923847695871e+00 5.433908524796779438e-02 2.805545022090188967e-01 2.018169637368548985e-01 4.632894488061584104e-01
0.000000000000000000e+00 5.494989979959919779e+00 5.439888730348706181e-02 2.803446476858421077e-01 2.017422065446616841e-01 4.635142584660090215e-01
0.000000000000000000e+00 5.509018036072144575e+00 5.445512927762734268e-02 2.799865458503388305e-01 2.015821450888369004e-01 4.639761797831968293e-01
3.484250539614728304e+00 5.523046092184368483e+00 5.454579100289828897e-02 2.799092073167290806e-01 2.013162057427465568e-01 4.642287959376261153e-01
3.784945220728382687e+00 5.537074148296593279e+00 5.461981637824181446e-02 2.798155254048967921e-01 2.013150542390629849e-01 4.642496039777984640e-01
9.496813735183396582e-03 5.551102204408818075e+00 5.472799777352479328e-02 2.796184438151236296e-01 2.011795109829789818e-01 4.644740474283726162e-01
4.191719868870633192e+00 5.565130260521041983e+00 5.479728729681614119e-02 2.796001969949073462e-01 2.009481635213432316e-01 4.646543521869333504e-01
3.440102183825745103e-04 5.579158316633266779e+00 5.490233422277383812e-02 2.796186132270677693e-01 2.008372800256975343e-01 4.646417725244608721e-01
4.863213856893874087e+00 5.593186372745490686e+00 5.499226112563916635e-02 2.795597441592095334e-01 2.005230182291193042e-01 4.649249764860319267e-01
3.525470429925772198e+00 5.607214428857715482e+00 5.509502725811341733e-02 2.795255866164965686e-01 2.003051611614741212e-01 4.650742249639158721e-01
8.162085639799681047e-01 5.621242484969940278e+00 5.519504743378431111e-02 2.795197229866172584e-01 2.002212368937670572e-01 4.650639926858313178e-01
2.791681449133426973e+00 5.635270541082164186e+00 5.530974570791859224e-02 2.797470919469561834e-01 2.000264937107617824e-01 4.649166686343634836e-01
3.411280548098690524e+00 5.649298597194388982e+00 5.545535012757120408e-02 2.798452139175734987e-01 1.997458033791474630e-01 4.649536325757079314e-01
2.313615593708340246e+00 5.663326653306612890e+00 5.558612135025824130e-02 2.800395558347092417e-01 1.995056874399707691e-01 4.648686353750616784e-01
0.000000000000000000e+00 5.677354709418837686e+00 5.572125377436771415e-02 2.801693523661720753e-01 1.991395602263580367e-01 4.649698336331021253e-01
0.000000000000000000e+00 5.691382765531062482e+00 5.585346889294727502e-02 2.803173803688271959e-01 1.990033813528147844e-01 4.648257693854107031e-01
3.295938324377376993e+00 5.705410821643286390e+00 5.598042904690355565e-02 2.806779168418952475e-01 1.986033228327519218e-01 4.647383312784492126e-01
2.422307227554353570e+00 5.719438877755511186e+00 5.612495840310130490e-02 2.810021303616535571e-01 1.984878328161064909e-01 4.643850784191387859e-01
0.000000000000000000e+00 5.733466933867735094e+00 5.628026855983769838e-02 2.814270201156037765e-01 1.980142454216641812e-01 4.642784659028943439e-01
2.563094437754364144e-02 5.747494989979959890e+00 5.642852648856871989e-02 2.817845803781812708e-01 1.976648895586236021e-01 4.641220035746265182e-01
3.827946970154839867e+00 5.761523046092184686e+00 5.661638498430115324e-02 2.822271008241770129e-01 1.974595708383839188e-01 4.636969433531378804e-01
4.358844327507831018e+00 5.775551102204408593e+00 5.677386540261868120e-02 2.825735773545058893e-01 1.971174427579939770e-01 4.635351144848815497e-01
0.000000000000000000e+00 5.789579158316633389e+00 5.696800878470917318e-02 2.830540521400963794e-01 1.967618996426975797e-01 4.632160394324967845e-01
6.870876896437178007e-09 5.803607214428858185e+00 5.710298875170723848e-02 2.835825695481592468e-01 1.963516222605465045e-01 4.629628194395868923e-01
3.691862930287894695e+00 5.817635270541082093e+00 5.731226114353795559e-02 2.841849818845534337e-01 1.960073403430953876e-01 4.624954166288132718e-01
0.000000000000000000e+00 5.831663326653306889e+00 5.750584914211329807e-02 2.847629416824365434e-01 1.956491609376706242e-01 4.620820482377795413e-01
0.000000000000000000e+00 5.845691382765530797e+00 5.773893058606065221e-02 2.853488427041872000e-01 1.953027175707162943e-01 4.616095091390358673e-01
9.358518842576726610e-10 5.859719438877755593e+00 5.791663673980432248e-02 2.860007309201344494e-01 1.947806786831006443e-01 4.613019536569604728e-01
0.000000000000000000e+00 5.873747494989980389e+00 5.809120331324098968e-02 2.868241784912845538e-01 1.944569391154570837e-01 4.606276790800172272e-01
2.924438488531875713e+00 5.887775551102204297e+00 5.829789134334457251e-02 2.875596623740859781e-01 1.940037781272611062e-01 4.601386681553084057e-01
0.000000000000000000e+00 5.901803607214429093e+00 5.851355019274810665e-02 2.881910082490564684e-01 1.937023087366450402e-01 4.595931328215503431e-01
0.000000000000000000e+00 5.915831663326653000e+00 5.876486773346823594e-02 2.890827395122451682e-01 1.932340048852305703e-01 4.589183878690559215e-01
0.000000000000000000e+00 5.929859719438877796e+00 5.896709498314731124e-02 2.899624539004014845e-01 1.927187380849442744e-01 4.583517130315070132e-01
3.511258012705659763e-10 5.943887775551102592e+00 5.924846884719645046e-02 2.907786882794480277e-01 1.922736902628140454e-01 4.576991526105413377e-01
3.917018323371547428e+00 5.957915831663326500e+00 5.944807151878184898e-02 2.915079821389078285e-01 1.918513303743296650e-01 4.571926159679807200e-01
4.530843551918142253e+00 5.971943887775551296e+00 5.967525692798998638e-02 2.926819940779731843e-01 1.913990221257082236e-01 4.562437268683284808e-01
0.000000000000000000e+00 5.985971943887775204e+00 5.994975151815713776e-02 2.935452562098980200e-01 1.908381631884769614e-01 4.556668290834677837e-01
4.563345812843909499e+00 6.000000000000000000e+00 6.023005163299843118e-02 2.947265089800211180e-01 1.903925979878472174e-01 4.546508413991332542e-01
