# Y X a0 a1 a2 a3
1.331790025314576464e+00 -1.000000000000000000e+00 1.694733287985929759e-01 6.764461271822959088e-01 1.531387510158914445e-01 9.417930032196909123e-04
1.193115106374653234e+00 -9.859719438877755371e-01 1.716837507759440828e-01 6.751321083540903212e-01 1.522443385608352739e-01 9.398023091301598367e-04
0.000000000000000000e+00 -9.719438877755510742e-01 1.739565767079884751e-01 6.736714874537444997e-01 1.514338734378966878e-01 9.380624003702890375e-04
2.069275825174795802e+00 -9.579158316633266113e-01 1.764007085334714786e-01 6.721900999803928078e-01 1.504721591675863557e-01 9.370323185493416047e-04
1.717801044660510534e+00 -9.438877755511021483e-01 1.787855148679246831e-01 6.706192391599686831e-01 1.496593093452638079e-01 9.359366268427274154e-04
0.000000000000000000e+00 -9.298597194388777964e-01 1.811029778444949723e-01 6.692491923868936210e-01 1.487129562494363677e-01 9.348735191750556133e-04
0.000000000000000000e+00 -9.158316633266533335e-01 1.835585941306883406e-01 6.676073853060430219e-01 1.479000729790150015e-01 9.339475842536248311e-04
0.000000000000000000e+00 -9.018036072144288706e-01 1.861137233298388038e-01 6.660541425257602288e-01 1.468992027533897737e-01 9.329313910112102971e-04
1.064476864531279876e+00 -8.877755511022044077e-01 1.885718938924525190e-01 6.645813239126459049e-01 1.459147828863543161e-01 9.319993085473351211e-04
3.614131107202029347e-01 -8.737474949899799448e-01 1.911896919582116716e-01 6.626818413043668032e-01 1.451962763014582880e-01 9.321904359632629446e-04
1.980830274555320514e-01 -8.597194388777554819e-01 1.936262279574945122e-01 6.611234678991969593e-01 1.443189275733090526e-01 9.313765699995075900e-04
0.000000000000000000e+00 -8.456913827655310190e-01 1.963898447708973816e-01 6.593513779553777931e-01 1.433273349851945377e-01 9.314422885302193469e-04
0.000000000000000000e+00 -8.316633266533066671e-01 1.989356627289976254e-01 6.576453436014998433e-01 1.424868558181312250e-01 9.321378513713292130e-04
2.459228625749339425e+00 -8.176352705410820931e-01 2.016684012659091529e-01 6.557607805774586796e-01 1.416383290855244281e-01 9.324890711078931155e-04
7.066490104081043500e-01 -8.036072144288577412e-01 2.043139475213422707e-01 6.540409990695406073e-01 1.407121957000382062e-01 9.328577090789843748e-04
7.100508956691984341e-01 -7.895791583166332783e-01 2.070423383739396772e-01 6.523275570886570840e-01 1.396960142699651131e-01 9.340902674381664980e-04
1.096964610785398753e+00 -7.755511022044088154e-01 2.097609210174888050e-01 6.503887745961725031e-01 1.389149733685830224e-01 9.353310177555859218e-04
0.000000000000000000e+00 -7.615230460921843525e-01 2.124797223285088688e-01 6.485659547866282626e-01 1.380180597718347335e-01 9.362631130280191314e-04
0.000000000000000000e+00 -7.474949899799598896e-01 2.153766859993690996e-01 6.466280517106691716e-01 1.370579417335479888e-01 9.373205564138618754e-04
1.308929844730390535e+00 -7.334669338677355377e-01 2.181942740408711889e-01 6.447115076696177116e-01 1.361549962522959345e-01 9.392220372152936458e-04
0.000000000000000000e+00 -7.194388777555109638e-01 2.209831613984238607e-01 6.427275876163182078e-01 1.353476507324222755e-01 9.416002528356149769e-04
1.275961280900269612e+00 -7.054108216432866119e-01 2.239097611622431205e-01 6.407531466776000828e-01 1.343936221269245446e-01 9.434700332322891719e-04
1.844763708924751278e+00 -6.913827655310621489e-01 2.266595195077339697e-01 6.388125045378356681e-01 1.335828371223883870e-01 9.451388320419962718e-04
2.110633659575601673e+00 -6.773547094188376860e-01 2.296206812963593746e-01 6.368111123942350460e-01 1.326202375453498783e-01 9.479687640557383707e-04
0.000000000000000000e+00 -6.633266533066132231e-01 2.326855579396019391e-01 6.346467745985147069e-01 1.317173225093426769e-01 9.503449525405917525e-04
1.298471729069574421e+00 -6.492985971943887602e-01 2.355924892718599672e-01 6.326495225890990115e-01 1.308045698336451623e-01 9.534183053958485143e-04
3.846961082667378351e-01 -6.352705410821642973e-01 2.385657544916899575e-01 6.305240386394281860e-01 1.299538718073123822e-01 9.563350615695164099e-04
7.040127634066940532e-01 -6.212424849699398344e-01 2.415928958345875122e-01 6.282697956416343210e-01 1.291771882402086846e-01 9.601202835695805396e-04
1.208113082480462008e+00 -6.072144288577154825e-01 2.446668558891865741e-01 6.260943189248709961e-01 1.282747076625074811e-01 9.641175234348404056e-04
8.762378354202950970e-01 -5.931863727454909085e-01 2.476050277310313241e-01 6.241053753481428101e-01 1.273223492754362862e-01 9.672476453896176884e-04
0.000000000000000000e+00 -5.791583166332665567e-01 2.507034267733689314e-01 6.218101657199857080e-01 1.265149761534811179e-01 9.714313531643436117e-04
2.159969833515460902e+00 -5.651302605210420937e-01 2.538786873073014538e-01 6.194621709857228709e-01 1.256835699870099687e-01 9.755717199657165488e-04
6.850274999004746235e-01 -5.511022044088176308e-01 2.569670692336772921e-01 6.172437773200161182e-01 1.248084545155213748e-01 9.806989307851255236e-04
1.936710970895675066e-01 -5.370741482965931679e-01 2.601321859069792297e-01 6.147974435304088825e-01 1.240843719515027227e-01 9.859986111090872449e-04
2.223713804503207214e+00 -5.230460921843687050e-01 2.632376438257683082e-01 6.126063330164009946e-01 1.231657385600601756e-01 9.902845977705270007e-04
0.000000000000000000e+00 -5.090180360721443531e-01 2.663831429939464979e-01 6.101515496586492615e-01 1.224699073237755370e-01 9.954000236286151410e-04
0.000000000000000000e+00 -4.949899799599197792e-01 2.695828447618674462e-01 6.078675920832078416e-01 1.215487296523710264e-01 1.000833502553651055e-03
2.880511742344957327e+00 -4.809619238476954273e-01 2.727161585967012303e-01 6.054677623930726504e-01 1.208095438106951552e-01 1.006535199530912651e-03
0.000000000000000000e+00 -4.669338677354709644e-01 2.758864819688869874e-01 6.031544108930197989e-01 1.199463294451423440e-01 1.012777692950891191e-03
2.498284767832562814e+00 -4.529058116232465014e-01 2.792492613085167386e-01 6.005268452829638504e-01 1.192049820208976180e-01 1.018911387621731536e-03
2.130024753827508111e+00 -4.388777555110220385e-01 2.822022278716888044e-01 5.983302775164466292e-01 1.184418621609187317e-01 1.025632450945885947e-03
5.399538484510066905e-01 -4.248496993987975756e-01 2.854507835723070763e-01 5.959483172675749119e-01 1.175688824676934807e-01 1.032016692424598311e-03
2.742213495869608497e+00 -4.108216432865731127e-01 2.886995127303844111e-01 5.933392764551107534e-01 1.169215852174716463e-01 1.039625597033199973e-03
0.000000000000000000e+00 -3.967935871743486498e-01 2.917041064619115831e-01 5.911214428825664058e-01 1.161272896110270708e-01 1.047161044494892591e-03
1.630702532698751761e-01 -3.827655310621242979e-01 2.949077771767160683e-01 5.886130898425461222e-01 1.154238621723140124e-01 1.055270808423983218e-03
9.233621917353208586e-01 -3.687374749498998350e-01 2.982684827314738829e-01 5.859824789612704254e-01 1.146859278731227061e-01 1.063110434133034566e-03
5.391700313291318825e-01 -3.547094188376753721e-01 3.013744685581222216e-01 5.836320098094290865e-01 1.139225115434963354e-01 1.071010088952388268e-03
0.000000000000000000e+00 -3.406813627254509091e-01 3.046865417779577867e-01 5.808732151271583932e-01 1.133598531558329958e-01 1.080389939050793247e-03
5.591958027440191437e-01 -3.266533066132264462e-01 3.079416067857365102e-01 5.783887094652612193e-01 1.125803345155074603e-01 1.089349233494814285e-03
2.696838865850117450e+00 -3.126252505010019833e-01 3.108474934676687118e-01 5.761210009576883673e-01 1.119318910672800066e-01 1.099614507362829110e-03
4.380478612134246219e-02 -2.985971943887775204e-01 3.143357106051884453e-01 5.733167743879545863e-01 1.112387597384379562e-01 1.108755268419077443e-03
0.000000000000000000e+00 -2.845691382765530575e-01 3.172207432313119968e-01 5.709776931149629364e-01 1.106824550071839747e-01 1.119108646541116386e-03
1.783481013470048060e+00 -2.705410821643285946e-01 3.204085765912189632e-01 5.685033832932484543e-01 1.099585181953790097e-01 1.129521920153496450e-03
2.248175128273341983e+00 -2.565130260521042427e-01 3.237226488947492764e-01 5.657700433016774610e-01 1.093668738305171584e-01 1.140433973056014395e-03
1.702094460670698250e+00 -2.424849699398797798e-01 3.267996515987410810e-01 5.632290689918525439e-01 1.088191407845514880e-01 1.152138624854944079e-03
2.621938422717302153e+00 -2.284569138276553169e-01 3.300213655617238451e-01 5.606954069184292289e-01 1.081201078869598736e-01 1.163119632886990646e-03
2.637698611912827840e+00 -2.144288577154308539e-01 3.331229526713001543e-01 5.581073918968295633e-01 1.075947748055555708e-01 1.174880626314805682e-03
0.000000000000000000e+00 -2.004008016032063910e-01 3.360648016878828859e-01 5.557211312774137379e-01 1.070258587770525210e-01 1.188208257650910215e-03
1.151493676603366101e+00 -1.863727454909819281e-01 3.392009133197167459e-01 5.530906631926992834e-01 1.065076160027722402e-01 1.200807484811643872e-03
0.000000000000000000e+00 -1.723446893787574652e-01 3.422888680616648083e-01 5.505036739711695049e-01 1.059925950939896999e-01 1.214862873175881356e-03
2.324232372771616595e-01 -1.583166332665331133e-01 3.453193681730478137e-01 5.479802357732529439e-01 1.054717895463624655e-01 1.228606507336759768e-03
1.827797609801901757e+00 -1.442885771543086504e-01 3.480365229737548693e-01 5.458152181454296592e-01 1.049051312770857280e-01 1.243127603729698733e-03
1.154271513147692607e+00 -1.302605210420841875e-01 3.513367584054472581e-01 5.429158396777118423e-01 1.044896642327801384e-01 1.257737684060744772e-03
0.000000000000000000e+00 -1.162324649298597246e-01 3.540561315117988772e-01 5.406194571490741119e-01 1.040496033419506250e-01 1.274807997176354273e-03
5.907041043899855515e-01 -1.022044088176352616e-01 3.570645985272644651e-01 5.380481373436194481e-01 1.035969952454977167e-01 1.290268883618465087e-03
3.101960665230596881e+00 -8.817635270541079873e-02 3.598996098380897735e-01 5.356740731919963361e-01 1.031208448776882031e-01 1.305472092225574846e-03
2.814821182025983859e+00 -7.414829659318633581e-02 3.628022625096947729e-01 5.332174294546695448e-01 1.026562329242095700e-01 1.324075111426017146e-03
1.587405810078060586e+00 -6.012024048096187290e-02 3.657478060281629251e-01 5.305459421535168030e-01 1.023638418235432446e-01 1.342409994777017191e-03
1.330393026331579964e+00 -4.609218436873740998e-02 3.684111875214450271e-01 5.282990052039102657e-01 1.019288371616685757e-01 1.360970112976011550e-03
1.654108609692664465e-03 -3.206412825651305809e-02 3.710271139450335709e-01 5.260289779070579375e-01 1.015642425616780919e-01 1.379665586230549319e-03
6.889707777628089058e-01 -1.803607214428859518e-02 3.738548027977194321e-01 5.235443313313583591e-01 1.012014212764316551e-01 1.399444594490510544e-03
1.785621927129008357e+00 -4.008016032064132261e-03 3.767267953531082125e-01 5.209363830807896001e-01 1.009174510397947838e-01 1.419370526307348924e-03
2.149511528166304419e+00 1.002004008016044168e-02 3.792175737893255238e-01 5.187688617156234194e-01 1.005723691116767876e-01 1.441195383374203410e-03
2.695855537028893689e+00 2.404809619238479357e-02 3.818026880413508684e-01 5.164296637668861489e-01 1.003047356441373050e-01 1.462912547625702837e-03
0.000000000000000000e+00 3.807615230460914546e-02 3.844167688906157121e-01 5.140470749845353904e-01 1.000501407298188955e-01 1.486015395029972744e-03
2.490794612621371584e+00 5.210420841683371940e-02 3.867041133079204274e-01 5.120248316418315460e-01 9.976016548324120881e-02 1.510889567006641144e-03
0.000000000000000000e+00 6.613226452905807129e-02 3.891963084357740743e-01 5.096371745597729763e-01 9.963178424263260946e-02 1.534732761820255340e-03
4.594832398308843630e-02 8.016032064128264523e-02 3.917256009570235231e-01 5.073278524321774841e-01 9.938665176704118698e-02 1.559894843757772889e-03
3.190477320173723097e+00 9.418837675350699712e-02 3.940852708462342924e-01 5.051249976191075630e-01 9.920483136044357109e-02 1.584900174214566148e-03
2.814631146013735652e+00 1.082164328657315711e-01 3.964017001016613140e-01 5.029722659119332251e-01 9.901383487746440171e-02 1.612199108940942345e-03
1.668852839633996110e+00 1.222444889779559229e-01 3.985770915357731980e-01 5.008231630936629264e-01 9.895967711699353575e-02 1.640068253570282127e-03
2.432366334698696342e+00 1.362725450901802748e-01 4.007571442093543768e-01 4.987449135968162195e-01 9.882902675642042667e-02 1.668915437408680005e-03
0.000000000000000000e+00 1.503006012024048488e-01 4.030181859358614171e-01 4.965321577383186580e-01 9.874921750516137131e-02 1.700438820658612543e-03
1.884253963165463952e-01 1.643286573146292007e-01 4.050655669559444783e-01 4.945561642598219065e-01 9.864749689944726785e-02 1.730771884786417615e-03
1.458502389407359545e-01 1.783567134268537746e-01 4.072721410214360516e-01 4.923373672988755057e-01 9.862681480360338537e-02 1.763676876085080395e-03
2.608386709285356098e+00 1.923847695390781265e-01 4.089481041831206087e-01 4.905597334518959074e-01 9.869380158692897531e-02 1.798360778054525037e-03
1.812833995096689410e+00 2.064128256513027004e-01 4.109884485400908671e-01 4.885914779004972841e-01 9.858868914625325275e-02 1.831384413158765150e-03
1.623051299895021504e+00 2.204408817635270523e-01 4.128220116046504851e-01 4.866927320511943988e-01 9.861808839709224062e-02 1.867167947062839698e-03
2.146072231619022386e+00 2.344689378757514042e-01 4.144777955217663901e-01 4.849429029975140804e-01 9.867362850049674061e-02 1.905672980222824532e-03
2.535298932298631236e+00 2.484969939879759782e-01 4.164663232546224614e-01 4.828280389966648212e-01 9.876097919309621831e-02 1.944658555616492852e-03
4.956419574883080825e-01 2.625250501002003300e-01 4.180945769398060619e-01 4.810700512501969728e-01 9.885069021003700662e-02 1.984681599959966115e-03
2.433289981645662348e+00 2.765531062124249040e-01 4.196718215970268728e-01 4.793461298611292332e-01 9.895577281674873549e-02 2.026275725095292527e-03
3.023526658312081228e+00 2.905811623246492559e-01 4.211775317408660291e-01 4.775297358517247015e-01 9.922455766102915298e-02 2.068174746380329384e-03
8.300166325154226254e-02 3.046092184368738298e-01 4.226551287485040831e-01 4.758368234038123923e-01 9.939369013607657344e-02 2.114357711606932536e-03
2.077037434571474606e+00 3.186372745490981817e-01 4.239283064055249239e-01 4.742750989483259239e-01 9.963644445254010718e-02 2.160150193609131769e-03
9.227717764886116114e-02 3.326653306613227556e-01 4.252811787289969003e-01 4.726894846372782233e-01 9.982201550803601608e-02 2.207321125688820398e-03
0.000000000000000000e+00 3.466933867735471075e-01 4.265887363983304481e-01 4.710636722065484894e-01 1.000905568082898628e-01 2.257034586831199296e-03
3.318410451011033935e+00 3.607214428857714594e-01 4.279817831152486485e-01 4.693100999019478303e-01 1.003965964575109920e-01 2.311520525292511379e-03
2.028045495137683396e+00 3.747494989979960334e-01 4.289381321354112653e-01 4.679632351583454253e-01 1.007343494985046689e-01 2.364283207738747655e-03
1.625554505642620162e+00 3.887775551102203853e-01 4.299459278854867450e-01 4.664932145951339315e-01 1.011400671608289475e-01 2.420790358550214180e-03
1.463544228815280679e+00 4.028056112224449592e-01 4.310003594473718613e-01 4.649929348963693920e-01 1.015303739652492626e-01 2.476331691009487496e-03
7.384171924605067439e-01 4.168336673346693111e-01 4.318546644070609397e-01 4.636524750352790103e-01 1.019528982778793169e-01 2.539962279780857979e-03
1.039045092553193550e+00 4.308617234468938850e-01 4.327415690263951009e-01 4.622431179886617447e-01 1.024133463576268888e-01 2.601966627316250856e-03
3.731706626483011213e+00 4.448897795591182369e-01 4.334975882312832596e-01 4.609298871026251687e-01 1.029057928559323348e-01 2.666731810159076854e-03
2.949279432622383457e+00 4.589178356713428109e-01 4.340641028620232933e-01 4.597557323552080577e-01 1.034465429622494631e-01 2.733621820519169417e-03
2.974430947855522422e+00 4.729458917835671627e-01 4.347188687436617793e-01 4.584632366559791561e-01 1.040154802748466945e-01 2.802414325512337604e-03
2.697139255353490306e+00 4.869739478957915146e-01 4.352697914377661736e-01 4.572232508467009016e-01 1.046287015433008810e-01 2.878256172231870736e-03
3.378399008561811634e+00 5.010020040080160886e-01 4.355342200436992939e-01 4.563305479933489894e-01 1.051831145338296830e-01 2.952117429121917883e-03
3.747242447078074079e+00 5.150300601202404405e-01 4.359255981517342615e-01 4.551668949541861076e-01 1.058738618369170909e-01 3.033645057162391752e-03
7.864704770391335309e-01 5.290581162324650144e-01 4.362452495412302844e-01 4.540742994668153232e-01 1.065687331196890908e-01 3.111717872265144617e-03
2.732089056500055069e+00 5.430861723446893663e-01 4.363351389870513408e-01 4.530418769466577622e-01 1.074255754623001796e-01 3.197408603990679627e-03
2.476061044688053769e+00 5.571142284569139402e-01 4.364948085930939747e-01 4.520404578211102975e-01 1.081792663579750624e-01 3.285467227820626761e-03
3.624543036371425053e+00 5.711422845691382921e-01 4.364621962417138956e-01 4.511213028186401020e-01 1.090350231140963522e-01 3.381477825549534470e-03
4.082524781900934485e+00 5.851703406813626440e-01 4.362997230185530206e-01 4.503126215606181870e-01 1.099143990321913705e-01 3.473256388637173311e-03
1.166747968817773567e-01 5.991983967935872180e-01 4.362561681913713074e-01 4.493333534244901561e-01 1.108383282292250277e-01 3.572150154913396845e-03
1.514834429305897512e+00 6.132264529058115698e-01 4.359320491971470091e-01 4.485720616602265065e-01 1.118154399810498689e-01 3.680449161576671447e-03
3.991754069289469520e+00 6.272545090180361438e-01 4.356786950220222221e-01 4.477714963391621894e-01 1.127646902695829678e-01 3.785118369232560835e-03
4.207060064644640440e-01 6.412825651302604957e-01 4.349164367507762918e-01 4.473115346006265591e-01 1.138722101827553401e-01 3.899818465841863122e-03
1.166742438649808200e+00 6.553106212424850696e-01 4.348089761247078688e-01 4.463205525666276152e-01 1.148557043817131501e-01 4.014766926951203636e-03
2.441808282661027896e+00 6.693386773547094215e-01 4.339918536826979922e-01 4.457787839158642851e-01 1.160913304490534398e-01 4.138031952384332336e-03
3.670227671457488405e+00 6.833667334669337734e-01 4.334774452350381724e-01 4.449741573882193824e-01 1.172797427778398127e-01 4.268654598902511116e-03
2.950610048455359014e+00 6.973947895791583473e-01 4.327238622721868433e-01 4.444920238090563358e-01 1.183862399881578514e-01 4.397873930598920032e-03
3.003246363280291931e+00 7.114228456913826992e-01 4.316498509750779644e-01 4.439850118324722983e-01 1.198321607531267624e-01 4.532976439323064231e-03
3.696459088753079603e-01 7.254509018036072732e-01 4.307389794048859799e-01 4.434324553491157395e-01 1.211519623314670085e-01 4.676602914531264275e-03
2.420210664100467923e+00 7.394789579158316251e-01 4.295881732641771422e-01 4.430168542951642974e-01 1.225698728178606922e-01 4.825099622797828294e-03
1.275520160516396162e+00 7.535070140280561990e-01 4.285262698316881780e-01 4.425047276686396858e-01 1.239889884413017535e-01 4.980014058370245758e-03
2.898311912501956300e+00 7.675350701402805509e-01 4.271899018861526898e-01 4.421018392876348568e-01 1.255652168642483191e-01 5.143041961964054526e-03
3.152687166568450383e+00 7.815631262525051248e-01 4.260175372406802552e-01 4.415235912869823198e-01 1.271491546806430839e-01 5.309716791694370566e-03
1.843309524631415730e+00 7.955911823647294767e-01 4.243470505357215816e-01 4.413222573446086150e-01 1.288445099319927289e-01 5.486182187677074440e-03
4.075732079109906092e-01 8.096192384769538286e-01 4.226604784547418614e-01 4.410516270162178620e-01 1.306165845172805318e-01 5.671310011759716184e-03
6.060701356786101224e-01 8.236472945891784025e-01 4.212178934580216860e-01 4.406077153428391568e-01 1.323160222874417147e-01 5.858368911697480613e-03
3.827628699501520515e+00 8.376753507014027544e-01 4.194146251694091942e-01 4.404495632589833787e-01 1.340777031043054457e-01 6.058108467301943217e-03
1.419734172174712317e+00 8.517034068136273284e-01 4.176283859064965909e-01 4.402008468661098295e-01 1.359104411629825093e-01 6.260326064411029547e-03
1.338998254154138756e+00 8.657314629258516803e-01 4.156653473544043020e-01 4.398503447847292858e-01 1.380060978888818790e-01 6.478209971984666762e-03
1.926785451394943616e+00 8.797595190380762542e-01 4.136044367616708017e-01 4.396378591776203271e-01 1.400555715970247250e-01 6.702132463684171322e-03
3.511940470509507861e+00 8.937875751503006061e-01 4.114906652902562412e-01 4.394391121734647632e-01 1.421302067172221795e-01 6.940015819056650527e-03
7.634682453102930033e-01 9.078156312625251800e-01 4.093869550923113221e-01 4.391977488999500578e-01 1.442351420500204151e-01 7.180153957718217114e-03
3.219640253718960565e+00 9.218436873747495319e-01 4.067731686071938690e-01 4.392758774125359866e-01 1.465158562558830091e-01 7.435097724387095333e-03
3.682989158742362878e+00 9.358717434869738838e-01 4.045367517356490139e-01 4.388698811269798328e-01 1.488855454351127872e-01 7.707821702258145849e-03
6.841237255431382724e-01 9.498997995991984578e-01 4.021243319872022659e-01 4.385867648827987408e-01 1.513059641221568552e-01 7.982939007842134588e-03
1.095896453934383397e+00 9.639278557114228096e-01 3.993283265927679571e-01 4.386324053735708994e-01 1.537671357100112435e-01 8.272132323649960747e-03
1.537984532962167084e+00 9.779559118236473836e-01 3.966739845363355110e-01 4.384789586215682711e-01 1.562778183680919031e-01 8.569238474004377271e-03
3.453039227716545589e+00 9.919839679358717355e-01 3.938972892905888146e-01 4.382177658165127276e-01 1.589971301549473193e-01 8.887814737951178420e-03
2.359868018681722468e+00 1.006012024048096087e+00 3.908792215407386750e-01 4.381586232114589308e-01 1.617480335893078380e-01 9.214121658494606529e-03
1.326528016967896573e+00 1.020040080160320883e+00 3.879478590070116750e-01 4.380385525116562984e-01 1.644673601344973646e-01 9.546228346834662037e-03
4.262792815603575036e+00 1.034068136272545235e+00 3.845689660945357247e-01 4.380850461793368011e-01 1.674490262894940962e-01 9.896961436633355466e-03
9.279877056786163259e-01 1.048096192384769587e+00 3.815470180291886670e-01 4.377237601007810119e-01 1.704600321309631683e-01 1.026918973906717353e-02
9.323060921712911231e-01 1.062124248496993939e+00 3.782076942302202149e-01 4.375254365034046411e-01 1.736113933953221111e-01 1.065547587105300162e-02
1.693723458348448840e+00 1.076152304609218291e+00 3.747916310858386280e-01 4.373081470464166842e-01 1.768348172694112763e-01 1.106540459833348609e-02
3.567558036169162339e+00 1.090180360721443087e+00 3.713255917578874299e-01 4.371255949707447686e-01 1.800717358272118929e-01 1.147707744415588267e-02
2.045114867988531593e+00 1.104208416833667439e+00 3.675887952735245046e-01 4.371430942618134696e-01 1.833688829166224277e-01 1.189922754803957386e-02
1.124389139289824868e+00 1.118236472945891791e+00 3.639668394130664564e-01 4.366717070921904975e-01 1.869989074446347654e-01 1.236254605010810026e-02
3.122063544516757716e+00 1.132264529058116143e+00 3.603194697881505482e-01 4.363538474734019457e-01 1.904832197564506335e-01 1.284346298199688999e-02
3.458725266261239106e+00 1.146292585170340494e+00 3.564576357918249339e-01 4.359128528316161821e-01 1.943121891942739821e-01 1.331732218228485511e-02
3.262610398231741371e+00 1.160320641282565290e+00 3.523612643858845539e-01 4.357461240650716272e-01 1.980604970181216451e-01 1.383211453092219982e-02
3.168753303070160676e+00 1.174348697394789642e+00 3.482961335802909897e-01 4.353602388198709594e-01 2.019720813511277913e-01 1.437154624871028741e-02
9.521641847912194478e-01 1.188376753507013994e+00 3.442150236982957079e-01 4.350127592817726874e-01 2.058574658117685030e-01 1.491475120816314510e-02
1.505372429034106840e+00 1.202404809619238346e+00 3.398333278292393067e-01 4.345504343929839086e-01 2.101199626380574892e-01 1.549627513971929549e-02
3.442948442708433809e+00 1.216432865731463142e+00 3.356779350054827082e-01 4.340135443067488219e-01 2.142195876110742359e-01 1.608893307669420972e-02
1.977941751442837237e+00 1.230460921843687494e+00 3.312234316595842332e-01 4.333941776148011460e-01 2.186822385849842010e-01 1.670015214063041986e-02
1.333274781807982645e+00 1.244488977955911846e+00 3.269196604248663651e-01 4.326375934660507960e-01 2.230774372455193166e-01 1.736530886356345282e-02
2.231038280928048234e+00 1.258517034068136198e+00 3.223963201381529475e-01 4.319539155163859556e-01 2.276002975272779782e-01 1.804946681818304227e-02
3.956099773143926690e+00 1.272545090180360550e+00 3.174897529599511881e-01 4.313879574577273446e-01 2.323825638279460037e-01 1.873972575437548790e-02
3.471483204846089521e+00 1.286573146292585346e+00 3.128600810197643134e-01 4.304581975490385792e-01 2.372128271571223856e-01 1.946889427407465234e-02
2.999255193976826828e+00 1.300601202404809698e+00 3.081146785402346655e-01 4.296787558908111704e-01 2.419954063540311340e-01 2.021115921492307524e-02
2.468395114295252490e+00 1.314629258517034049e+00 3.033213139089698251e-01 4.287178007617468700e-01 2.469710064175769104e-01 2.098987891170637013e-02
4.062134726633933823e+00 1.328657314629258401e+00 2.984237249378232648e-01 4.275968772399623696e-01 2.521627374084851603e-01 2.181666041372913589e-02
1.565924235272614595e+00 1.342685370741483197e+00 2.935318841567178261e-01 4.264141393454149997e-01 2.573877481573015880e-01 2.266622834056561744e-02
1.569258426024030761e+00 1.356713426853707549e+00 2.884473704696867147e-01 4.251711277068646599e-01 2.628658203380239144e-01 2.351568148542476297e-02
9.184948997155442107e-01 1.370741482965931901e+00 2.833610777507890588e-01 4.237802104381205304e-01 2.684264001101072106e-01 2.443231170098326271e-02
3.759859917234043003e+00 1.384769539078156253e+00 2.782297557640754926e-01 4.226078794510645387e-01 2.737960742154533778e-01 2.536629056940672283e-02
4.772500370436619122e+00 1.398797595190380605e+00 2.729943519185086820e-01 4.211577813542763948e-01 2.794911705744924091e-01 2.635669615272253144e-02
3.301212117144220581e+00 1.412825651302605401e+00 2.678053133722816948e-01 4.193617963742652388e-01 2.854859026062881999e-01 2.734698764716477978e-02
1.619281195400056550e+00 1.426853707414829753e+00 2.627673382478686315e-01 4.175416381549988953e-01 2.912958722326833283e-01 2.839515136444906163e-02
4.290095718659184598e+00 1.440881763527054105e+00 2.573978321143517989e-01 4.157661307824956354e-01 2.973533279286215691e-01 2.948270917453093415e-02
4.136775846725543992e+00 1.454909819639278457e+00 2.519702831137591303e-01 4.139112570612320519e-01 3.035310957573928436e-01 3.058736406761599150e-02
4.751330758972836854e+00 1.468937875751502808e+00 2.467193078131581230e-01 4.118112625627420864e-01 3.097454376403883658e-01 3.172399198371138318e-02
2.369207207420754635e+00 1.482965931863727604e+00 2.413083272580990868e-01 4.098267754179941158e-01 3.159299561483639995e-01 3.293494117554266604e-02
3.222637434602277473e+00 1.496993987975951956e+00 2.360178008518485637e-01 4.073056946329217665e-01 3.225318827375580066e-01 3.414462177767171869e-02
3.209225341743321192e+00 1.511022044088176308e+00 2.307112728478015740e-01 4.049755043152064027e-01 3.288919278306616234e-01 3.542129500633039996e-02
4.042519022948666496e+00 1.525050100200400660e+00 2.252246086148583237e-01 4.024604309366740518e-01 3.355947621265047975e-01 3.672019832196286165e-02
1.434322772060006468e+00 1.539078156312625456e+00 2.197668592756523709e-01 3.997564782251582516e-01 3.424206401337742123e-01 3.805602236541530403e-02
1.437244078425693239e+00 1.553106212424849808e+00 2.143207647665054671e-01 3.972417174074234780e-01 3.489984116910028744e-01 3.943910613506816654e-02
4.682327966836663080e+00 1.567134268537074160e+00 2.090217167473159832e-01 3.942094746593814980e-01 3.558960262631449822e-01 4.087278233015749496e-02
1.858010650742473402e+00 1.581162324649298512e+00 2.036832579902749241e-01 3.910346662044749677e-01 3.629448428470332666e-01 4.233723295821683469e-02
3.364152371690295684e+00 1.595190380761522864e+00 1.982284053282439007e-01 3.879215367275347659e-01 3.700026788573070324e-01 4.384737908691428016e-02
4.121770122313204610e+00 1.609218436873747660e+00 1.930323044335401639e-01 3.846668029142047973e-01 3.769062610558427950e-01 4.539463159641225071e-02
2.496167885940973719e+00 1.623246492985972012e+00 1.875928186710980605e-01 3.814188579895975706e-01 3.840268898377713347e-01 4.696143350153302032e-02
3.338324685014080639e+00 1.637274549098196363e+00 1.823124673096031545e-01 3.776888562415585682e-01 3.914044883873228353e-01 4.859418806151547671e-02
3.470850399455685409e+00 1.651302605210420715e+00 1.770885710483893760e-01 3.740509782688685170e-01 3.986215215179584326e-01 5.023892916478373688e-02
3.620298293538561918e+00 1.665330661322645511e+00 1.720066993484806461e-01 3.703271177948330717e-01 4.057110876397259092e-01 5.195509521696037997e-02
4.868017717764271168e+00 1.679358717434869863e+00 1.669381394779419214e-01 3.664524235953964260e-01 4.128564979088827358e-01 5.375293901777882660e-02
2.518128256522820241e+00 1.693386773547094215e+00 1.617269780498456766e-01 3.623217218817486041e-01 4.203975358808882401e-01 5.555376418751746537e-02
1.327384520083629837e+00 1.707414829659318567e+00 1.566586600298522924e-01 3.584002730142107906e-01 4.275950679801464593e-01 5.734599897579052696e-02
3.259071479840735641e+00 1.721442885771542919e+00 1.516196672055803996e-01 3.541396793305802149e-01 4.349920370701396699e-01 5.924861639369964628e-02
3.228745996555401732e+00 1.735470941883767715e+00 1.467784374241024870e-01 3.496893250433934508e-01 4.423566151979532735e-01 6.117562233455069859e-02
2.012465222328609471e+00 1.749498997995992067e+00 1.418368219199890590e-01 3.453242048216256799e-01 4.497344162961854908e-01 6.310455696219977040e-02
3.393835643527119306e+00 1.763527054108216419e+00 1.370754860290973043e-01 3.407474861115851184e-01 4.571021832903324755e-01 6.507484456898531000e-02
1.891372706318460661e+00 1.777555110220440771e+00 1.323733727313331221e-01 3.361642580416558390e-01 4.643752631295308686e-01 6.708710609748021192e-02
1.312973363668687998e+00 1.791583166332665567e+00 1.276681261743874696e-01 3.313937997275193670e-01 4.717745838330900665e-01 6.916349026500309694e-02
1.659108798048651856e+00 1.805611222444889918e+00 1.231690598076307097e-01 3.265018597464675598e-01 4.790285231272847777e-01 7.130055731861699442e-02
3.881313866178791816e+00 1.819639278557114270e+00 1.187177755452022698e-01 3.215580862297853226e-01 4.863145460495786887e-01 7.340959217543385762e-02
3.584014918957774576e+00 1.833667334669338622e+00 1.144020317728481756e-01 3.166947655347891466e-01 4.932663154948714324e-01 7.563688719749131484e-02
3.157026543124162199e+00 1.847695390781562974e+00 1.101122389162546844e-01 3.114559242525846705e-01 5.005637486779080936e-01 7.786808815325256539e-02
2.473373554940212049e+00 1.861723446893787770e+00 1.059145354059116140e-01 3.064477903247674884e-01 5.075493428433445198e-01 8.008833142597633625e-02
3.699484228653957096e+00 1.875751503006012122e+00 1.018857412525188966e-01 3.012931936747116346e-01 5.144641031377747975e-01 8.235696193499468520e-02
4.657307941412489605e+00 1.889779559118236474e+00 9.780365172895906511e-02 2.959916897462167018e-01 5.215633058426488722e-01 8.464135268217541641e-02
1.866329947997101169e+00 1.903807615230460826e+00 9.394323470415311128e-02 2.906614489876971907e-01 5.283705105464396867e-01 8.702480576170998350e-02
4.693727454722826486e+00 1.917835671342685622e+00 9.006591901283991786e-02 2.853551774068880942e-01 5.351826626530096220e-01 8.939624092726243532e-02
3.530428710167911266e+00 1.931863727454909974e+00 8.640755639825624390e-02 2.800448412778014373e-01 5.418053099019127794e-01 9.174229242202946999e-02
1.102153387377746000e-05 1.945891783567134325e+00 8.283699002672480216e-02 2.745679502466078503e-01 5.484010472126935598e-01 9.419401251397374608e-02
6.512445627792023953e-08 1.959919839679358677e+00 7.932910036398013731e-02 2.692445638449212919e-01 5.547573544916952759e-01 9.666898129940326712e-02
2.660185002265087473e+00 1.973947895791583029e+00 7.593357124665971181e-02 2.638245319414951884e-01 5.611911755247358524e-01 9.905072128710923351e-02
3.155869831329771724e+00 1.987975951903807825e+00 7.267996277090015000e-02 2.583360999759560794e-01 5.674086012869042905e-01 1.015753359662395217e-01
4.568798777091247526e-10 2.002004008016032177e+00 6.946745531508566329e-02 2.528374711041725953e-01 5.735639636408768061e-01 1.041311099398649076e-01
4.306151521907207069e+00 2.016032064128256529e+00 6.640744106021945203e-02 2.474037587954314443e-01 5.795766642560054027e-01 1.066121358883437426e-01
4.361370379153947319e+00 2.030060120240480881e+00 6.340603019040834398e-02 2.420115688669627896e-01 5.853926375898728107e-01 1.091897633527560418e-01
1.659203406161322114e+00 2.044088176352705233e+00 6.052807212191989306e-02 2.365140460623281482e-01 5.911259012904467314e-01 1.118319805253051719e-01
2.041334586879623103e+00 2.058116232464930029e+00 5.771208139542603754e-02 2.312674690609178851e-01 5.966196300993532597e-01 1.144008194443029425e-01
1.602546818415380159e+00 2.072144288577154381e+00 5.507218654022274368e-02 2.259087981653156163e-01 6.019907649207840716e-01 1.170282503736777002e-01
3.267948589681373583e+00 2.086172344689378733e+00 5.246543349897554026e-02 2.204399767985294190e-01 6.074216157621475931e-01 1.196729739403475101e-01
1.674866078669132975e-06 2.100200400801603084e+00 4.997980637485428118e-02 2.151026632836257058e-01 6.125861878563114704e-01 1.223313424852085635e-01
1.056849202770059754e-02 2.114228456913827880e+00 4.760972451425673352e-02 2.098964528058051282e-01 6.175669742472260637e-01 1.249268484327121509e-01
4.784671040731948821e+00 2.128256513026052232e+00 4.531096766417153088e-02 2.046874379270332001e-01 6.224140451663645601e-01 1.275875492424306257e-01
3.839391634342514958e+00 2.142284569138276584e+00 4.309524010712265790e-02 1.993416308429425965e-01 6.272827091659549659e-01 1.302804198839797312e-01
2.294728877710835526e-10 2.156312625250500936e+00 4.096918211574757107e-02 1.943081845431201271e-01 6.316330952330542203e-01 1.330895381080781648e-01
3.764656119431308401e+00 2.170340681362725288e+00 3.895884417768678831e-02 1.892697576424752504e-01 6.360742404596780863e-01 1.356971577201598333e-01
4.579284486529841658e+00 2.184368737474950084e+00 3.699263770831894699e-02 1.843676220577907532e-01 6.401347089214377561e-01 1.385050313124525923e-01
2.506114599535123499e+00 2.198396793587174436e+00 3.514648840583097650e-02 1.793375006549310369e-01 6.443426999304215919e-01 1.411733110088164433e-01
2.152099928675600182e+00 2.212424849699398788e+00 3.335914661566392880e-02 1.744693238693653947e-01 6.482757908818055359e-01 1.438957386331650712e-01
2.708994839415896916e+00 2.226452905811623140e+00 3.162635079723703085e-02 1.696657285611898602e-01 6.521225500442050516e-01 1.465853705973681198e-01
2.321022662550086046e+00 2.240480961923847936e+00 3.000427697957652393e-02 1.649510375772230142e-01 6.556442772862358659e-01 1.494004081569646203e-01
4.109077059199512050e+00 2.254509018036072288e+00 2.845797769341614630e-02 1.603133615111370092e-01 6.591813943691374744e-01 1.520472664263093632e-01
4.849614485735693314e+00 2.268537074148296639e+00 2.694990715305788445e-02 1.556914760490202276e-01 6.625536883114829800e-01 1.548049284864388975e-01
4.147730691275745230e+00 2.282565130260520991e+00 2.553894603902426286e-02 1.512683921078205040e-01 6.655943666398941305e-01 1.575982952132611858e-01
2.230280771438819087e+00 2.296593186372745343e+00 2.420030414558710721e-02 1.469002413459380985e-01 6.684240047730803935e-01 1.604754497353943765e-01
3.111634461302074328e+00 2.310621242484970139e+00 2.290978728025924380e-02 1.425852034682918990e-01 6.713010792541974636e-01 1.632039299972513902e-01
2.265712250243610892e+00 2.324649298597194491e+00 2.168317417100312783e-02 1.383208356499508462e-01 6.741372845142667991e-01 1.658587056647791436e-01
4.051384913363442308e+00 2.338677354709418843e+00 2.050948249789655981e-02 1.341399326655299817e-01 6.765961627917255194e-01 1.687544220448479737e-01
6.199609665821566605e-06 2.352705410821643195e+00 1.940817900495216478e-02 1.301241378729391662e-01 6.789498802914245568e-01 1.715178028306842128e-01
4.601715296155498791e+00 2.366733466933867547e+00 1.835987377028948375e-02 1.262527077974514023e-01 6.811526340604864282e-01 1.742347843717728384e-01
4.168307449423162225e+00 2.380761523046092343e+00 1.735731166623569882e-02 1.222968275355630630e-01 6.833647449676477637e-01 1.769811158305535370e-01
8.667922105443494427e-05 2.394789579158316695e+00 1.640838260800709866e-02 1.184453801990097005e-01 6.853172732910163267e-01 1.798289639019669262e-01
3.657275576791134242e+00 2.408817635270541047e+00 1.551458247260240585e-02 1.148011974934548540e-01 6.871015333747765297e-01 1.825826866591661046e-01
4.711649469840516247e+00 2.422845691382765398e+00 1.464757176870751763e-02 1.111820599316432484e-01 6.887144864167646929e-01 1.854558818828845046e-01
4.726718392509900113e+00 2.436873747494990194e+00 1.385133449007074948e-02 1.076872618016047334e-01 6.902095765465522392e-01 1.882518271617723005e-01
4.392650049119545486e+00 2.450901803607214546e+00 1.308630399148281130e-02 1.042659136431021705e-01 6.915732842688102622e-01 1.910744980966048168e-01
2.204416289111435834e+00 2.464929859719438898e+00 1.235034910311792744e-02 1.008958184937035207e-01 6.929015333786778807e-01 1.938522990245006294e-01
0.000000000000000000e+00 2.478957915831663250e+00 1.166668371131462760e-02 9.765604602382550736e-02 6.940092151417208699e-01 1.966680551231389240e-01
4.799543190415604954e+00 2.492985971943887602e+00 1.101489810084656414e-02 9.448484212389060555e-02 6.950790113042666363e-01 1.994212484709961541e-01
4.856613938589502411e+00 2.507014028056112398e+00 1.039433675628572556e-02 9.140794870764371027e-02 6.959579560587784153e-01 2.022397584772921975e-01
3.262318117771072945e+00 2.521042084168336750e+00 9.815389284447102042e-03 8.845965256963223000e-02 6.964288114484482595e-01 2.052961466974724258e-01
4.019261785794794761e+00 2.535070140280561102e+00 9.261019929523878549e-03 8.543128537983850357e-02 6.972597023905721114e-01 2.080479923000654319e-01
1.747180958228727599e-01 2.549098196392785454e+00 8.736442772063401571e-03 8.260553577909471312e-02 6.977658303458872391e-01 2.108921911029546792e-01
4.105175781332722096e+00 2.563126252505010250e+00 8.248939991925824736e-03 7.987435186270111509e-02 6.982412206788727316e-01 2.136354874665002401e-01
4.374823447402026666e+00 2.577154308617234602e+00 7.780511113172782281e-03 7.720779080488347768e-02 6.984518954879876951e-01 2.165598025939561855e-01
4.250905179072857365e+00 2.591182364729458953e+00 7.342937240356081294e-03 7.459476975353256101e-02 6.987489999156023535e-01 2.193132930905090927e-01
6.249455796093660187e-09 2.605210420841683305e+00 6.935867383744059173e-03 7.212261107275233507e-02 6.985620395294880325e-01 2.223794820140155004e-01
0.000000000000000000e+00 2.619238476953907657e+00 6.538732572036249323e-03 6.966687953258524080e-02 6.988045857675392325e-01 2.249898021278393667e-01
4.870054416965782451e+00 2.633266533066132453e+00 6.169583744905781340e-03 6.728940137171883495e-02 6.986005038837000969e-01 2.279405109996752443e-01
4.769519766422403606e+00 2.647294589178356805e+00 5.817440029854920730e-03 6.498821314980177122e-02 6.983962716658620451e-01 2.307980751544813358e-01
3.176101384604127720e+00 2.661322645290581157e+00 5.492910489338068483e-03 6.275495446726955806e-02 6.981370464915569451e-01 2.336150885518353537e-01
2.898845056386174068e+00 2.675350701402805509e+00 5.178949466515789073e-03 6.067397502865855274e-02 6.976353454357000494e-01 2.365117300691255975e-01
3.551624277266751672e+00 2.689378757515030305e+00 4.887317664994793136e-03 5.854271018962645123e-02 6.969645708478023893e-01 2.396054012975764591e-01
2.581013435806636114e+00 2.703406813627254657e+00 4.610294069283031593e-03 5.649538950236929202e-02 6.964240460611814676e-01 2.424702703671664239e-01
0.000000000000000000e+00 2.717434869739479009e+00 4.352920967178128958e-03 5.457035189585508761e-02 6.957091005290938490e-01 2.453676266078728962e-01
2.599827235939227599e+00 2.731462925851703361e+00 4.107224993366570022e-03 5.269237805985176742e-02 6.949496596405250193e-01 2.482507373062566303e-01
6.085138200514109792e-04 2.745490981963927712e+00 3.877501162925828856e-03 5.086237582549697767e-02 6.940592022697893437e-01 2.512009207417879031e-01
3.422984488649822410e+00 2.759519038076152508e+00 3.654627530729000814e-03 4.906900027043408635e-02 6.930847901037296976e-01 2.541915820951071159e-01
3.017508191707380938e+00 2.773547094188376860e+00 3.450448356605879865e-03 4.737769759442694850e-02 6.920454743288633193e-01 2.571263797201037704e-01
3.666154155797702874e+00 2.787575150300601212e+00 3.256465958261553929e-03 4.569764754425375414e-02 6.909782139680081814e-01 2.600676725294764347e-01
0.000000000000000000e+00 2.801603206412825564e+00 3.078098108161200948e-03 4.413820759259690779e-02 6.895450607867483761e-01 2.632386335124935473e-01
3.255522191288586331e+00 2.815631262525050360e+00 2.904392462303642848e-03 4.257682475741595557e-02 6.884305040116791563e-01 2.660882787686011941e-01
3.208509561086921202e+00 2.829659318637274712e+00 2.742853442097146176e-03 4.108463445877585940e-02 6.869231379885258892e-01 2.692493741106011806e-01
6.053168301380066341e-01 2.843687374749499064e+00 2.591129218205966925e-03 3.964826566580444828e-02 6.853967293280154305e-01 2.723638757879742189e-01
3.785860103578866820e+00 2.857715430861723416e+00 2.446295231509488036e-03 3.829703321544158240e-02 6.836401794187599856e-01 2.756164921342888485e-01
4.982236857719194165e-11 2.871743486973947768e+00 2.311766825653962555e-03 3.691803670942261917e-02 6.822403284614991792e-01 2.785298680034242746e-01
0.000000000000000000e+00 2.885771543086172564e+00 2.184494889221366178e-03 3.562841275735639801e-02 6.805883589670990164e-01 2.815987333863231856e-01
1.152723968235959862e-04 2.899799599198396916e+00 2.063887003138585238e-03 3.434485762995918151e-02 6.788196785456166449e-01 2.847715768212856768e-01
4.858030008035745695e+00 2.913827655310621267e+00 1.951443197017287004e-03 3.316550355330801642e-02 6.769622077714708697e-01 2.879208454782038462e-01
3.147161237334020978e+00 2.927855711422845619e+00 1.844618757951299506e-03 3.201330166719139336e-02 6.751328246706123082e-01 2.910092549042450627e-01
4.428673100000225737e+00 2.941883767535069971e+00 1.744274854101468238e-03 3.088559061028599284e-02 6.729523288097812861e-01 2.944178057258310943e-01
0.000000000000000000e+00 2.955911823647294767e+00 1.650049780947917665e-03 2.977497202322059236e-02 6.710610891933701527e-01 2.975138890024612848e-01
3.968080404314716869e+00 2.969939879759519119e+00 1.560179496583293446e-03 2.875431465490861302e-02 6.688244432760513947e-01 3.008610625724566501e-01
0.000000000000000000e+00 2.983967935871743471e+00 1.476454232696085582e-03 2.773014805638784538e-02 6.667516878399195601e-01 3.040417098709966015e-01
4.021291730060872815e+00 2.997995991983967823e+00 1.396599832085087135e-03 2.675996110537424630e-02 6.646454142153336297e-01 3.071980248472069297e-01
2.643815647213365150e+00 3.012024048096192175e+00 1.322733971040039808e-03 2.583289087654938934e-02 6.622975810907092420e-01 3.105467940617013811e-01
2.704463109729030812e+00 3.026052104208416971e+00 1.251823196575516930e-03 2.490656622745171175e-02 6.601094067859593073e-01 3.137322037900135419e-01
0.000000000000000000e+00 3.040080160320641767e+00 1.185595032265276396e-03 2.405313986521151123e-02 6.575573342944335264e-01 3.172039308080896736e-01
4.855211824316573832e+00 3.054108216432865675e+00 1.122867112168137241e-03 2.320015259300533400e-02 6.552334405832318520e-01 3.204435397115946160e-01
3.600836560274384812e+00 3.068136272545090470e+00 1.064386895638379498e-03 2.239609220415045981e-02 6.526613636712487176e-01 3.238781572289624600e-01
2.060973616116961851e-11 3.082164328657314378e+00 1.009518587797102922e-03 2.161611171506824802e-02 6.498693799745302035e-01 3.275049897226044449e-01
2.186283241065096750e+00 3.096192384769539174e+00 9.561286265690662617e-04 2.085402597267567437e-02 6.474213632551182318e-01 3.307684821456369773e-01
3.473827717417641736e+00 3.110220440881763970e+00 9.067550028764930718e-04 2.013622272107441422e-02 6.446629886615112826e-01 3.342940336145378555e-01
2.883316595313855313e+00 3.124248496993987878e+00 8.604535775309488013e-04 1.943409542026272932e-02 6.418569367954191085e-01 3.378485142067872427e-01
2.727685680939399226e+00 3.138276553106212674e+00 8.164135751761369617e-04 1.875242538698959974e-02 6.389705632701342397e-01 3.414605977677000470e-01
3.103415541442142711e-01 3.152304609218436582e+00 7.753182273998199953e-04 1.810470962659721517e-02 6.358676840599010172e-01 3.452522880861019772e-01
3.780662845923540516e+00 3.166332665330661378e+00 7.355775217357024467e-04 1.747246511284803946e-02 6.331617568604078761e-01 3.486302005050083697e-01
3.570181166255269822e+00 3.180360721442886174e+00 6.988045838393912475e-04 1.686552276007451806e-02 6.302609969101758969e-01 3.521746757459101596e-01
2.846953119997401346e-05 3.194388777555110082e+00 6.635957496594474796e-04 1.629235652190677910e-02 6.271111830741268323e-01 3.559328646543070129e-01
0.000000000000000000e+00 3.208416833667334878e+00 6.310017417212299660e-04 1.572109354908515083e-02 6.239861671584655545e-01 3.596617375507280001e-01
0.000000000000000000e+00 3.222444889779558785e+00 5.998554692070122690e-04 1.517883225390587176e-02 6.209622870481582568e-01 3.632590252287288823e-01
3.499919644437851751e+00 3.236472945891783581e+00 5.707357452946397545e-04 1.465740476036468155e-02 6.177980144728096867e-01 3.669738450215310754e-01
4.314408250379154985e+00 3.250501002004008377e+00 5.423657282805814054e-04 1.414362745891298463e-02 6.145542598379269972e-01 3.707597469748795116e-01
1.874613000596216670e-04 3.264529058116232285e+00 5.168587948610052800e-04 1.367568963242437978e-02 6.110144208235732677e-01 3.747930307491413315e-01
1.007358820892352833e-07 3.278557114228457081e+00 4.917502775573498247e-04 1.320658660128107807e-02 6.076752062237623653e-01 3.786264568973991551e-01
3.703963775049990304e+00 3.292585170340680989e+00 4.682541681877844795e-04 1.275945383540653261e-02 6.043145726357747050e-01 3.824577193606310543e-01
4.697850035202260521e+00 3.306613226452905785e+00 4.458661489952354235e-04 1.230848910781825491e-02 6.012040302062736652e-01 3.860416145369127694e-01
3.308152274881073218e+00 3.320641282565130581e+00 4.250059201075337303e-04 1.190024906672958009e-02 5.972801611051870019e-01 3.903945839079758229e-01
0.000000000000000000e+00 3.334669338677354489e+00 4.054100134431962458e-04 1.149375536135691274e-02 5.936739319677960536e-01 3.944269026574038772e-01
4.138477741480084404e+00 3.348697394789579285e+00 3.863413724045612965e-04 1.111043785987610687e-02 5.904073380470071797e-01 3.980958827207120576e-01
0.000000000000000000e+00 3.362725450901804081e+00 3.686826477428448807e-04 1.072737588671109424e-02 5.865828998857974819e-01 4.023210415797486839e-01
4.517464506380027167e+00 3.376753507014027988e+00 3.520120263226187438e-04 1.036941109572301484e-02 5.829016146320356029e-01 4.063769622459186825e-01
2.664535259100730684e-15 3.390781563126252784e+00 3.357522624797743319e-04 1.002063252787329696e-02 5.792691810160142118e-01 4.103744341936327311e-01
0.000000000000000000e+00 3.404809619238476692e+00 3.208125995387450563e-04 9.685593779376217363e-03 5.752317088130297629e-01 4.147618848080553144e-01
3.308927865900527010e+00 3.418837675350701488e+00 3.065938543862089410e-04 9.360734258901196383e-03 5.714106832940746283e-01 4.189219885926379061e-01
0.000000000000000000e+00 3.432865731462926284e+00 2.930156612844685214e-04 9.051302685350244223e-03 5.675599919375227120e-01 4.230956897158426600e-01
4.461156587813317920e+00 3.446893787575150192e+00 2.803981306445132277e-04 8.750680748838019635e-03 5.636692504672511372e-01 4.272996706532663502e-01
0.000000000000000000e+00 3.460921843687374988e+00 2.680122196822178732e-04 8.464827309448832299e-03 5.596326315175295107e-01 4.316345289533395357e-01
3.337698581728443248e-03 3.474949899799598896e+00 2.563919536729517175e-04 8.182462106723367712e-03 5.556550036399531267e-01 4.359061422996506341e-01
0.000000000000000000e+00 3.488977955911823692e+00 2.456699078234921702e-04 7.918198915453424427e-03 5.515424876624536177e-01 4.402936435142694171e-01
4.709021911827107942e+00 3.503006012024048488e+00 2.350963888104710834e-04 7.652097486457997214e-03 5.473345852692343971e-01 4.447782208554971195e-01
0.000000000000000000e+00 3.517034068136272396e+00 2.256095927584286732e-04 7.407889845885626268e-03 5.431649995697250821e-01 4.492015009916309198e-01
3.477466128649007615e+00 3.531062124248497192e+00 2.162858182937527518e-04 7.159181865575207568e-03 5.388788707923585219e-01 4.537456615237724922e-01
4.377640925587669152e+00 3.545090180360721099e+00 2.072030852046792375e-04 6.929017658075230582e-03 5.348588820730691973e-01 4.580048971836508942e-01
4.046235692168114184e+00 3.559118236472945895e+00 1.988825860861147233e-04 6.703147280004546904e-03 5.305420971402763364e-01 4.625558729936330438e-01
1.492241721427049013e-03 3.573146292585170691e+00 1.907924328978169979e-04 6.487310684064743690e-03 5.264184558405291536e-01 4.669034410425083048e-01
4.788472123292249805e+00 3.587174348697394599e+00 1.833044490627756720e-04 6.279672913505662639e-03 5.222158665594440752e-01 4.713211560779875797e-01
4.905147003696015695e-02 3.601202404809619395e+00 1.760386569173939331e-04 6.073409117338331858e-03 5.175526578585739612e-01 4.761978943671702491e-01
3.464639645967881876e+00 3.615230460921843303e+00 1.691502868034811295e-04 5.884978555124317084e-03 5.129719303177275869e-01 4.809739408403446714e-01
4.387850470460336716e+00 3.629258517034068099e+00 1.624624364575354412e-04 5.691319293972326755e-03 5.086207697938448513e-01 4.855254484757252631e-01
3.844601398078200116e+00 3.643286573146292895e+00 1.563625349484489598e-04 5.513499735832368825e-03 5.040929652867430777e-01 4.902371724424761101e-01
0.000000000000000000e+00 3.657314629258516803e+00 1.505638846709158034e-04 5.339978898110137040e-03 4.996484303158298945e-01 4.948610269013888896e-01
0.000000000000000000e+00 3.671342685370741599e+00 1.449211253452848823e-04 5.172142782638698873e-03 4.950022481432426180e-01 4.996806879487734054e-01
3.256116166133239620e+00 3.685370741482966395e+00 1.394186971486135898e-04 5.007278193585801458e-03 4.903625633506790149e-01 5.044907397585866038e-01
4.315639724069902705e+00 3.699398797595190302e+00 1.343348685759242699e-04 4.849690669600464736e-03 4.857238575529452262e-01 5.092921169088784339e-01
9.325873406855663141e-15 3.713426853707415098e+00 1.294773290657636724e-04 4.701441194827011075e-03 4.811849993030087314e-01 5.139840821730985443e-01
0.000000000000000000e+00 3.727454909819639006e+00 1.248050106863884555e-04 4.549264955687666069e-03 4.764422692516793179e-01 5.188836607819466984e-01
0.000000000000000000e+00 3.741482965931863802e+00 1.204907269413301905e-04 4.412373496239693250e-03 4.716657877450127212e-01 5.238013480318062243e-01
0.000000000000000000e+00 3.755511022044088598e+00 1.161751235940390337e-04 4.273828442771018983e-03 4.670081150189226982e-01 5.286018814147122047e-01
0.000000000000000000e+00 3.769539078156312506e+00 1.122659964593286620e-04 4.144650279114914931e-03 4.622449822099616301e-01 5.334981015144640848e-01
4.300442371398561114e+00 3.783567134268537302e+00 1.084052829648828107e-04 4.015464601470132219e-03 4.574366534167709775e-01 5.384394766987939951e-01
3.917341173039786906e+00 3.797595190380761210e+00 1.047742703054915689e-04 3.893617477980207322e-03 4.527602100192835710e-01 5.432413982324306723e-01
1.438404950807803301e-12 3.811623246492986006e+00 1.012894474182559669e-04 3.773414596739960505e-03 4.475698279329473617e-01 5.485554680228943436e-01
0.000000000000000000e+00 3.825651302605210802e+00 9.797374247682090248e-05 3.657522575174151653e-03 4.430427574587370021e-01 5.532017462236120675e-01
0.000000000000000000e+00 3.839679358717434710e+00 9.475653590040118875e-05 3.549219525285909546e-03 4.380748906358846173e-01 5.582811333029290557e-01
0.000000000000000000e+00 3.853707414829659506e+00 9.174675985646525039e-05 3.443434600499725891e-03 4.329973551408800581e-01 5.634674634987637543e-01
1.315459181414068070e-05 3.867735470941883413e+00 8.885593627133674805e-05 3.341851151857714620e-03 4.282475439307916742e-01 5.683217489810793444e-01
3.562888854206308853e+00 3.881763527054108209e+00 8.607419977025379542e-05 3.238604227821760117e-03 4.231237678860048090e-01 5.735515536864032038e-01
0.000000000000000000e+00 3.895791583166333005e+00 8.343354685586890952e-05 3.143662715426862042e-03 4.181715236386429613e-01 5.786013800990742473e-01
0.000000000000000000e+00 3.909819639278556913e+00 8.085680931399038987e-05 3.047928044564934737e-03 4.134694552897982267e-01 5.834017598563228102e-01
0.000000000000000000e+00 3.923847695390781709e+00 7.846028463032820861e-05 2.958064146853577308e-03 4.083104369663208000e-01 5.886530386021953110e-01
4.668149657333704461e+00 3.937875751503005617e+00 7.616319819477161180e-05 2.872060415267935121e-03 4.033013968368603930e-01 5.937503795496767989e-01
0.000000000000000000e+00 3.951903807615230413e+00 7.397546874431733688e-05 2.788157068108640564e-03 3.984358557566235470e-01 5.987020117065235958e-01
3.611680312045481234e+00 3.965931863727455209e+00 7.189344014045516722e-05 2.710013045477943291e-03 3.935221500959449337e-01 6.036959434184366868e-01
2.975425900740972018e+00 3.979959919839679117e+00 6.981439518267535370e-05 2.629663253168823545e-03 3.884492613318258347e-01 6.088512610198226760e-01
0.000000000000000000e+00 3.993987975951903913e+00 6.785935805515285759e-05 2.554203443910480539e-03 3.835643145281129041e-01 6.138136226699214548e-01
0.000000000000000000e+00 4.008016032064128709e+00 6.602827652217118065e-05 2.481349254020783889e-03 3.783907345988721249e-01 6.190618878705850259e-01
3.574790637847097940e+00 4.022044088176352616e+00 6.422902478554346135e-05 2.407891884302881466e-03 3.733803663124075634e-01 6.241475127785039989e-01
4.779503810835711519e+00 4.036072144288577412e+00 6.254915432485820429e-05 2.341244943549860777e-03 3.684477929570210142e-01 6.291484129451043739e-01
0.000000000000000000e+00 4.050100200400801320e+00 6.089828770627163357e-05 2.274649817070439634e-03 3.634444209070839538e-01 6.342200309881392828e-01
0.000000000000000000e+00 4.064128256513026116e+00 5.933675102109110355e-05 2.209379606318101225e-03 3.584926780085286868e-01 6.392386056341321510e-01
0.000000000000000000e+00 4.078156312625250912e+00 5.784789621364735198e-05 2.147658623663583656e-03 3.535583635656400769e-01 6.442361299144826470e-01
0.000000000000000000e+00 4.092184368737474820e+00 5.639327106357922979e-05 2.086232145083989024e-03 3.485819789454618900e-01 6.492753956383904290e-01
4.245889015941858524e+00 4.106212424849699616e+00 5.501811668317793853e-05 2.029941828495236342e-03 3.435123736791962923e-01 6.544026663756253859e-01
5.096284289746672719e-02 4.120240480961923524e+00 5.369166181155249850e-05 1.973263106370252724e-03 3.386929001366046910e-01 6.592801450952133768e-01
0.000000000000000000e+00 4.134268537074148320e+00 5.247337270638353446e-05 1.919241984300041996e-03 3.337754902567481308e-01 6.642527943862455153e-01
0.000000000000000000e+00 4.148296593186373116e+00 5.119686038098689000e-05 1.865949517450150429e-03 3.287543931112498763e-01 6.693284605109189878e-01
4.060278390039161245e+00 4.162324649298597024e+00 5.008344307778252045e-05 1.814742516571575927e-03 3.239913072461209631e-01 6.741438667942296625e-01
0.000000000000000000e+00 4.176352705410821819e+00 4.894492477466898310e-05 1.766548567151304166e-03 3.190831746310330841e-01 6.791013318770410256e-01
0.000000000000000000e+00 4.190380761523045727e+00 4.789274622161615081e-05 1.718226306845348174e-03 3.142999782293365296e-01 6.839339027175964647e-01
1.187853885859670432e-09 4.204408817635270523e+00 4.685548598626464986e-05 1.672236688588490169e-03 3.093912403357516050e-01 6.888896674896736183e-01
0.000000000000000000e+00 4.218436873747495319e+00 4.585971551335063832e-05 1.626271665552474124e-03 3.044193575677223706e-01 6.939085110512116517e-01
1.194564386934424036e-06 4.232464929859719227e+00 4.493701326233393961e-05 1.585871416627860665e-03 2.998997116545674135e-01 6.984694799155424239e-01
0.000000000000000000e+00 4.246492985971944023e+00 4.400557559956075468e-05 1.543544755639790099e-03 2.950657085218597597e-01 7.033467411469008779e-01
0.000000000000000000e+00 4.260521042084168819e+00 4.317277029332647863e-05 1.502151574632200077e-03 2.903306201202054404e-01 7.081240555348691235e-01
1.045856740018570024e-10 4.274549098196392727e+00 4.227461009438308979e-05 1.463007655501664343e-03 2.854755260250684823e-01 7.130191917093354759e-01
0.000000000000000000e+00 4.288577154308617523e+00 4.149324871530514367e-05 1.424587145922380895e-03 2.808356078831649727e-01 7.176983117221973352e-01
0.000000000000000000e+00 4.302605210420841431e+00 4.072164996851335606e-05 1.388831099548539644e-03 2.763700704046255785e-01 7.222003768458572504e-01
0.000000000000000000e+00 4.316633266533066227e+00 3.998502554653462533e-05 1.353065799402531667e-03 2.715363245738097175e-01 7.270706246012411667e-01
0.000000000000000000e+00 4.330661322645291023e+00 3.929740786152610791e-05 1.317725667448075384e-03 2.669659756248187743e-01 7.316770012998714545e-01
1.472395203134432520e-09 4.344689378757514930e+00 3.857592083372307043e-05 1.284764628650347578e-03 2.624536336904837452e-01 7.362230257600321792e-01
4.487248448882682261e+00 4.358717434869739726e+00 3.795764898348696865e-05 1.252921390935857844e-03 2.582090147741502029e-01 7.405001061859305400e-01
0.000000000000000000e+00 4.372745490981963634e+00 3.730877401314158727e-05 1.221086741507604366e-03 2.535450178460170734e-01 7.451965866384622217e-01
0.000000000000000000e+00 4.386773547094188430e+00 3.672053467692576825e-05 1.190888224670957592e-03 2.491194699230577236e-01 7.496529213175944228e-01
4.161335231763711562e+00 4.400801603206413226e+00 3.612965042142966625e-05 1.161873335558539838e-03 2.447372104716658836e-01 7.540647865423542040e-01
0.000000000000000000e+00 4.414829659318637134e+00 3.557518839398231687e-05 1.132786898289065087e-03 2.403040278706639332e-01 7.585276100426531221e-01
0.000000000000000000e+00 4.428857715430861930e+00 3.504643153613038679e-05 1.105792003753267418e-03 2.360991039197643526e-01 7.627600576449462544e-01
0.000000000000000000e+00 4.442885771543085838e+00 3.451984052239626452e-05 1.078565342841490953e-03 2.318925302496488150e-01 7.669943845669872085e-01
0.000000000000000000e+00 4.456913827655310634e+00 3.406564452040709688e-05 1.053092548671446865e-03 2.277845559122185781e-01 7.711282858945895935e-01
2.797273527836928871e-11 4.470941883767535430e+00 3.357359240571576928e-05 1.027714454430491385e-03 2.235436744000176001e-01 7.753950375531463157e-01
0.000000000000000000e+00 4.484969939879759337e+00 3.314060421695740982e-05 1.002860921986762277e-03 2.194487873248527066e-01 7.795152111489435098e-01
0.000000000000000000e+00 4.498997995991984133e+00 3.270971742365071420e-05 9.798309829511938577e-04 2.152894128770291848e-01 7.836980464225958842e-01
0.000000000000000000e+00 4.513026052104208041e+00 3.229246284702877879e-05 9.569423196153626189e-04 2.112164198477392563e-01 7.877943453697983101e-01
9.136810550169265077e-02 4.527054108216432837e+00 3.190542366979205258e-05 9.354665814466514920e-04 2.073201844938031557e-01 7.917124435010803873e-01
0.000000000000000000e+00 4.541082164328657633e+00 3.150382806466973029e-05 9.134429633867350651e-04 2.034581133210091042e-01 7.955969398875395449e-01
4.859054359998019379e+00 4.555110220440881541e+00 3.119384688764921239e-05 8.931815026435253792e-04 1.996075058124977264e-01 7.994681188379710868e-01
4.600399157387015769e+00 4.569138276553106337e+00 3.083648436515079241e-05 8.724798311149781693e-04 1.955735423664705930e-01 8.035231413180493609e-01
0.000000000000000000e+00 4.583166332665331133e+00 3.048691253802031251e-05 8.528000261644070332e-04 1.918620303658711834e-01 8.072546826954263288e-01
2.356406961829128865e-05 4.597194388777555041e+00 3.017347905111009094e-05 8.337143576794658461e-04 1.881388534194687878e-01 8.109972587438006864e-01
1.415648016096766604e+00 4.611222444889779837e+00 2.991063204732151028e-05 8.159614212151988181e-04 1.845408792245459562e-01 8.146132487221915408e-01
0.000000000000000000e+00 4.625250501002003745e+00 2.962634905873625488e-05 7.985491370683519630e-04 1.809101166214856782e-01 8.182617078923872800e-01
0.000000000000000000e+00 4.639278557114228541e+00 2.936722727273821171e-05 7.817832915452334634e-04 1.773960432605238557e-01 8.217928062206582007e-01
0.000000000000000000e+00 4.653306613226453337e+00 2.910100830559277704e-05 7.650198970229214659e-04 1.738198322930761264e-01 8.253860468015953300e-01
3.950198230684747597e-03 4.667334669338677244e+00 2.887790786914850241e-05 7.485758568454873793e-04 1.704121486326409529e-01 8.288103976026444109e-01
0.000000000000000000e+00 4.681362725450902040e+00 2.865456983555932381e-05 7.327516858195856023e-04 1.670142795480501208e-01 8.322243141962948343e-01
0.000000000000000000e+00 4.695390781563125948e+00 2.844393052901066223e-05 7.180900888179639471e-04 1.636891482251922048e-01 8.355643177554606948e-01
0.000000000000000000e+00 4.709418837675350744e+00 2.823324983469422173e-05 7.027087146538196511e-04 1.602626933934925280e-01 8.390063646420189425e-01
0.000000000000000000e+00 4.723446893787575540e+00 2.806940204871150762e-05 6.893701183388255228e-04 1.570607504639142116e-01 8.422218100156982912e-01
4.763104592168624585e+00 4.737474949899799448e+00 2.789326414353716403e-05 6.759698252495428611e-04 1.539748031548658080e-01 8.453213337557410334e-01
0.000000000000000000e+00 4.751503006012024244e+00 2.774600898915888927e-05 6.625151543975102073e-04 1.508887245730900495e-01 8.484210142635232321e-01
0.000000000000000000e+00 4.765531062124248152e+00 2.759443126590704676e-05 6.494733539169272526e-04 1.477801055643957751e-01 8.515428266504214694e-01
4.798324058424931593e+00 4.779559118236472948e+00 2.748343271438963010e-05 6.364702047848612518e-04 1.448037700418903784e-01 8.545322763206103511e-01
2.255944643401604742e-03 4.793587174348697744e+00 2.733689529154983356e-05 6.248810659027462418e-04 1.418421316287437339e-01 8.575056504100621035e-01
0.000000000000000000e+00 4.807615230460921651e+00 2.721853906032422661e-05 6.125609585553261002e-04 1.388256530330420069e-01 8.605345674693423152e-01
0.000000000000000000e+00 4.821643286573146447e+00 2.712835957422095898e-05 6.015129979517951043e-04 1.360407764212762938e-01 8.633305822211977398e-01
0.000000000000000000e+00 4.835671342685371243e+00 2.701957017667314879e-05 5.907227593411424954e-04 1.331581927055082437e-01 8.662240649649740609e-01
4.612830357087584154e+00 4.849699398797595151e+00 2.692686165739218874e-05 5.793937717943242922e-04 1.302976047168596940e-01 8.690960746496885214e-01
0.000000000000000000e+00 4.863727454909819947e+00 2.685749847666579152e-05 5.691877553971430278e-04 1.276442964600913998e-01 8.717596582860348553e-01
0.000000000000000000e+00 4.877755511022043855e+00 2.680034345746629869e-05 5.589423338088289834e-04 1.249709765938116640e-01 8.744432807289220788e-01
0.000000000000000000e+00 4.891783567134268651e+00 2.674204102552583720e-05 5.492182671948035808e-04 1.223891581387991923e-01 8.770348815529804831e-01
0.000000000000000000e+00 4.905811623246493447e+00 2.671490768783275902e-05 5.401647140268830711e-04 1.198539323558331093e-01 8.795791880224522741e-01
4.528805023985827625e-09 4.919839679358717355e+00 2.668243873235353377e-05 5.314717176527950946e-04 1.173492179136394892e-01 8.820926279299753370e-01
4.524856963482640104e+00 4.933867735470942151e+00 2.666391075310376761e-05 5.226488467883710996e-04 1.148764898951292190e-01 8.845741973473293385e-01
1.736729044802823307e-01 4.947895791583166059e+00 2.665979338433341317e-05 5.137791845596635740e-04 1.124435219465172164e-01 8.870160390755388313e-01
9.685585671520394938e-12 4.961923847695390855e+00 2.665164784972651811e-05 5.057265618389544456e-04 1.100373274227147286e-01 8.894302943675965745e-01
4.801382471854696863e-08 4.975951903807615651e+00 2.665947725859007679e-05 4.970556644216493625e-04 1.076977618557039135e-01 8.917785230026159526e-01
0.000000000000000000e+00 4.989979959919839558e+00 2.669001364111549981e-05 4.898516272320990739e-04 1.055273843530478706e-01 8.939560740060789046e-01
0.000000000000000000e+00 5.004008016032064354e+00 2.670673643311899622e-05 4.823494732705277746e-04 1.032511283147325154e-01 8.962398154755637503e-01
0.000000000000000000e+00 5.018036072144288262e+00 2.674283549343793541e-05 4.749833506935520542e-04 1.011362695409236678e-01 8.983620042728892585e-01
0.000000000000000000e+00 5.032064128256513058e+00 2.679361645498259991e-05 4.680500799892162796e-04 9.895463123321018850e-02 9.005505250703456088e-01
0.000000000000000000e+00 5.046092184368737854e+00 2.686311010457478020e-05 4.612605158445217323e-04 9.692423629162111309e-02 9.025876400824297541e-01
0.000000000000000000e+00 5.060120240480961762e+00 2.693589147028751821e-05 4.548362684157885314e-04 9.486613080744392412e-02 9.046520970326699107e-01
9.342764707424034429e-04 5.074148296593186558e+00 2.701819157730816687e-05 4.487347429005274484e-04 9.292001339313589459e-02 9.066042336723861839e-01
0.000000000000000000e+00 5.088176352705410466e+00 2.710484954507619371e-05 4.425431246091165853e-04 9.094281782270352554e-02 9.085875342031423108e-01
0.000000000000000000e+00 5.102204408817635262e+00 2.720332938466583729e-05 4.365422818411868861e-04 8.898130920172214742e-02 9.105549451870519340e-01
4.784809013978713388e+00 5.116232464929860058e+00 2.732143607222838405e-05 4.307122442558472975e-04 8.717928417120179851e-02 9.123626821484701610e-01
0.000000000000000000e+00 5.130260521042083965e+00 2.743759692410707593e-05 4.252282712956460386e-04 8.529237472285219890e-02 9.142549594089280918e-01
0.000000000000000000e+00 5.144288577154308761e+00 2.755792239077337088e-05 4.202193680194921013e-04 8.353901106238414975e-02 9.160132116472055053e-01
0.000000000000000000e+00 5.158316633266533557e+00 2.772160473011848366e-05 4.151351269160488667e-04 8.185924412685127716e-02 9.176978991415024600e-01
0.000000000000000000e+00 5.172344689378757465e+00 2.785054942547174868e-05 4.099036542429494571e-04 8.007408627390601163e-02 9.194881595224256854e-01
0.000000000000000000e+00 5.186372745490982261e+00 2.802517886715253485e-05 4.053587991573218922e-04 7.850199334957126684e-02 9.210646226724042984e-01
0.000000000000000000e+00 5.200400801603206169e+00 2.819915452910753999e-05 4.007747247745638871e-04 7.685543711060381644e-02 9.227155890100924296e-01
0.000000000000000000e+00 5.214428857715430965e+00 2.840742253249826894e-05 3.963721548458855500e-04 7.530365637815784885e-02 9.242715640444637559e-01
0.000000000000000000e+00 5.228456913827655761e+00 2.857340728177336261e-05 3.922337468190655431e-04 7.373338860631908909e-02 9.258458042395800724e-01
0.000000000000000000e+00 5.242484969939879669e+00 2.879773841676468019e-05 3.878705033146443684e-04 7.218521723478726893e-02 9.273981145234814205e-01
2.639666263697164266e-12 5.256513026052104465e+00 2.902065883241407670e-05 3.843778600207854181e-04 7.072343916593441804e-02 9.288631623152122652e-01
0.000000000000000000e+00 5.270541082164328373e+00 2.925254846581834545e-05 3.805817164566870081e-04 6.932004991419450646e-02 9.302701158208830368e-01
0.000000000000000000e+00 5.284569138276553169e+00 2.949373134400594827e-05 3.768734324054228910e-04 6.788887534735844886e-02 9.317047574888921435e-01
0.000000000000000000e+00 5.298597194388777964e+00 2.976664238787595518e-05 3.737323395677811665e-04 6.653165752563443280e-02 9.330648434924100343e-01
0.000000000000000000e+00 5.312625250501001872e+00 3.004056013417226068e-05 3.705151901386572865e-04 6.521112026159577024e-02 9.343883239881314307e-01
2.517985819881556387e-13 5.326653306613226668e+00 3.031907150682127609e-05 3.670608089335027015e-04 6.390059710466809706e-02 9.357020230148916928e-01
2.664535259100730684e-15 5.340681362725450576e+00 3.060091452465371728e-05 3.642039839606663184e-04 6.262137770767947642e-02 9.369838173938352943e-01
2.055067755743292146e+00 5.354709418837675372e+00 3.089882056225632100e-05 3.612255775084535596e-04 6.134138656574467802e-02 9.382664890361847032e-01
0.000000000000000000e+00 5.368737474949900168e+00 3.127394606770666862e-05 3.589161776209871227e-04 6.019475838923265404e-02 9.394150514870787116e-01
0.000000000000000000e+00 5.382765531062124076e+00 3.155285834002031521e-05 3.558274087074110885e-04 5.892613279517409236e-02 9.406864869377784544e-01
0.000000000000000000e+00 5.396793587174348872e+00 3.192927089774675865e-05 3.536285389884004978e-04 5.784249837934158506e-02 9.417719438107722274e-01
0.000000000000000000e+00 5.410821643286572780e+00 3.226646547728845386e-05 3.512829996725933099e-04 5.670598980758880664e-02 9.429104607272612570e-01
4.717611987683593355e+00 5.424849699398797576e+00 3.264209833239113597e-05 3.487932443054439502e-04 5.555477870262030826e-02 9.440637859547419408e-01
0.000000000000000000e+00 5.438877755511022372e+00 3.309422629190068280e-05 3.472426255321393721e-04 5.456293491659695155e-02 9.450567282315790463e-01
1.243449787580948409e-14 5.452905811623246279e+00 3.346913738074829171e-05 3.450654753591614072e-04 5.349312124293347653e-02 9.461283441443265607e-01
0.000000000000000000e+00 5.466933867735471075e+00 3.392162860151971620e-05 3.434391788420672570e-04 5.249297982712863159e-02 9.471296593654278118e-01
0.000000000000000000e+00 5.480961923847695871e+00 3.433718761324418809e-05 3.414654828884250990e-04 5.143811977964918986e-02 9.481860775498490712e-01
0.000000000000000000e+00 5.494989979959919779e+00 3.483137577773137277e-05 3.402133575435090313e-04 5.054067444163195394e-02 9.490842808250469220e-01
0.000000000000000000e+00 5.509018036072144575e+00 3.524847782255495900e-05 3.384461248574778774e-04 4.962197665893239990e-02 9.500043287383875823e-01
0.000000000000000000e+00 5.523046092184368483e+00 3.576841130453070421e-05 3.372613126915729336e-04 4.870205842261460250e-02 9.509249118533893430e-01
0.000000000000000000e+00 5.537074148296593279e+00 3.628595103409993760e-05 3.362740065460413370e-04 4.779703123519088437e-02 9.518304088072289115e-01
0.000000000000000000e+00 5.551102204408818075e+00 3.683144782728607120e-05 3.349169425144126432e-04 4.691272118580635392e-02 9.527155304238520417e-01
0.000000000000000000e+00 5.565130260521041983e+00 3.738181839028280833e-05 3.340509210898035659e-04 4.608327993245033005e-02 9.535452873280695352e-01
6.651605552754471205e-03 5.579158316633266779e+00 3.791462172002751452e-05 3.330402728727316765e-04 4.526937475477079559e-02 9.543596703506362910e-01
0.000000000000000000e+00 5.593186372745490686e+00 3.854677950639910579e-05 3.325142802165277785e-04 4.447751067650917295e-02 9.551514282637678654e-01
0.000000000000000000e+00 5.607214428857715482e+00 3.911505763969185510e-05 3.313797247116908587e-04 4.368936636322928724e-02 9.559401388544194189e-01
0.000000000000000000e+00 5.621242484969940278e+00 3.975065264263422815e-05 3.307906465244156240e-04 4.287859634321980473e-02 9.567508623576130855e-01
0.000000000000000000e+00 5.635270541082164186e+00 4.040895952617204218e-05 3.305575914649946435e-04 4.217624015426989226e-02 9.574527932947389797e-01
0.000000000000000000e+00 5.649298597194388982e+00 4.112246666315019040e-05 3.301404025461640796e-04 4.146401218503386471e-02 9.581647249457568849e-01
0.000000000000000000e+00 5.663326653306612890e+00 4.178147902981598215e-05 3.300310201473739477e-04 4.074329271599647778e-02 9.588848947848264137e-01
0.000000000000000000e+00 5.677354709418837686e+00 4.250147453166493064e-05 3.298516842652075213e-04 4.006168671310274265e-02 9.595659601281003592e-01
0.000000000000000000e+00 5.691382765531062482e+00 4.325444275749497683e-05 3.300100273254301061e-04 3.940246345783897375e-02 9.602242720720780556e-01
0.000000000000000000e+00 5.705410821643286390e+00 4.405745262085540256e-05 3.301241297073054964e-04 3.877406690455849347e-02 9.608517515131133058e-01
0.000000000000000000e+00 5.719438877755511186e+00 4.488494286298698498e-05 3.304712693446286193e-04 3.814778319470778917e-02 9.614768605930845702e-01
0.000000000000000000e+00 5.733466933867735094e+00 4.568564323740221292e-05 3.307572647006731012e-04 3.753443899177477672e-02 9.620891181002870773e-01
0.000000000000000000e+00 5.747494989979959890e+00 4.656809039368891130e-05 3.312812492790683633e-04 3.692740550878948619e-02 9.626947451515377452e-01
0.000000000000000000e+00 5.761523046092184686e+00 4.740254923403415261e-05 3.317027891304051351e-04 3.634261837981097448e-02 9.632782762818246081e-01
0.000000000000000000e+00 5.775551102204408593e+00 4.834653647653462444e-05 3.322679281420040306e-04 3.580227636982599021e-02 9.638171091655554079e-01
0.000000000000000000e+00 5.789579158316633389e+00 4.926855854292359215e-05 3.330475710735027206e-04 3.522942725565680888e-02 9.643882566147268243e-01
0.000000000000000000e+00 5.803607214428858185e+00 5.022972555216827570e-05 3.339260089644269258e-04 3.469926272594342498e-02 9.649165815395400747e-01
0.000000000000000000e+00 5.817635270541082093e+00 5.127782121179461485e-05 3.351499361185258214e-04 3.418684771863049476e-02 9.654267245240393258e-01
0.000000000000000000e+00 5.831663326653306889e+00 5.230724409431605472e-05 3.360913245753847488e-04 3.367837901274223916e-02 9.659332224185880333e-01
0.000000000000000000e+00 5.845691382765530797e+00 5.339125421976705435e-05 3.372520382423796026e-04 3.319205686814035577e-02 9.664172998393975034e-01
0.000000000000000000e+00 5.859719438877755593e+00 5.453434726568011625e-05 3.386984586958079690e-04 3.273618233615518958e-02 9.668705848578832418e-01
0.000000000000000000e+00 5.873747494989980389e+00 5.567538066691678244e-05 3.402828095975480379e-04 3.228597899488134387e-02 9.673180628148542182e-01
0.000000000000000000e+00 5.887775551102204297e+00 5.688994025616223314e-05 3.416661018766286792e-04 3.181290833056153039e-02 9.677885356273057127e-01
0.000000000000000000e+00 5.901803607214429093e+00 5.817657932060955710e-05 3.435222043465709367e-04 3.139728437278341278e-02 9.682010168435494224e-01
0.000000000000000000e+00 5.915831663326653000e+00 5.939320565072047769e-05 3.453499504346925399e-04 3.098188085117301385e-02 9.686133759927414433e-01
0.000000000000000000e+00 5.929859719438877796e+00 6.078801216900483925e-05 3.476195485379257144e-04 3.056819850773852612e-02 9.690233939315545664e-01
0.000000000000000000e+00 5.943887775551102592e+00 6.209862497097089044e-05 3.493642891975893357e-04 3.016302479417338339e-02 9.694255122916579648e-01
0.000000000000000000e+00 5.957915831663326500e+00 6.350020982137578082e-05 3.515827991153446658e-04 2.978408025990826949e-02 9.698008367311550249e-01
4.085620730704037300e-13 5.971943887775551296e+00 6.505075913635956361e-05 3.538968439326775671e-04 2.940912975548733155e-02 9.701719226414434738e-01
0.000000000000000000e+00 5.985971943887775204e+00 6.654922801818426560e-05 3.567788001360645334e-04 2.907294693710867420e-02 9.705037250347371414e-01
0.000000000000000000e+00 6.000000000000000000e+00 6.806999994668175996e-05 3.593093158045130588e-04 2.869888882417743342e-02 9.708737318600713095e-01
