# Y X a0 a1 a2 a3
0.000000000000000000e+00 -1.000000000000000000e+00 8.059885333799739204e-02 8.752402691787642963e-01 3.156425424206758118e-02 1.259662324117066107e-02
0.000000000000000000e+00 -9.859719438877755371e-01 8.174837188583269909e-02 8.740680961305761221e-01 3.160750342805744573e-02 1.257602855553390311e-02
0.000000000000000000e+00 -9.719438877755510742e-01 8.297632250926226249e-02 8.728070472049149764e-01 3.164945971582847767e-02 1.256717056999433202e-02
0.000000000000000000e+00 -9.579158316633266113e-01 8.415475717621839769e-02 8.716138536440599660e-01 3.167871406666826484e-02 1.255267511305333678e-02
9.830895332428560840e-01 -9.438877755511021483e-01 8.538853450162849079e-02 8.703813326762644964e-01 3.169319305997533864e-02 1.253693976213171926e-02
2.203747184671945192e+00 -9.298597194388777964e-01 8.666407878803972231e-02 8.690648690509443774e-01 3.173225918370548709e-02 1.253879297731022753e-02
2.116520019320253798e+00 -9.158316633266533335e-01 8.793141982016676461e-02 8.677395364652886744e-01 3.179124724262623325e-02 1.253779647191848902e-02
0.000000000000000000e+00 -9.018036072144288706e-01 8.922290507439772922e-02 8.664569003342389442e-01 3.178978483520612797e-02 1.253040975615720559e-02
0.000000000000000000e+00 -8.877755511022044077e-01 9.057145991067507007e-02 8.650256819079054083e-01 3.186436659859350623e-02 1.253849158282583330e-02
1.200785559070016273e+00 -8.737474949899799448e-01 9.191466020400893000e-02 8.636733124099549297e-01 3.188240138953416652e-02 1.252962599650209174e-02
4.119030033726817641e-01 -8.597194388777554819e-01 9.345930296177210050e-02 8.619933997611736176e-01 3.198661490416594005e-02 1.256068237288818050e-02
5.282305639914236517e-02 -8.456913827655310190e-01 9.482056411565986664e-02 8.606232128858954944e-01 3.199821721227725374e-02 1.255800578616728808e-02
0.000000000000000000e+00 -8.316633266533066671e-01 9.624740062982292677e-02 8.591273417121414457e-01 3.205246442921172445e-02 1.257279322882372437e-02
0.000000000000000000e+00 -8.176352705410820931e-01 9.774496445017179236e-02 8.575666048687541343e-01 3.209403961345793505e-02 1.259439106761630484e-02
0.000000000000000000e+00 -8.036072144288577412e-01 9.927421101243685819e-02 8.559442080177092071e-01 3.216826484045601925e-02 1.261331612939804898e-02
0.000000000000000000e+00 -7.895791583166332783e-01 1.008641506273785377e-01 8.542597044944622020e-01 3.224172446292690453e-02 1.263442041523243214e-02
0.000000000000000000e+00 -7.755511022044088154e-01 1.025149140153715360e-01 8.525146697515005867e-01 3.230018571254045928e-02 1.267023052058748739e-02
5.555107632257505479e-02 -7.615230460921843525e-01 1.040735320001005132e-01 8.508704278223291340e-01 3.236380582159079783e-02 1.269223435597949257e-02
0.000000000000000000e+00 -7.474949899799598896e-01 1.057382729163214158e-01 8.491015662840848410e-01 3.244904759769881575e-02 1.271111320189477305e-02
0.000000000000000000e+00 -7.334669338677355377e-01 1.074551150097240726e-01 8.473211270823587382e-01 3.247788928388076896e-02 1.274586862403636472e-02
0.000000000000000000e+00 -7.194388777555109638e-01 1.092132289653239136e-01 8.454518838078108889e-01 3.254641713496372185e-02 1.278847009190147398e-02
7.615484602454128948e-01 -7.054108216432866119e-01 1.108856344075862671e-01 8.436497275764526238e-01 3.263886220497847629e-02 1.282577581098246974e-02
1.600336151682201002e+00 -6.913827655310621489e-01 1.127972576746186367e-01 8.416218912421986609e-01 3.271649568681835041e-02 1.286435539636441791e-02
0.000000000000000000e+00 -6.773547094188376860e-01 1.144864491435842319e-01 8.398605659882100172e-01 3.275699422671879413e-02 1.289599064148704531e-02
0.000000000000000000e+00 -6.633266533066132231e-01 1.163869495192867004e-01 8.377884577927569021e-01 3.286557803075245560e-02 1.295901465720401650e-02
4.712000162786505464e-01 -6.492985971943887602e-01 1.182423347508431977e-01 8.358001912987538251e-01 3.295193167882801838e-02 1.300554227157501609e-02
0.000000000000000000e+00 -6.352705410821642973e-01 1.201795171744012153e-01 8.337790852148856402e-01 3.299765527826473838e-02 1.304374233244842696e-02
0.000000000000000000e+00 -6.212424849699398344e-01 1.221458806987499729e-01 8.316268933785426754e-01 3.312551266698327002e-02 1.310171325572414593e-02
1.311619869954050444e+00 -6.072144288577154825e-01 1.242247907184919620e-01 8.294298052362304441e-01 3.318294630715921956e-02 1.316245773811829285e-02
8.039173000368614597e-01 -5.931863727454909085e-01 1.262035853942185815e-01 8.272879979266277717e-01 3.328281772136244820e-02 1.322559895779129059e-02
1.739729259946977358e+00 -5.791583166332665567e-01 1.283396812441151835e-01 8.249998041032968743e-01 3.337175693092447881e-02 1.328875772166362469e-02
9.143987016986525607e-01 -5.651302605210420937e-01 1.303707680789102097e-01 8.228123158751405875e-01 3.346970744875833043e-02 1.334720859719087938e-02
2.635483659327952477e+00 -5.511022044088176308e-01 1.325623389612081704e-01 8.204790178198595463e-01 3.354736252295929810e-02 1.341128069597300257e-02
1.563398129105018519e+00 -5.370741482965931679e-01 1.347304701352402267e-01 8.181571189046994430e-01 3.363483775806221099e-02 1.347757320199820079e-02
0.000000000000000000e+00 -5.230460921843687050e-01 1.369646658811388973e-01 8.157639616620626644e-01 3.372132747959491472e-02 1.355004497720354271e-02
0.000000000000000000e+00 -5.090180360721443531e-01 1.391838919927176066e-01 8.133918939514112045e-01 3.379564152364493423e-02 1.362857253222618872e-02
1.832727536722468464e+00 -4.949899799599197792e-01 1.414677169372260124e-01 8.109130738516028281e-01 3.390352261233733205e-02 1.371568659883381364e-02
0.000000000000000000e+00 -4.809619238476954273e-01 1.438085043198913671e-01 8.084004213230492342e-01 3.400075808209997164e-02 1.379031627495943234e-02
0.000000000000000000e+00 -4.669338677354709644e-01 1.461846350405594519e-01 8.058265722757764760e-01 3.411387231311473894e-02 1.387492037054958126e-02
0.000000000000000000e+00 -4.529058116232465014e-01 1.484945795440668348e-01 8.033753780194049510e-01 3.417639417271815111e-02 1.395364826380991394e-02
2.295701582529219298e+00 -4.388777555110220385e-01 1.509598111951090949e-01 8.006941774428666392e-01 3.429771082417967798e-02 1.404830053784463309e-02
0.000000000000000000e+00 -4.248496993987975756e-01 1.533967336968137807e-01 7.980861960778615760e-01 3.438864982607862941e-02 1.412842039924604165e-02
0.000000000000000000e+00 -4.108216432865731127e-01 1.558889300382324261e-01 7.953665711629476220e-01 3.450893465035684282e-02 1.423556414846304484e-02
0.000000000000000000e+00 -3.967935871743486498e-01 1.584419769399411371e-01 7.926236446153624993e-01 3.460060760164982568e-02 1.433377084304655880e-02
0.000000000000000000e+00 -3.827655310621242979e-01 1.609543044817481894e-01 7.899358276786356825e-01 3.468350353956679843e-02 1.442636430004928284e-02
0.000000000000000000e+00 -3.687374749498998350e-01 1.635396122312958722e-01 7.871460819961100253e-01 3.478110440046298935e-02 1.453320137213109063e-02
1.175192725910806590e+00 -3.547094188376753721e-01 1.662179529385223453e-01 7.842596317443826237e-01 3.488552929145252723e-02 1.463688602564237190e-02
5.311816099336695851e-01 -3.406813627254509091e-01 1.687816680528161362e-01 7.814962881185707477e-01 3.498227029820420025e-02 1.473977353040892453e-02
0.000000000000000000e+00 -3.266533066132264462e-01 1.714752027339157825e-01 7.785836703505362166e-01 3.508942624018821649e-02 1.485170067535966643e-02
0.000000000000000000e+00 -3.126252505010019833e-01 1.741773523403557511e-01 7.756813707366884136e-01 3.517052390430370351e-02 1.497075301865213696e-02
0.000000000000000000e+00 -2.985971943887775204e-01 1.770153635281106752e-01 7.726299244983058090e-01 3.527415372170474017e-02 1.508055825187877563e-02
1.664815879966888623e+00 -2.845691382765530575e-01 1.797977958345672589e-01 7.696046277820163262e-01 3.539008520020879567e-02 1.520749118320767826e-02
0.000000000000000000e+00 -2.705410821643285946e-01 1.826367355974637674e-01 7.665142746525981376e-01 3.552175327302349583e-02 1.532723647691473443e-02
2.343239066832247808e+00 -2.565130260521042427e-01 1.854610505408474941e-01 7.634667933919709881e-01 3.561253061266199393e-02 1.545962545451941283e-02
1.566612577566951492e+00 -2.424849699398797798e-01 1.883354814321545334e-01 7.604092756776440476e-01 3.568327890509730843e-02 1.557196398510414005e-02
1.647432548606484470e-01 -2.284569138276553169e-01 1.911552655483937935e-01 7.573739907272536431e-01 3.577264592608993959e-02 1.569809779826259258e-02
0.000000000000000000e+00 -2.144288577154308539e-01 1.939614253512969289e-01 7.543161150832626838e-01 3.587105466707150164e-02 1.585140489836886143e-02
1.083331228737684615e+00 -2.004008016032063910e-01 1.970898939265740279e-01 7.509358684575399012e-01 3.598185518407395062e-02 1.599238243181223124e-02
3.241331167308642680e+00 -1.863727454909819281e-01 2.000421189053195603e-01 7.477552215881508868e-01 3.606811912626091410e-02 1.613454038026856247e-02
2.107957780490908595e-01 -1.723446893787574652e-01 2.029849493800547355e-01 7.445896619926071214e-01 3.616199416873553535e-02 1.626339445860271529e-02
2.260332073558096067e+00 -1.583166332665331133e-01 2.058939766023768492e-01 7.414230708015226989e-01 3.626065230093324099e-02 1.642230029516705478e-02
1.920756010370346267e+00 -1.442885771543086504e-01 2.088849065749848188e-01 7.381742388610824657e-01 3.637347149978484989e-02 1.656738306414772335e-02
0.000000000000000000e+00 -1.302605210420841875e-01 2.120605022826203279e-01 7.347611598055256987e-01 3.645431868556561761e-02 1.672401922628827947e-02
0.000000000000000000e+00 -1.162324649298597246e-01 2.149816240765117792e-01 7.315954694929593938e-01 3.654084286549325045e-02 1.688206356503572925e-02
0.000000000000000000e+00 -1.022044088176352616e-01 2.181101082139830227e-01 7.282030084744263165e-01 3.664590257569462495e-02 1.704098073589597681e-02
1.531822685801050188e+00 -8.817635270541079873e-02 2.211065771948548531e-01 7.250009088605162688e-01 3.669208991780190804e-02 1.720042402682697702e-02
1.332687748489723489e+00 -7.414829659318633581e-02 2.243910854210870998e-01 7.214172297128956801e-01 3.681578384971846696e-02 1.737590101629880868e-02
1.559808696628993241e+00 -6.012024048096187290e-02 2.272648236297948321e-01 7.183193904500260185e-01 3.687995306054912131e-02 1.753583285963013910e-02
2.708188840943153708e-01 -4.609218436873740998e-02 2.305234231034980485e-01 7.147873290208690555e-01 3.697536009216767505e-02 1.771388778346531800e-02
1.587618802247342753e+00 -3.206412825651305809e-02 2.336204080307812680e-01 7.114622800232786037e-01 3.703685061307158966e-02 1.788046133286857325e-02
1.666172080641752928e-01 -1.803607214428859518e-02 2.368641701965016333e-01 7.079217527197776416e-01 3.714653410049778559e-02 1.806754298322286317e-02
3.055614542423410018e+00 -4.008016032064132261e-03 2.399637930808738995e-01 7.045964282548109470e-01 3.719187920859801794e-02 1.824789945571719113e-02
3.238501164378615904e+00 1.002004008016044168e-02 2.431091122836946949e-01 7.011270911488306501e-01 3.733168223273810454e-02 1.843211433473647062e-02
0.000000000000000000e+00 2.404809619238479357e-02 2.461119756819483140e-01 6.979027626159064468e-01 3.735923367683469803e-02 1.862602802531065568e-02
1.811754357427647122e+00 3.807615230460914546e-02 2.492559777305942137e-01 6.944287660023512609e-01 3.748467909508611945e-02 1.883057717196833306e-02
5.764997933819090425e-01 5.210420841683371940e-02 2.524605270739677110e-01 6.909473770430299977e-01 3.755797991313639811e-02 1.903411596986582036e-02
2.976483692237227086e+00 6.613226452905807129e-02 2.555784212953295942e-01 6.876134187479560067e-01 3.758523906237325879e-02 1.922292089434112991e-02
1.363889876058768380e-01 8.016032064128264523e-02 2.584908984615001959e-01 6.844028540528971361e-01 3.767303484492877386e-02 1.943321264067403645e-02
0.000000000000000000e+00 9.418837675350699712e-02 2.617248606357585605e-01 6.808750756171938479e-01 3.776402657757612497e-02 1.963603716947148053e-02
2.765237505431726195e+00 1.082164328657315711e-01 2.649124063799888629e-01 6.773995126024034974e-01 3.784033948260669133e-02 1.984774153500102126e-02
2.001962573806111312e+00 1.222444889779559229e-01 2.678494924965586499e-01 6.741916559559533173e-01 3.790051501536265133e-02 2.005833653212548556e-02
0.000000000000000000e+00 1.362725450901802748e-01 2.709037472540395952e-01 6.708455676079553287e-01 3.796437248087334432e-02 2.028631265713174564e-02
2.311755765656518413e+00 1.503006012024048488e-01 2.741339695765072637e-01 6.672973117573232082e-01 3.804246778326764167e-02 2.052625088290187597e-02
4.575951984474985190e-02 1.643286573146292007e-01 2.772532917134650776e-01 6.639235274042193380e-01 3.807918600006555271e-02 2.074399488224999005e-02
1.780850514322376496e-02 1.783567134268537746e-01 2.800577718435970920e-01 6.608172436777600689e-01 3.814134582590117395e-02 2.098363865274179008e-02
1.068165585414504015e+00 1.923847695390781265e-01 2.830774822588074668e-01 6.574736483402259246e-01 3.822686841956897397e-02 2.122200098139760682e-02
2.042468675340105566e+00 2.064128256513027004e-01 2.861303194462238020e-01 6.541330612986820947e-01 3.826384049822117300e-02 2.147277875687297541e-02
0.000000000000000000e+00 2.204408817635270523e-01 2.890956139332563346e-01 6.509012232725588376e-01 3.830546427443492358e-02 2.169769851974993891e-02
3.156892533742973184e-01 2.344689378757514042e-01 2.919182192324148994e-01 6.477266470365956597e-01 3.839192950568418028e-02 2.196320422530537858e-02
0.000000000000000000e+00 2.484969939879759782e-01 2.947237814085559848e-01 6.446103035969368289e-01 3.844408026062949568e-02 2.222183473387754141e-02
0.000000000000000000e+00 2.625250501002003300e-01 2.976648724505696064e-01 6.413901889096774722e-01 3.846618650900370667e-02 2.247875213074926326e-02
7.691517997886369029e-01 2.765531062124249040e-01 3.004247510508398222e-01 6.383155395556554534e-01 3.852344808250704467e-02 2.273626131099768660e-02
1.468061961618306377e+00 2.905811623246492559e-01 3.031797259971925063e-01 6.352097110683671000e-01 3.858491345614342011e-02 2.302564947829685571e-02
1.642069787521977187e+00 3.046092184368738298e-01 3.060171646526935740e-01 6.320384713419532341e-01 3.863712634032365895e-02 2.330723766502945660e-02
1.312055093089159019e+00 3.186372745490981817e-01 3.085918654565860675e-01 6.291436334332124458e-01 3.867994574039820138e-02 2.358455536980337205e-02
1.174069320669058669e+00 3.326653306613227556e-01 3.113461878024261775e-01 6.260687972186629313e-01 3.872233221969418465e-02 2.386268275921681059e-02
0.000000000000000000e+00 3.466933867735471075e-01 3.138808525025269525e-01 6.231875801549263683e-01 3.877210290567696671e-02 2.415946443686973338e-02
1.583846700949522734e+00 3.607214428857714594e-01 3.165349005096810275e-01 6.201867751371351600e-01 3.881231931833484250e-02 2.446600503484889708e-02
3.393915876919827657e+00 3.747494989979960334e-01 3.189799106800395578e-01 6.173996817437619189e-01 3.884879627097864718e-02 2.477161130521980670e-02
3.018090328002764000e+00 3.887775551102203853e-01 3.214947892289791165e-01 6.145490817084741098e-01 3.887218756551837073e-02 2.508394149702843773e-02
1.633677154856166602e+00 4.028056112224449592e-01 3.239260053256462490e-01 6.117790104306631838e-01 3.890579868847784256e-02 2.538918555521274892e-02
2.530668004258970760e-01 4.168336673346693111e-01 3.262136376569432228e-01 6.091013483277115670e-01 3.896004887776842451e-02 2.572496513757681347e-02
1.237222212925515930e+00 4.308617234468938850e-01 3.285611686394901976e-01 6.064312899701006510e-01 3.896465494649145600e-02 2.604288644391771629e-02
3.147129566399751166e+00 4.448897795591182369e-01 3.308348426847080859e-01 6.037680945678163269e-01 3.902600652117706181e-02 2.637105622629834847e-02
1.334373052306931040e+00 4.589178356713428109e-01 3.330427344479954255e-01 6.011751817502212214e-01 3.905220228899570351e-02 2.672988151278775371e-02
4.990806158941842319e-01 4.729458917835671627e-01 3.351669707714842183e-01 5.987011920610149085e-01 3.907485008790009123e-02 2.705698707960066049e-02
3.945587318431293955e+00 4.869739478957915146e-01 3.371678584346602392e-01 5.963138464328193722e-01 3.908810029021669852e-02 2.743019484230369703e-02
1.220269623159359329e-01 5.010020040080160886e-01 3.392121888830260668e-01 5.938260352296430566e-01 3.916645036134559082e-02 2.779532552598527884e-02
1.328926866413932650e+00 5.150300601202404405e-01 3.411578688576643592e-01 5.915242077492093298e-01 3.916692147934740242e-02 2.815100191377893635e-02
3.040451044646508283e+00 5.290581162324650144e-01 3.428137360800821432e-01 5.894824848005439932e-01 3.917978426164212685e-02 2.852399485773174370e-02
1.343826342162517951e-01 5.430861723446893663e-01 3.445648907204019173e-01 5.872793944732858096e-01 3.922551819707742471e-02 2.893019660923473735e-02
2.238916839579577989e+00 5.571142284569139402e-01 3.463348102109743420e-01 5.851132341474448717e-01 3.924431122505242509e-02 2.930764441652840280e-02
0.000000000000000000e+00 5.711422845691382921e-01 3.480876835564444272e-01 5.829478989773758668e-01 3.925722722520118280e-02 2.970719024097854752e-02
3.635803354229353967e+00 5.851703406813626440e-01 3.496422284224769417e-01 5.809407591849647945e-01 3.928467571720566792e-02 3.013233667535268265e-02
0.000000000000000000e+00 5.991983967935872180e-01 3.510766524878571881e-01 5.790965966771348672e-01 3.931105740312233754e-02 3.051569343188559325e-02
1.469672067692711082e+00 6.132264529058115698e-01 3.522749399559791383e-01 5.774470535628288825e-01 3.931164005250887411e-02 3.096636642868321604e-02
4.098342401100984134e+00 6.272545090180361438e-01 3.540309783809560962e-01 5.752088649882369786e-01 3.935422655302640849e-02 3.140593007778057916e-02
2.925496735640703339e+00 6.412825651302604957e-01 3.552800743850692000e-01 5.735401560885752259e-01 3.935438575373691183e-02 3.182538377261866919e-02
1.736092664564309551e+00 6.553106212424850696e-01 3.562324165807100318e-01 5.720878212747951830e-01 3.938752660110017567e-02 3.229223554339462343e-02
0.000000000000000000e+00 6.693386773547094215e-01 3.574913179978009281e-01 5.703806638894989289e-01 3.939106026028812296e-02 3.273695785241191591e-02
0.000000000000000000e+00 6.833667334669337734e-01 3.586108125294152349e-01 5.687627294597826788e-01 3.941185258515546991e-02 3.321460542564671353e-02
0.000000000000000000e+00 6.973947895791583473e-01 3.593223130046103164e-01 5.675483738967356251e-01 3.942547717579454603e-02 3.370383592285956104e-02
3.145993392062655492e+00 7.114228456913826992e-01 3.602786095585562287e-01 5.660840558252092647e-01 3.943452246448645587e-02 3.420281215174816175e-02
1.417195994412099314e+00 7.254509018036072732e-01 3.608729949183970276e-01 5.649827650188284922e-01 3.944872150188915433e-02 3.469551856088527036e-02
1.594232771083109679e+00 7.394789579158316251e-01 3.616594652430334400e-01 5.636800284295864216e-01 3.946865379615218522e-02 3.519185253122784213e-02
0.000000000000000000e+00 7.535070140280561990e-01 3.622366215142243662e-01 5.625262211211272678e-01 3.949755003643337647e-02 3.573960732821500341e-02
2.476563560412192277e+00 7.675350701402805509e-01 3.625782235499486195e-01 5.616804563114954352e-01 3.948418897183590681e-02 3.625713116672000386e-02
0.000000000000000000e+00 7.815631262525051248e-01 3.630633412492648149e-01 5.606508892624862961e-01 3.949724125726354618e-02 3.678852823098544000e-02
0.000000000000000000e+00 7.955911823647294767e-01 3.632761165605020715e-01 5.598904297593918500e-01 3.949233572234739365e-02 3.734111795775869880e-02
1.032885534987129095e+00 8.096192384769538286e-01 3.636608742921376147e-01 5.588839186821481508e-01 3.953869010976746728e-02 3.791651691594679491e-02
0.000000000000000000e+00 8.236472945891784025e-01 3.636470024238016574e-01 5.583080692517227162e-01 3.951658094804028770e-02 3.852834737643535262e-02
3.890860743273995004e-01 8.376753507014027544e-01 3.636905616744531833e-01 5.576666603139152079e-01 3.954420940339874874e-02 3.909856860823296421e-02
0.000000000000000000e+00 8.517034068136273284e-01 3.637539424657517673e-01 5.570176942918785290e-01 3.953595638945039265e-02 3.969240685291918619e-02
2.718054363856670541e+00 8.657314629258516803e-01 3.634899362202340667e-01 5.566768529910272045e-01 3.954823549656545645e-02 4.028497529217337642e-02
4.123417377465822042e+00 8.797595190380762542e-01 3.632815671431641191e-01 5.562431230259954340e-01 3.954287896041173977e-02 4.093243087042881118e-02
3.155407908700696762e+00 8.937875751503006061e-01 3.629482723105516562e-01 5.559105915843929324e-01 3.957292976778543914e-02 4.156820633726989594e-02
0.000000000000000000e+00 9.078156312625251800e-01 3.624651479513260610e-01 5.557073432416618219e-01 3.957534688714658272e-02 4.225216191986546493e-02
2.890480079073306507e-01 9.218436873747495319e-01 3.619649999545510033e-01 5.555649728693912159e-01 3.955445114874947543e-02 4.291557602730828452e-02
1.563297200411226939e-01 9.358717434869738838e-01 3.612362727402580465e-01 5.556135541276046030e-01 3.957271392015971473e-02 4.357745921197762190e-02
3.134732325868334168e+00 9.498997995991984578e-01 3.604895920000009135e-01 5.556518949208235636e-01 3.955865392980600220e-02 4.429985914936945823e-02
3.459151411448601277e+00 9.639278557114228096e-01 3.595950173209951917e-01 5.558965610735356888e-01 3.954676702888573758e-02 4.496165457658348602e-02
2.795109633998859699e+00 9.779559118236473836e-01 3.587359602043836970e-01 5.559761879606489599e-01 3.957117237154324230e-02 4.571667946342417022e-02
4.694969314631303736e-01 9.919839679358717355e-01 3.577502508136023995e-01 5.562763994282586832e-01 3.953815998194423059e-02 4.643518977619474908e-02
3.156187792652240809e+00 1.006012024048096087e+00 3.565975866317879772e-01 5.566570180257804923e-01 3.954112255165621176e-02 4.720427279077533261e-02
1.315336132668506686e+00 1.020040080160320883e+00 3.554470498044164928e-01 5.570490824113030204e-01 3.953727927734240061e-02 4.796658850693815562e-02
1.700083251512301885e+00 1.034068136272545235e+00 3.541507088154263183e-01 5.575101833282924968e-01 3.955553614382723709e-02 4.878357171245388535e-02
4.410259844043807220e+00 1.048096192384769587e+00 3.526236298776229128e-01 5.582939552621456469e-01 3.952483284847466832e-02 4.955758201175684829e-02
2.510747093272949204e+00 1.062124248496993939e+00 3.510350822758830369e-01 5.590619206501650229e-01 3.951711736874401887e-02 5.038587970520801151e-02
2.771297167273359729e+00 1.076152304609218291e+00 3.492601025473807130e-01 5.600727408657281137e-01 3.951907637672928686e-02 5.114808021016189338e-02
7.753949946866259824e-01 1.090180360721443087e+00 3.479132041683158372e-01 5.605525921153682312e-01 3.949236990961446647e-02 5.204183380670148601e-02
1.767780200488498821e+00 1.104208416833667439e+00 3.457740415076606677e-01 5.618124353415278049e-01 3.950253133299704705e-02 5.291099181781448724e-02
1.650313550372334070e+00 1.118236472945891791e+00 3.439457192226169080e-01 5.627949227351057848e-01 3.945268941109354721e-02 5.380666863118379467e-02
2.554493176549863964e+00 1.132264529058116143e+00 3.419193262203560346e-01 5.639636746715555038e-01 3.942018575295528487e-02 5.469681335513309345e-02
3.258593067260630249e+00 1.146292585170340494e+00 3.397859824801635065e-01 5.651916372370793251e-01 3.942158197425337657e-02 5.560079830850368776e-02
2.836014964171814423e+00 1.160320641282565290e+00 3.377404519540461725e-01 5.663305269840515077e-01 3.939186781622701361e-02 5.653715324567523681e-02
1.808150851276494109e+00 1.174348697394789642e+00 3.354740498933475590e-01 5.676814277547640453e-01 3.936919438288053602e-02 5.747532796900783891e-02
5.608287000605020056e-01 1.188376753507013994e+00 3.331021187472985035e-01 5.690999216851211351e-01 3.933294094384546385e-02 5.846501862373492536e-02
2.556048062493534445e+00 1.202404809619238346e+00 3.304810323998700339e-01 5.707624930832929655e-01 3.929606361237359541e-02 5.946041090446335664e-02
1.124996604206918160e+00 1.216432865731463142e+00 3.280564225982710580e-01 5.722885671029435128e-01 3.925497252172713974e-02 6.040003777705824084e-02
0.000000000000000000e+00 1.230460921843687494e+00 3.253165754327592696e-01 5.740118397466812405e-01 3.924568148811537899e-02 6.142590333244413170e-02
2.814861427636461411e+00 1.244488977955911846e+00 3.225915343307973471e-01 5.757908952064307861e-01 3.916862865823071693e-02 6.244894180454112209e-02
0.000000000000000000e+00 1.258517034068136198e+00 3.197301272991964205e-01 5.775481437726656120e-01 3.916759118458566086e-02 6.355413774355220258e-02
1.952245580134341907e+00 1.272545090180360550e+00 3.170061380507525062e-01 5.792730186099992462e-01 3.910074827022701899e-02 6.462009506902133271e-02
0.000000000000000000e+00 1.286573146292585346e+00 3.139213244676377634e-01 5.813929898765638482e-01 3.902489462503556938e-02 6.566079103076273571e-02
2.611248472148870015e+00 1.300601202404809698e+00 3.107963919019711141e-01 5.834740250699359532e-01 3.895742844035987584e-02 6.677215458773316792e-02
0.000000000000000000e+00 1.314629258517034049e+00 3.076692269797138835e-01 5.854631037233579693e-01 3.893674229377157292e-02 6.793092700315658816e-02
2.880172475756218819e+00 1.328657314629258401e+00 3.046612408324904653e-01 5.873801058077615656e-01 3.887269559354761955e-02 6.908595776620028717e-02
1.041229348610033245e+00 1.342685370741483197e+00 3.011872256386994851e-01 5.898776674473938941e-01 3.876657434832966181e-02 7.016853256557702145e-02
3.296362758571115048e+00 1.356713426853707549e+00 2.978661086510395739e-01 5.920019575740256279e-01 3.872343576707149015e-02 7.140849800786329415e-02
6.822485681965732018e-01 1.370741482965931901e+00 2.943704950217049809e-01 5.944002443599836205e-01 3.864560333468115838e-02 7.258365728363021241e-02
0.000000000000000000e+00 1.384769539078156253e+00 2.909798824725496336e-01 5.967277304851124065e-01 3.853680589525289996e-02 7.375558114708516411e-02
1.727092561534371573e-01 1.398797595190380605e+00 2.874133015266381874e-01 5.990453726460043260e-01 3.848153534389673475e-02 7.505979048346078653e-02
1.394522409210667835e-01 1.412825651302605401e+00 2.838095535677582770e-01 6.015803271702518940e-01 3.838162339569197584e-02 7.622849586629776297e-02
4.409815549892057263e+00 1.426853707414829753e+00 2.802637342847086876e-01 6.039194463341356345e-01 3.830011712723652151e-02 7.751670225391910085e-02
3.277147697154163986e+00 1.440881763527054105e+00 2.764269536682911199e-01 6.066284948347407946e-01 3.820673793325741335e-02 7.873781356371072071e-02
0.000000000000000000e+00 1.454909819639278457e+00 2.726530451298087576e-01 6.092137272896505085e-01 3.809605526343901732e-02 8.003717231710162638e-02
2.089034128604855489e+00 1.468937875751502808e+00 2.687824242362515936e-01 6.118159425687228481e-01 3.798472011981419288e-02 8.141691307521124743e-02
4.816664746928230656e+00 1.482965931863727604e+00 2.647352431964840602e-01 6.146890577331087790e-01 3.785279350674558563e-02 8.272290556366145020e-02
3.104797346770211686e+00 1.496993987975951956e+00 2.611101605088510524e-01 6.171266250005329468e-01 3.775106916116207495e-02 8.401214532945396052e-02
2.039215524919336886e+00 1.511022044088176308e+00 2.569341642195872577e-01 6.200620391060950309e-01 3.761603800411218029e-02 8.538775867020546861e-02
1.837409937242004965e+00 1.525050100200400660e+00 2.527907201672504600e-01 6.229691324486219539e-01 3.746920988894265198e-02 8.677093749518501042e-02
4.010436625560418022e+00 1.539078156312625456e+00 2.488324955806742178e-01 6.256530781451768997e-01 3.734140852186491194e-02 8.817301775228399141e-02
1.390630380958560064e+00 1.553106212424849808e+00 2.448154580712817996e-01 6.284135903570735593e-01 3.720123954146879741e-02 8.956971203017587146e-02
3.930732312058597966e+00 1.567134268537074160e+00 2.405818009350084719e-01 6.314706388729433018e-01 3.701388601853118632e-02 9.093367417351697068e-02
2.228641524837501109e+00 1.581162324649298512e+00 2.364381257265776026e-01 6.342821274764114392e-01 3.687532984019988719e-02 9.240441695681110568e-02
6.098454933523556054e-01 1.595190380761522864e+00 2.322784791968423301e-01 6.371069489516368867e-01 3.674072794425788102e-02 9.387384390726279115e-02
4.114941805816470399e+00 1.609218436873747660e+00 2.280377494606142807e-01 6.401186035521175821e-01 3.655586559415108933e-02 9.528778139311706863e-02
2.779758547641361766e+00 1.623246492985972012e+00 2.238588061350836877e-01 6.429643332881869178e-01 3.638674539357194399e-02 9.679011518315748519e-02
1.092553926062035607e+00 1.637274549098196363e+00 2.197706642248891118e-01 6.458601995539375862e-01 3.619335827420631924e-02 9.817577794696689952e-02
1.586763574456341530e+00 1.651302605210420715e+00 2.154371354936379657e-01 6.488513453889944715e-01 3.601861479534257393e-02 9.969290432202494723e-02
2.518788143173358751e+00 1.665330661322645511e+00 2.111860560684083177e-01 6.518326085943074721e-01 3.580780577104173551e-02 1.011735295662424816e-01
1.357866122480736251e-02 1.679358717434869863e+00 2.069445046658433540e-01 6.546682465728865807e-01 3.560603738747496888e-02 1.027812113737949784e-01
1.006736644259725644e+00 1.693386773547094215e+00 2.027295899954782155e-01 6.575518895786466311e-01 3.541389326206653698e-02 1.043046271638085470e-01
2.139628898090049969e+00 1.707414829659318567e+00 1.984936985791700970e-01 6.605599983744908643e-01 3.521459108322607529e-02 1.057317119631129704e-01
4.367527299820997411e-01 1.721442885771542919e+00 1.940969374875667897e-01 6.636655864302432040e-01 3.497282617176324104e-02 1.072646499104267653e-01
4.428672109489929731e+00 1.735470941883767715e+00 1.899534420549551517e-01 6.664150959890188242e-01 3.478067065043172201e-02 1.088507913055942883e-01
2.895506121870125682e+00 1.749498997995992067e+00 1.857572120376301816e-01 6.692877923741712420e-01 3.453618040666632527e-02 1.104188151815322094e-01
5.771534524567770164e-02 1.763527054108216419e+00 1.816289089838618864e-01 6.720920425247515206e-01 3.431092612836019601e-02 1.119681223630264039e-01
3.671140746836153657e+00 1.777555110220440771e+00 1.774940660963496009e-01 6.749450837006720771e-01 3.408232818946869969e-02 1.134785220135094974e-01
8.490962910160945176e-01 1.791583166332665567e+00 1.732527978688213066e-01 6.779014599849215728e-01 3.381815195489234344e-02 1.150275901913648119e-01
3.196884505519992814e+00 1.805611222444889918e+00 1.690516152568635466e-01 6.807939518428739456e-01 3.357739056654589910e-02 1.165770423337166989e-01
3.214157516938474402e+00 1.819639278557114270e+00 1.650804974318157148e-01 6.834042389459258349e-01 3.330335107084086976e-02 1.182119125514175251e-01
0.000000000000000000e+00 1.833667334669338622e+00 1.610725867143518175e-01 6.860652726120244349e-01 3.305816458141062897e-02 1.198039760922131186e-01
1.480424858395322119e+00 1.847695390781562974e+00 1.569016378916532062e-01 6.890046379123385689e-01 3.277484959589064412e-02 1.213188746001175183e-01
3.680894236853870627e+00 1.861723446893787770e+00 1.529536435492509783e-01 6.916208650943194147e-01 3.251030909586301310e-02 1.229151822605665662e-01
3.496240480614613677e+00 1.875751503006012122e+00 1.491068290433157917e-01 6.942091612016049185e-01 3.221988108133048978e-02 1.244641286737488001e-01
3.912620823559961547e+00 1.889779559118236474e+00 1.451250913602525894e-01 6.967626505769043410e-01 3.194725788341998274e-02 1.261650001794230591e-01
2.565485307113501978e+00 1.903807615230460826e+00 1.413196306881872033e-01 6.994315182731560832e-01 3.166859009580591522e-02 1.275802609428508816e-01
0.000000000000000000e+00 1.917835671342685622e+00 1.375367920254281784e-01 7.019249181948137295e-01 3.135565340104856658e-02 1.291826363787094700e-01
2.703958527798582701e+00 1.931863727454909974e+00 1.337225590776518758e-01 7.044800788515288570e-01 3.105911784484687022e-02 1.307382442259722999e-01
4.400653681461038857e+00 1.945891783567134325e+00 1.300046715177732848e-01 7.067396740652901466e-01 3.076820361059262252e-02 1.324874508063439427e-01
2.473708850618241417e+00 1.959919839679358677e+00 1.263146675270024055e-01 7.092712503951218439e-01 3.045537636575702117e-02 1.339587057121187363e-01
7.197730337518894485e-09 1.973947895791583029e+00 1.227479826154068004e-01 7.115172613917795097e-01 3.015264930116884345e-02 1.355821066916446382e-01
1.141942239181231944e+00 1.987975951903807825e+00 1.192218455240108971e-01 7.137818205087922419e-01 2.984807582305009158e-02 1.371482581441467730e-01
2.395670091964669624e+00 2.002004008016032177e+00 1.156503385895957109e-01 7.161835141758388090e-01 2.954111793299482938e-02 1.386250293015706403e-01
2.663679320532871042e+00 2.016032064128256529e+00 1.122110505868601366e-01 7.183915254007730011e-01 2.920433749382137303e-02 1.401930865185455621e-01
4.840782721654043108e+00 2.030060120240480881e+00 1.089304652886674135e-01 7.202195672239312119e-01 2.890388169935343560e-02 1.419460857880478488e-01
2.434788639912278008e+00 2.044088176352705233e+00 1.056521777060555056e-01 7.223606918246913144e-01 2.859308805107669757e-02 1.433940424181763540e-01
2.108927091533673970e+00 2.058116232464930029e+00 1.023864608361638451e-01 7.242869815738195438e-01 2.827104910890866976e-02 1.450555084811080420e-01
1.505706438638855005e+00 2.072144288577154381e+00 9.921179811243681368e-02 7.263375205186166639e-01 2.794088570823949000e-02 1.465097956607070151e-01
4.698561253752042146e-08 2.086172344689378733e+00 9.618434644546737522e-02 7.281175565068993549e-01 2.760357076151473410e-02 1.480945262861185774e-01
4.365413379992302723e+00 2.100200400801603084e+00 9.304995873029335562e-02 7.300423272906007011e-01 2.728893952045014296e-02 1.496187744586558732e-01
5.666721646641327369e-05 2.114228456913827880e+00 9.011288486298363321e-02 7.317768218177893580e-01 2.694768612847345257e-02 1.511626071907537228e-01
2.349029919865349036e+00 2.128256513026052232e+00 8.715387416512754282e-02 7.334973397761022085e-01 2.661084076267503790e-02 1.527379452960950790e-01
1.204581352201177236e+00 2.142284569138276584e+00 8.427624634603846088e-02 7.352495386798154620e-01 2.627510108215046561e-02 1.541991138919957260e-01
1.718181153057499573e-12 2.156312625250500936e+00 8.151270675089830609e-02 7.368685923831176376e-01 2.593536257323928243e-02 1.556833382927446940e-01
4.111305815241328432e+00 2.170340681362725288e+00 7.887567628478477089e-02 7.382765855663352417e-01 2.561142186206319046e-02 1.572363162868168351e-01
1.334852980021518309e+00 2.184368737474950084e+00 7.618437588085842649e-02 7.399335294998263812e-01 2.526110954564644157e-02 1.586209850736686744e-01
4.679761561589379504e+00 2.198396793587174436e+00 7.367914360476809921e-02 7.411610313147847240e-01 2.494466076612031000e-02 1.602151643143268078e-01
3.131107849252678932e+00 2.212424849699398788e+00 7.109125912922545365e-02 7.425871411085389617e-01 2.459931757933442320e-02 1.617222821829011892e-01
4.581533726571080045e+00 2.226452905811623140e+00 6.865857698036498258e-02 7.438795617875499921e-01 2.427143394101631893e-02 1.631904272910686404e-01
4.668782827071991659e-01 2.240480961923847936e+00 6.629103273968862953e-02 7.451060750575597691e-01 2.392630659189189449e-02 1.646765856108596549e-01
4.431570960257802838e+00 2.254509018036072288e+00 6.399543233150110921e-02 7.462697831137405924e-01 2.359270628667969882e-02 1.661420782680787800e-01
1.201216904444895323e-11 2.268537074148296639e+00 6.173510946640673597e-02 7.473190492613172031e-01 2.327344442261534974e-02 1.676723968496605377e-01
6.644413615040002385e-01 2.282565130260520991e+00 5.953258186832797311e-02 7.485126041032472699e-01 2.292153177735928998e-02 1.690332822510655364e-01
6.846805850360618839e-01 2.296593186372745343e+00 5.745241023117867579e-02 7.495406864012924553e-01 2.260700874570377092e-02 1.703998946218253374e-01
7.105427357603526214e-15 2.310621242484970139e+00 5.537759162833763571e-02 7.502877341653143572e-01 2.229718430437969273e-02 1.720374899019681825e-01
3.699056027704514804e+00 2.324649298597194491e+00 5.335082762522169730e-02 7.513838080777657247e-01 2.194375368175424321e-02 1.733216106152584424e-01
2.676401536897978328e+00 2.338677354709418843e+00 5.141453680813495158e-02 7.520407117246913353e-01 2.161233724420639699e-02 1.749324142229672641e-01
2.048855333747317875e+00 2.352705410821643195e+00 4.955332249512578446e-02 7.528851737960871038e-01 2.128057399367293615e-02 1.762809297151140264e-01
4.633779592977133710e+00 2.366733466933867547e+00 4.771935724256453487e-02 7.535426700576912662e-01 2.096320929159002297e-02 1.777747634081542905e-01
1.710977345761285573e+00 2.380761523046092343e+00 4.593817518428467556e-02 7.543325247256197352e-01 2.064800871853456413e-02 1.790812913715611465e-01
1.733953108983972591e+00 2.394789579158316695e+00 4.428429818876021551e-02 7.547922497742516335e-01 2.033697744753832845e-02 1.805864745894498469e-01
8.461143269764311858e-01 2.408817635270541047e+00 4.260763633156999797e-02 7.553591897580478332e-01 2.001440207015526759e-02 1.820187718402270505e-01
4.316278472707894664e+00 2.422845691382765398e+00 4.100507156243205636e-02 7.559624344658095740e-01 1.970475528019393144e-02 1.833277386915644902e-01
1.342743116646130996e+00 2.436873747494990194e+00 3.948315831586289570e-02 7.562562680145039629e-01 1.940954017616361438e-02 1.848510334934696797e-01
2.756072131564482941e+00 2.450901803607214546e+00 3.801532165928204338e-02 7.565949120055560639e-01 1.909768805301327935e-02 1.862920782821485821e-01
2.333733015450250914e+00 2.464929859719438898e+00 3.657085906863345726e-02 7.570309007495482634e-01 1.878274361365123504e-02 1.876154965681669229e-01
3.308948433919399079e+00 2.478957915831663250e+00 3.516958020357445480e-02 7.571972674926253921e-01 1.848664882562842462e-02 1.891465034781718291e-01
2.579659771594645434e+00 2.492985971943887602e+00 3.382897300681702440e-02 7.574309722533308920e-01 1.819306670018292285e-02 1.905469880396690185e-01
6.072031768123384775e-12 2.507014028056112398e+00 3.253843886370447885e-02 7.576886583741553327e-01 1.789225680295384105e-02 1.918806459591861080e-01
4.826711650749204274e+00 2.521042084168336750e+00 3.127150997125240778e-02 7.578351754233112469e-01 1.759469884551212449e-02 1.932986157599241306e-01
2.882811631796706742e+00 2.535070140280561102e+00 3.009251429636138411e-02 7.579326488968937126e-01 1.732170459014862121e-02 1.946531322165964695e-01
5.676300620046418333e-01 2.549098196392785454e+00 2.891802546101621477e-02 7.580331801967589156e-01 1.701063393857082245e-02 1.960381604036540715e-01
1.684022856396260259e+00 2.563126252505010250e+00 2.779325616339513999e-02 7.581148723252820743e-01 1.672875872256630869e-02 1.973631127887565395e-01
1.332267629550276595e-15 2.577154308617234602e+00 2.672232140396389038e-02 7.579386939140195789e-01 1.647071196790889785e-02 1.988682727141075912e-01
1.559571877948766172e+00 2.591182364729458953e+00 2.567763459650425351e-02 7.578726777306298290e-01 1.620495307524624090e-02 2.002447345976197668e-01
2.960465733322324766e+00 2.605210420841683305e+00 2.466895655549907612e-02 7.576814693201008311e-01 1.592788840188193514e-02 2.017216857225182236e-01
2.810038509946978014e+00 2.619238476953907657e+00 2.373469940446858856e-02 7.575693697372950508e-01 1.565957192771402079e-02 2.030363589305224092e-01
2.798879726593687334e+00 2.633266533066132453e+00 2.280522956752076280e-02 7.573583109233051891e-01 1.539219080872188290e-02 2.044442687004521253e-01
1.722665505053381452e+00 2.647294589178356805e+00 2.189900953259016694e-02 7.572179220434590574e-01 1.513646115637288549e-02 2.057466072675777913e-01
1.462799768504043918e+00 2.661322645290581157e+00 2.104508277841308714e-02 7.567861416538816943e-01 1.488055653990950737e-02 2.072882190277957060e-01
3.382186483438640145e+00 2.675350701402805509e+00 2.022595691380679045e-02 7.564086394835960458e-01 1.462866075851945724e-02 2.087367428440777550e-01
3.232399205829700417e+00 2.689378757515030305e+00 1.944546917943819689e-02 7.559779066304651574e-01 1.437753819819598614e-02 2.101990859919006527e-01
7.040058062739542599e-01 2.703406813627254657e+00 1.867300252031171837e-02 7.556941903420820728e-01 1.413529904121173242e-02 2.114975080963945042e-01
3.914781035737176840e+00 2.717434869739479009e+00 1.794048738676120441e-02 7.552462216230477754e-01 1.389485287774082194e-02 2.129184381124500647e-01
1.025300187004380970e+00 2.731462925851703361e+00 1.724547161749091784e-02 7.547346727632959773e-01 1.365987311071413871e-02 2.143599825084988864e-01
1.005514132385717296e+00 2.745490981963927712e+00 1.655155717298504095e-02 7.542924217341039350e-01 1.341436752119304701e-02 2.157416535717179285e-01
6.071348988414527748e-01 2.759519038076152508e+00 1.591980711900494241e-02 7.535278023974886219e-01 1.319588825793132150e-02 2.173565022255752599e-01
0.000000000000000000e+00 2.773547094188376860e+00 1.530595262242623496e-02 7.529828997707490590e-01 1.296628642569145132e-02 2.187448611811334265e-01
2.471616587943421095e+00 2.787575150300601212e+00 1.469042414558490925e-02 7.523889395760684495e-01 1.274339322830120996e-02 2.201772430500453515e-01
3.151202552822648162e+00 2.801603206412825564e+00 1.412718711694842429e-02 7.517170124912986306e-01 1.252382746814562769e-02 2.216319729236073122e-01
2.497445053371950330e+00 2.815631262525050360e+00 1.357896679177397932e-02 7.509394854883639780e-01 1.232256222281335155e-02 2.231589854970487119e-01
0.000000000000000000e+00 2.829659318637274712e+00 1.305031339643206861e-02 7.502896189579109087e-01 1.210170876698680315e-02 2.245583588786701501e-01
0.000000000000000000e+00 2.843687374749499064e+00 1.255075047924904784e-02 7.494618128884055208e-01 1.189888058572659973e-02 2.260885560466188438e-01
0.000000000000000000e+00 2.857715430861723416e+00 1.205862630053372922e-02 7.486554288663251899e-01 1.169363172978090878e-02 2.275923131033601721e-01
0.000000000000000000e+00 2.871743486973947768e+00 1.158845779092225123e-02 7.478816903063315591e-01 1.149183313895124278e-02 2.290380187637950093e-01
7.459540483535577193e-01 2.885771543086172564e+00 1.114931794302900792e-02 7.469807241453541025e-01 1.129418586484734824e-02 2.305757720467695726e-01
4.215456273017670341e+00 2.899799599198396916e+00 1.071681751420153553e-02 7.460465599910804935e-01 1.110879202882189033e-02 2.321278304658961067e-01
3.904866246076630798e+00 2.913827655310621267e+00 1.030614266583810071e-02 7.451268417903544883e-01 1.091333844855259076e-02 2.336536770952547803e-01
0.000000000000000000e+00 2.927855711422845619e+00 9.906302353624139162e-03 7.441590319604035608e-01 1.072891294237080829e-02 2.352057527436014206e-01
1.451432135377618504e+00 2.941883767535069971e+00 9.528707377320059721e-03 7.429810089045228993e-01 1.054546998572599391e-02 2.369448137324308423e-01
2.451942968925960198e+00 2.955911823647294767e+00 9.165368835524014685e-03 7.420070029815221124e-01 1.036517629200534724e-02 2.384624518909486679e-01
3.473135918222718832e+00 2.969939879759519119e+00 8.817381194245545867e-03 7.409407048894371961e-01 1.019533515092762438e-02 2.400465787653896788e-01
4.691194792231110355e+00 2.983967935871743471e+00 8.483961412993148293e-03 7.399169415026805030e-01 1.001899203902939343e-02 2.415801050452970056e-01
4.285313063929517163e+00 2.997995991983967823e+00 8.158525484041780421e-03 7.389734378988574992e-01 9.844970695890442255e-03 2.430230659212103961e-01
1.332267629550276595e-15 3.012024048096192175e+00 7.853268398434785219e-03 7.376570411185052745e-01 9.682466565839624104e-03 2.448072239172204290e-01
4.480937786259971745e+00 3.026052104208416971e+00 7.563275517416521466e-03 7.363874872509943437e-01 9.527544215110666029e-03 2.465216930164784714e-01
2.305327666793159924e+00 3.040080160320641767e+00 7.274444901492847088e-03 7.352420595440248841e-01 9.354730548379524419e-03 2.481287650061027861e-01
0.000000000000000000e+00 3.054108216432865675e+00 7.011821579102112297e-03 7.339003182210829257e-01 9.218136408838832618e-03 2.498697237909761615e-01
3.487549588461384964e+00 3.068136272545090470e+00 6.749505137748513378e-03 7.326683987992386182e-01 9.060582512460498700e-03 2.515215135505523003e-01
4.751453898229637929e+00 3.082164328657314378e+00 6.499060774746491867e-03 7.313514520554091902e-01 8.907223481589031377e-03 2.532422636882552536e-01
8.021027329612512302e-01 3.096192384769539174e+00 6.265464123653456500e-03 7.300605918285715257e-01 8.766552122819550041e-03 2.549073919249554288e-01
4.185096974731568054e+00 3.110220440881763970e+00 6.031698681982002389e-03 7.288091113230624751e-01 8.615535254330510331e-03 2.565436547406250711e-01
3.082236719027279470e+00 3.124248496993987878e+00 5.815439140998624606e-03 7.273319743623610778e-01 8.480735115032039112e-03 2.583718513816080642e-01
6.039613254143236221e-13 3.138276553106212674e+00 5.608768074039524598e-03 7.259927542182140758e-01 8.340458482928955752e-03 2.600580192248174161e-01
4.376056309797722754e+00 3.152304609218436582e+00 5.406557573279708630e-03 7.244396626141440532e-01 8.204064270623180610e-03 2.619497155419530099e-01
3.924592368906583140e+00 3.166332665330661378e+00 5.211858480620916098e-03 7.231657214418213409e-01 8.068866767325202569e-03 2.635535533102325578e-01
3.254182412659297086e+00 3.180360721442886174e+00 5.028935840687261127e-03 7.215145112241236891e-01 7.945416820606532662e-03 2.655111361145824911e-01
2.623322528468732262e+00 3.194388777555110082e+00 4.852515563902366595e-03 7.199531179690292770e-01 7.817377398366263941e-03 2.673769890687021089e-01
4.532600290550785616e+00 3.208416833667334878e+00 4.682195547143550192e-03 7.184081551827032897e-01 7.694607279293498928e-03 2.692150419908595493e-01
3.736083783867159447e+00 3.222444889779558785e+00 4.519168443612174395e-03 7.168076819533475419e-01 7.577946780564457155e-03 2.710952028224758448e-01
2.271550878385430572e+00 3.236472945891783581e+00 4.360986578221346527e-03 7.151711626427964541e-01 7.456188913767981298e-03 2.730116618652141391e-01
2.070372596215461325e+00 3.250501002004008377e+00 4.211160657460532447e-03 7.137588672072717744e-01 7.333281212186167596e-03 2.746966909230815213e-01
4.869292808676997986e+00 3.264529058116232285e+00 4.074367298644859456e-03 7.118634987367166156e-01 7.227095018110696323e-03 2.768350389465277228e-01
1.958417315979370521e+00 3.278557114228457081e+00 3.931850600630146068e-03 7.102593114099559068e-01 7.113657940408793165e-03 2.786951800490052311e-01
2.523833730247694085e+00 3.292585170340680989e+00 3.798448727122756812e-03 7.085451615106939105e-01 7.001099038643671807e-03 2.806552907235396188e-01
1.671042791514883774e+00 3.306613226452905785e+00 3.674499281373436177e-03 7.066367884249945552e-01 6.898987576446165629e-03 2.827897247171856643e-01
0.000000000000000000e+00 3.320641282565130581e+00 3.552342259067139268e-03 7.049446653336445268e-01 6.796753957336924140e-03 2.847062384499513543e-01
1.681779031240449918e+00 3.334669338677354489e+00 3.434607643222327075e-03 7.031483528831745655e-01 6.693970048231359486e-03 2.867230694253719014e-01
3.073744342317894951e+00 3.348697394789579285e+00 3.321454011169997379e-03 7.011604834427740407e-01 6.594733590712711577e-03 2.889233289553433393e-01
4.774802390392144602e+00 3.362725450901804081e+00 3.213986463167909681e-03 6.996260551562364371e-01 6.497041343170744700e-03 2.906629170374250282e-01
3.212346500819085904e+00 3.376753507014027988e+00 3.114800662680417085e-03 6.974279394178958258e-01 6.403896968426433731e-03 2.930533629509972093e-01
2.015698582661233917e+00 3.390781563126252784e+00 3.013982623634385138e-03 6.957162537723409201e-01 6.308082532654210248e-03 2.949616810713704962e-01
1.527829702939902390e+00 3.404809619238476692e+00 2.921898315587243868e-03 6.937738102102167792e-01 6.215271234886272401e-03 2.970890202393097201e-01
0.000000000000000000e+00 3.418837675350701488e+00 2.829939666418908404e-03 6.917576424629831022e-01 6.129972216138123917e-03 2.992824456544598277e-01
1.021405182655665612e-14 3.432865731462926284e+00 2.739819808116124040e-03 6.898897735764486505e-01 6.042831425240127209e-03 3.013275751901950406e-01
4.339379157470010462e+00 3.446893787575150192e+00 2.657622428343550409e-03 6.877075038144138119e-01 5.962880666163990553e-03 3.036719930910786180e-01
4.262233400783695281e+00 3.460921843687374988e+00 2.576769224286088421e-03 6.858309080915454548e-01 5.870457665253753059e-03 3.057218650189148512e-01
0.000000000000000000e+00 3.474949899799598896e+00 2.500241646063587012e-03 6.837992633532001818e-01 5.791331769369064374e-03 3.079091632313672999e-01
3.776237171692028216e+00 3.488977955911823692e+00 2.425776145183812602e-03 6.816402183308377660e-01 5.714355008843451100e-03 3.102196505151349482e-01
1.673736216375794617e-01 3.503006012024048488e+00 2.355708064194482389e-03 6.794920778315378662e-01 5.635807284115982967e-03 3.125164068201516931e-01
2.464711391970575080e-02 3.517034068136272396e+00 2.286236187205786113e-03 6.774616056761179061e-01 5.557463001225586806e-03 3.146946951354506750e-01
2.998185596799454178e+00 3.531062124248497192e+00 2.219583326188409415e-03 6.754213019079975400e-01 5.483118593483850972e-03 3.168759961723301988e-01
3.078439610457540887e+00 3.545090180360721099e+00 2.157667738287405001e-03 6.731037728239166462e-01 5.415593725531148844e-03 3.193229657122648724e-01
3.505563683617847204e+00 3.559118236472945895e+00 2.095699574076014936e-03 6.708627120648077424e-01 5.341944775988380703e-03 3.216996435851278702e-01
3.106726525603879185e+00 3.573146292585170691e+00 2.038241520424571591e-03 6.687280056922592086e-01 5.274224673513381451e-03 3.239595281138028526e-01
1.974877556719206062e+00 3.587174348697394599e+00 1.983081882621673918e-03 6.663024709809535207e-01 5.207132194072463562e-03 3.265073149423524668e-01
3.225722786677629017e+00 3.601202404809619395e+00 1.928750451166768350e-03 6.642716290267902668e-01 5.141328392221034861e-03 3.286582921298218385e-01
2.281027029187919108e+00 3.615230460921843303e+00 1.877175585029036741e-03 6.619072166419095460e-01 5.072533501047291928e-03 3.311430742720141707e-01
2.363781061742408429e+00 3.629258517034068099e+00 1.828543747301439228e-03 6.596097823551472228e-01 5.014539376898289637e-03 3.335471345206531546e-01
4.527326760292893049e+00 3.643286573146292895e+00 1.780214461367472887e-03 6.572625871838577716e-01 4.949772588597850000e-03 3.360074257661768704e-01
4.663058145113304853e+00 3.657314629258516803e+00 1.733062098002055747e-03 6.549264333800088878e-01 4.889980734538989897e-03 3.384505237874500527e-01
0.000000000000000000e+00 3.671342685370741599e+00 1.690732119192851464e-03 6.526135502802951072e-01 4.834053861213662498e-03 3.408616637392983817e-01
4.306285492896574141e+00 3.685370741482966395e+00 1.648002765841286845e-03 6.501888262631441151e-01 4.776660381048018073e-03 3.433865105899666093e-01
0.000000000000000000e+00 3.699398797595190302e+00 1.608549689243450207e-03 6.475213813780211769e-01 4.721669241565256900e-03 3.461483996911701166e-01
0.000000000000000000e+00 3.713426853707415098e+00 1.568475537615966449e-03 6.452844450260648568e-01 4.663981903831282590e-03 3.484830975324879621e-01
2.177820986781645818e+00 3.727454909819639006e+00 1.531415617968574045e-03 6.426162387574730905e-01 4.616857717432853829e-03 3.512354879071254432e-01
0.000000000000000000e+00 3.741482965931863802e+00 1.495106256263012932e-03 6.401870620202984030e-01 4.565109000307256311e-03 3.537527227231312410e-01
4.327298752522838576e+00 3.755511022044088598e+00 1.460448899834797211e-03 6.378444327762993193e-01 4.514039483931464418e-03 3.561810788399343286e-01
3.637415232774238838e+00 3.769539078156312506e+00 1.427319362623769147e-03 6.353311673068223753e-01 4.463711486285411659e-03 3.587778018442684402e-01
2.716375434548449430e+00 3.783567134268537302e+00 1.395171473829301921e-03 6.328549908396768897e-01 4.417323698017072003e-03 3.613325139884767112e-01
3.052647070642107198e-10 3.797595190380761210e+00 1.363541996172390035e-03 6.300338538352703299e-01 4.368494312594312957e-03 3.642341098559629398e-01
1.891477647564237863e+00 3.811623246492986006e+00 1.333963759659688312e-03 6.275884619519397356e-01 4.319492305179040322e-03 3.667580819832214623e-01
3.175682638693007487e+00 3.825651302605210802e+00 1.305320109965248500e-03 6.250228553880864402e-01 4.280110762361835283e-03 3.693917137395866246e-01
4.265829542435262134e+00 3.839679358717434710e+00 1.277713867975927226e-03 6.224035771164443398e-01 4.234145820277664292e-03 3.720845631953020316e-01
9.308109838890515969e-13 3.853707414829659506e+00 1.251861036074355038e-03 6.198034324809106321e-01 4.195710841147936090e-03 3.747489956418670332e-01
2.020599635340170508e+00 3.867735470941883413e+00 1.226350953729698264e-03 6.171101975616902768e-01 4.153718341033137314e-03 3.775097331435469106e-01
1.989275590385907400e+00 3.881763527054108209e+00 1.201746278827605600e-03 6.146313299831337451e-01 4.115467917039790716e-03 3.800514558209988070e-01
2.126236710604525459e+00 3.895791583166333005e+00 1.178173406442333806e-03 6.119966251128914347e-01 4.072634691507380326e-03 3.827525667891588101e-01
3.126606120356244745e+00 3.909819639278556913e+00 1.156040786291912545e-03 6.089322228034458329e-01 4.039611696541742063e-03 3.858721247137203991e-01
3.347765048141578159e+00 3.923847695390781709e+00 1.134702159166964567e-03 6.064888486771177201e-01 3.999854054960838567e-03 3.883765951087544410e-01
3.909506047190362210e+00 3.937875751503005617e+00 1.113598397529190053e-03 6.035632511000023070e-01 3.966850328217685732e-03 3.913563001742508818e-01
2.174439127753236889e+00 3.951903807615230413e+00 1.094572931935177719e-03 6.010745373341752629e-01 3.930580884405089452e-03 3.939003088494845151e-01
1.929314387980041179e+00 3.965931863727455209e+00 1.073230690656177752e-03 5.982479162700686803e-01 3.894786253801541757e-03 3.967840667854736214e-01
1.126804929159734007e-08 3.979959919839679117e+00 1.055734030719466480e-03 5.955179857240482377e-01 3.861426741074786007e-03 3.995648535041575466e-01
0.000000000000000000e+00 3.993987975951903913e+00 1.038008227342536059e-03 5.926665320756426825e-01 3.833120654648515275e-03 4.024623390423663349e-01
2.900818347318819601e+00 4.008016032064128709e+00 1.021412868417315677e-03 5.898567504980658516e-01 3.800579236712271422e-03 4.053212573968045240e-01
1.145581236200117342e-01 4.022044088176352616e+00 1.004906730874425289e-03 5.871990166490064222e-01 3.772107763396957865e-03 4.080239688567223189e-01
3.887790670066138432e+00 4.036072144288577412e+00 9.894402358010527965e-04 5.844368800580465040e-01 3.742180595455863335e-03 4.108314991106966629e-01
0.000000000000000000e+00 4.050100200400801320e+00 9.733337544360449404e-04 5.814475850997267159e-01 3.713959842904462558e-03 4.138651213029327924e-01
2.612505645901014528e+00 4.064128256513026116e+00 9.595817639920758068e-04 5.786971558489323320e-01 3.687248505574565460e-03 4.166560138815010861e-01
3.113505174622123395e+00 4.078156312625250912e+00 9.450827387052859350e-04 5.759470032610389811e-01 3.659808080768941086e-03 4.194481059194867800e-01
0.000000000000000000e+00 4.092184368737474820e+00 9.321468612753738446e-04 5.730292422982814493e-01 3.633589377485711095e-03 4.224050214629574418e-01
0.000000000000000000e+00 4.106212424849699616e+00 9.193180595220257862e-04 5.701638557934493035e-01 3.610468017315722998e-03 4.253063581297130691e-01
4.381256703592952384e+00 4.120240480961923524e+00 9.072842663430971634e-04 5.673643585515821819e-01 3.585860555964688525e-03 4.281424966261100362e-01
4.556657166635471462e-03 4.134268537074148320e+00 8.954504522248117430e-04 5.643633310785345358e-01 3.562198049559076821e-03 4.311790204196816467e-01
3.753443551983102200e+00 4.148296593186373116e+00 8.843785037015436997e-04 5.617153706576010208e-01 3.541636173886468942e-03 4.338586146648110153e-01
4.864116445917775700e+00 4.162324649298597024e+00 8.739942913942675556e-04 5.587423674112917960e-01 3.519953219714133750e-03 4.368636850775997615e-01
3.361728772688434590e-08 4.176352705410821819e+00 8.636059177610045995e-04 5.557581039055831118e-01 3.498935813545369419e-03 4.398793543631105418e-01
1.919254139209722876e+00 4.190380761523045727e+00 8.538461426454203342e-04 5.529095792281439881e-01 3.479800704890645326e-03 4.427567739243200018e-01
3.640722473643029922e+00 4.204408817635270523e+00 8.440250293007558156e-04 5.501301336223805016e-01 3.459715023556167359e-03 4.455661263247625570e-01
0.000000000000000000e+00 4.218436873747495319e+00 8.355300280587451243e-04 5.472897932162736900e-01 3.440081158316050589e-03 4.484345955973514930e-01
4.075283674580059134e+00 4.232464929859719227e+00 8.264242987832806425e-04 5.444594278502337126e-01 3.421302063162029623e-03 4.512928457878210287e-01
3.656935635478225772e-06 4.246492985971944023e+00 8.184440129228694660e-04 5.416109686666761291e-01 3.405193631209949261e-03 4.541653936891912324e-01
4.605460480437455900e-02 4.260521042084168819e+00 8.109650855934156816e-04 5.387661747167400428e-01 3.389889292762327498e-03 4.570329709049041345e-01
0.000000000000000000e+00 4.274549098196392727e+00 8.035863437978207381e-04 5.358533501005521282e-01 3.373360998670406515e-03 4.599697025569795539e-01
3.513498228776575250e+00 4.288577154308617523e+00 7.973349940347700983e-04 5.328304302205675302e-01 3.361103364785237007e-03 4.630111314206125095e-01
0.000000000000000000e+00 4.302605210420841431e+00 7.904300348359244617e-04 5.300561785226698408e-01 3.345573789547015130e-03 4.658078176529472092e-01
3.449568652631905152e+00 4.316633266533066227e+00 7.834465040242116155e-04 5.271955147349196569e-01 3.331959710749253945e-03 4.686890790503067672e-01
0.000000000000000000e+00 4.330661322645291023e+00 7.786139903126429191e-04 5.241824293525194634e-01 3.319368038415692560e-03 4.717195886187522391e-01
5.150870575569542393e-07 4.344689378757514930e+00 7.721810580951448365e-04 5.212998508846818924e-01 3.305223590257306068e-03 4.746227444669656736e-01
4.150729461021914091e+00 4.358717434869739726e+00 7.675431004305580552e-04 5.184192972272888555e-01 3.297151977377570271e-03 4.775160076949029886e-01
2.233823241564141693e+00 4.372745490981963634e+00 7.628579567164400430e-04 5.156277793678374355e-01 3.283629722836625773e-03 4.803257329526094410e-01
0.000000000000000000e+00 4.386773547094188430e+00 7.581361033428990915e-04 5.125092746826084289e-01 3.274082395901193113e-03 4.834585068181473932e-01
4.440892098500724769e-16 4.400801603206413226e+00 7.542757267796390726e-04 5.097554517755996661e-01 3.265544778434313535e-03 4.862247277191864558e-01
3.921573414016604975e+00 4.414829659318637134e+00 7.504573610509511277e-04 5.071376234979250164e-01 3.258892148672102185e-03 4.888530269923520022e-01
2.930525108928354161e+00 4.428857715430861930e+00 7.467641923851991558e-04 5.040445900232690679e-01 3.246405810696476480e-03 4.919622399736492957e-01
1.876765411508473692e-11 4.442885771543085838e+00 7.435682426543243750e-04 5.013203181176211221e-01 3.242050757522677192e-03 4.946940628822017461e-01
3.625100220663128905e-12 4.456913827655310634e+00 7.403243210128183189e-04 4.984287605076308525e-01 3.234332328874415033e-03 4.975965828424819271e-01
4.669026342830304266e+00 4.470941883767535430e+00 7.375271977583653217e-04 4.954933998751082647e-01 3.228952455352829005e-03 5.005401204717804253e-01
0.000000000000000000e+00 4.484969939879759337e+00 7.358564940272007771e-04 4.927622734591183828e-01 3.224010212540396984e-03 5.032778598343139453e-01
4.336116442835868945e+00 4.498997995991984133e+00 7.334219392369291683e-04 4.899955529865025472e-01 3.218275484907672217e-03 5.060527495893527572e-01
3.714460540672690094e-09 4.513026052104208041e+00 7.318839599144904640e-04 4.872005696420614873e-01 3.213034739655719948e-03 5.088545116583682582e-01
0.000000000000000000e+00 4.527054108216432837e+00 7.300772875836836293e-04 4.844738704623935965e-01 3.209023567473363089e-03 5.115870286825492386e-01
6.793112452928971401e-08 4.541082164328657633e+00 7.289500913373339825e-04 4.816917632457547449e-01 3.209585464526476788e-03 5.143697011983814349e-01
0.000000000000000000e+00 4.555110220440881541e+00 7.275763709895067622e-04 4.786718899735441513e-01 3.206068074456729262e-03 5.173944655810096549e-01
4.440892098500724769e-16 4.569138276553106337e+00 7.274686616071783258e-04 4.758415369731140432e-01 3.205606454462721095e-03 5.202253879108160728e-01
4.718153094300730821e+00 4.583166332665331133e+00 7.269929367998091479e-04 4.732227046187797992e-01 3.201835377753644869e-03 5.228484670666667666e-01
0.000000000000000000e+00 4.597194388777555041e+00 7.270089652703752570e-04 4.703214586422442833e-01 3.201426274977416542e-03 5.257501061175079426e-01
0.000000000000000000e+00 4.611222444889779837e+00 7.266924364676663993e-04 4.676005721178231322e-01 3.202267366928797637e-03 5.284704680787802866e-01
4.850678244337640166e+00 4.625250501002003745e+00 7.274524567367367158e-04 4.649572773513148682e-01 3.204711812879625435e-03 5.311105583790687312e-01
0.000000000000000000e+00 4.639278557114228541e+00 7.283569740396960042e-04 4.622003314632734394e-01 3.206732329821600919e-03 5.338645792328653439e-01
2.661256276788802097e-05 4.653306613226453337e+00 7.291224435944942701e-04 4.595381781735972671e-01 3.208245401500130645e-03 5.365244539813079916e-01
3.778896414493085221e+00 4.667334669338677244e+00 7.298817313410760647e-04 4.571243007341710962e-01 3.209163697317499002e-03 5.389366538371702653e-01
0.000000000000000000e+00 4.681362725450902040e+00 7.319016447850160405e-04 4.541312960245502128e-01 3.215009124245043950e-03 5.419217932064197552e-01
4.531998280945961355e+00 4.695390781563125948e+00 7.333330903935708503e-04 4.516666219648546865e-01 3.219496044911048915e-03 5.443805488998407771e-01
4.026830840006367929e-01 4.709418837675350744e+00 7.351130799668209462e-04 4.489647460591348893e-01 3.223546724159524323e-03 5.470765941367387031e-01
2.370895406048224903e-05 4.723446893787575540e+00 7.375403017557589057e-04 4.460725945270394566e-01 3.231392697973109029e-03 5.499584724732317076e-01
4.440892098500724769e-16 4.737474949899799448e+00 7.397439320616823466e-04 4.436504666611369441e-01 3.235675653112066955e-03 5.523741137536892776e-01
4.282744166388880558e+00 4.751503006012024244e+00 7.425108297560839826e-04 4.411120947718351615e-01 3.241860409615261902e-03 5.549035339887936624e-01
4.390226717968666037e+00 4.765531062124248152e+00 7.459062986683134529e-04 4.385519490824660860e-01 3.248229984375887707e-03 5.574539146344896778e-01
0.000000000000000000e+00 4.779559118236472948e+00 7.489782111221614984e-04 4.361582959150261396e-01 3.259552375104934722e-03 5.598331734987467279e-01
0.000000000000000000e+00 4.793587174348697744e+00 7.528433189787381730e-04 4.333645614297323978e-01 3.266361574442214460e-03 5.626162336768466554e-01
0.000000000000000000e+00 4.807615230460921651e+00 7.565473117339495185e-04 4.309245924285559082e-01 3.275602858847154707e-03 5.650432574008630304e-01
8.802520367703896455e-09 4.821643286573146447e+00 7.604644132491672828e-04 4.282532214473497301e-01 3.287619999392371681e-03 5.676986941400087305e-01
0.000000000000000000e+00 4.835671342685371243e+00 7.645505581777022096e-04 4.257574589893295403e-01 3.298247162789192093e-03 5.701797432897035556e-01
4.079478091518501159e+00 4.849699398797595151e+00 7.697105355116976499e-04 4.235474705232974424e-01 3.310471392664771952e-03 5.723723475485260614e-01
0.000000000000000000e+00 4.863727454909819947e+00 7.744523610257843726e-04 4.208906736175492269e-01 3.321409633208761460e-03 5.750134643882162111e-01
4.183776658507422752e+00 4.877755511022043855e+00 7.798621283837661646e-04 4.182848364806636132e-01 3.335474981342124046e-03 5.775998264096104950e-01
0.000000000000000000e+00 4.891783567134268651e+00 7.852703964225418417e-04 4.160519184718897145e-01 3.349603154217481275e-03 5.798132079774703795e-01
4.020974009681947514e+00 4.905811623246493447e+00 7.906473987318651331e-04 4.135501957391375938e-01 3.363558461329549214e-03 5.822955984008010288e-01
3.624012097464131443e+00 4.919839679358717355e+00 7.967177690214666871e-04 4.110871830056970211e-01 3.378740844051611025e-03 5.847373583812299769e-01
9.006477711484839332e-01 4.933867735470942151e+00 8.034035120496878669e-04 4.089888112934260689e-01 3.395592268770723787e-03 5.868121929257534841e-01
5.937472735871604803e-13 4.947895791583166059e+00 8.100475641774852655e-04 4.066923254329963822e-01 3.410836164917761728e-03 5.890867908379084916e-01
0.000000000000000000e+00 4.961923847695390855e+00 8.170345548817043975e-04 4.042122781217400984e-01 3.427663794748747779e-03 5.915430235286295302e-01
0.000000000000000000e+00 4.975951903807615651e+00 8.243703902505658543e-04 4.019085500136875821e-01 3.448116776678607914e-03 5.938189628193831782e-01
4.327612141167802129e+00 4.989979959919839558e+00 8.318182417370998576e-04 3.994984384466629401e-01 3.467263093746240313e-03 5.962024802178537142e-01
0.000000000000000000e+00 5.004008016032064354e+00 8.396030988483024456e-04 3.971897874240378767e-01 3.484953477646356330e-03 5.984856559994675695e-01
4.849627350174722018e+00 5.018036072144288262e+00 8.485156370691905765e-04 3.949798091802382283e-01 3.508189708469602527e-03 6.006634854742229912e-01
3.958617756356491935e+00 5.032064128256513058e+00 8.563242617879167524e-04 3.926370375052429251e-01 3.525494068003095886e-03 6.029811441649660653e-01
1.652011860655878585e-13 5.046092184368737854e+00 8.657182694058072545e-04 3.905490682756820875e-01 3.550816902822525982e-03 6.050343965520896816e-01
4.809914831950813152e+00 5.060120240480961762e+00 8.746635670169247570e-04 3.882677872174122302e-01 3.573922952340123638e-03 6.072836262632307358e-01
2.842973886247304627e+00 5.074148296593186558e+00 8.844373060035454898e-04 3.861351059921769302e-01 3.597744061413542596e-03 6.093827126404059991e-01
0.000000000000000000e+00 5.088176352705410466e+00 8.938300199734314092e-04 3.836163613510080728e-01 3.620260369882406532e-03 6.118695482591361978e-01
3.011687650577050679e+00 5.102204408817635262e+00 9.045430923664845267e-04 3.816990964554542454e-01 3.649600562396750070e-03 6.137467598897825560e-01
0.000000000000000000e+00 5.116232464929860058e+00 9.148600778478988959e-04 3.796142627812253423e-01 3.675895069357990475e-03 6.157949820715687972e-01
4.256850434976295894e+00 5.130260521042083965e+00 9.264189287644865756e-04 3.775865061764557273e-01 3.702955539367358464e-03 6.177841193554124422e-01
0.000000000000000000e+00 5.144288577154308761e+00 9.371378108966738063e-04 3.755861743300937805e-01 3.730514223210080072e-03 6.197461736357995354e-01
3.072589782695103633e+00 5.158316633266533557e+00 9.496124294768027146e-04 3.734543739505474802e-01 3.759634395593818533e-03 6.218363792243818411e-01
0.000000000000000000e+00 5.172344689378757465e+00 9.618563799208970167e-04 3.712811749537245909e-01 3.787569213689528490e-03 6.239693994526649412e-01
4.440892098500724769e-16 5.186372745490982261e+00 9.739997132974406681e-04 3.692305466472526332e-01 3.821703447534426264e-03 6.259737501919155900e-01
0.000000000000000000e+00 5.200400801603206169e+00 9.875895925040775736e-04 3.673546301264256631e-01 3.851750533003340388e-03 6.278060297480668739e-01
0.000000000000000000e+00 5.214428857715430965e+00 1.000272428553435327e-03 3.653053136518931154e-01 3.885335941661091728e-03 6.298090779778923176e-01
0.000000000000000000e+00 5.228456913827655761e+00 1.014709676211249028e-03 3.633280960295325879e-01 3.921397936133576984e-03 6.317357963581226032e-01
4.753447698689516443e+00 5.242484969939879669e+00 1.028786782118044441e-03 3.611596277437199021e-01 3.954873010482297564e-03 6.338567124636799166e-01
3.948375441538597652e+00 5.256513026052104465e+00 1.044077142457007805e-03 3.593295758656125383e-01 3.991601993721429799e-03 6.356347449982089337e-01
4.211558826921862675e+00 5.270541082164328373e+00 1.058737522047205294e-03 3.576275278367460619e-01 4.025075280396545746e-03 6.372886593608101391e-01
0.000000000000000000e+00 5.284569138276553169e+00 1.073975724597644272e-03 3.555477003541884784e-01 4.064250183762186178e-03 6.393140737374517490e-01
0.000000000000000000e+00 5.298597194388777964e+00 1.091274070656236437e-03 3.538709349700218110e-01 4.106208307698529930e-03 6.409315826516234216e-01
3.065111332472528982e+00 5.312625250501001872e+00 1.108221567459819965e-03 3.519988084347731583e-01 4.146383795504074952e-03 6.427465862022628817e-01
3.201327520178068209e+00 5.326653306613226668e+00 1.124677864009332538e-03 3.499731247053110561e-01 4.186134209112513105e-03 6.447160632215670484e-01
3.631720552533079349e+00 5.340681362725450576e+00 1.142082565844340343e-03 3.482709336596132021e-01 4.230108229570591488e-03 6.463568755449717873e-01
0.000000000000000000e+00 5.354709418837675372e+00 1.160145216551557081e-03 3.464758143215361796e-01 4.273925947262557923e-03 6.480901145146495956e-01
1.110239402374291334e-01 5.368737474949900168e+00 1.179160138851771070e-03 3.445279645170329919e-01 4.319013513312848843e-03 6.499738618308024130e-01
1.332267629550276595e-15 5.382765531062124076e+00 1.197903384983174842e-03 3.425919106590631369e-01 4.367824554861486804e-03 6.518423614010920852e-01
3.774597227391141008e+00 5.396793587174348872e+00 1.218143451102583546e-03 3.411392361430159448e-01 4.412799682409335005e-03 6.532298207234721321e-01
3.970881287791581560e+00 5.410821643286572780e+00 1.238317853858081309e-03 3.392593757637486496e-01 4.463571003935334208e-03 6.550387353784580258e-01
0.000000000000000000e+00 5.424849699398797576e+00 1.259745157860951790e-03 3.375991967625895929e-01 4.514095568258998971e-03 6.566269625112904906e-01
0.000000000000000000e+00 5.438877755511022372e+00 1.281197938036361672e-03 3.357894743932555714e-01 4.563255216006718157e-03 6.583660724527014008e-01
0.000000000000000000e+00 5.452905811623246279e+00 1.303182473526042330e-03 3.343089592056525117e-01 4.616889751716155357e-03 6.597709685691052206e-01
0.000000000000000000e+00 5.466933867735471075e+00 1.325480655266765085e-03 3.325201667873942113e-01 4.668146856034500851e-03 6.614862057013044527e-01
4.000745857328166899e+00 5.480961923847695871e+00 1.348808210501171133e-03 3.308611681763378165e-01 4.725754738363383868e-03 6.630642688747975244e-01
3.861032949033905037e+00 5.494989979959919779e+00 1.372722496406309552e-03 3.292680347495840487e-01 4.781204678701100365e-03 6.645780380753084637e-01
0.000000000000000000e+00 5.509018036072144575e+00 1.397900240701441298e-03 3.275467721078823558e-01 4.841546550752575014e-03 6.662137811006635379e-01
4.240422377596703818e+00 5.523046092184368483e+00 1.423603376310668238e-03 3.260891694898166437e-01 4.902273456791955350e-03 6.675849536770807058e-01
4.855335139346408369e+00 5.537074148296593279e+00 1.449406151738452620e-03 3.244718653706652467e-01 4.961855349201176046e-03 6.691168731283950732e-01
0.000000000000000000e+00 5.551102204408818075e+00 1.475937575572256171e-03 3.228609081662395242e-01 5.021528883858160201e-03 6.706416253743300304e-01
0.000000000000000000e+00 5.565130260521041983e+00 1.503655029868697802e-03 3.214566619306949424e-01 5.090310050072770383e-03 6.719493729893636358e-01
2.730263834871318185e+00 5.579158316633266779e+00 1.532166061141687369e-03 3.197276972869259604e-01 5.154625493958873289e-03 6.735855111579736043e-01
1.167078788127366290e-01 5.593186372745490686e+00 1.560487319593915510e-03 3.183838302699573131e-01 5.218842504252701672e-03 6.748368399061960288e-01
9.183764860121003534e-13 5.607214428857715482e+00 1.591125243342781347e-03 3.167274768349114811e-01 5.287282168928777136e-03 6.763941157528169379e-01
5.211830968158494343e-12 5.621242484969940278e+00 1.621832955589730960e-03 3.153191904337345752e-01 5.358530210216570083e-03 6.777004464004591222e-01
4.568527565280708025e+00 5.635270541082164186e+00 1.652102998017829097e-03 3.136925669885397561e-01 5.430288821054123256e-03 6.792250411923883568e-01
3.567387155335167481e+00 5.649298597194388982e+00 1.686001864426758595e-03 3.122784290935333718e-01 5.503380284073960092e-03 6.805321887579659501e-01
2.884945147181628408e-07 5.663326653306612890e+00 1.718563872187124815e-03 3.108609765666925373e-01 5.580264483315385687e-03 6.818401950778049114e-01
5.777133460389365761e-05 5.677354709418837686e+00 1.751348438513701923e-03 3.096630902646612116e-01 5.658157538890784023e-03 6.829274037579343704e-01
4.693143326931105364e+00 5.691382765531062482e+00 1.787282762658264079e-03 3.081788721935105890e-01 5.739114138281844330e-03 6.842947309055493754e-01
0.000000000000000000e+00 5.705410821643286390e+00 1.822426222507481878e-03 3.066018420001377365e-01 5.816512769240065120e-03 6.857592190081146510e-01
0.000000000000000000e+00 5.719438877755511186e+00 1.859408797016862992e-03 3.051622125801788932e-01 5.904475221335865609e-03 6.870739034014684554e-01
4.164713748336651200e+00 5.733466933867735094e+00 1.896138939529853342e-03 3.038411832259984569e-01 5.988754939917848193e-03 6.882739228945539134e-01
2.646327601846675792e-12 5.747494989979959890e+00 1.935127711722410635e-03 3.023878547044080989e-01 6.071437381199306337e-03 6.896055802026701542e-01
6.920187408816728170e-08 5.761523046092184686e+00 1.976725942636714702e-03 3.012076204161719950e-01 6.161269011036642554e-03 6.906543846301547163e-01
0.000000000000000000e+00 5.775551102204408593e+00 2.015517119994031294e-03 2.996928506654423230e-01 6.251474271110225335e-03 6.920401579434534156e-01
4.277019914805896939e+00 5.789579158316633389e+00 2.057186122084993934e-03 2.982571710018167566e-01 6.343534936291373057e-03 6.933421079398067732e-01
0.000000000000000000e+00 5.803607214428858185e+00 2.098976059877804331e-03 2.970828528393996693e-01 6.438141448877146913e-03 6.943800296518453097e-01
4.347102730359228673e+00 5.817635270541082093e+00 2.143403619142169279e-03 2.956649950924070125e-01 6.536773355645198250e-03 6.956548279328056417e-01
4.811265860718061838e+00 5.831663326653306889e+00 2.185348804431647748e-03 2.945969509327728830e-01 6.626390411369865487e-03 6.965913098514256996e-01
0.000000000000000000e+00 5.845691382765530797e+00 2.232888524693861423e-03 2.930695860037046963e-01 6.732231122575152264e-03 6.979652943490262107e-01
0.000000000000000000e+00 5.859719438877755593e+00 2.278579709883417435e-03 2.919138906663006350e-01 6.832720265714727591e-03 6.989748093581011901e-01
0.000000000000000000e+00 5.873747494989980389e+00 2.328178510271030482e-03 2.905847303902626688e-01 6.946460179030124714e-03 7.001406309204362133e-01
4.143711683178914917e+00 5.887775551102204297e+00 2.379366787167550706e-03 2.894370498600823405e-01 7.046559495289090105e-03 7.011370238574610170e-01
4.318871462858153265e+00 5.901803607214429093e+00 2.427710824574695007e-03 2.879454953767092151e-01 7.158309180679286489e-03 7.024684846180367925e-01
0.000000000000000000e+00 5.915831663326653000e+00 2.479711584090537983e-03 2.868202420996344704e-01 7.273550800525505414e-03 7.034264955157494281e-01
0.000000000000000000e+00 5.929859719438877796e+00 2.532357773449754601e-03 2.855915282480749884e-01 7.385379982573255474e-03 7.044907339959020076e-01
4.184216235684913521e+00 5.943887775551102592e+00 2.586091800774496189e-03 2.842936120434554903e-01 7.505550895863376260e-03 7.056147452599065284e-01
4.458866631094269728e+00 5.957915831663326500e+00 2.641978895814349037e-03 2.832042768381584641e-01 7.622414071322209522e-03 7.065313301947050428e-01
0.000000000000000000e+00 5.971943887775551296e+00 2.700537976730941602e-03 2.821463667912385564e-01 7.754266034789754521e-03 7.073988291972407305e-01
3.997553939464816963e+00 5.985971943887775204e+00 2.756330638310110909e-03 2.809140943717032268e-01 7.876492529756700875e-03 7.084530824602298660e-01
5.060913349442876118e-08 6.000000000000000000e+00 2.815908469166170970e-03 2.796110314532563867e-01 8.000578061254051687e-03 7.095724820163233915e-01
