# Y X a0 a1 a2 a3
1.331790025314576464e+00 -1.000000000000000000e+00 7.824591202814150381e-02 8.916003158483357671e-01 2.952398583890145783e-02 6.297862846212065038e-04
1.193115106374653234e+00 -9.859719438877755371e-01 8.065402876914935792e-02 8.890104615630810558e-01 2.970669296957847288e-02 6.288166981910537235e-04
0.000000000000000000e+00 -9.719438877755510742e-01 8.301826759925251542e-02 8.864569113754517948e-01 2.989688760455680439e-02 6.279334207389170204e-04
2.069275825174795802e+00 -9.579158316633266113e-01 8.550150827577729373e-02 8.837819747177522167e-01 3.008934775578202617e-02 6.271692506885062071e-04
1.717801044660510534e+00 -9.438877755511021483e-01 8.804476147241736828e-02 8.810576717023077542e-01 3.027141974824144530e-02 6.261470770333706429e-04
0.000000000000000000e+00 -9.298597194388777964e-01 9.060716109177968658e-02 8.783089396346348554e-01 3.045839213632350190e-02 6.255071372619245640e-04
0.000000000000000000e+00 -9.158316633266533335e-01 9.338950713270116610e-02 8.753353675238729759e-01 3.064997202788381434e-02 6.251533155422327875e-04
0.000000000000000000e+00 -9.018036072144288706e-01 9.620509549904118773e-02 8.723236096534459083e-01 3.084627984527322717e-02 6.250150022396857913e-04
1.064476864531279876e+00 -8.877755511022044077e-01 9.900623807685791922e-02 8.693512218408887549e-01 3.101757974699147907e-02 6.249603352618024032e-04
3.614131107202029347e-01 -8.737474949899799448e-01 1.019485883364129181e-01 8.661909855507947675e-01 3.123524416195192985e-02 6.251819508405264758e-04
1.980830274555320514e-01 -8.597194388777554819e-01 1.049224472990086809e-01 8.630465101692742502e-01 3.140565157886417158e-02 6.253909528530777725e-04
0.000000000000000000e+00 -8.456913827655310190e-01 1.080799031974983559e-01 8.596956414258927204e-01 3.159834395891441411e-02 6.261114176945549925e-04
0.000000000000000000e+00 -8.316633266533066671e-01 1.111623060523660167e-01 8.564381079301632838e-01 3.177317879276168183e-02 6.264072247090229223e-04
2.459228625749339425e+00 -8.176352705410820931e-01 1.144487351809722608e-01 8.529520885425394550e-01 3.197141744777293876e-02 6.277588287153921696e-04
7.066490104081043500e-01 -8.036072144288577412e-01 1.177735048135523377e-01 8.494587113666752787e-01 3.213872541179956660e-02 6.290584079728548739e-04
7.100508956691984341e-01 -7.895791583166332783e-01 1.211745961320930265e-01 8.458984250466002885e-01 3.229788509767206328e-02 6.290937236346938900e-04
1.096964610785398753e+00 -7.755511022044088154e-01 1.245992260718482708e-01 8.422771676211664449e-01 3.249265230590284159e-02 6.309540010825100348e-04
0.000000000000000000e+00 -7.615230460921843525e-01 1.281675750193244645e-01 8.385272412299791256e-01 3.267287034547299018e-02 6.323134052232379015e-04
0.000000000000000000e+00 -7.474949899799598896e-01 1.318687382536523900e-01 8.346580126480210859e-01 3.283966245576729753e-02 6.335866425591554080e-04
1.308929844730390535e+00 -7.334669338677355377e-01 1.355694904455554406e-01 8.307872514570793232e-01 3.300732884204362477e-02 6.359292553215577628e-04
0.000000000000000000e+00 -7.194388777555109638e-01 1.393217893979342425e-01 8.268405885216870699e-01 3.319979153707337816e-02 6.378305433053098501e-04
1.275961280900269612e+00 -7.054108216432866119e-01 1.432490026173581510e-01 8.227706928620508453e-01 3.334038321164882468e-02 6.399213089421776140e-04
1.844763708924751278e+00 -6.913827655310621489e-01 1.472249276034048038e-01 8.186265654767547195e-01 3.350654046402149616e-02 6.419664558188516298e-04
2.110633659575601673e+00 -6.773547094188376860e-01 1.513913333302819852e-01 8.142766714976533704e-01 3.368727299656285729e-02 6.447221755015425772e-04
0.000000000000000000e+00 -6.633266533066132231e-01 1.555161035153185545e-01 8.100049924142216362e-01 3.383149198459329404e-02 6.474120858664603054e-04
1.298471729069574421e+00 -6.492985971943887602e-01 1.597091032488073270e-01 8.056481511071721391e-01 3.399273174079563142e-02 6.500139032249548565e-04
3.846961082667378351e-01 -6.352705410821642973e-01 1.639240885157601524e-01 8.012738688692861988e-01 3.414873841428511803e-02 6.533042006685987673e-04
7.040127634066940532e-01 -6.212424849699398344e-01 1.682700966681421606e-01 7.967880503421221894e-01 3.428557971612659905e-02 6.562732736089430885e-04
1.208113082480462008e+00 -6.072144288577154825e-01 1.727341412292481004e-01 7.921834509658699508e-01 3.442264031987784384e-02 6.597674850041519799e-04
8.762378354202950970e-01 -5.931863727454909085e-01 1.771351043016872462e-01 7.876638348030555736e-01 3.453849061557873190e-02 6.625702796783340068e-04
0.000000000000000000e+00 -5.791583166332665567e-01 1.816626311480972200e-01 7.829814490113807812e-01 3.468949280867771046e-02 6.664270318441238355e-04
2.159969833515460902e+00 -5.651302605210420937e-01 1.865114471108747785e-01 7.779555415452722444e-01 3.486261519189159247e-02 6.703961519613862606e-04
6.850274999004746235e-01 -5.511022044088176308e-01 1.913477993509688502e-01 7.730092052224937227e-01 3.496822551685716679e-02 6.747699096801764319e-04
1.936710970895675066e-01 -5.370741482965931679e-01 1.960211965294610947e-01 7.681904147516041004e-01 3.511037454740240787e-02 6.780141715325335152e-04
2.223713804503207214e+00 -5.230460921843687050e-01 2.008099796095477452e-01 7.632847406625548059e-01 3.522302401986598247e-02 6.822557080316257261e-04
0.000000000000000000e+00 -5.090180360721443531e-01 2.058810743582921987e-01 7.581046842897276594e-01 3.532710014101264617e-02 6.871412109674842044e-04
0.000000000000000000e+00 -4.949899799599197792e-01 2.108000224894944208e-01 7.530556879839617190e-01 3.545244245440993397e-02 6.918470721339285961e-04
2.880511742344957327e+00 -4.809619238476954273e-01 2.159646975984879924e-01 7.477880603900836087e-01 3.555038901793157458e-02 6.968529934968547461e-04
0.000000000000000000e+00 -4.669338677354709644e-01 2.209310394170736491e-01 7.427184961375287164e-01 3.564852920014326826e-02 7.019352452544108494e-04
2.498284767832562814e+00 -4.529058116232465014e-01 2.259941970942462297e-01 7.375444748790163096e-01 3.575454227258387935e-02 7.067857541537294046e-04
2.130024753827508111e+00 -4.388777555110220385e-01 2.313206873333701064e-01 7.321324037071965662e-01 3.583415015587982505e-02 7.127588035535727161e-04
5.399538484510066905e-01 -4.248496993987975756e-01 2.364809853734123613e-01 7.268616691033087385e-01 3.593948667095826083e-02 7.178588523206771814e-04
2.742213495869608497e+00 -4.108216432865731127e-01 2.417744224511412243e-01 7.214962219060793158e-01 3.600531903053885013e-02 7.240366122407013378e-04
0.000000000000000000e+00 -3.967935871743486498e-01 2.471042181478343702e-01 7.161002569356190728e-01 3.606583786666094776e-02 7.296870498857320692e-04
1.630702532698751761e-01 -3.827655310621242979e-01 2.526219247511601873e-01 7.104877027935392331e-01 3.615398429738832936e-02 7.363881579123339634e-04
9.233621917353208586e-01 -3.687374749498998350e-01 2.580889452000641460e-01 7.049491208709683931e-01 3.621957595662123053e-02 7.423579723462325232e-04
5.391700313291318825e-01 -3.547094188376753721e-01 2.633997200534172745e-01 6.995715622393091637e-01 3.627962810257267384e-02 7.490896047007369494e-04
0.000000000000000000e+00 -3.406813627254509091e-01 2.688340566670830989e-01 6.940799287997554412e-01 3.632974542595261702e-02 7.562691072088584959e-04
5.591958027440191437e-01 -3.266533066132264462e-01 2.741964533028339313e-01 6.886566677656931201e-01 3.638414492657014720e-02 7.627340049028433688e-04
2.696838865850117450e+00 -3.126252505010019833e-01 2.798597917357496523e-01 6.829665726590045116e-01 3.640334358128138187e-02 7.702920239644830708e-04
4.380478612134246219e-02 -2.985971943887775204e-01 2.852735507843539020e-01 6.774890592978757287e-01 3.645927869489325873e-02 7.781112228769684587e-04
0.000000000000000000e+00 -2.845691382765530575e-01 2.907310713748697539e-01 6.719704505480782464e-01 3.651266571428525565e-02 7.858123627665546335e-04
1.783481013470048060e+00 -2.705410821643285946e-01 2.962719808388792342e-01 6.663945856663683331e-01 3.653938682241772429e-02 7.940466723346553636e-04
2.248175128273341983e+00 -2.565130260521042427e-01 3.018865724712790910e-01 6.607745316145863246e-01 3.653707816966099420e-02 8.018177444736848724e-04
1.702094460670698250e+00 -2.424849699398797798e-01 3.072497302447497747e-01 6.553662255093070099e-01 3.657273962872618217e-02 8.113046172170174011e-04
2.621938422717302153e+00 -2.284569138276553169e-01 3.128057479948667674e-01 6.498156718852804437e-01 3.655823376267649388e-02 8.203463571763180452e-04
2.637698611912827840e+00 -2.144288577154308539e-01 3.182809436472756048e-01 6.442788084454097453e-01 3.661068540560575429e-02 8.295625017089621866e-04
0.000000000000000000e+00 -2.004008016032063910e-01 3.237968306661161977e-01 6.387586130598587042e-01 3.660640646905970186e-02 8.381498049654647828e-04
1.151493676603366101e+00 -1.863727454909819281e-01 3.292309535299207668e-01 6.333275841304930598e-01 3.659284076772020833e-02 8.486215718659766974e-04
0.000000000000000000e+00 -1.723446893787574652e-01 3.346576846299530450e-01 6.278828162664535917e-01 3.660050599897327755e-02 8.589931046202826589e-04
2.324232372771616595e-01 -1.583166332665331133e-01 3.400069431159976618e-01 6.225456585156170508e-01 3.657867020405930480e-02 8.687281643259621607e-04
1.827797609801901757e+00 -1.442885771543086504e-01 3.453431246413376510e-01 6.172072958196018755e-01 3.656946492635045759e-02 8.801146127099777894e-04
1.154271513147692607e+00 -1.302605210420841875e-01 3.506389164894729293e-01 6.118924263073873826e-01 3.657709168482808221e-02 8.915655183116449932e-04
0.000000000000000000e+00 -1.162324649298597246e-01 3.560483549397007730e-01 6.064817941118990641e-01 3.656597968759438266e-02 9.038712608057792013e-04
5.907041043899855515e-01 -1.022044088176352616e-01 3.610667297836424594e-01 6.015167024110498195e-01 3.650199798907412252e-02 9.145698162335247306e-04
3.101960665230596881e+00 -8.817635270541079873e-02 3.664329775829546776e-01 5.961228214072981091e-01 3.651644257604697019e-02 9.277584337001115126e-04
2.814821182025983859e+00 -7.414829659318633581e-02 3.715771734470789678e-01 5.910016583912287569e-01 3.648065683233966960e-02 9.405113293524965503e-04
1.587405810078060586e+00 -6.012024048096187290e-02 3.764163364623108188e-01 5.861818898939464839e-01 3.644813977098516899e-02 9.536338727575365513e-04
1.330393026331579964e+00 -4.609218436873740998e-02 3.813089805026660395e-01 5.813178156291083365e-01 3.640516932176639242e-02 9.680345464591746723e-04
1.654108609692664465e-03 -3.206412825651305809e-02 3.863900911941877681e-01 5.762693815250604645e-01 3.635919308125815791e-02 9.813341994936056016e-04
6.889707777628089058e-01 -1.803607214428859518e-02 3.912493450276169349e-01 5.714421914780086764e-01 3.631170780103521595e-02 9.967556933391347965e-04
1.785621927129008357e+00 -4.008016032064132261e-03 3.958018361981941458e-01 5.668862835721003579e-01 3.629983941906186201e-02 1.012040810643505089e-03
2.149511528166304419e+00 1.002004008016044168e-02 4.006123436190713871e-01 5.621097754949956338e-01 3.625055528599249038e-02 1.027325599940390926e-03
2.695855537028893689e+00 2.404809619238479357e-02 4.052809138855230087e-01 5.574859060803699640e-01 3.618874028662420056e-02 1.044439747483012423e-03
0.000000000000000000e+00 3.807615230460914546e-02 4.100567671059120456e-01 5.527286646917294322e-01 3.615408064176772740e-02 1.060487560590767315e-03
2.490794612621371584e+00 5.210420841683371940e-02 4.143675175773430808e-01 5.484661053014879828e-01 3.608818181472255721e-02 1.078195306446408071e-03
0.000000000000000000e+00 6.613226452905807129e-02 4.187984858424009249e-01 5.440517151334702817e-01 3.605253015797701965e-02 1.097268866151869179e-03
4.594832398308843630e-02 8.016032064128264523e-02 4.228892136039407168e-01 5.399724297366182979e-01 3.602192318293347129e-02 1.116433476507522468e-03
3.190477320173723097e+00 9.418837675350699712e-02 4.270991042534053594e-01 5.358124150446816891e-01 3.595248597292580173e-02 1.135994728987037164e-03
2.814631146013735652e+00 1.082164328657315711e-01 4.312114932606186946e-01 5.317656776768040494e-01 3.586631685046610951e-02 1.156512212111181865e-03
1.668852839633996110e+00 1.222444889779559229e-01 4.352031138420800471e-01 5.278131355075371678e-01 3.580679165241461293e-02 1.176958997968228756e-03
2.432366334698696342e+00 1.362725450901802748e-01 4.388058196715514114e-01 5.242316987881026069e-01 3.576398490941250230e-02 1.198496630933553516e-03
0.000000000000000000e+00 1.503006012024048488e-01 4.427414768951293267e-01 5.203376915771524835e-01 3.569843242392262833e-02 1.222399103795508528e-03
1.884253963165463952e-01 1.643286573146292007e-01 4.462584046785439407e-01 5.168302428503489532e-01 3.566568228969951154e-02 1.245670181407532379e-03
1.458502389407359545e-01 1.783567134268537746e-01 4.496041378515627240e-01 5.135424003383823877e-01 3.558333533922330982e-02 1.270126470831485456e-03
2.608386709285356098e+00 1.923847695390781265e-01 4.533141986096853593e-01 5.098504547736765202e-01 3.553993732761643459e-02 1.295409289021664211e-03
1.812833995096689410e+00 2.064128256513027004e-01 4.565866744077450301e-01 5.066236688654233156e-01 3.546776297158041324e-02 1.321893755251110549e-03
1.623051299895021504e+00 2.204408817635270523e-01 4.599092927932136310e-01 5.033083155134298048e-01 3.543242642454835084e-02 1.349965268808299684e-03
2.146072231619022386e+00 2.344689378757514042e-01 4.630426803624150267e-01 5.001954598738038715e-01 3.538358106361547128e-02 1.378278700165553716e-03
2.535298932298631236e+00 2.484969939879759782e-01 4.656837091636251702e-01 4.975818658837121156e-01 3.532629307598498386e-02 1.408131876677770058e-03
4.956419574883080825e-01 2.625250501002003300e-01 4.683889114879489779e-01 4.949055086471169096e-01 3.526705440914576495e-02 1.438525455788248249e-03
2.433289981645662348e+00 2.765531062124249040e-01 4.714181076634992307e-01 4.919084689456195147e-01 3.520231827477084130e-02 1.471105116110285344e-03
3.023526658312081228e+00 2.905811623246492559e-01 4.737914157095352574e-01 4.895534114937168946e-01 3.515120009412867758e-02 1.503972702619291862e-03
8.300166325154226254e-02 3.046092184368738298e-01 4.763542133598479555e-01 4.870320438086738202e-01 3.507437515951505186e-02 1.539367671963160931e-03
2.077037434571474606e+00 3.186372745490981817e-01 4.785442745071568083e-01 4.848507324420786579e-01 3.503021439873574283e-02 1.574778652028763432e-03
9.227717764886116114e-02 3.326653306613227556e-01 4.809851205000240104e-01 4.824060997935078476e-01 3.499632072698288798e-02 1.612458979485168094e-03
0.000000000000000000e+00 3.466933867735471075e-01 4.828666420822104177e-01 4.805109728121945700e-01 3.496929390541816951e-02 1.653091200176692692e-03
3.318410451011033935e+00 3.607214428857714594e-01 4.849828513459197299e-01 4.784378323260549681e-01 3.488721059056398843e-02 1.692105737461445381e-03
2.028045495137683396e+00 3.747494989979960334e-01 4.866181482265018454e-01 4.768071941398654423e-01 3.483926805150933809e-02 1.735389582123294389e-03
1.625554505642620162e+00 3.887775551102203853e-01 4.881721293588292543e-01 4.752547042211950901e-01 3.479494092103457836e-02 1.778225498941086394e-03
1.463544228815280679e+00 4.028056112224449592e-01 4.896803895321263367e-01 4.737441269833921331e-01 3.475032081106995546e-02 1.825162673411587742e-03
7.384171924605067439e-01 4.168336673346693111e-01 4.911898133171201941e-01 4.722165161585791249e-01 3.472019492783630368e-02 1.873475596464536713e-03
1.039045092553193550e+00 4.308617234468938850e-01 4.923034326363549540e-01 4.710955914623926044e-01 3.467829853750155344e-02 1.922677363750910709e-03
3.731706626483011213e+00 4.448897795591182369e-01 4.937924078897265034e-01 4.695814005519284851e-01 3.465176346921948480e-02 1.974428089125477691e-03
2.949279432622383457e+00 4.589178356713428109e-01 4.942617293229429332e-01 4.690979759546025085e-01 3.461129127564038094e-02 2.029003446814162202e-03
2.974430947855522422e+00 4.729458917835671627e-01 4.952595460977807229e-01 4.680769205311368086e-01 3.457703675627257084e-02 2.086496614809762746e-03
2.697139255353490306e+00 4.869739478957915146e-01 4.959285573909738565e-01 4.674090800868310747e-01 3.451803008776355847e-02 2.144332434431702513e-03
3.378399008561811634e+00 5.010020040080160886e-01 4.964077108237304192e-01 4.668830056234324899e-01 3.450326909619486765e-02 2.206014456642147337e-03
3.747242447078074079e+00 5.150300601202404405e-01 4.969416012431176477e-01 4.663390577464187614e-01 3.444996428666870919e-02 2.269376723795026116e-03
7.864704770391335309e-01 5.290581162324650144e-01 4.971039336841631129e-01 4.661256588183619876e-01 3.443506923746964682e-02 2.335338260005237563e-03
2.732089056500055069e+00 5.430861723446893663e-01 4.971439579290653499e-01 4.660333928936160053e-01 3.441642441628441768e-02 2.406224761034214156e-03
2.476061044688053769e+00 5.571142284569139402e-01 4.970268922987178817e-01 4.661040502347466030e-01 3.438940740393746365e-02 2.479650062598031703e-03
3.624543036371425053e+00 5.711422845691382921e-01 4.972490455713775570e-01 4.658196409011463035e-01 3.437665831383378279e-02 2.554655213642471195e-03
4.082524781900934485e+00 5.851703406813626440e-01 4.968937024023484250e-01 4.661131717863359891e-01 3.436088217520704563e-02 2.632243636108675105e-03
1.166747968817773567e-01 5.991983967935872180e-01 4.963991063469204157e-01 4.665545525082910316e-01 3.433020968206589030e-02 2.716131462722444229e-03
1.514834429305897512e+00 6.132264529058115698e-01 4.957627183494706657e-01 4.671148615261489501e-01 3.431858807639195236e-02 2.803832047988458285e-03
3.991754069289469520e+00 6.272545090180361438e-01 4.949408090269531435e-01 4.678567019997394438e-01 3.430897799062766068e-02 2.893510982679898137e-03
4.207060064644640440e-01 6.412825651302604957e-01 4.940496362145074261e-01 4.686928399905028186e-01 3.427248217268676761e-02 2.985041622302858459e-03
1.166742438649808200e+00 6.553106212424850696e-01 4.931166604088358385e-01 4.695618589127588671e-01 3.423644876556947853e-02 3.085031912835740821e-03
2.441808282661027896e+00 6.693386773547094215e-01 4.921407185538969609e-01 4.704412972489041000e-01 3.423089442412505928e-02 3.187089773073858989e-03
3.670227671457488405e+00 6.833667334669337734e-01 4.905940860100633238e-01 4.718907419639243872e-01 3.422141324998679429e-02 3.293758776025420502e-03
2.950610048455359014e+00 6.973947895791583473e-01 4.890672560895645282e-01 4.733401158295856836e-01 3.418498635915290934e-02 3.407641721696857105e-03
3.003246363280291931e+00 7.114228456913826992e-01 4.875851732969655461e-01 4.746726949613225277e-01 3.421870424854453474e-02 3.523427493167377144e-03
3.696459088753079603e-01 7.254509018036072732e-01 4.854823344071562130e-01 4.766820357754960047e-01 3.419053379759186273e-02 3.645096019755879671e-03
2.420210664100467923e+00 7.394789579158316251e-01 4.834881711360040635e-01 4.785339945016495733e-01 3.420399255818529910e-02 3.773841804160940963e-03
1.275520160516396162e+00 7.535070140280561990e-01 4.815956985254871148e-01 4.803305506343796827e-01 3.416754141999756023e-02 3.906209420135794107e-03
2.898311912501956300e+00 7.675350701402805509e-01 4.794696197943285054e-01 4.823280312132640080e-01 3.415819093676490670e-02 4.044158055642717818e-03
3.152687166568450383e+00 7.815631262525051248e-01 4.769805561995549836e-01 4.846908691067567387e-01 3.414059770117659071e-02 4.187976992511739834e-03
1.843309524631415730e+00 7.955911823647294767e-01 4.743991726350775817e-01 4.871158078954962445e-01 3.414623729026136645e-02 4.338782179164807351e-03
4.075732079109906092e-01 8.096192384769538286e-01 4.718128826033909373e-01 4.895739210132730723e-01 3.411339498793210245e-02 4.499801395403793362e-03
6.060701356786101224e-01 8.236472945891784025e-01 4.688034696452301753e-01 4.924462380904861547e-01 3.408825301239558347e-02 4.662039251887887918e-03
3.827628699501520515e+00 8.376753507014027544e-01 4.658900754347098383e-01 4.951856144100302282e-01 3.408857905894348284e-02 4.835731096316409940e-03
1.419734172174712317e+00 8.517034068136273284e-01 4.628044189253529561e-01 4.980916885827467167e-01 3.408781035627796857e-02 5.016082135622276263e-03
1.338998254154138756e+00 8.657314629258516803e-01 4.595558690057492957e-01 5.011444474954807049e-01 3.409229394476399194e-02 5.207389554006008371e-03
1.926785451394943616e+00 8.797595190380762542e-01 4.562145967246956646e-01 5.043256465524568188e-01 3.405762114837420501e-02 5.402135574473210938e-03
3.511940470509507861e+00 8.937875751503006061e-01 4.526535131655524680e-01 5.077187554356946686e-01 3.402418252570697799e-02 5.603548873045905397e-03
7.634682453102930033e-01 9.078156312625251800e-01 4.488850474087067166e-01 5.112768807672620763e-01 3.401635703430934410e-02 5.821714789721778825e-03
3.219640253718960565e+00 9.218436873747495319e-01 4.449859895927529285e-01 5.149743322841475734e-01 3.399604456396880525e-02 6.043633559130761300e-03
3.682989158742362878e+00 9.358717434869738838e-01 4.412026157982591457e-01 5.185610747075678484e-01 3.395668990647583013e-02 6.279619587697161942e-03
6.841237255431382724e-01 9.498997995991984578e-01 4.369069766527270415e-01 5.226446489162618336e-01 3.392802543391877645e-02 6.520348997092300682e-03
1.095896453934383397e+00 9.639278557114228096e-01 4.325455505739880802e-01 5.268069145113974949e-01 3.387116987107126331e-02 6.776365043543119970e-03
1.537984532962167084e+00 9.779559118236473836e-01 4.281470924575651593e-01 5.309569083130423195e-01 3.385464440071961345e-02 7.041354828672881719e-03
3.453039227716545589e+00 9.919839679358717355e-01 4.235701661355873449e-01 5.353056854015683097e-01 3.381022496958274032e-02 7.313923493261585175e-03
2.359868018681722468e+00 1.006012024048096087e+00 4.189944391115786315e-01 5.396430281675912433e-01 3.375705623382486281e-02 7.605476487005183479e-03
1.326528016967896573e+00 1.020040080160320883e+00 4.140101116971792727e-01 5.443857349531865397e-01 3.369741663326183273e-02 7.906736716372306240e-03
4.262792815603575036e+00 1.034068136272545235e+00 4.091948200512575684e-01 5.489235372356261466e-01 3.365917652562760293e-02 8.222466187488718450e-03
9.279877056786163259e-01 1.048096192384769587e+00 4.042792719152422665e-01 5.535713526878243140e-01 3.360029834387300018e-02 8.549077053060480033e-03
9.323060921712911231e-01 1.062124248496993939e+00 3.990321914090678712e-01 5.585657749117211024e-01 3.351351554909322988e-02 8.888518130117775695e-03
1.693723458348448840e+00 1.076152304609218291e+00 3.934592566383862122e-01 5.638625201625143690e-01 3.344026326566189311e-02 9.237959933437541252e-03
3.567558036169162339e+00 1.090180360721443087e+00 3.879954422194670793e-01 5.690356164068957057e-01 3.335768846825977463e-02 9.611252905377587821e-03
2.045114867988531593e+00 1.104208416833667439e+00 3.827539053672407432e-01 5.739744369177512961e-01 3.327736685484574547e-02 9.994290860162298451e-03
1.124389139289824868e+00 1.118236472945891791e+00 3.770497753858799705e-01 5.793550294287687086e-01 3.319647744710726295e-02 1.039871773824391048e-02
3.122063544516757716e+00 1.132264529058116143e+00 3.712050697809403665e-01 5.849050305141509920e-01 3.307691220210207117e-02 1.081298750280673335e-02
3.458725266261239106e+00 1.146292585170340494e+00 3.652491760569382406e-01 5.905185284511590416e-01 3.299281676991591694e-02 1.123947872198687546e-02
3.262610398231741371e+00 1.160320641282565290e+00 3.593436016948794443e-01 5.960807982026382623e-01 3.287367829345937825e-02 1.170192180902299324e-02
3.168753303070160676e+00 1.174348697394789642e+00 3.534085953982294415e-01 6.017032834544426834e-01 3.271933938332549641e-02 1.216878176400248805e-02
9.521641847912194478e-01 1.188376753507013994e+00 3.470820556989258621e-01 6.076349693257633300e-01 3.261793723468926071e-02 1.266503774062162531e-02
1.505372429034106840e+00 1.202404809619238346e+00 3.410469091755908289e-01 6.133196759669408138e-01 3.246843983835762115e-02 1.316497501911068936e-02
3.442948442708433809e+00 1.216432865731463142e+00 3.346866216792038218e-01 6.192972886065905014e-01 3.232905425694698048e-02 1.368703545725880218e-02
1.977941751442837237e+00 1.230460921843687494e+00 3.284743569502328597e-01 6.251337000545712508e-01 3.216091111944802822e-02 1.423103187574769994e-02
1.333274781807982645e+00 1.244488977955911846e+00 3.218567241947402069e-01 6.313453420905708047e-01 3.199560405232650118e-02 1.480232966236260349e-02
2.231038280928048234e+00 1.258517034068136198e+00 3.155913841962324495e-01 6.372148752220296863e-01 3.180381143907830971e-02 1.538992914265945901e-02
3.956099773143926690e+00 1.272545090180360550e+00 3.089971247761345574e-01 6.433919294296180924e-01 3.162197922434740321e-02 1.598896656990007534e-02
3.471483204846089521e+00 1.286573146292585346e+00 3.024464811424064647e-01 6.495067319904889169e-01 3.142458877101100140e-02 1.662219809609354407e-02
2.999255193976826828e+00 1.300601202404809698e+00 2.959080888883492966e-01 6.556125761293857268e-01 3.122206173173675339e-02 1.725727325052820588e-02
2.468395114295252490e+00 1.314629258517034049e+00 2.893163852281546156e-01 6.617256455446661745e-01 3.100846408972198626e-02 1.794950513745711268e-02
4.062134726633933823e+00 1.328657314629258401e+00 2.825871340812844967e-01 6.679761344803955003e-01 3.078778529509386755e-02 1.864894614322603478e-02
1.565924235272614595e+00 1.342685370741483197e+00 2.758762485298099643e-01 6.742141688444400760e-01 3.055125557476092921e-02 1.935832705098915196e-02
1.569258426024030761e+00 1.356713426853707549e+00 2.692435040560059445e-01 6.803727267449738436e-01 3.029122217709626433e-02 2.009254702192374981e-02
9.184948997155442107e-01 1.370741482965931901e+00 2.625751552950448819e-01 6.865132287742535810e-01 3.003655716763137945e-02 2.087505876307006389e-02
3.759859917234043003e+00 1.384769539078156253e+00 2.559631160521479987e-01 6.925837470822505670e-01 2.977466979982977199e-02 2.167846706577170393e-02
4.772500370436619122e+00 1.398797595190380605e+00 2.493130935471768728e-01 6.987050019656062538e-01 2.948874553402288864e-02 2.249315895319389455e-02
3.301212117144220581e+00 1.412825651302605401e+00 2.425599523952838843e-01 7.049090203092910345e-01 2.920358785366088464e-02 2.332743944176419310e-02
1.619281195400056550e+00 1.426853707414829753e+00 2.360910361831242699e-01 7.108094099460121607e-01 2.891651348701308397e-02 2.418304038385060001e-02
4.290095718659184598e+00 1.440881763527054105e+00 2.295288436590577630e-01 7.167788818891632774e-01 2.860120639111541144e-02 2.509106806066341289e-02
4.136775846725543992e+00 1.454909819639278457e+00 2.229985960654941590e-01 7.227065642043434268e-01 2.826960289939367543e-02 2.602523683076887404e-02
4.751330758972836854e+00 1.468937875751502808e+00 2.165349387394281400e-01 7.285062205399061019e-01 2.798430484069340529e-02 2.697453587997241178e-02
2.369207207420754635e+00 1.482965931863727604e+00 2.100909502873838652e-01 7.343024042047439082e-01 2.765499638041031896e-02 2.795164912746193539e-02
3.222637434602277473e+00 1.496993987975951956e+00 2.036737322343296075e-01 7.400488108481749761e-01 2.731960934391285817e-02 2.895784757358250971e-02
3.209225341743321192e+00 1.511022044088176308e+00 1.973550854269920940e-01 7.457215886353933954e-01 2.696424003788148310e-02 2.995908589973314204e-02
4.042519022948666496e+00 1.525050100200400660e+00 1.913052692536719446e-01 7.510185161375628748e-01 2.663507632427215832e-02 3.104113828449319920e-02
1.434322772060006468e+00 1.539078156312625456e+00 1.850492416654029304e-01 7.565871686818211872e-01 2.624925767314630759e-02 3.211433197962965114e-02
1.437244078425693239e+00 1.553106212424849808e+00 1.790496906207145744e-01 7.618031041515807011e-01 2.589979446170777300e-02 3.324741076599684736e-02
4.682327966836663080e+00 1.567134268537074160e+00 1.729902448702210771e-01 7.671576765339989112e-01 2.548875488023880434e-02 3.436332371554102344e-02
1.858010650742473402e+00 1.581162324649298512e+00 1.670836660929245487e-01 7.722693149175150484e-01 2.511106763110128662e-02 3.553595135845899478e-02
3.364152371690295684e+00 1.595190380761522864e+00 1.613751378714167461e-01 7.771531154357650406e-01 2.474768196424463954e-02 3.672406472857347309e-02
4.121770122313204610e+00 1.609218436873747660e+00 1.556355790306575282e-01 7.820480769490975037e-01 2.435348945265904466e-02 3.796285456758575344e-02
2.496167885940973719e+00 1.623246492985972012e+00 1.501846391724983576e-01 7.866380683938187790e-01 2.395685609609007546e-02 3.922043633759271508e-02
3.338324685014080639e+00 1.637274549098196363e+00 1.446958260432917864e-01 7.912892423721609170e-01 2.354976893299264018e-02 4.046516265155460784e-02
3.470850399455685409e+00 1.651302605210420715e+00 1.393231116264588842e-01 7.957472229168174316e-01 2.312911753966110512e-02 4.180054791706250272e-02
3.620298293538561918e+00 1.665330661322645511e+00 1.341453944374488838e-01 8.000075824024118765e-01 2.273127886025272382e-02 4.311574429988640489e-02
4.868017717764271168e+00 1.679358717434869863e+00 1.290166367233292477e-01 8.041466899541045432e-01 2.233374961162837638e-02 4.450292371093773902e-02
2.518128256522820241e+00 1.693386773547094215e+00 1.240840033127403874e-01 8.081383145978660032e-01 2.190743042680400737e-02 4.587025166258959508e-02
1.327384520083629837e+00 1.707414829659318567e+00 1.191627469869248890e-01 8.120319422862137815e-01 2.149602458322266707e-02 4.730928614363869716e-02
3.259071479840735641e+00 1.721442885771542919e+00 1.144575003317785528e-01 8.157464982868389836e-01 2.106737643182824207e-02 4.872862494955417650e-02
3.228745996555401732e+00 1.735470941883767715e+00 1.098217475365865503e-01 8.193681772096909066e-01 2.065134673276564775e-02 5.015872852095695777e-02
2.012465222328609471e+00 1.749498997995992067e+00 1.052975871104331329e-01 8.228134665954404126e-01 2.021529355116013019e-02 5.167365274296635558e-02
3.393835643527119306e+00 1.763527054108216419e+00 1.009864345932517948e-01 8.259952895852925581e-01 1.979938522000214071e-02 5.321889060145328088e-02
1.891372706318460661e+00 1.777555110220440771e+00 9.680402835021993668e-02 8.290243390210617624e-01 1.939291979895420293e-02 5.477871282976426448e-02
1.312973363668687998e+00 1.791583166332665567e+00 9.267327423888567506e-02 8.320213216731225936e-01 1.895741837460649531e-02 5.634798571338547890e-02
1.659108798048651856e+00 1.805611222444889918e+00 8.877797880151835908e-02 8.346735641182845278e-01 1.857196890776613082e-02 5.797648817243104130e-02
3.881313866178791816e+00 1.819639278557114270e+00 8.491459264869032075e-02 8.373858433174009575e-01 1.813689467165765026e-02 5.956266936225092234e-02
3.584014918957774576e+00 1.833667334669338622e+00 8.124627297470184140e-02 8.397752753127303293e-01 1.773183000644193430e-02 6.124662170612596435e-02
3.157026543124162199e+00 1.847695390781562974e+00 7.760114621754625464e-02 8.421387092915776362e-01 1.732057664744554581e-02 6.293956784343057720e-02
2.473373554940212049e+00 1.861723446893787770e+00 7.412151035477276828e-02 8.443935211594238988e-01 1.691232473963598729e-02 6.457264374616733527e-02
3.699484228653957096e+00 1.875751503006012122e+00 7.082853611251380133e-02 8.462791341825930402e-01 1.650044661279306477e-02 6.639188309210013184e-02
4.657307941412489605e+00 1.889779559118236474e+00 6.758450800089563226e-02 8.481912491472826110e-01 1.610097804734992449e-02 6.812326480447185306e-02
1.866329947997101169e+00 1.903807615230460826e+00 6.447459238683578286e-02 8.499254700340438395e-01 1.571612424088195820e-02 6.988381333823850960e-02
4.693727454722826486e+00 1.917835671342685622e+00 6.151557424135168511e-02 8.514843001892483665e-01 1.530569696739364841e-02 7.169442860200626877e-02
3.530428710167911266e+00 1.931863727454909974e+00 5.867028167279943890e-02 8.528702660175541128e-01 1.491100587581853897e-02 7.354844643382799085e-02
1.102153387377746000e-05 1.945891783567134325e+00 5.589845409406331289e-02 8.541752558694828412e-01 1.453810429076452318e-02 7.538818574568938169e-02
6.512445627792023953e-08 1.959919839679358677e+00 5.323300627276528196e-02 8.554160353745606793e-01 1.414466863193948945e-02 7.720628972073460827e-02
2.660185002265087473e+00 1.973947895791583029e+00 5.069697261246033926e-02 8.563353365227588387e-01 1.378686658715800629e-02 7.918082427762301867e-02
3.155869831329771724e+00 1.987975951903807825e+00 4.830111223928341968e-02 8.572450217580278586e-01 1.340747371739084426e-02 8.104639228529791906e-02
4.568798777091247526e-10 2.002004008016032177e+00 4.595823909810008850e-02 8.579223106619071615e-01 1.305161051687934830e-02 8.306783972311333752e-02
4.306151521907207069e+00 2.016032064128256529e+00 4.368971106092589540e-02 8.586727913372574905e-01 1.268613214603018027e-02 8.495136545578654830e-02
4.361370379153947319e+00 2.030060120240480881e+00 4.155619911803574290e-02 8.591480172431731344e-01 1.233983355124117567e-02 8.695595008754973543e-02
1.659203406161322114e+00 2.044088176352705233e+00 3.950022549613994155e-02 8.595390567110838820e-01 1.199977478069421018e-02 8.896094301208200272e-02
2.041334586879623103e+00 2.058116232464930029e+00 3.754219863820180969e-02 8.598215808609669386e-01 1.165133917907627999e-02 9.098488132175498733e-02
1.602546818415380159e+00 2.072144288577154381e+00 3.565840247607012653e-02 8.599058256453090410e-01 1.132107621892663486e-02 9.311469565969436590e-02
3.267948589681373583e+00 2.086172344689378733e+00 3.385293639659164855e-02 8.600194144923020145e-01 1.099440649567605573e-02 9.513324261543032456e-02
1.674866078669132975e-06 2.100200400801603084e+00 3.216745138722460623e-02 8.599806028743793851e-01 1.067281372270866696e-02 9.717913201568721682e-02
1.056849202770059754e-02 2.114228456913827880e+00 3.053645023013676005e-02 8.597610079834472341e-01 1.035912258067708466e-02 9.934341920573892815e-02
4.784671040731948821e+00 2.128256513026052232e+00 2.899053553061153865e-02 8.594917886494054526e-01 1.005315840482646703e-02 1.014645174151564688e-01
3.839391634342514958e+00 2.142284569138276584e+00 2.752182552512272978e-02 8.590491214262792052e-01 9.765929330109007420e-03 1.036631237184889864e-01
2.294728877710835526e-10 2.156312625250500936e+00 2.608928110980892126e-02 8.586158359161231157e-01 9.454977893220499127e-03 1.058399050808473824e-01
3.764656119431308401e+00 2.170340681362725288e+00 2.476427618601895544e-02 8.579309507277006475e-01 9.180233193481247833e-03 1.081245398927990764e-01
4.579284486529841658e+00 2.184368737474950084e+00 2.349340240958287113e-02 8.572712560374542434e-01 8.899216148295965509e-03 1.103361254046670153e-01
2.506114599535123499e+00 2.198396793587174436e+00 2.226356409555748858e-02 8.565368901616592368e-01 8.625050565821497719e-03 1.125744951769618030e-01
2.152099928675600182e+00 2.212424849699398788e+00 2.112376524223214327e-02 8.556563966608532468e-01 8.362640387252744806e-03 1.148571977096619484e-01
2.708994839415896916e+00 2.226452905811623140e+00 2.003292781448260881e-02 8.547104673812910836e-01 8.097223977241940762e-03 1.171593808269842246e-01
2.321022662550086046e+00 2.240480961923847936e+00 1.897887112307612006e-02 8.538257075130450957e-01 7.839828473932289321e-03 1.193555928899464880e-01
4.109077059199512050e+00 2.254509018036072288e+00 1.799709190509790266e-02 8.525603958869060195e-01 7.599905513054010416e-03 1.218426066949418463e-01
4.849614485735693314e+00 2.268537074148296639e+00 1.706211888158474382e-02 8.515101525691730622e-01 7.362042633180008490e-03 1.240656859160620268e-01
4.147730691275745230e+00 2.282565130260520991e+00 1.616096362434093353e-02 8.501230693814554318e-01 7.124852617188715161e-03 1.265911143770147851e-01
2.230280771438819087e+00 2.296593186372745343e+00 1.530826328413651891e-02 8.488475977798002337e-01 6.901077460833907745e-03 1.289430614752292426e-01
3.111634461302074328e+00 2.310621242484970139e+00 1.450787292749592533e-02 8.474221570311933904e-01 6.674468737566073562e-03 1.313955013037448327e-01
2.265712250243610892e+00 2.324649298597194491e+00 1.374913354352777679e-02 8.459497177752010044e-01 6.462103485258350287e-03 1.338390451960129457e-01
4.051384913363442308e+00 2.338677354709418843e+00 1.301214289916124110e-02 8.446075824509367003e-01 6.252484713759539313e-03 1.361277899361424126e-01
6.199609665821566605e-06 2.352705410821643195e+00 1.233462219849973049e-02 8.428768612811313732e-01 6.055829451576147555e-03 1.387326870687926039e-01
4.601715296155498791e+00 2.366733466933867547e+00 1.168011788082384816e-02 8.413324406383075882e-01 5.851582488345778016e-03 1.411358589925230111e-01
4.168307449423162225e+00 2.380761523046092343e+00 1.107163430328384629e-02 8.395339972070370305e-01 5.660258696391220340e-03 1.437341097932878509e-01
8.667922105443494427e-05 2.394789579158316695e+00 1.048155995050584384e-02 8.378201243190860348e-01 5.474492841163785400e-03 1.462238228892444314e-01
3.657275576791134242e+00 2.408817635270541047e+00 9.935085122417249698e-03 8.359141821505686742e-01 5.298350755162128424e-03 1.488523819718519658e-01
4.711649469840516247e+00 2.422845691382765398e+00 9.405315463735172687e-03 8.340689941110209782e-01 5.118325594036438053e-03 1.514073648312073972e-01
4.726718392509900113e+00 2.436873747494990194e+00 8.909676233079148050e-03 8.322087727594668083e-01 4.947098056206825252e-03 1.539344529512473581e-01
4.392650049119545486e+00 2.450901803607214546e+00 8.449667536555583933e-03 8.302006514441933049e-01 4.784180938590515061e-03 1.565655000806604469e-01
2.204416289111435834e+00 2.464929859719438898e+00 8.003511341200791190e-03 8.280268062512350369e-01 4.626330191207840906e-03 1.593433522163565097e-01
0.000000000000000000e+00 2.478957915831663250e+00 7.580323201279377636e-03 8.260380211146882701e-01 4.468390290019099050e-03 1.619132653940131839e-01
4.799543190415604954e+00 2.492985971943887602e+00 7.189806877774064346e-03 8.238249689206467163e-01 4.320949090665987882e-03 1.646642751109131664e-01
4.856613938589502411e+00 2.507014028056112398e+00 6.803959136555191682e-03 8.218362354143261550e-01 4.174417582948780105e-03 1.671853878661697657e-01
3.262318117771072945e+00 2.521042084168336750e+00 6.453625650430603634e-03 8.195005174197436126e-01 4.033354195750077885e-03 1.700125027340755879e-01
4.019261785794794761e+00 2.535070140280561102e+00 6.116714959990023764e-03 8.171990160568965988e-01 3.900784493625814291e-03 1.727834844894875210e-01
1.747180958228727599e-01 2.549098196392785454e+00 5.795788326915383287e-03 8.147780713369455752e-01 3.768683493816940133e-03 1.756574568423220906e-01
4.105175781332722096e+00 2.563126252505010250e+00 5.497717483065127884e-03 8.124433731455826813e-01 3.639712138784283353e-03 1.784191972325678832e-01
4.374823447402026666e+00 2.577154308617234602e+00 5.213815846053938829e-03 8.099516697710520408e-01 3.518031306605296296e-03 1.813164830762887536e-01
4.250905179072857365e+00 2.591182364729458953e+00 4.944675820282726231e-03 8.075813383611745166e-01 3.398271393861592229e-03 1.840757144246809029e-01
6.249455796093660187e-09 2.605210420841683305e+00 4.690797489518272294e-03 8.051694376292530819e-01 3.284395541207549979e-03 1.868553693400211158e-01
0.000000000000000000e+00 2.619238476953907657e+00 4.445186094924923233e-03 8.025312250236502631e-01 3.171643323725996128e-03 1.898519455576989923e-01
4.870054416965782451e+00 2.633266533066132453e+00 4.220177177777444978e-03 7.999045437670930792e-01 3.065935418363023145e-03 1.928093436367663838e-01
4.769519766422403606e+00 2.647294589178356805e+00 4.006569101464917820e-03 7.971984498290001220e-01 2.963012570159583720e-03 1.958319684993754251e-01
3.176101384604127720e+00 2.661322645290581157e+00 3.801744149381189406e-03 7.947804066815673529e-01 2.860350947771526410e-03 1.985574982212797712e-01
2.898845056386174068e+00 2.675350701402805509e+00 3.607498828557036998e-03 7.920738692073076015e-01 2.764633671196250336e-03 2.015539982929389906e-01
3.551624277266751672e+00 2.689378757515030305e+00 3.425788227878946973e-03 7.894860663023687275e-01 2.669890032476704769e-03 2.044182554372757921e-01
2.581013435806636114e+00 2.703406813627254657e+00 3.252530233867728573e-03 7.865977189479798071e-01 2.579186038153310177e-03 2.075705647799992171e-01
0.000000000000000000e+00 2.717434869739479009e+00 3.091794710308850939e-03 7.837599607511859245e-01 2.494416928954457796e-03 2.106538276095509254e-01
2.599827235939227599e+00 2.731462925851703361e+00 2.938557102410770897e-03 7.808661991115790624e-01 2.410293890811156161e-03 2.137849498951991112e-01
6.085138200514109792e-04 2.745490981963927712e+00 2.792398423198850718e-03 7.782166047580253432e-01 2.327720391420279138e-03 2.166632764273555556e-01
3.422984488649822410e+00 2.759519038076152508e+00 2.654962894033090909e-03 7.750923429253474550e-01 2.249529058298220963e-03 2.200031651223212370e-01
3.017508191707380938e+00 2.773547094188376860e+00 2.522931550148406390e-03 7.722489873953424233e-01 2.170907932123453642e-03 2.230571731223857102e-01
3.666154155797702874e+00 2.787575150300601212e+00 2.401047556798316992e-03 7.692610498176750689e-01 2.098482010322545808e-03 2.262394206152040788e-01
0.000000000000000000e+00 2.801603206412825564e+00 2.285268846547546494e-03 7.661550998540945789e-01 2.029924068629449570e-03 2.295297072307283526e-01
3.255522191288586331e+00 2.815631262525050360e+00 2.175592158848571080e-03 7.632739991909759381e-01 1.961321569938649905e-03 2.325890870802368726e-01
3.208509561086921202e+00 2.829659318637274712e+00 2.070217735698691268e-03 7.600393273474373990e-01 1.896207558980869635e-03 2.359942473578831024e-01
6.053168301380066341e-01 2.843687374749499064e+00 1.972799932398170732e-03 7.569444786282636395e-01 1.832750441842391411e-03 2.392499709974957867e-01
3.785860103578866820e+00 2.857715430861723416e+00 1.879774567551369905e-03 7.539150173165611868e-01 1.769588632711629290e-03 2.424356194831757683e-01
4.982236857719194165e-11 2.871743486973947768e+00 1.788221505304446717e-03 7.506691651296275580e-01 1.711571451587078768e-03 2.458310419134810410e-01
0.000000000000000000e+00 2.885771543086172564e+00 1.707080476097084425e-03 7.474317459526570451e-01 1.655639169215061867e-03 2.492055344020308039e-01
1.152723968235959862e-04 2.899799599198396916e+00 1.625911778875270986e-03 7.442569965522143338e-01 1.600190003992352488e-03 2.525169016649181919e-01
4.858030008035745695e+00 2.913827655310621267e+00 1.550695859348387743e-03 7.409055666669684959e-01 1.547529364843735263e-03 2.559962081088394403e-01
3.147161237334020978e+00 2.927855711422845619e+00 1.480066879199171516e-03 7.377966043516093197e-01 1.496561888704771000e-03 2.592267668804867919e-01
4.428673100000225737e+00 2.941883767535069971e+00 1.414085048573685910e-03 7.342358689078251066e-01 1.446718663787001325e-03 2.629033273798142001e-01
0.000000000000000000e+00 2.955911823647294767e+00 1.348613503313027349e-03 7.307962909647153227e-01 1.400287533455849215e-03 2.664548079985157858e-01
3.968080404314716869e+00 2.969939879759519119e+00 1.288248348954316265e-03 7.274644228735274165e-01 1.352798906130416251e-03 2.698945298713878449e-01
0.000000000000000000e+00 2.983967935871743471e+00 1.232019641759981307e-03 7.240118415216272307e-01 1.310237526726380948e-03 2.734459013098862745e-01
4.021291730060872815e+00 2.997995991983967823e+00 1.177266579302756102e-03 7.203703147401008255e-01 1.266771613294504460e-03 2.771856470673019768e-01
2.643815647213365150e+00 3.012024048096192175e+00 1.125539224124308358e-03 7.172195900818170156e-01 1.226011313135231444e-03 2.804288593809233232e-01
2.704463109729030812e+00 3.026052104208416971e+00 1.076677875913608848e-03 7.132918387803964810e-01 1.184968732014116642e-03 2.844465146116758048e-01
0.000000000000000000e+00 3.040080160320641767e+00 1.030986101872745711e-03 7.097832185254959736e-01 1.147126035328994769e-03 2.880386693373023221e-01
4.855211824316573832e+00 3.054108216432865675e+00 9.873515346876993084e-04 7.061565269306938619e-01 1.110958984067755015e-03 2.917451625505506629e-01
3.600836560274384812e+00 3.068136272545090470e+00 9.455671709967280840e-04 7.024965109823316789e-01 1.075724319797447979e-03 2.954821975268741574e-01
2.060973616116961851e-11 3.082164328657314378e+00 9.051791145757756129e-04 6.987987079904758314e-01 1.041180355022534214e-03 2.992549325399259108e-01
2.186283241065096750e+00 3.096192384769539174e+00 8.687053776229689168e-04 6.949665129278694842e-01 1.009035584027959164e-03 3.031557461104795181e-01
3.473827717417641736e+00 3.110220440881763970e+00 8.322539520184647419e-04 6.912203959754665838e-01 9.766943943834845935e-04 3.069706556781314211e-01
2.883316595313855313e+00 3.124248496993987878e+00 7.983480087011559463e-04 6.873574813390530558e-01 9.458377262111080036e-04 3.108983329260345818e-01
2.727685680939399226e+00 3.138276553106212674e+00 7.670938147417871071e-04 6.836001596726114515e-01 9.163900169384955278e-04 3.147163564957082826e-01
3.103415541442142711e-01 3.152304609218436582e+00 7.358772138310984597e-04 6.794807846100681115e-01 8.877949823498969750e-04 3.188955431937509077e-01
3.780662845923540516e+00 3.166332665330661378e+00 7.072141861011142913e-04 6.756954633137862709e-01 8.603637489119274296e-04 3.227369587512007310e-01
3.570181166255269822e+00 3.180360721442886174e+00 6.802395355005594942e-04 6.717776223326360485e-01 8.338589309064335740e-04 3.267082792009569636e-01
2.846953119997401346e-05 3.194388777555110082e+00 6.536075048774369007e-04 6.676857026567064590e-01 8.081253495656373197e-04 3.308525644888504202e-01
0.000000000000000000e+00 3.208416833667334878e+00 6.281566672649663112e-04 6.635300445667512426e-01 7.828921215223052241e-04 3.350589066444615294e-01
0.000000000000000000e+00 3.222444889779558785e+00 6.050390559932716837e-04 6.592062743130185920e-01 7.592141116770355922e-04 3.394294725193111040e-01
3.499919644437851751e+00 3.236472945891783581e+00 5.828130929637043937e-04 6.552289534185525843e-01 7.367450631986109709e-04 3.434514884252850564e-01
4.314408250379154985e+00 3.250501002004008377e+00 5.617499977297990121e-04 6.511312340946896482e-01 7.142634936685512709e-04 3.475927524139120761e-01
1.874613000596216670e-04 3.264529058116232285e+00 5.409324994443512639e-04 6.469810534688108516e-01 6.924488544593587584e-04 3.517855651772853753e-01
1.007358820892352833e-07 3.278557114228457081e+00 5.217382830943682577e-04 6.427387760404295047e-01 6.724471858886982680e-04 3.560670384905874619e-01
3.703963775049990304e+00 3.292585170340680989e+00 5.031476885713448118e-04 6.384977350679035268e-01 6.521741396505273012e-04 3.603469431038746063e-01
4.697850035202260521e+00 3.306613226452905785e+00 4.856246226660503778e-04 6.340929352849752343e-01 6.331989106563831651e-04 3.647882411817023884e-01
3.308152274881073218e+00 3.320641282565130581e+00 4.687462612589008261e-04 6.295132611509157705e-01 6.145305998687090269e-04 3.694034619879565384e-01
0.000000000000000000e+00 3.334669338677354489e+00 4.530152444509267032e-04 6.252186272268472900e-01 5.968744877995942879e-04 3.737314830409022570e-01
4.138477741480084404e+00 3.348697394789579285e+00 4.380212212313600267e-04 6.208108977747219814e-01 5.790006752667032101e-04 3.781720803287800803e-01
0.000000000000000000e+00 3.362725450901804081e+00 4.233928507777713407e-04 6.161788418585225635e-01 5.631404140703672465e-04 3.828346248766293369e-01
4.517464506380027167e+00 3.376753507014027988e+00 4.099829241262965699e-04 6.118194211564556007e-01 5.469035721878181275e-04 3.872236923472300862e-01
2.664535259100730684e-15 3.390781563126252784e+00 3.967165416627531447e-04 6.074655003818002497e-01 5.310558610201739993e-04 3.916067272155169254e-01
0.000000000000000000e+00 3.404809619238476692e+00 3.841970651879463169e-04 6.027154301103160305e-01 5.162511191446606234e-04 3.963841217053513111e-01
3.308927865900527010e+00 3.418837675350701488e+00 3.721947540215354844e-04 5.981291499249217214e-01 5.015906552071923213e-04 4.009970646658495008e-01
0.000000000000000000e+00 3.432865731462926284e+00 3.607343857594121853e-04 5.932990815667057438e-01 4.876155980936370074e-04 4.058525684494411756e-01
4.461156587813317920e+00 3.446893787575150192e+00 3.500478448502871462e-04 5.887339073608393036e-01 4.745671215608348692e-04 4.104414776727495773e-01
0.000000000000000000e+00 3.460921843687374988e+00 3.398763276846186124e-04 5.838275594017308112e-01 4.614595554757006481e-04 4.153711047151088520e-01
3.337698581728443248e-03 3.474949899799598896e+00 3.298895960440014668e-04 5.791016123980089469e-01 4.484503005143295981e-04 4.201200477054327087e-01
0.000000000000000000e+00 3.488977955911823692e+00 3.205929737390674828e-04 5.741625052915472205e-01 4.367837584477291500e-04 4.250801179762660476e-01
4.709021911827107942e+00 3.503006012024048488e+00 3.112639722246845391e-04 5.691516492504471447e-01 4.245647020720417207e-04 4.301125220752560763e-01
0.000000000000000000e+00 3.517034068136272396e+00 3.028889904188555079e-04 5.644278614591433652e-01 4.131355921819061263e-04 4.348561139582560187e-01
3.477466128649007615e+00 3.531062124248497192e+00 2.946849093369996063e-04 5.593545076194703647e-01 4.024380233072014632e-04 4.399483694478855678e-01
4.377640925587669152e+00 3.545090180360721099e+00 2.868031709144734632e-04 5.541926623984680944e-01 3.917784476255569705e-04 4.451287559829918417e-01
4.046235692168114184e+00 3.559118236472945895e+00 2.792174018585691061e-04 5.491421747245138762e-01 3.813471294000656204e-04 4.501972607442274454e-01
1.492241721427049013e-03 3.573146292585170691e+00 2.722247714508656464e-04 5.442595880293753519e-01 3.717162295040746700e-04 4.550964709696696531e-01
4.788472123292249805e+00 3.587174348697394599e+00 2.653714852623880295e-04 5.391273457175025374e-01 3.621501590002865092e-04 4.602451326382347441e-01
4.905147003696015695e-02 3.601202404809619395e+00 2.589157979172086212e-04 5.340003447854677621e-01 3.531779232423718591e-04 4.653875614933725702e-01
3.464639645967881876e+00 3.615230460921843303e+00 2.525450214971163313e-04 5.287329969560023990e-01 3.438098086689398499e-04 4.706706482138315328e-01
4.387850470460336716e+00 3.629258517034068099e+00 2.466368145522164772e-04 5.234862166052763888e-01 3.353746298462495284e-04 4.759317719503250999e-01
3.844601398078200116e+00 3.643286573146292895e+00 2.410159390612701461e-04 5.181357013472325246e-01 3.268636997315790935e-04 4.812964190139746856e-01
0.000000000000000000e+00 3.657314629258516803e+00 2.354895873615600729e-04 5.129852230180639294e-01 3.188529920965863635e-04 4.864604344024779925e-01
0.000000000000000000e+00 3.671342685370741599e+00 2.302941436509389100e-04 5.076593849274733117e-01 3.109400413731927960e-04 4.917993808875025241e-01
3.256116166133239620e+00 3.685370741482966395e+00 2.253529180691468345e-04 5.024601860158391942e-01 3.033595336877417930e-04 4.970111015324039649e-01
4.315639724069902705e+00 3.699398797595190302e+00 2.206640541326338411e-04 4.968831820566213531e-01 2.961225441478779695e-04 5.026000313450982304e-01
9.325873406855663141e-15 3.713426853707415098e+00 2.161464689420462327e-04 4.914049260164616850e-01 2.891280857931442230e-04 5.080897994288030572e-01
0.000000000000000000e+00 3.727454909819639006e+00 2.117659634802797602e-04 4.862448215215989800e-01 2.820333665452909202e-04 5.132613791483754406e-01
0.000000000000000000e+00 3.741482965931863802e+00 2.076302453785114441e-04 4.803722990896142075e-01 2.754904733759284421e-04 5.191445801916313441e-01
0.000000000000000000e+00 3.755511022044088598e+00 2.036456274912146073e-04 4.751045575746508653e-01 2.691914248457137355e-04 5.244226053730123294e-01
0.000000000000000000e+00 3.769539078156312506e+00 1.997453906467433395e-04 4.697041883636827175e-01 2.628685943720177813e-04 5.298331976512986596e-01
4.300442371398561114e+00 3.783567134268537302e+00 1.961731640241928083e-04 4.641415179971960514e-01 2.569760788410920351e-04 5.354053327599387346e-01
3.917341173039786906e+00 3.797595190380761210e+00 1.927847449172186102e-04 4.585596629648229783e-01 2.509449008333902655e-04 5.409966073894263427e-01
1.438404950807803301e-12 3.811623246492986006e+00 1.894193048437322311e-04 4.529462859121065055e-01 2.454304153282968600e-04 5.466188643677214465e-01
0.000000000000000000e+00 3.825651302605210802e+00 1.862644566435607779e-04 4.474392397440038471e-01 2.396845912813712679e-04 5.521348112080712855e-01
0.000000000000000000e+00 3.839679358717434710e+00 1.833401036293542464e-04 4.418527125638110342e-01 2.345829689883218165e-04 5.577293643635712339e-01
0.000000000000000000e+00 3.853707414829659506e+00 1.804805907095115855e-04 4.361789219163906273e-01 2.293721740743187468e-04 5.634112253188255925e-01
1.315459181414068070e-05 3.867735470941883413e+00 1.777376063232659776e-04 4.307556723084504102e-01 2.244218622896495532e-04 5.688421682229366505e-01
3.562888854206308853e+00 3.881763527054108209e+00 1.751983989514123777e-04 4.250352967309237173e-01 2.197356401114804593e-04 5.745697692300134607e-01
0.000000000000000000e+00 3.895791583166333005e+00 1.726119729663181681e-04 4.193939867090979989e-01 2.149415732441374485e-04 5.802184597446915504e-01
0.000000000000000000e+00 3.909819639278556913e+00 1.703048118238718542e-04 4.134244177117694652e-01 2.102426003909328223e-04 5.861950348760157636e-01
0.000000000000000000e+00 3.923847695390781709e+00 1.681676977423228133e-04 4.080370045620748676e-01 2.059684203298599791e-04 5.915888593198529444e-01
4.668149657333704461e+00 3.937875751503005617e+00 1.659032367747833062e-04 4.022158880990669982e-01 2.017821487268408069e-04 5.974164265154313647e-01
0.000000000000000000e+00 3.951903807615230413e+00 1.638048884360511330e-04 3.965354035671257993e-01 1.976899266673541220e-04 6.031031016177708093e-01
3.611680312045481234e+00 3.965931863727455209e+00 1.619867527308163483e-04 3.908283915135197240e-01 1.936300157729977636e-04 6.088159917179765124e-01
2.975425900740972018e+00 3.979959919839679117e+00 1.600114082887829333e-04 3.852208804224551697e-01 1.897056869657423215e-04 6.144294024822902767e-01
0.000000000000000000e+00 3.993987975951903913e+00 1.584320193285351276e-04 3.794836595348508035e-01 1.857483480264710972e-04 6.201721600977941895e-01
0.000000000000000000e+00 4.008016032064128709e+00 1.566355516178584537e-04 3.734980932656667973e-01 1.821965640650374644e-04 6.261630746186502838e-01
3.574790637847097940e+00 4.022044088176352616e+00 1.551610277373397016e-04 3.681966859916236401e-01 1.787584826660434706e-04 6.314693944979731244e-01
4.779503810835711519e+00 4.036072144288577412e+00 1.538759248433789765e-04 3.625636434299268629e-01 1.752855287228945538e-04 6.371071951165068192e-01
0.000000000000000000e+00 4.050100200400801320e+00 1.522983706385461786e-04 3.568973146846179945e-01 1.718647109051915731e-04 6.427785222338382454e-01
0.000000000000000000e+00 4.064128256513026116e+00 1.510385343587263614e-04 3.510486619251564355e-01 1.687199479130059099e-04 6.486315795925717831e-01
0.000000000000000000e+00 4.078156312625250912e+00 1.498318204811088447e-04 3.454558788866644026e-01 1.656224468439763519e-04 6.542286668460104426e-01
0.000000000000000000e+00 4.092184368737474820e+00 1.487672209237072326e-04 3.398550656414692783e-01 1.625380349375984631e-04 6.598336291026694056e-01
4.245889015941858524e+00 4.106212424849699616e+00 1.476908428940543758e-04 3.342950407720056138e-01 1.594937797288815311e-04 6.653977746053714171e-01
5.096284289746672719e-02 4.120240480961923524e+00 1.466694083503984050e-04 3.288975201845492635e-01 1.565824068398948075e-04 6.707992280002605945e-01
0.000000000000000000e+00 4.134268537074148320e+00 1.458258933700336919e-04 3.230184998872676627e-01 1.538186757825078712e-04 6.766818555435797355e-01
0.000000000000000000e+00 4.148296593186373116e+00 1.449211728491412539e-04 3.175740519912387261e-01 1.511731175315701942e-04 6.821298537183806410e-01
4.060278390039161245e+00 4.162324649298597024e+00 1.441978867398064626e-04 3.121399711076081052e-01 1.485667655673269399e-04 6.875672642400847412e-01
0.000000000000000000e+00 4.176352705410821819e+00 1.434977092001316166e-04 3.063736684542781030e-01 1.458216923661063676e-04 6.933370121441556622e-01
0.000000000000000000e+00 4.190380761523045727e+00 1.429600948480287909e-04 3.012713054173291050e-01 1.434901812979462162e-04 6.984422443065249064e-01
1.187853885859670432e-09 4.204408817635270523e+00 1.423009760843305116e-04 2.956994556611940994e-01 1.411459859589079874e-04 7.040170973767626572e-01
0.000000000000000000e+00 4.218436873747495319e+00 1.417791981838176902e-04 2.903291435599127945e-01 1.387548307106385899e-04 7.093903224111928196e-01
1.194564386934424036e-06 4.232464929859719227e+00 1.413341062436556230e-04 2.849128847504617257e-01 1.363340033931323186e-04 7.148094471399014660e-01
0.000000000000000000e+00 4.246492985971944023e+00 1.410060456562931431e-04 2.797052510321728636e-01 1.341752872353514658e-04 7.200195676349354645e-01
0.000000000000000000e+00 4.260521042084168819e+00 1.407342424516710153e-04 2.746382649478456006e-01 1.321807793143248491e-04 7.250888200303884368e-01
1.045856740018570024e-10 4.274549098196392727e+00 1.404604181272162480e-04 2.690189411015305732e-01 1.298871973605257612e-04 7.307107112829817064e-01
0.000000000000000000e+00 4.288577154308617523e+00 1.402613850534196278e-04 2.640463857187971275e-01 1.279035387393723255e-04 7.356854493574099818e-01
0.000000000000000000e+00 4.302605210420841431e+00 1.401450432762247201e-04 2.587737028714259258e-01 1.260217917593229047e-04 7.409601302935384659e-01
0.000000000000000000e+00 4.316633266533066227e+00 1.400344719124653849e-04 2.537957757970843442e-01 1.240435593515507593e-04 7.459401461716516080e-01
0.000000000000000000e+00 4.330661322645291023e+00 1.400768634161678725e-04 2.486202873467540653e-01 1.222631354798766170e-04 7.511173726543499685e-01
1.472395203134432520e-09 4.344689378757514930e+00 1.400444496938959746e-04 2.437432798304581261e-01 1.204776527684248225e-04 7.559961980670795167e-01
4.487248448882682261e+00 4.358717434869739726e+00 1.402003377457241759e-04 2.386849417121854056e-01 1.186648757264597193e-04 7.610561930743423575e-01
0.000000000000000000e+00 4.372745490981963634e+00 1.402652869523007470e-04 2.338261262017772013e-01 1.169234297664567074e-04 7.659166850815040117e-01
0.000000000000000000e+00 4.386773547094188430e+00 1.405106197416066880e-04 2.289213220097874035e-01 1.153580633662178336e-04 7.708228093071047837e-01
4.161335231763711562e+00 4.400801603206413226e+00 1.407656895972373031e-04 2.242144606797958628e-01 1.137655743785523084e-04 7.755310080562283215e-01
0.000000000000000000e+00 4.414829659318637134e+00 1.412694203245038729e-04 2.194400607181064000e-01 1.122835934028446661e-04 7.803063862681662854e-01
0.000000000000000000e+00 4.428857715430861930e+00 1.415923727268227495e-04 2.147678863197545474e-01 1.107543985508951847e-04 7.849797669089677576e-01
0.000000000000000000e+00 4.442885771543085838e+00 1.420710449928579795e-04 2.100706277792702970e-01 1.092025120205065080e-04 7.896780986637164101e-01
0.000000000000000000e+00 4.456913827655310634e+00 1.425243192975319292e-04 2.056526421816044781e-01 1.079102055602730831e-04 7.940969232935377597e-01
2.797273527836928871e-11 4.470941883767535430e+00 1.431258516204319392e-04 2.010630368218385422e-01 1.065431759843479977e-04 7.986872941505566148e-01
0.000000000000000000e+00 4.484969939879759337e+00 1.437250080570540037e-04 1.966499930828173592e-01 1.051831737433565607e-04 8.031010987353822683e-01
0.000000000000000000e+00 4.498997995991984133e+00 1.443199601230652114e-04 1.923056741798572777e-01 1.038784627440180277e-04 8.074461273972757258e-01
0.000000000000000000e+00 4.513026052104208041e+00 1.451720377902655985e-04 1.880324626519184472e-01 1.026347585512706994e-04 8.117197305517399597e-01
9.136810550169265077e-02 4.527054108216432837e+00 1.459516389760131725e-04 1.836482546559505546e-01 1.014683699473035972e-04 8.161043253351262239e-01
0.000000000000000000e+00 4.541082164328657633e+00 1.468140755770980406e-04 1.795076219177737797e-01 1.002463960746183090e-04 8.202453176105745092e-01
4.859054359998019379e+00 4.555110220440881541e+00 1.477379096104264485e-04 1.753698599201318487e-01 9.909743259093269671e-05 8.243833047376667444e-01
4.600399157387015769e+00 4.569138276553106337e+00 1.487788378945597157e-04 1.714199163712061269e-01 9.800453881715710303e-05 8.283333002520820720e-01
0.000000000000000000e+00 4.583166332665331133e+00 1.497546503972862835e-04 1.673400992480654770e-01 9.693746200584715063e-05 8.324132086395312768e-01
2.356406961829128865e-05 4.597194388777555041e+00 1.509119142516988075e-04 1.632525463301675861e-01 9.588761498174007804e-05 8.365006541405989315e-01
1.415648016096766604e+00 4.611222444889779837e+00 1.520907988522596406e-04 1.595978800663090114e-01 9.490168562827693628e-05 8.401551274492105037e-01
0.000000000000000000e+00 4.625250501002003745e+00 1.533479213821901835e-04 1.557841272891407614e-01 9.394731263143209503e-05 8.439685774768456161e-01
0.000000000000000000e+00 4.639278557114228541e+00 1.546840160355595565e-04 1.519575343117411659e-01 9.309010122070864534e-05 8.477946915710026232e-01
0.000000000000000000e+00 4.653306613226453337e+00 1.559811812705635243e-04 1.483485222621086785e-01 9.209296487346014029e-05 8.514034035917472654e-01
3.950198230684747597e-03 4.667334669338677244e+00 1.575169381062506272e-04 1.447766760275693010e-01 9.124215134508796977e-05 8.549745648829792932e-01
0.000000000000000000e+00 4.681362725450902040e+00 1.590879070217962696e-04 1.412379542771822205e-01 9.045544633837316272e-05 8.585125023694576418e-01
0.000000000000000000e+00 4.695390781563125948e+00 1.605865417275789166e-04 1.376517752744309264e-01 8.963250412745587029e-05 8.620980056797140634e-01
0.000000000000000000e+00 4.709418837675350744e+00 1.624644405239134037e-04 1.343253268305394099e-01 8.889986800819890439e-05 8.654233088609284419e-01
0.000000000000000000e+00 4.723446893787575540e+00 1.640266592398450097e-04 1.309974771549393679e-01 8.814280934520498821e-05 8.687503533764756591e-01
4.763104592168624585e+00 4.737474949899799448e+00 1.660447298373704278e-04 1.277768695614652505e-01 8.749990572823091069e-05 8.719695858029691271e-01
0.000000000000000000e+00 4.751503006012024244e+00 1.679106670291972676e-04 1.245926665928017568e-01 8.684321049978288272e-05 8.751525795296691834e-01
0.000000000000000000e+00 4.765531062124248152e+00 1.699008061342868834e-04 1.214677577658499208e-01 8.611036805827309583e-05 8.782762310599575573e-01
4.798324058424931593e+00 4.779559118236472948e+00 1.718770122004485723e-04 1.183327096669389011e-01 8.545422063869469122e-05 8.814099591002219070e-01
2.255944643401604742e-03 4.793587174348697744e+00 1.741695294359194544e-04 1.153550103036199287e-01 8.483618817799218976e-05 8.843859839787661103e-01
0.000000000000000000e+00 4.807615230460921651e+00 1.763831434904617357e-04 1.124909323090184377e-01 8.437553381129336350e-05 8.872483090136797923e-01
0.000000000000000000e+00 4.821643286573146447e+00 1.789618700935762050e-04 1.095926092262618501e-01 8.382333047082666166e-05 8.901446055731736529e-01
0.000000000000000000e+00 4.835671342685371243e+00 1.811567286759996104e-04 1.067535495717301525e-01 8.329829039118990944e-05 8.929819954092027556e-01
4.612830357087584154e+00 4.849699398797595151e+00 1.838197959105506243e-04 1.040531095611960388e-01 8.278062262084735247e-05 8.956802900202726070e-01
0.000000000000000000e+00 4.863727454909819947e+00 1.865164166724796559e-04 1.013591293598591764e-01 8.231920331289417170e-05 8.983720350201555016e-01
0.000000000000000000e+00 4.877755511022043855e+00 1.891830516095272473e-04 9.867272539795302055e-02 8.188159510539153084e-05 9.010562099553320881e-01
0.000000000000000000e+00 4.891783567134268651e+00 1.919660597272261876e-04 9.615408921155575717e-02 8.143382372917573511e-05 9.035725109049878023e-01
0.000000000000000000e+00 4.905811623246493447e+00 1.951106250776665687e-04 9.367272201500322082e-02 8.111394581869039728e-05 9.060510534141004158e-01
4.528805023985827625e-09 4.919839679358717355e+00 1.979732570537011838e-04 9.112373299695060436e-02 8.065594195450668331e-05 9.085976378040411250e-01
4.524856963482640104e+00 4.933867735470942151e+00 2.013553818893571454e-04 8.885382239672186266e-02 8.037772122856292191e-05 9.108644445001601309e-01
1.736729044802823307e-01 4.947895791583166059e+00 2.047374051256006572e-04 8.659618637142225961e-02 8.013278864337862711e-05 9.131189434348087053e-01
9.685585671520394938e-12 4.961923847695390855e+00 2.081085147559853213e-04 8.424928498308145719e-02 7.984016414609712694e-05 9.154627663380164870e-01
4.801382471854696863e-08 4.975951903807615651e+00 2.117658679887955470e-04 8.198712014355916122e-02 7.960037321401277819e-05 9.177215136152380159e-01
0.000000000000000000e+00 4.989979959919839558e+00 2.151912843087231775e-04 7.990588473619332499e-02 7.930234907064266506e-05 9.197996216304273887e-01
0.000000000000000000e+00 5.004008016032064354e+00 2.190685279902590684e-04 7.777331249897649623e-02 7.915249316132634137e-05 9.219284664798719220e-01
0.000000000000000000e+00 5.018036072144288262e+00 2.229701936402408470e-04 7.571359263340836365e-02 7.890794073327267509e-05 9.239845292322181880e-01
0.000000000000000000e+00 5.032064128256513058e+00 2.271047219883371435e-04 7.364527601638792831e-02 7.874756650881161910e-05 9.260488716951148502e-01
0.000000000000000000e+00 5.046092184368737854e+00 2.313562620269038082e-04 7.172273933879463881e-02 7.861691424867388528e-05 9.279672874849298481e-01
0.000000000000000000e+00 5.060120240480961762e+00 2.357081929555955395e-04 6.982504269926127771e-02 7.845495173419814281e-05 9.298607941560489420e-01
9.342764707424034429e-04 5.074148296593186558e+00 2.404059827193971092e-04 6.795542077387548008e-02 7.839779761376775978e-05 9.317257754457913821e-01
0.000000000000000000e+00 5.088176352705410466e+00 2.449604871741354098e-04 6.614391452079106115e-02 7.825925057718570714e-05 9.335328657414576625e-01
0.000000000000000000e+00 5.102204408817635262e+00 2.502238006249281636e-04 6.442147299994344101e-02 7.836093419739060325e-05 9.352499422652342798e-01
4.784809013978713388e+00 5.116232464929860058e+00 2.550353021639401095e-04 6.272663893772269239e-02 7.827612283682230498e-05 9.369400496372765064e-01
0.000000000000000000e+00 5.130260521042083965e+00 2.602307667968402371e-04 6.102378991530236357e-02 7.825306482035685699e-05 9.386377262530803955e-01
0.000000000000000000e+00 5.144288577154308761e+00 2.658158571069646958e-04 5.943744051363288039e-02 7.834547889668593435e-05 9.402183981503634547e-01
0.000000000000000000e+00 5.158316633266533557e+00 2.714329008499754528e-04 5.785240827164613714e-02 7.834128774374189328e-05 9.417978175397602181e-01
0.000000000000000000e+00 5.172344689378757465e+00 2.773548483776514971e-04 5.632413756884731282e-02 7.844516336963758653e-05 9.433200624194052475e-01
0.000000000000000000e+00 5.186372745490982261e+00 2.832636339604020391e-04 5.480670923815614964e-02 7.850557009888633347e-05 9.448315215577844928e-01
0.000000000000000000e+00 5.200400801603206169e+00 2.896200099772895924e-04 5.335573186367328913e-02 7.868739967064988826e-05 9.462759607266786333e-01
0.000000000000000000e+00 5.214428857715430965e+00 2.961972518355436264e-04 5.197469607999927882e-02 7.883954635584500107e-05 9.476502671218094420e-01
0.000000000000000000e+00 5.228456913827655761e+00 3.027577666735718656e-04 5.063374560449329653e-02 7.901923602539262720e-05 9.489844773928077792e-01
0.000000000000000000e+00 5.242484969939879669e+00 3.096530406830612066e-04 4.924990029284657955e-02 7.918527815802950929e-05 9.503612613883122284e-01
2.639666263697164266e-12 5.256513026052104465e+00 3.168786308974890203e-04 4.793252878207453216e-02 7.943139384563799310e-05 9.516711611931822912e-01
0.000000000000000000e+00 5.270541082164328373e+00 3.243527886858270154e-04 4.670892224661088443e-02 7.969156423439608273e-05 9.528870334004689857e-01
0.000000000000000000e+00 5.284569138276553169e+00 3.320201099228298810e-04 4.551206125918202949e-02 7.998864391132692159e-05 9.540759299869838728e-01
0.000000000000000000e+00 5.298597194388777964e+00 3.403906629585998949e-04 4.434895330606052066e-02 8.036878545761335225e-05 9.552302872455231686e-01
0.000000000000000000e+00 5.312625250501001872e+00 3.485252698032871620e-04 4.317432840832573226e-02 8.065741821442181715e-05 9.563964889036564720e-01
2.517985819881556387e-13 5.326653306613226668e+00 3.570190941799444742e-04 4.203917134361052216e-02 8.102551494312792404e-05 9.575227840472664287e-01
2.664535259100730684e-15 5.340681362725450576e+00 3.658337170911059289e-04 4.095227046965238538e-02 8.137227137705467766e-05 9.586005235418795234e-01
2.055067755743292146e+00 5.354709418837675372e+00 3.748433168594097792e-04 3.991148872495581257e-02 8.185894129966763463e-05 9.596318090168850512e-01
0.000000000000000000e+00 5.368737474949900168e+00 3.842012514449110925e-04 3.886473173261108943e-02 8.226796549013620785e-05 9.606687990504538810e-01
0.000000000000000000e+00 5.382765531062124076e+00 3.943342156014864076e-04 3.785056124198642874e-02 8.275609133738910043e-05 9.616723484510747433e-01
0.000000000000000000e+00 5.396793587174348872e+00 4.046992949316309931e-04 3.691061621645359142e-02 8.333465091714535079e-05 9.626013498376975175e-01
0.000000000000000000e+00 5.410821643286572780e+00 4.153840768653170958e-04 3.595877780424865111e-02 8.383547705576267696e-05 9.635420026418302086e-01
4.717611987683593355e+00 5.424849699398797576e+00 4.265728174361935578e-04 3.507975766936601708e-02 8.447223731676832851e-05 9.644091972758810360e-01
0.000000000000000000e+00 5.438877755511022372e+00 4.375406289952156014e-04 3.417057715852792055e-02 8.503886138184509188e-05 9.653068433510950674e-01
1.243449787580948409e-14 5.452905811623246279e+00 4.497538803381569746e-04 3.335048198036913436e-02 8.571434310773573117e-05 9.661140497961849816e-01
0.000000000000000000e+00 5.466933867735471075e+00 4.614523047267365735e-04 3.247421881585942777e-02 8.630728642672485271e-05 9.669780215929871803e-01
0.000000000000000000e+00 5.480961923847695871e+00 4.741075707287712966e-04 3.168088767359641955e-02 8.699880922946145838e-05 9.677580059464453432e-01
0.000000000000000000e+00 5.494989979959919779e+00 4.872919063446156719e-04 3.088743642892725211e-02 8.778576531944689535e-05 9.685374858994086900e-01
0.000000000000000000e+00 5.509018036072144575e+00 5.006941999886690585e-04 3.011687498968806942e-02 8.850748901150664693e-05 9.692939233213118122e-01
0.000000000000000000e+00 5.523046092184368483e+00 5.147117122622904333e-04 2.940796519005757156e-02 8.933637950210905913e-05 9.699879867181780968e-01
0.000000000000000000e+00 5.537074148296593279e+00 5.301526169316467078e-04 2.869117747931271972e-02 9.028646222163291271e-05 9.706883834415340750e-01
0.000000000000000000e+00 5.551102204408818075e+00 5.447829093090104154e-04 2.799079873265391399e-02 9.112840991798653006e-05 9.713732899481190008e-01
0.000000000000000000e+00 5.565130260521041983e+00 5.605848404516384446e-04 2.731979519258088268e-02 9.203482067535134574e-05 9.720275851462921723e-01
6.651605552754471205e-03 5.579158316633266779e+00 5.766422025148323091e-04 2.662694448970681638e-02 9.295448500343538078e-05 9.727034588227749801e-01
0.000000000000000000e+00 5.593186372745490686e+00 5.932572362535433420e-04 2.602900370312608361e-02 9.396840485581188539e-05 9.732837706557645463e-01
0.000000000000000000e+00 5.607214428857715482e+00 6.102122085845510576e-04 2.539302115673477619e-02 9.503354776640205749e-05 9.739017330869143008e-01
0.000000000000000000e+00 5.621242484969940278e+00 6.285875903813909144e-04 2.479913587931674088e-02 9.610116430143909243e-05 9.744761753660003967e-01
0.000000000000000000e+00 5.635270541082164186e+00 6.470416414965634438e-04 2.422164594698810944e-02 9.724058313657106469e-05 9.750340718283787567e-01
0.000000000000000000e+00 5.649298597194388982e+00 6.674036827884543633e-04 2.366498201688695124e-02 9.844019308739596573e-05 9.755691741072372025e-01
0.000000000000000000e+00 5.663326653306612890e+00 6.867411781112575577e-04 2.312263119563825325e-02 9.966917383420672433e-05 9.760909584524162241e-01
0.000000000000000000e+00 5.677354709418837686e+00 7.079342469507479522e-04 2.260835389186817770e-02 1.008886021594647474e-04 9.765828232590215707e-01
0.000000000000000000e+00 5.691382765531062482e+00 7.292459254828192886e-04 2.207389379440773472e-02 1.022961595567502561e-04 9.770945641205527332e-01
0.000000000000000000e+00 5.705410821643286390e+00 7.518737796502752372e-04 2.160703900693306673e-02 1.036956216679904986e-04 9.775373915917485723e-01
0.000000000000000000e+00 5.719438877755511186e+00 7.755575166198023455e-04 2.112653837001238558e-02 1.050435228645945338e-04 9.779928605905031658e-01
0.000000000000000000e+00 5.733466933867735094e+00 7.993755199114737460e-04 2.065293075316232060e-02 1.065644372792982794e-04 9.784411292896467716e-01
0.000000000000000000e+00 5.747494989979959890e+00 8.241153711734229906e-04 2.019098516269180257e-02 1.081504114415822064e-04 9.788767490546932404e-01
0.000000000000000000e+00 5.761523046092184686e+00 8.497235669423325267e-04 1.974889396173802950e-02 1.097234498419074369e-04 9.792916590214778561e-01
0.000000000000000000e+00 5.775551102204408593e+00 8.761697936063797152e-04 1.932471206881526682e-02 1.112223279169378254e-04 9.796878958096613133e-01
0.000000000000000000e+00 5.789579158316633389e+00 9.046776251031888282e-04 1.891895367799020095e-02 1.130692551501375338e-04 9.800632994417565191e-01
0.000000000000000000e+00 5.803607214428858185e+00 9.333340027839449144e-04 1.853701174198104165e-02 1.148392485562574610e-04 9.804148150066785972e-01
0.000000000000000000e+00 5.817635270541082093e+00 9.635379819311453223e-04 1.813254246019090077e-02 1.166438625165677854e-04 9.807872756953613935e-01
0.000000000000000000e+00 5.831663326653306889e+00 9.947078225251827863e-04 1.776613211382541135e-02 1.185267088677495164e-04 9.811206333547817238e-01
0.000000000000000000e+00 5.845691382765530797e+00 1.025968939436446101e-03 1.739044490721048178e-02 1.205409852807049051e-04 9.814630451680722567e-01
0.000000000000000000e+00 5.859719438877755593e+00 1.060576571351654063e-03 1.705109444715611697e-02 1.226350417474466529e-04 9.817656939397448879e-01
0.000000000000000000e+00 5.873747494989980389e+00 1.093809921645481562e-03 1.669802804672866972e-02 1.247220141034364527e-04 9.820834400175223466e-01
0.000000000000000000e+00 5.887775551102204297e+00 1.130213116398150804e-03 1.636337527947521325e-02 1.267463387167389380e-04 9.823796652654097628e-01
0.000000000000000000e+00 5.901803607214429093e+00 1.168218461906537272e-03 1.604994703053144040e-02 1.290553348025987479e-04 9.826527791727593941e-01
0.000000000000000000e+00 5.915831663326653000e+00 1.207152540431812113e-03 1.574822131503121961e-02 1.316174822787750996e-04 9.829130086622581697e-01
0.000000000000000000e+00 5.929859719438877796e+00 1.247187729211142937e-03 1.545744519261374982e-02 1.340028686630139788e-04 9.831613642095121675e-01
0.000000000000000000e+00 5.943887775551102592e+00 1.287410692448973928e-03 1.515058444259194219e-02 1.364044963972120084e-04 9.834256003685618586e-01
0.000000000000000000e+00 5.957915831663326500e+00 1.331387937952022756e-03 1.485983923431670115e-02 1.390399769020805051e-04 9.836697328508291482e-01
4.085620730704037300e-13 5.971943887775551296e+00 1.376531120016165040e-03 1.460336764062343355e-02 1.417400022037791055e-04 9.838783612371566623e-01
0.000000000000000000e+00 5.985971943887775204e+00 1.422996328131658720e-03 1.432971478421753847e-02 1.444901193187741746e-04 9.841027987683320655e-01
0.000000000000000000e+00 6.000000000000000000e+00 1.470359077239446902e-03 1.406530310783853099e-02 1.474092239607066536e-04 9.843169285909614263e-01
