# X mu var std 2std
-1.000000000000000000e+00 3.137161719098098261e-09 3.810649491363209962e-01 6.173045837642232581e-01 1.234609167528446516e+00
-9.879759519038076032e-01 6.685098854156833264e-09 3.810649491363209962e-01 6.173045837642232581e-01 1.234609167528446516e+00
-9.759519038076152064e-01 1.403555125851492193e-08 3.810649491363207186e-01 6.173045837642230360e-01 1.234609167528446072e+00
-9.639278557114228096e-01 2.903191655544841423e-08 3.810649491363196084e-01 6.173045837642221478e-01 1.234609167528444296e+00
-9.519038076152304129e-01 5.915864126664911699e-08 3.810649491363151120e-01 6.173045837642185951e-01 1.234609167528437190e+00
-9.398797595190381271e-01 1.187479515249492579e-07 3.810649491362970709e-01 6.173045837642039402e-01 1.234609167528407880e+00
-9.278557114228457303e-01 2.347826389668089406e-07 3.810649491362272379e-01 6.173045837641473188e-01 1.234609167528294638e+00
-9.158316633266533335e-01 4.571946788112730248e-07 3.810649491359647811e-01 6.173045837639348221e-01 1.234609167527869644e+00
-9.038076152304609368e-01 8.767821442663183176e-07 3.810649491350092122e-01 6.173045837631607746e-01 1.234609167526321549e+00
-8.917835671342685400e-01 1.655746161518671662e-06 3.810649491316362991e-01 6.173045837604288488e-01 1.234609167520857698e+00
-8.797595190380761432e-01 3.078642354945681111e-06 3.810649491201003602e-01 6.173045837510849898e-01 1.234609167502169980e+00
-8.677354709418837464e-01 5.635535542609969653e-06 3.810649490818820984e-01 6.173045837201293073e-01 1.234609167440258615e+00
-8.557114228456913496e-01 1.015460838265161764e-05 3.810649489592688455e-01 6.173045836208158610e-01 1.234609167241631722e+00
-8.436873747494990639e-01 1.800854104906259549e-05 3.810649485784707302e-01 6.173045833123796955e-01 1.234609166624759391e+00
-8.316633266533066671e-01 3.142747360156474700e-05 3.810649474340846998e-01 6.173045823854580449e-01 1.234609164770916090e+00
-8.196392785571142703e-01 5.396051456581862991e-05 3.810649441076553456e-01 6.173045796911402761e-01 1.234609159382280552e+00
-8.076152304609218735e-01 9.113581451741548404e-05 3.810649347601497428e-01 6.173045721199137414e-01 1.234609144239827483e+00
-7.955911823647294767e-01 1.513729713731198391e-04 3.810649093808419763e-01 6.173045515633608371e-01 1.234609103126721674e+00
-7.835671342685370799e-01 2.471958202193572985e-04 3.810648428456405723e-01 6.173044976716438592e-01 1.234608995343287718e+00
-7.715430861723446831e-01 3.967710408045690604e-04 3.810646745428282745e-01 6.173043613508885086e-01 1.234608722701777017e+00
-7.595190380761522864e-01 6.257488091822694483e-04 3.810642641203718095e-01 6.173040289196012331e-01 1.234608057839202466e+00
-7.474949899799598896e-01 9.692948313574986782e-04 3.810633001964481847e-01 6.173032481661246962e-01 1.234606496332249392e+00
-7.354709418837674928e-01 1.474068072523117105e-03 3.810611223621825361e-01 6.173014841729951296e-01 1.234602968345990259e+00
-7.234468937875750960e-01 2.199709281943826571e-03 3.810563953811080817e-01 6.172976554152040940e-01 1.234595310830408188e+00
-7.114228456913826992e-01 3.219166141180372382e-03 3.810465550536217272e-01 6.172896848754413357e-01 1.234579369750882671e+00
-6.993987975951903024e-01 4.616913584608705462e-03 3.810269467345536731e-01 6.172738020802063241e-01 1.234547604160412648e+00
-6.873747494989980167e-01 6.483881440553835966e-03 3.809896376233422033e-01 6.172435804634521794e-01 1.234487160926904359e+00
-6.753507014028056199e-01 8.907759993653686578e-03 3.809220603341110789e-01 6.171888368515029422e-01 1.234377673703005884e+00
-6.633266533066132231e-01 1.195744094439333584e-02 3.808059992440320785e-01 6.170948057179156399e-01 1.234189611435831280e+00
-6.513026052104208263e-01 1.566082609884261040e-02 3.806179762488483553e-01 6.169424416011985990e-01 1.233884883202397198e+00
-6.392785571142285406e-01 1.997627764922059804e-02 3.803326945857566921e-01 6.167111922008199354e-01 1.233422384401639871e+00
-6.272545090180361438e-01 2.475975499244242525e-02 3.799314435369486320e-01 6.163857911543294543e-01 1.232771582308658909e+00
-6.152304609218437470e-01 2.973227507296319003e-02 3.794164750807504372e-01 6.159679172495515775e-01 1.231935834499103155e+00
-6.032064128256513502e-01 3.445569148231628076e-02 3.788293438448454009e-01 6.154911403463459996e-01 1.230982280692691999e+00
-5.911823647294589534e-01 3.832862632191976621e-02 3.782654822396618877e-01 6.150329115093450261e-01 1.230065823018690052e+00
-5.791583166332665567e-01 4.061811372899014339e-02 3.778699890755184976e-01 6.147113054723480907e-01 1.229422610944696181e+00
-5.671342685370741599e-01 4.054517219706089276e-02 3.777951849800212369e-01 6.146504575610606258e-01 1.229300915122121252e+00
-5.551102204408817631e-01 3.744277532808030357e-02 3.781074149950374164e-01 6.149043950038390882e-01 1.229808790007678176e+00
-5.430861723446893663e-01 3.100062932961815398e-02 3.786587817969263026e-01 6.153525670677959525e-01 1.230705134135591905e+00
-5.310621242484969695e-01 2.159920136947428987e-02 3.789913094735457566e-01 6.156227005833571075e-01 1.231245401166714215e+00
-5.190380761523045727e-01 1.070644550814354133e-02 3.783936593078659483e-01 6.151371061055136424e-01 1.230274212211027285e+00
-5.070140280561121759e-01 1.243176196675581987e-03 3.762140189191137685e-01 6.133628770304849764e-01 1.226725754060969953e+00
-4.949899799599198902e-01 -2.311408747214931461e-03 3.723392834630890325e-01 6.101961024646822551e-01 1.220392204929364510e+00
-4.829659318637274934e-01 5.525811944564418265e-03 3.673972817019129922e-01 6.061330561039489639e-01 1.212266112207897928e+00
-4.709418837675350966e-01 2.965334574274236870e-02 3.622379043477074734e-01 6.018620309902490417e-01 1.203724061980498083e+00
-4.589178356713426998e-01 7.204852193798839954e-02 3.572898124728719482e-01 5.977372436722275806e-01 1.195474487344455161e+00
-4.468937875751503030e-01 1.302312673616246863e-01 3.530373910001015636e-01 5.941694968610401473e-01 1.188338993722080295e+00
-4.348697394789579063e-01 1.984228709139792268e-01 3.502051983387145517e-01 5.917813771476038154e-01 1.183562754295207631e+00
-4.228456913827655095e-01 2.707919300337852109e-01 3.472469094897602804e-01 5.892765984576006089e-01 1.178553196915201218e+00
-4.108216432865731127e-01 3.427407708881764492e-01 3.397417052981100971e-01 5.828736615237559704e-01 1.165747323047511941e+00
-3.987975951903807159e-01 4.080262560864946764e-01 3.252817138347616766e-01 5.703347384078596427e-01 1.140669476815719285e+00
-3.867735470941884302e-01 4.567754311479185758e-01 3.054692685007587283e-01 5.526927433038710813e-01 1.105385486607742163e+00
-3.747494989979960334e-01 4.801220300766563254e-01 2.824765535537961392e-01 5.314852336178269576e-01 1.062970467235653915e+00
-3.627254509018036366e-01 4.761180517682137570e-01 2.578009544306740231e-01 5.077410308717171805e-01 1.015482061743434361e+00
-3.507014028056112398e-01 4.469248093749862982e-01 2.333523794071822310e-01 4.830656056967647660e-01 9.661312113935295320e-01
-3.386773547094188430e-01 3.909241792274035787e-01 2.109162808424257796e-01 4.592562256980581847e-01 9.185124513961163695e-01
-3.266533066132264462e-01 3.024021141193460327e-01 1.919002066529041650e-01 4.380641581468451839e-01 8.761283162936903679e-01
-3.146292585170340494e-01 1.788150989634895160e-01 1.780273296072504008e-01 4.219328496422747321e-01 8.438656992845494642e-01
-3.026052104208416527e-01 2.552787141051211448e-02 1.700802032077836368e-01 4.124078117686225675e-01 8.248156235372451350e-01
-2.905811623246492559e-01 -1.440863100665722707e-01 1.666725470526497499e-01 4.082554923729131424e-01 8.165109847458262848e-01
-2.785571142284569701e-01 -3.105214361724928374e-01 1.656719116974375572e-01 4.070281460752285252e-01 8.140562921504570504e-01
-2.665330661322645733e-01 -4.529107260028094606e-01 1.650687304179129511e-01 4.062865127196729209e-01 8.125730254393458418e-01
-2.545090180360721765e-01 -5.536336769459039298e-01 1.625848095575781471e-01 4.032180670029285041e-01 8.064361340058570082e-01
-2.424849699398797798e-01 -5.981063678370952541e-01 1.566240685649280262e-01 3.957575881330995249e-01 7.915151762661990498e-01
-2.304609218436873830e-01 -5.745817892306910313e-01 1.474467767118331774e-01 3.839879903223968882e-01 7.679759806447937764e-01
-2.184368737474949862e-01 -4.782392375524749939e-01 1.370421120584898733e-01 3.701919935094354353e-01 7.403839870188708705e-01
-2.064128256513025894e-01 -3.140465596137562709e-01 1.278544232995470209e-01 3.575673688964738361e-01 7.151347377929476723e-01
-1.943887775551101926e-01 -9.698100731442389766e-02 1.215540142309558536e-01 3.486459726297664319e-01 6.972919452595328638e-01
-1.823647294589177958e-01 1.457843438557737681e-01 1.190307683189973514e-01 3.450083597813208836e-01 6.900167195626417671e-01
-1.703406813627255101e-01 3.760672675114120622e-01 1.192996455054301519e-01 3.453978076152628973e-01 6.907956152305257946e-01
-1.583166332665331133e-01 5.573432268514215693e-01 1.151603606090844667e-01 3.393528556076764180e-01 6.787057112153528360e-01
-1.462925851703407165e-01 6.695638466326550020e-01 9.860615647731998945e-02 3.140161723181148501e-01 6.280323446362297002e-01
-1.342685370741483197e-01 7.092814717742847996e-01 7.868584271708675693e-02 2.805099690155177794e-01 5.610199380310355588e-01
-1.222444889779559229e-01 6.757119907885223986e-01 7.388282730530304487e-02 2.718139571569183621e-01 5.436279143138367242e-01
-1.102204408817635262e-01 5.593815658737515406e-01 8.054657354480743159e-02 2.838072824027026986e-01 5.676145648054053972e-01
-9.819639278557112938e-02 3.447751271374931425e-01 7.652805534368094242e-02 2.766370462242556116e-01 5.532740924485112233e-01
-8.617234468937873260e-02 2.440915778442479325e-02 5.809464936470598584e-02 2.410283165204992750e-01 4.820566330409985500e-01
-7.414829659318633581e-02 -3.837162539538275796e-01 4.636722809764293879e-02 2.153305089801325345e-01 4.306610179602650690e-01
-6.212424849699405005e-02 -8.206874751157782200e-01 5.114833835887272473e-02 2.261599839911400400e-01 4.523199679822800801e-01
-5.010020040080165327e-02 -1.179043401794124257e+00 5.164828253456596463e-02 2.272625849861036051e-01 4.545251699722072103e-01
-3.807615230460925648e-02 -1.317471748083239858e+00 3.282928374824628515e-02 1.811885309511788167e-01 3.623770619023576334e-01
-2.605210420841685970e-02 -1.117091859546571975e+00 1.878733787123877674e-02 1.370669101980444282e-01 2.741338203960888564e-01
-1.402805611222446291e-02 -5.728919467011829303e-01 2.761739851325424946e-02 1.661848323802574134e-01 3.323696647605148269e-01
-2.004008016032066131e-03 1.446442223395578985e-01 2.813281248201774526e-02 1.677283890163431546e-01 3.354567780326863091e-01
1.002004008016021963e-02 7.503338049721984815e-01 7.669512690123926613e-03 8.757575400830944212e-02 1.751515080166188842e-01
2.204408817635261641e-02 1.034655912673189126e+00 2.451367080330682513e-03 4.951128235393103399e-02 9.902256470786206799e-02
3.406813627254501320e-02 1.032181726632605434e+00 9.886268875297950579e-03 9.942971827023322495e-02 1.988594365404664499e-01
4.609218436873740998e-02 9.758603320477383658e-01 5.608402158449809008e-03 7.488926597617183434e-02 1.497785319523436687e-01
5.811623246492980677e-02 1.039966275016319441e+00 4.932168875246950232e-03 7.022940178619600793e-02 1.404588035723920159e-01
7.014028056112220355e-02 1.128914995982317038e+00 6.248384290749165251e-03 7.904672220117141268e-02 1.580934444023428254e-01
8.216432865731460033e-02 9.642742638954192591e-01 1.257657696145707618e-03 3.546346988304596021e-02 7.092693976609192041e-02
9.418837675350699712e-02 4.055103080988838871e-01 3.785299104781961969e-03 6.152478447570509240e-02 1.230495689514101848e-01
1.062124248496993939e-01 -3.453410063364721339e-01 5.497264885869677063e-03 7.414354244214176048e-02 1.482870848842835210e-01
1.182364729458917907e-01 -9.030373139935767846e-01 2.377143709902984885e-03 4.875596076279273966e-02 9.751192152558547932e-02
1.302605210420841875e-01 -1.066757558503672154e+00 2.066121920225065176e-03 4.545461384969698426e-02 9.090922769939396852e-02
1.422845691382765843e-01 -9.920917688709083304e-01 1.634773688991777649e-03 4.043233469627715432e-02 8.086466939255430864e-02
1.543086172344689810e-01 -9.699384402554489526e-01 1.335410059111545502e-03 3.654326284161754645e-02 7.308652568323509291e-02
1.663326653306613778e-01 -1.062489615142708566e+00 1.075668845725590364e-03 3.279739083716249476e-02 6.559478167432498952e-02
1.783567134268537746e-01 -1.025430817339840539e+00 9.763612810390588041e-04 3.124678033076462233e-02 6.249356066152924466e-02
1.903807615230461714e-01 -6.164974391948510046e-01 1.010697378665274338e-03 3.179146707318292880e-02 6.358293414636585761e-02
2.024048096192385682e-01 7.984502303779275612e-02 1.025974309533061101e-03 3.203083373146976137e-02 6.406166746293952274e-02
2.144288577154307429e-01 7.048207824653094367e-01 1.029566853974427619e-03 3.208686419665261746e-02 6.417372839330523493e-02
2.264529058116231397e-01 9.837488331102475225e-01 1.054961099087747215e-03 3.248016470228787256e-02 6.496032940457574512e-02
2.384769539078155365e-01 9.664561141855791959e-01 1.060354055139991212e-03 3.256307809682602861e-02 6.512615619365205721e-02
2.505010020040079333e-01 9.032211283284266035e-01 1.095342804505233933e-03 3.309596356816392471e-02 6.619192713632784941e-02
2.625250501002003300e-01 9.321646743769982368e-01 1.112517122137581665e-03 3.335441683102226967e-02 6.670883366204453935e-02
2.745490981963927268e-01 9.240798351198115101e-01 1.121309045756485210e-03 3.348595296174927682e-02 6.697190592349855365e-02
2.865731462925851236e-01 6.430723914767504379e-01 1.127269977793134408e-03 3.357484144107213131e-02 6.714968288214426262e-02
2.985971943887775204e-01 5.199793934435088805e-02 1.142166870020650373e-03 3.379595937417149976e-02 6.759191874834299951e-02
3.106212424849699172e-01 -5.866760388864391551e-01 1.153371752009932230e-03 3.396132730047417281e-02 6.792265460094834562e-02
3.226452905811623140e-01 -9.576206328074585716e-01 1.152460875559617980e-03 3.394791415624261871e-02 6.789582831248523742e-02
3.346693386773547108e-01 -1.005074506101520715e+00 1.145801988834477085e-03 3.384969702721838530e-02 6.769939405443677061e-02
3.466933867735471075e-01 -9.361012481942999619e-01 1.135661168909140196e-03 3.369957223629314880e-02 6.739914447258629759e-02
3.587174348697395043e-01 -9.325724981642582456e-01 1.118519433009992773e-03 3.344427354585523954e-02 6.688854709171047908e-02
3.707414829659319011e-01 -9.340708998059927826e-01 1.097412215092509859e-03 3.312721260674537926e-02 6.625442521349075853e-02
3.827655310621242979e-01 -7.313768471320933884e-01 1.074345060313407034e-03 3.277720336321277711e-02 6.555440672642555422e-02
3.947895791583166947e-01 -2.382797035421248821e-01 1.065077888669549834e-03 3.263553107687310051e-02 6.527106215374620102e-02
4.068136272545090915e-01 3.747529952023702093e-01 1.041647236037956687e-03 3.227456019898577305e-02 6.454912039797154610e-02
4.188376753507014882e-01 8.309454498631094754e-01 1.065772746879350020e-03 3.264617507273018943e-02 6.529235014546037885e-02
4.308617234468936630e-01 1.004583627558066405e+00 1.012813232277104012e-03 3.182472674316472183e-02 6.364945348632944366e-02
4.428857715430860598e-01 9.978554812184941003e-01 1.042901618531091954e-03 3.229398734332897258e-02 6.458797468665794517e-02
4.549098196392784565e-01 9.722213368739744954e-01 1.000629244106035357e-03 3.163272425995009712e-02 6.326544851990019425e-02
4.669338677354708533e-01 9.473457243159454366e-01 1.058458343775840662e-03 3.253395678019875559e-02 6.506791356039751117e-02
4.789579158316632501e-01 7.940453751539398031e-01 1.001611162799818672e-03 3.164824106960478084e-02 6.329648213920956168e-02
4.909819639278556469e-01 4.115603432619369673e-01 1.128536435949408813e-03 3.359369637222746341e-02 6.718739274445492682e-02
5.030060120240480437e-01 -1.220336773382589002e-01 1.044479452392086316e-03 3.231840733068518795e-02 6.463681466137037590e-02
5.150300601202404405e-01 -5.944004382150196442e-01 1.186349223631129844e-03 3.444342061455467341e-02 6.888684122910934682e-02
5.270541082164328373e-01 -8.478234784635653165e-01 1.013187301453171048e-03 3.183060322163516753e-02 6.366120644327033506e-02
5.390781563126252340e-01 -9.066295082245805492e-01 1.121469259839422920e-03 3.348834513438105065e-02 6.697669026876210130e-02
5.511022044088176308e-01 -9.055256786134823210e-01 1.120512513170456156e-03 3.347405731563558168e-02 6.694811463127116336e-02
5.631262525050100276e-01 -9.046890389919161057e-01 1.123659586748974003e-03 3.352103200602531835e-02 6.704206401205063670e-02
5.751503006012024244e-01 -8.132465201617196104e-01 1.029923775191948256e-03 3.209242551120043002e-02 6.418485102240086004e-02
5.871743486973948212e-01 -5.156228186781632861e-01 1.015556836858012499e-03 3.186780251065348540e-02 6.373560502130697081e-02
5.991983967935872180e-01 -4.186774440192919666e-02 1.016758792629060245e-03 3.188665540048156444e-02 6.377331080096312887e-02
6.112224448897796147e-01 4.305379990306275051e-01 1.028553123968796142e-03 3.207106365508939627e-02 6.414212731017879254e-02
6.232464929859720115e-01 7.378790063857334491e-01 1.056747908906185800e-03 3.250765923449711742e-02 6.501531846899423484e-02
6.352705410821644083e-01 8.578407144905222381e-01 1.229359621571537910e-03 3.506222499459408365e-02 7.012444998918816730e-02
6.472945891783568051e-01 8.767558300593135678e-01 1.326479804806237044e-03 3.642087045645994725e-02 7.284174091291989450e-02
6.593186372745489798e-01 8.637135853156978627e-01 1.228669496981385891e-03 3.505238218696963420e-02 7.010476437393926841e-02
6.713426853707413766e-01 7.918943220458566357e-01 1.247780078585518935e-03 3.532393067858557306e-02 7.064786135717114612e-02
6.833667334669337734e-01 5.717150564114377165e-01 1.530702922438797325e-03 3.912419868110780102e-02 7.824839736221560205e-02
6.953907815631261702e-01 1.568750922470116271e-01 1.914138828553432368e-03 4.375087231762850998e-02 8.750174463525701996e-02
7.074148296593185670e-01 -3.713400336804923985e-01 5.772118498240999367e-03 7.597445951266122710e-02 1.519489190253224542e-01
7.194388777555109638e-01 -8.240022370242180427e-01 1.038427791745723770e-02 1.019032772655386054e-01 2.038065545310772109e-01
7.314629258517033605e-01 -1.027752322574134292e+00 1.075402247836626003e-02 1.037016030655566051e-01 2.074032061311132102e-01
7.434869739478957573e-01 -9.507423916821182708e-01 1.069249860545152045e-02 1.034045386114725712e-01 2.068090772229451424e-01
7.555110220440881541e-01 -7.152301323847450876e-01 1.033317409741800995e-02 1.016522213107908940e-01 2.033044426215817879e-01
7.675350701402805509e-01 -4.801290968652415780e-01 1.145976162770875363e-02 1.070502761682974591e-01 2.141005523365949181e-01
7.795591182364729477e-01 -3.030166743314134381e-01 1.207561514343055524e-02 1.098891038430587774e-01 2.197782076861175549e-01
7.915831663326653445e-01 -1.182991769550736511e-01 6.876804541460067137e-03 8.292650083935813876e-02 1.658530016787162775e-01
8.036072144288577412e-01 1.480482387927226084e-01 2.634147600929931127e-03 5.132394763587395242e-02 1.026478952717479048e-01
8.156312625250501380e-01 4.614721649800722636e-01 1.967733293217007254e-03 4.435913990619078096e-02 8.871827981238156191e-02
8.276553106212425348e-01 7.031668788145332138e-01 1.467581058551700084e-03 3.830902058982584013e-02 7.661804117965168026e-02
8.396793587174349316e-01 8.032295969756096943e-01 1.178870981376164842e-03 3.433469064046106717e-02 6.866938128092213434e-02
8.517034068136273284e-01 8.032525021147463029e-01 1.153107127618475470e-03 3.395743111041345241e-02 6.791486222082690483e-02
8.637274549098197252e-01 7.644983379664219703e-01 1.211800362189403108e-03 3.481092302983940234e-02 6.962184605967880469e-02
8.757515030060118999e-01 6.583733479897366792e-01 1.180990602169999229e-03 3.436554382182827050e-02 6.873108764365654100e-02
8.877755511022042967e-01 4.049369994882683343e-01 1.194479917884838042e-03 3.456124878942944123e-02 6.912249757885888246e-02
8.997995991983966935e-01 1.160369005969435000e-02 1.179786043881635030e-03 3.434801368174927177e-02 6.869602736349854355e-02
9.118236472945890903e-01 -3.859596265826039097e-01 1.181518219814818582e-03 3.437321951483186810e-02 6.874643902966373621e-02
9.238476953907814870e-01 -6.481651265519713379e-01 1.189088070816858057e-03 3.448315633489570931e-02 6.896631266979141861e-02
9.358717434869738838e-01 -7.606282727140484257e-01 1.234589067256847573e-03 3.513671964280171145e-02 7.027343928560342290e-02
9.478957915831662806e-01 -7.998796500748155403e-01 1.213577015496964361e-03 3.483643230149959663e-02 6.967286460299919326e-02
9.599198396793586774e-01 -7.934096280230016340e-01 1.228459546965823650e-03 3.504938725521208887e-02 7.009877451042417773e-02
9.719438877755510742e-01 -6.810877162449100464e-01 1.283926407300672260e-03 3.583191883364150038e-02 7.166383766728300075e-02
9.839679358717434710e-01 -4.404722165026067615e-01 1.456790396112446788e-03 3.816792365471884801e-02 7.633584730943769603e-02
9.959919839679358677e-01 -1.955182900757924391e-01 2.317786938657546286e-03 4.814339974137209210e-02 9.628679948274418421e-02
1.008016032064128265e+00 -1.387417409596309603e-01 1.397828620925482129e-02 1.182298025425688598e-01 2.364596050851377196e-01
1.020040080160320439e+00 -3.484488942386160248e-01 4.702093588325595430e-02 2.168431135250920294e-01 4.336862270501840588e-01
1.032064128256513058e+00 -7.147281990778099336e-01 8.964323495048118207e-02 2.994048011480129334e-01 5.988096022960258669e-01
1.044088176352705233e+00 -1.039817859686525070e+00 1.276317011729193596e-01 3.572557923574078975e-01 7.145115847148157950e-01
1.056112224448897852e+00 -1.185716787429474284e+00 1.652543988032764699e-01 4.065149429028119821e-01 8.130298858056239641e-01
1.068136272545090026e+00 -1.135768239070351626e+00 2.120524718106418793e-01 4.604915545486604200e-01 9.209831090973208401e-01
1.080160320641282645e+00 -9.583531662552148278e-01 2.648055124416095474e-01 5.145925693610524654e-01 1.029185138722104931e+00
1.092184368737474820e+00 -7.395773784234707104e-01 3.105583754120058715e-01 5.572776466107409732e-01 1.114555293221481946e+00
1.104208416833667439e+00 -5.395167318837821302e-01 3.418469238090574569e-01 5.846767686585960799e-01 1.169353537317192160e+00
1.116232464929859614e+00 -3.824898372609735753e-01 3.602502326908677555e-01 6.002084910186357147e-01 1.200416982037271429e+00
1.128256513026052232e+00 -2.676167945744332144e-01 3.702551557125327575e-01 6.084859535868784031e-01 1.216971907173756806e+00
1.140280561122244407e+00 -1.844565768845584930e-01 3.755310038061833722e-01 6.128058451142444074e-01 1.225611690228488815e+00
1.152304609218437026e+00 -1.237979318607057427e-01 3.783555576578080948e-01 6.151061352789517489e-01 1.230212270557903498e+00
1.164328657314629201e+00 -8.015745594651177419e-02 3.798542882236785601e-01 6.163232011077293127e-01 1.232646402215458625e+00
1.176352705410821819e+00 -4.976210401193354588e-02 3.805645493127657875e-01 6.168991403080131830e-01 1.233798280616026366e+00
1.188376753507013994e+00 -2.950331600741680146e-02 3.808548306572615560e-01 6.171343700177956970e-01 1.234268740035591394e+00
1.200400801603206169e+00 -1.720762340130782206e-02 3.809702720556810696e-01 6.172278931283655679e-01 1.234455786256731136e+00
1.212424849699398788e+00 -1.078272278146582761e-02 3.810295048994446487e-01 6.172758742243573682e-01 1.234551748448714736e+00
1.224448897795590963e+00 -7.052422644453965918e-03 3.810558938176727417e-01 6.172972491577074505e-01 1.234594498315414901e+00
1.236472945891783581e+00 -2.765153907196604959e-03 3.810413859474329201e-01 6.172854979241233497e-01 1.234570995848246699e+00
1.248496993987975756e+00 3.131510317224383590e-03 3.808164065502443463e-01 6.171032381621768259e-01 1.234206476324353652e+00
1.260521042084168375e+00 9.062860894627912389e-03 3.802580547198077254e-01 6.166506747906854713e-01 1.233301349581370943e+00
1.272545090180360550e+00 1.279533363621815183e-02 3.797451051229803198e-01 6.162346185690806832e-01 1.232469237138161366e+00
1.284569138276553169e+00 1.343973134938202495e-02 3.797075506962936386e-01 6.162041469320809206e-01 1.232408293864161841e+00
1.296593186372745343e+00 1.172121535559841193e-02 3.800664059920431104e-01 6.164952603159598032e-01 1.232990520631919606e+00
1.308617234468937962e+00 8.995799495684492220e-03 3.804886878658741978e-01 6.168376511415902819e-01 1.233675302283180564e+00
1.320641282565130137e+00 6.325252635633522337e-03 3.807844296920234184e-01 6.170773287781875505e-01 1.234154657556375101e+00
1.332665330661322756e+00 4.196678376185177320e-03 3.809431123330463409e-01 6.172058913628792887e-01 1.234411782725758577e+00
1.344689378757514930e+00 2.681080870254814574e-03 3.810158323606879227e-01 6.172647992237106918e-01 1.234529598447421384e+00
1.356713426853707549e+00 1.669392864007661868e-03 3.810461229870658606e-01 6.172893349046829625e-01 1.234578669809365925e+00
1.368737474949899724e+00 1.019380648363811060e-03 3.810580031070766038e-01 6.172989576429532832e-01 1.234597915285906566e+00
1.380761523046092343e+00 6.120802527279083517e-04 3.810624689853213121e-01 6.173025749057923228e-01 1.234605149811584646e+00
1.392785571142284518e+00 3.617615970756521524e-04 3.810640903997642992e-01 6.173038882104698866e-01 1.234607776420939773e+00
1.404809619238477136e+00 2.105476109240553241e-04 3.810646606033153971e-01 6.173043500602563016e-01 1.234608700120512603e+00
1.416833667334669311e+00 1.206905950469301848e-04 3.810648550303800675e-01 6.173045075409542282e-01 1.234609015081908456e+00
1.428857715430861486e+00 6.814689424341039434e-05 3.810649193371157262e-01 6.173045596276733882e-01 1.234609119255346776e+00
1.440881763527054105e+00 3.790643727272491857e-05 3.810649399736438236e-01 6.173045763427028598e-01 1.234609152685405720e+00
1.452905811623246279e+00 2.077369522733672142e-05 3.810649464002582865e-01 6.173045815480865395e-01 1.234609163096173079e+00
1.464929859719438898e+00 1.121719422542184068e-05 3.810649483428047990e-01 6.173045831214967194e-01 1.234609166242993439e+00
1.476953907815631073e+00 5.968397288594705019e-06 3.810649489128549172e-01 6.173045835832218220e-01 1.234609167166443644e+00
1.488977955911823692e+00 3.129490392337084113e-06 3.810649490754082214e-01 6.173045837148856130e-01 1.234609167429771226e+00
1.501002004008015867e+00 1.617528820257396491e-06 3.810649491197873329e-01 6.173045837508315259e-01 1.234609167501663052e+00
1.513026052104208485e+00 8.255711450685614122e-07 3.810649491101095188e-01 6.173045837429926852e-01 1.234609167485985370e+00
1.525050100200400660e+00 4.207731006076370286e-07 3.810649487639961031e-01 6.173045834626502693e-01 1.234609166925300539e+00
1.537074148296593279e+00 2.268310702432287307e-07 3.810649449256844346e-01 6.173045803537217102e-01 1.234609160707443420e+00
1.549098196392785454e+00 1.555379066345294300e-07 3.810649153423346092e-01 6.173045563920086520e-01 1.234609112784017304e+00
1.561122244488978072e+00 1.626396014378892606e-07 3.810647575111751340e-01 6.173044285530236985e-01 1.234608857106047397e+00
1.573146292585170247e+00 2.132399492296508509e-07 3.810641913389946067e-01 6.173039699686003745e-01 1.234607939937200749e+00
1.585170340681362866e+00 2.584478480838960893e-07 3.810629135832720449e-01 6.173029350191622244e-01 1.234605870038324449e+00
1.597194388777555041e+00 2.413818285131953146e-07 3.810614434040126008e-01 6.173017442094365093e-01 1.234603488418873019e+00
1.609218436873747660e+00 1.420850110045217580e-07 3.810616262784454200e-01 6.173018923334395724e-01 1.234603784666879145e+00
1.621242484969939834e+00 2.548478742746061753e-08 3.810640651992832639e-01 6.173038677987391365e-01 1.234607735597478273e+00
1.633266533066132453e+00 1.914126862087724993e-08 3.810647720284158768e-01 6.173044403115984791e-01 1.234608880623196958e+00
1.645290581162324628e+00 1.926936341805378074e-07 3.810601649983625383e-01 6.173007087298397755e-01 1.234601417459679551e+00
1.657314629258516803e+00 4.366313443658722994e-07 3.810566571666650360e-01 6.172978674567611845e-01 1.234595734913522369e+00
1.669338677354709422e+00 5.104563032153366489e-07 3.810641569507714488e-01 6.173039421150422479e-01 1.234607884230084496e+00
1.681362725450901596e+00 2.974901460198748862e-07 3.810787330908098069e-01 6.173157482932132289e-01 1.234631496586426458e+00
1.693386773547094215e+00 2.592038367521671069e-08 3.810870840343690280e-01 6.173225121720161690e-01 1.234645024344032338e+00
1.705410821643286390e+00 1.366880061253644312e-07 3.810857762511610791e-01 6.173214529328793221e-01 1.234642905865758644e+00
1.717434869739479009e+00 8.379476839565710579e-07 3.810808144565706601e-01 6.173174341103373486e-01 1.234634868220674697e+00
1.729458917835671183e+00 1.822180508468272972e-06 3.810757358910491499e-01 6.173133206816852070e-01 1.234626641363370414e+00
1.741482965931863802e+00 2.502335708132154604e-06 3.810709904747404120e-01 6.173094770653860808e-01 1.234618954130772162e+00
1.753507014028055977e+00 2.518470916883417737e-06 3.810674721056213632e-01 6.173066272976674984e-01 1.234613254595334997e+00
1.765531062124248596e+00 1.975432936245784620e-06 3.810656990716534409e-01 6.173051911912400547e-01 1.234610382382480109e+00
1.777555110220440771e+00 1.246121720853648522e-06 3.810651058413764281e-01 6.173047106910625192e-01 1.234609421382125038e+00
1.789579158316633389e+00 6.437645839848536158e-07 3.810649721600202766e-01 6.173046024127960552e-01 1.234609204825592110e+00
1.801603206412825564e+00 2.755020619593979133e-07 3.810649515230927209e-01 6.173045856974438417e-01 1.234609171394887683e+00
1.813627254509018183e+00 9.841422077137735505e-08 3.810649493115178532e-01 6.173045839061279683e-01 1.234609167812255937e+00
1.825651302605210358e+00 2.949982168907599528e-08 3.810649491454496385e-01 6.173045837716172324e-01 1.234609167543234465e+00
1.837675350701402976e+00 7.448188285589045874e-09 3.810649491366590036e-01 6.173045837644970391e-01 1.234609167528994078e+00
1.849699398797595151e+00 1.588374782192176234e-09 3.810649491363299335e-01 6.173045837642305855e-01 1.234609167528461171e+00
1.861723446893787326e+00 2.866952725809815352e-10 3.810649491363212182e-01 6.173045837642234801e-01 1.234609167528446960e+00
1.873747494989979945e+00 4.386588135435035777e-11 3.810649491363210517e-01 6.173045837642233691e-01 1.234609167528446738e+00
1.885771543086172120e+00 5.696181079518866970e-12 3.810649491363210517e-01 6.173045837642233691e-01 1.234609167528446738e+00
1.897795591182364738e+00 6.283224755748838690e-13 3.810649491363210517e-01 6.173045837642233691e-01 1.234609167528446738e+00
1.909819639278556913e+00 5.891470778535548794e-14 3.810649491363210517e-01 6.173045837642233691e-01 1.234609167528446738e+00
1.921843687374749532e+00 4.698281122258996376e-15 3.810649491363210517e-01 6.173045837642233691e-01 1.234609167528446738e+00
1.933867735470941707e+00 3.187942258234335507e-16 3.810649491363210517e-01 6.173045837642233691e-01 1.234609167528446738e+00
1.945891783567134325e+00 1.841191662849670416e-17 3.810649491363210517e-01 6.173045837642233691e-01 1.234609167528446738e+00
1.957915831663326500e+00 9.056686590411081960e-19 3.810649491363210517e-01 6.173045837642233691e-01 1.234609167528446738e+00
1.969939879759519119e+00 3.805553378627524880e-20 3.810649491363210517e-01 6.173045837642233691e-01 1.234609167528446738e+00
1.981963927855711294e+00 1.399415561996664848e-21 3.810649491363210517e-01 6.173045837642233691e-01 1.234609167528446738e+00
1.993987975951903913e+00 5.511453119941948541e-23 3.810649491363210517e-01 6.173045837642233691e-01 1.234609167528446738e+00
