# X mu var std 2std
-1.000000000000000000e+00 -1.733400630129763170e-02 4.004749639521731908e-01 6.328309126079202374e-01 1.265661825215840475e+00
-9.879759519038076032e-01 -1.802588655398409956e-02 4.069343551880201804e-01 6.379140656765769357e-01 1.275828131353153871e+00
-9.759519038076152064e-01 -2.113817047416785555e-02 4.050690762709093229e-01 6.364503721979501982e-01 1.272900744395900396e+00
-9.639278557114228096e-01 -2.494096753975951625e-02 3.936752735093678734e-01 6.274354735822385010e-01 1.254870947164477002e+00
-9.519038076152304129e-01 -2.566823538162426796e-02 3.853258794458704894e-01 6.207462278949993362e-01 1.241492455789998672e+00
-9.398797595190381271e-01 -2.169689784074201738e-02 3.924812159084243857e-01 6.264832127905937131e-01 1.252966425581187426e+00
-9.278557114228457303e-01 -1.576222425493523441e-02 4.132360359203839928e-01 6.428343767413065013e-01 1.285668753482613003e+00
-9.158316633266533335e-01 -1.222309616853122644e-02 4.318684965630664174e-01 6.571670233381057269e-01 1.314334046676211454e+00
-9.038076152304609368e-01 -1.209664990766007135e-02 4.294019246355650354e-01 6.552876655603743217e-01 1.310575331120748643e+00
-8.917835671342685400e-01 -1.286676938554190235e-02 4.026374841750763878e-01 6.345372204804666794e-01 1.269074440960933359e+00
-8.797595190380761432e-01 -1.189706800264095712e-02 3.743718519882078821e-01 6.118593400351161060e-01 1.223718680070232212e+00
-8.677354709418837464e-01 -7.669405968984734263e-03 3.668869737993808444e-01 6.057119561304538102e-01 1.211423912260907620e+00
-8.557114228456913496e-01 -5.315104399029428606e-04 3.738651283161692485e-01 6.114451147209938320e-01 1.222890229441987664e+00
-8.436873747494990639e-01 6.333220740000734816e-03 3.767117415940163805e-01 6.137684755622565547e-01 1.227536951124513109e+00
-8.316633266533066671e-01 9.776403716973415883e-03 3.722005080718088221e-01 6.100823781029974802e-01 1.220164756205994960e+00
-8.196392785571142703e-01 1.042593844309277172e-02 3.713052156018308847e-01 6.093481891347760637e-01 1.218696378269552127e+00
-8.076152304609218735e-01 1.127241990024083727e-02 3.784748930889032525e-01 6.152031315662358502e-01 1.230406263132471700e+00
-7.955911823647294767e-01 1.397714807535598881e-02 3.850450518742931649e-01 6.205199850724335553e-01 1.241039970144867111e+00
-7.835671342685370799e-01 1.815829926218963039e-02 3.884676187778757228e-01 6.232717054205779705e-01 1.246543410841155941e+00
-7.715430861723446831e-01 2.218658184824556096e-02 3.961188238827271224e-01 6.293797135932545084e-01 1.258759427186509017e+00
-7.595190380761522864e-01 2.378760019618838401e-02 4.077976308053963272e-01 6.385903466271599660e-01 1.277180693254319932e+00
-7.474949899799598896e-01 2.200578920308289207e-02 4.157930916088133366e-01 6.448202009931244261e-01 1.289640401986248852e+00
-7.354709418837674928e-01 1.844406147866258991e-02 4.152232058885410582e-01 6.443781544159772334e-01 1.288756308831954467e+00
-7.234468937875750960e-01 1.452006165727228251e-02 4.118300042971062558e-01 6.417398260176052638e-01 1.283479652035210528e+00
-7.114228456913826992e-01 8.848035053486929050e-03 4.130592640499022306e-01 6.426968679322330180e-01 1.285393735864466036e+00
-6.993987975951903024e-01 2.530836582020937154e-04 4.197618406549475933e-01 6.478902998617493969e-01 1.295780599723498794e+00
-6.873747494989980167e-01 -7.869944064399904057e-03 4.261831614203664964e-01 6.528270532234141665e-01 1.305654106446828333e+00
-6.753507014028056199e-01 -9.372857476798689136e-03 4.212283354905417831e-01 6.490210593582782517e-01 1.298042118716556503e+00
-6.633266533066132231e-01 -1.268117682356190027e-03 4.086378696354818763e-01 6.392478937278416318e-01 1.278495787455683264e+00
-6.513026052104208263e-01 1.342043067580455176e-02 4.109416593673228535e-01 6.410473144529371670e-01 1.282094628905874334e+00
-6.392785571142285406e-01 2.823539255946937859e-02 4.324946893878978682e-01 6.576432843022863572e-01 1.315286568604572714e+00
-6.272545090180361438e-01 3.851378642385804713e-02 4.503944418775531755e-01 6.711143284698615208e-01 1.342228656939723042e+00
-6.152304609218437470e-01 4.373875377566907585e-02 4.468748180872571529e-01 6.684869617930159214e-01 1.336973923586031843e+00
-6.032064128256513502e-01 4.502009422094832569e-02 4.280945257133770832e-01 6.542893287478996900e-01 1.308578657495799380e+00
-5.911823647294589534e-01 4.277031676916309699e-02 4.117084878523704083e-01 6.416451416884338954e-01 1.283290283376867791e+00
-5.791583166332665567e-01 3.726478415457360610e-02 4.005977838225105447e-01 6.329279452058587108e-01 1.265855890411717422e+00
-5.671342685370741599e-01 2.919336374877914975e-02 3.868574121048353742e-01 6.219786267267030100e-01 1.243957253453406020e+00
-5.551102204408817631e-01 1.886222178884828723e-02 3.747214083372226723e-01 6.121449242926242373e-01 1.224289848585248475e+00
-5.430861723446893663e-01 5.381660627676508775e-03 3.692997134581532115e-01 6.077003484104260833e-01 1.215400696820852167e+00
-5.310621242484969695e-01 -1.181684958303985504e-02 3.670568142967410297e-01 6.058521389718295458e-01 1.211704277943659092e+00
-5.190380761523045727e-01 -2.936373738073553077e-02 3.670155131321183872e-01 6.058180528278424015e-01 1.211636105655684803e+00
-5.070140280561121759e-01 -3.942239507877254301e-02 3.672741065587752374e-01 6.060314402395103883e-01 1.212062880479020777e+00
-4.949899799599198902e-01 -3.456406335001056818e-02 3.678964398730160124e-01 6.065446726111902720e-01 1.213089345222380544e+00
-4.829659318637274934e-01 -1.304159879884814362e-02 3.719631293683487994e-01 6.098878006390592299e-01 1.219775601278118460e+00
-4.709418837675350966e-01 2.142414813875735680e-02 3.718234326041205962e-01 6.097732632742440817e-01 1.219546526548488163e+00
-4.589178356713426998e-01 6.587484955440740808e-02 3.617937145094617946e-01 6.014929047872982215e-01 1.202985809574596443e+00
-4.468937875751503030e-01 1.227074761741765996e-01 3.516333782085411808e-01 5.929868280227994504e-01 1.185973656045598901e+00
-4.348697394789579063e-01 1.950120338044386559e-01 3.493624581758822401e-01 5.910689115288353390e-01 1.182137823057670678e+00
-4.228456913827655095e-01 2.790197408012876634e-01 3.528699180685667680e-01 5.940285498766593175e-01 1.188057099753318635e+00
-4.108216432865731127e-01 3.640408378728233751e-01 3.533287019360067394e-01 5.944145875868178663e-01 1.188829175173635733e+00
-3.987975951903807159e-01 4.365115274513680643e-01 3.442816344370183135e-01 5.867551741885351779e-01 1.173510348377070356e+00
-3.867735470941884302e-01 4.827408107275029114e-01 3.229673194333455011e-01 5.683021374527333913e-01 1.136604274905466783e+00
-3.747494989979960334e-01 4.950348547635612384e-01 2.926071242837270381e-01 5.409317186888997764e-01 1.081863437377799553e+00
-3.627254509018036366e-01 4.781883981826054453e-01 2.656501812306550359e-01 5.154126320053235011e-01 1.030825264010647002e+00
-3.507014028056112398e-01 4.428495753303474669e-01 2.475948675359612994e-01 4.975890548795876556e-01 9.951781097591753111e-01
-3.386773547094188430e-01 3.902069195301511306e-01 2.336233991569192370e-01 4.833460449377022239e-01 9.666920898754044478e-01
-3.266533066132264462e-01 3.088722922479913979e-01 2.187939044608051553e-01 4.677541068347825237e-01 9.355082136695650474e-01
-3.146292585170340494e-01 1.879519273379997024e-01 1.995162271880231430e-01 4.466723935817201729e-01 8.933447871634403459e-01
-3.026052104208416527e-01 3.063344135880659291e-02 1.806140166746539877e-01 4.249870782443320172e-01 8.499741564886640344e-01
-2.905811623246492559e-01 -1.438925250522329613e-01 1.759828207580887982e-01 4.195030640628132357e-01 8.390061281256264714e-01
-2.785571142284569701e-01 -3.102336137714002962e-01 1.817769641219545429e-01 4.263530979387326614e-01 8.527061958774653228e-01
-2.665330661322645733e-01 -4.486381571203754137e-01 1.799870765316285703e-01 4.242488379850068436e-01 8.484976759700136872e-01
-2.545090180360721765e-01 -5.467781486566547500e-01 1.718771271169649562e-01 4.145806641860724229e-01 8.291613283721448457e-01
-2.424849699398797798e-01 -5.929209934995257614e-01 1.693543633429281658e-01 4.115268683122988436e-01 8.230537366245976871e-01
-2.304609218436873830e-01 -5.746726851706593919e-01 1.644148148141458821e-01 4.054809672649826169e-01 8.109619345299652338e-01
-2.184368737474949862e-01 -4.853299961875183755e-01 1.463477059151467030e-01 3.825541869005575357e-01 7.651083738011150714e-01
-2.064128256513025894e-01 -3.271248841978955935e-01 1.311992399324189706e-01 3.622143563311909786e-01 7.244287126623819573e-01
-1.943887775551101926e-01 -1.122612816011908793e-01 1.311833823489348405e-01 3.621924658920100404e-01 7.243849317840200808e-01
-1.823647294589177958e-01 1.328648252475516378e-01 1.340805103883714600e-01 3.661700566517850364e-01 7.323401133035700727e-01
-1.703406813627255101e-01 3.688357627782641313e-01 1.335464286539434220e-01 3.654400479612811004e-01 7.308800959225622007e-01
-1.583166332665331133e-01 5.568031182819374036e-01 1.294405062256357708e-01 3.597784126731838339e-01 7.195568253463676678e-01
-1.462925851703407165e-01 6.740780488166684403e-01 1.127200146669119496e-01 3.357380149266864788e-01 6.714760298533729577e-01
-1.342685370741483197e-01 7.160392566379781831e-01 9.093398575537249562e-02 3.015526251840174310e-01 6.031052503680348620e-01
-1.222444889779559229e-01 6.831005887694203693e-01 8.831040769467807250e-02 2.971706709866874796e-01 5.943413419733749592e-01
-1.102204408817635262e-01 5.679201554643078520e-01 1.005341878945048562e-01 3.170712662706995366e-01 6.341425325413990732e-01
-9.819639278557112938e-02 3.553032963778046671e-01 9.596883484755094895e-02 3.097883710657179379e-01 6.195767421314358758e-01
-8.617234468937873260e-02 3.475750254298159980e-02 7.185612045904092582e-02 2.680599195311393901e-01 5.361198390622787802e-01
-7.414829659318633581e-02 -3.786325617361677165e-01 6.090227483919274931e-02 2.467838625988189594e-01 4.935677251976379187e-01
-6.212424849699405005e-02 -8.236158033507382514e-01 7.141208551306164887e-02 2.672303978088227394e-01 5.344607956176454788e-01
-5.010020040080165327e-02 -1.187161358523519006e+00 7.121610443081001496e-02 2.668634565293832583e-01 5.337269130587665167e-01
-3.807615230460925648e-02 -1.326206811466627000e+00 4.765603273349647284e-02 2.183026173308429962e-01 4.366052346616859925e-01
-2.605210420841685970e-02 -1.124593375780074123e+00 3.343907127645513733e-02 1.828635318385137543e-01 3.657270636770275085e-01
-1.402805611222446291e-02 -5.789872202992191186e-01 4.476141999091686613e-02 2.115689485508610024e-01 4.231378971017220048e-01
-2.004008016032066131e-03 1.409861048324321797e-01 4.485797358624465242e-02 2.117970103335848620e-01 4.235940206671697239e-01
1.002004008016021963e-02 7.504669048405562259e-01 2.318105691077460700e-02 1.522532656818059993e-01 3.045065313636119986e-01
2.204408817635261641e-02 1.038484716779553008e+00 1.800926374368082977e-02 1.341985981435008524e-01 2.683971962870017047e-01
3.406813627254501320e-02 1.037694116615508033e+00 2.545223008739008405e-02 1.595375507126459702e-01 3.190751014252919404e-01
4.609218436873740998e-02 9.804244876046692703e-01 2.123135567268257320e-02 1.457098338228500489e-01 2.914196676457000978e-01
5.811623246492980677e-02 1.042263515462889201e+00 2.004509201922463624e-02 1.415806908417409637e-01 2.831613816834819275e-01
7.014028056112220355e-02 1.129232239717330444e+00 2.130366726929866505e-02 1.459577585101205499e-01 2.919155170202410998e-01
8.216432865731460033e-02 9.630742618964623913e-01 1.667084514746252841e-02 1.291156270459254962e-01 2.582312540918509924e-01
9.418837675350699712e-02 4.031240431170053928e-01 1.908439125921051679e-02 1.381462676267821432e-01 2.762925352535642864e-01
1.062124248496993939e-01 -3.474600234454295333e-01 2.090795954670478934e-02 1.445958489954147774e-01 2.891916979908295549e-01
1.182364729458917907e-01 -9.030309279493931029e-01 1.781149443206855865e-02 1.334597108945937971e-01 2.669194217891875942e-01
1.302605210420841875e-01 -1.064953792382827169e+00 1.751648265419885817e-02 1.323498494679871407e-01 2.646996989359742813e-01
1.422845691382765843e-01 -9.906552316900225641e-01 1.719111150635894633e-02 1.311148790426126531e-01 2.622297580852253063e-01
1.543086172344689810e-01 -9.698992066667638801e-01 1.677769569752956755e-02 1.295287446767302286e-01 2.590574893534604572e-01
1.663326653306613778e-01 -1.063024180591540802e+00 1.651575239358906572e-02 1.285136272680413583e-01 2.570272545360827166e-01
1.783567134268537746e-01 -1.025529177366643729e+00 1.648292782351443511e-02 1.283858552314640078e-01 2.567717104629280156e-01
1.903807615230461714e-01 -6.161813610808591912e-01 1.654010497961462198e-02 1.286083394637168309e-01 2.572166789274336618e-01
2.024048096192385682e-01 7.974550493106943860e-02 1.650250896812104073e-02 1.284620915605885760e-01 2.569241831211771521e-01
2.144288577154307429e-01 7.041186410959081599e-01 1.651471537843053963e-02 1.285095925541379080e-01 2.570191851082758161e-01
2.264529058116231397e-01 9.834211103887205985e-01 1.662823404879779782e-02 1.289505100757565859e-01 2.579010201515131717e-01
2.384769539078155365e-01 9.669097752949736835e-01 1.666821781690296794e-02 1.291054523128398746e-01 2.582109046256797491e-01
2.505010020040079333e-01 9.033966313799844938e-01 1.670551704000159537e-02 1.292498241391515090e-01 2.584996482783030181e-01
2.625250501002003300e-01 9.313293017157254772e-01 1.662207280305472157e-02 1.289266178996979761e-01 2.578532357993959523e-01
2.745490981963927268e-01 9.231008537701488326e-01 1.669239616466864501e-02 1.291990563613707177e-01 2.583981127227414354e-01
2.865731462925851236e-01 6.432053874062322318e-01 1.672119737620236801e-02 1.293104689350493830e-01 2.586209378700987660e-01
2.985971943887775204e-01 5.340906071417808598e-02 1.665155640944957285e-02 1.290409098288196887e-01 2.580818196576393775e-01
3.106212424849699172e-01 -5.851539879592478899e-01 1.666395329384792040e-02 1.290889355980903708e-01 2.581778711961807415e-01
3.226452905811623140e-01 -9.575418565487645584e-01 1.663198242318794998e-02 1.289650434156013881e-01 2.579300868312027761e-01
3.346693386773547108e-01 -1.006592955980709858e+00 1.659126187914905862e-02 1.288070723180565758e-01 2.576141446361131515e-01
3.466933867735471075e-01 -9.376361914931045094e-01 1.660530932461588144e-02 1.288615897954696332e-01 2.577231795909392664e-01
3.587174348697395043e-01 -9.327907563920539991e-01 1.657538676959911458e-02 1.287454339757302391e-01 2.574908679514604781e-01
3.707414829659319011e-01 -9.330361412363092910e-01 1.661297790928905130e-02 1.288913414830067383e-01 2.577826829660134766e-01
3.827655310621242979e-01 -7.297417303910838093e-01 1.656780611638713346e-02 1.287159901348202129e-01 2.574319802696404258e-01
3.947895791583166947e-01 -2.368066686537326215e-01 1.647680383678366833e-02 1.283620030880776863e-01 2.567240061761553727e-01
4.068136272545090915e-01 3.753317196415950074e-01 1.648391038443381557e-02 1.283896817677877833e-01 2.567793635355755666e-01
4.188376753507014882e-01 8.305762737480743008e-01 1.653100273090605740e-02 1.285729471191590090e-01 2.571458942383180180e-01
4.308617234468936630e-01 1.003756565349206431e+00 1.649230921815341561e-02 1.284223859697109782e-01 2.568447719394219564e-01
4.428857715430860598e-01 9.967896796173719709e-01 1.650352308860724565e-02 1.284660386585001202e-01 2.569320773170002403e-01
4.549098196392784565e-01 9.710728575565575893e-01 1.650348741918994389e-02 1.284658998302271038e-01 2.569317996604542076e-01
4.669338677354708533e-01 9.468562456627774848e-01 1.656572049362059831e-02 1.287078882338631158e-01 2.574157764677262317e-01
4.789579158316632501e-01 7.946224218832362851e-01 1.655497808982777860e-02 1.286661497435427903e-01 2.573322994870855807e-01
4.909819639278556469e-01 4.120161807681187449e-01 1.665317967229538315e-02 1.290471993973343889e-01 2.580943987946687779e-01
5.030060120240480437e-01 -1.230216151847173811e-01 1.653074927548502798e-02 1.285719614670517152e-01 2.571439229341034305e-01
5.150300601202404405e-01 -5.960768873322620509e-01 1.669763944579541817e-02 1.292193462520044578e-01 2.584386925040089156e-01
5.270541082164328373e-01 -8.485253095351972252e-01 1.647431699662601709e-02 1.283523158989584301e-01 2.567046317979168601e-01
5.390781563126252340e-01 -9.062462773092604396e-01 1.665276253572982312e-02 1.290455831701721734e-01 2.580911663403443468e-01
5.511022044088176308e-01 -9.048837228536599220e-01 1.664068015955376401e-02 1.289987603023911300e-01 2.579975206047822600e-01
5.631262525050100276e-01 -9.036830825585417948e-01 1.658735941738732553e-02 1.287919229508874275e-01 2.575838459017748550e-01
5.751503006012024244e-01 -8.117177023228737687e-01 1.652346189072998947e-02 1.285436186309145135e-01 2.570872372618290269e-01
5.871743486973948212e-01 -5.147905537977213175e-01 1.644338045188440886e-02 1.282317451019224230e-01 2.564634902038448461e-01
5.991983967935872180e-01 -4.261882551769469868e-02 1.644130231853898477e-02 1.282236418081275087e-01 2.564472836162550173e-01
6.112224448897796147e-01 4.295917252126306707e-01 1.651211808799941255e-02 1.284994867227080007e-01 2.569989734454160013e-01
6.232464929859720115e-01 7.385358788641309680e-01 1.654535906942345216e-02 1.286287645490830911e-01 2.572575290981661822e-01
6.352705410821644083e-01 8.594189699815559802e-01 1.668369704462820124e-02 1.291653864029686516e-01 2.583307728059373032e-01
6.472945891783568051e-01 8.771423461915216491e-01 1.680666273454457099e-02 1.296405134768625067e-01 2.592810269537250134e-01
6.593186372745489798e-01 8.627098233827192875e-01 1.672844104180297789e-02 1.293384747157742543e-01 2.586769494315485085e-01
6.713426853707413766e-01 7.913454009555737079e-01 1.674187336363707618e-02 1.293903913110903137e-01 2.587807826221806273e-01
6.833667334669337734e-01 5.723619652757988563e-01 1.701492205741651428e-02 1.304412590303256625e-01 2.608825180606513250e-01
6.953907815631261702e-01 1.570078425555884449e-01 1.732220054730701161e-02 1.316138311398426242e-01 2.632276622796852483e-01
7.074148296593185670e-01 -3.731708794754332592e-01 2.141829828826588220e-02 1.463499172813769733e-01 2.926998345627539466e-01
7.194388777555109638e-01 -8.261465272365424717e-01 2.612889872729655394e-02 1.616443587858746034e-01 3.232887175717492068e-01
7.314629258517033605e-01 -1.027443862017767273e+00 2.599719300170756642e-02 1.612364505988257146e-01 3.224729011976514292e-01
7.434869739478957573e-01 -9.483768705601439697e-01 2.613611164282601818e-02 1.616666683111457614e-01 3.233333366222915228e-01
7.555110220440881541e-01 -7.138391481649898340e-01 2.584042110550137383e-02 1.607495602031351611e-01 3.214991204062703223e-01
7.675350701402805509e-01 -4.811285223714331094e-01 2.715748434904689118e-02 1.647952801176262305e-01 3.295905602352524610e-01
7.795591182364729477e-01 -3.050090550524854338e-01 2.803086687434552804e-02 1.674242123300734852e-01 3.348484246601469705e-01
7.915831663326653445e-01 -1.192798301419132068e-01 2.240097900244590254e-02 1.496695660528415683e-01 2.993391321056831367e-01
8.036072144288577412e-01 1.486851852162623111e-01 1.818023400218217456e-02 1.348340980693762681e-01 2.696681961387525361e-01
8.156312625250501380e-01 4.624485716813294678e-01 1.754520916660126315e-02 1.324583299253061786e-01 2.649166598506123571e-01
8.276553106212425348e-01 7.028446145766871211e-01 1.695142807475751717e-02 1.301976500354653787e-01 2.603953000709307575e-01
8.396793587174349316e-01 8.018605547615920148e-01 1.659215585135673590e-02 1.288105424697712220e-01 2.576210849395424440e-01
8.517034068136273284e-01 8.025344042846908055e-01 1.661452875217191150e-02 1.288973574289710156e-01 2.577947148579420311e-01
8.637274549098197252e-01 7.648281615766019392e-01 1.681864709187781345e-02 1.296867267374645916e-01 2.593734534749291831e-01
8.757515030060118999e-01 6.584693235296888991e-01 1.674969314978774076e-02 1.294206055842258007e-01 2.588412111684516015e-01
8.877755511022042967e-01 4.044731011625706252e-01 1.673246472561498027e-02 1.293540286408389473e-01 2.587080572816778945e-01
8.997995991983966935e-01 1.190867626305098896e-02 1.665521160524026031e-02 1.290550719857234407e-01 2.581101439714468815e-01
9.118236472945890903e-01 -3.843710755253728628e-01 1.661696380633622544e-02 1.289068027930885540e-01 2.578136055861771081e-01
9.238476953907814870e-01 -6.463139161225586182e-01 1.665062329783655731e-02 1.290372942130939005e-01 2.580745884261878009e-01
9.358717434869738838e-01 -7.589391608206451645e-01 1.671330830112611326e-02 1.292799609418494311e-01 2.585599218836988622e-01
9.478957915831662806e-01 -7.977962997428275083e-01 1.671009200894848362e-02 1.292675210907538175e-01 2.585350421815076349e-01
9.599198396793586774e-01 -7.911647221948657771e-01 1.673395248152755727e-02 1.293597792264951085e-01 2.587195584529902170e-01
9.719438877755510742e-01 -6.797152936636725595e-01 1.680238887801469017e-02 1.296240289375958643e-01 2.592480578751917286e-01
9.839679358717434710e-01 -4.401605030984502842e-01 1.696424195732348233e-02 1.302468500859943479e-01 2.604937001719886958e-01
9.959919839679358677e-01 -1.952055167451763884e-01 1.782156474616160974e-02 1.334974334815527686e-01 2.669948669631055371e-01
1.008016032064128265e+00 -1.372148376472073494e-01 3.011186544983352614e-02 1.735277080175771924e-01 3.470554160351543849e-01
1.020040080160320439e+00 -3.458188849155530153e-01 6.559676213122259125e-02 2.561186485424725712e-01 5.122372970849451423e-01
1.032064128256513058e+00 -7.131497413460445856e-01 1.112319344829269113e-01 3.335145191486075245e-01 6.670290382972150489e-01
1.044088176352705233e+00 -1.041380970984150389e+00 1.487053474804609920e-01 3.856233233097565161e-01 7.712466466195130321e-01
1.056112224448897852e+00 -1.188797480940891216e+00 1.825800877866981808e-01 4.272939126487740880e-01 8.545878252975481759e-01
1.068136272545090026e+00 -1.135764936340187381e+00 2.279932723382349646e-01 4.774864106320042545e-01 9.549728212640085090e-01
1.080160320641282645e+00 -9.531794295947653151e-01 2.794854685132060479e-01 5.286638520962124721e-01 1.057327704192424944e+00
1.092184368737474820e+00 -7.322694249488214124e-01 3.200716191216533835e-01 5.657487243659090614e-01 1.131497448731818123e+00
1.104208416833667439e+00 -5.349882240890458940e-01 3.502837106316560867e-01 5.918477089857289153e-01 1.183695417971457831e+00
1.116232464929859614e+00 -3.835226962427200070e-01 3.718309180433329031e-01 6.097794011307146045e-01 1.219558802261429209e+00
1.128256513026052232e+00 -2.736705412268676252e-01 3.782626908228013396e-01 6.150306421819984326e-01 1.230061284363996865e+00
1.140280561122244407e+00 -1.927861194113182630e-01 3.776891905600037180e-01 6.145642281812403462e-01 1.229128456362480692e+00
1.152304609218437026e+00 -1.314608117926792663e-01 3.783198244703916968e-01 6.150770882339804402e-01 1.230154176467960880e+00
1.164328657314629201e+00 -8.570136863531338522e-02 3.778771430831849854e-01 6.147171244427676040e-01 1.229434248885535208e+00
1.176352705410821819e+00 -5.473581803744398400e-02 3.818228801260180050e-01 6.179181823882656799e-01 1.235836364776531360e+00
1.188376753507013994e+00 -3.863503637265638946e-02 3.904552963863173187e-01 6.248642223606000190e-01 1.249728444721200038e+00
1.200400801603206169e+00 -3.442512844273158679e-02 3.941620893046110519e-01 6.278232946495463374e-01 1.255646589299092675e+00
1.212424849699398788e+00 -3.451700537404439606e-02 3.997523007313565357e-01 6.322596782425371487e-01 1.264519356485074297e+00
1.224448897795590963e+00 -3.140764784352757799e-02 4.170195481435018392e-01 6.457705073348439795e-01 1.291541014669687959e+00
1.236472945891783581e+00 -2.224346463421983389e-02 4.312978475808036949e-01 6.567327063431542822e-01 1.313465412686308564e+00
1.248496993987975756e+00 -8.476967083701995170e-03 4.281339335253199763e-01 6.543194430286478624e-01 1.308638886057295725e+00
1.260521042084168375e+00 5.251825071096285005e-03 4.163500070608709414e-01 6.452518942714317030e-01 1.290503788542863406e+00
1.272545090180360550e+00 1.212249470904892823e-02 4.116867857060826363e-01 6.416282301349299777e-01 1.283256460269859955e+00
1.284569138276553169e+00 8.521297876599375279e-03 4.172546963144385113e-01 6.459525495842852738e-01 1.291905099168570548e+00
1.296593186372745343e+00 -2.468764612891768723e-04 4.232034811061125001e-01 6.505409142445327531e-01 1.301081828489065506e+00
1.308617234468937962e+00 -4.703453397943392449e-03 4.202058859085162079e-01 6.482328948059611351e-01 1.296465789611922270e+00
1.320641282565130137e+00 -2.170466985632489489e-03 4.077202906326191645e-01 6.385297883674803110e-01 1.277059576734960622e+00
1.332665330661322756e+00 1.737810907520512520e-03 3.932499289004628973e-01 6.270964271150513136e-01 1.254192854230102627e+00
1.344689378757514930e+00 1.252567356267504000e-03 3.874477779937723354e-01 6.224530327613260194e-01 1.244906065522652039e+00
1.356713426853707549e+00 -3.928825274964443080e-03 3.874391091579077462e-01 6.224460692766142778e-01 1.244892138553228556e+00
1.368737474949899724e+00 -9.512340487604950545e-03 3.805048981644612582e-01 6.168507908436701159e-01 1.233701581687340232e+00
1.380761523046092343e+00 -1.147160179888183883e-02 3.721202469255944778e-01 6.100165956149016244e-01 1.220033191229803249e+00
1.392785571142284518e+00 -1.134992747275972817e-02 3.730822374170110201e-01 6.108045820203144016e-01 1.221609164040628803e+00
1.404809619238477136e+00 -1.515094351806929932e-02 3.775267718393121030e-01 6.144320725998213550e-01 1.228864145199642710e+00
1.416833667334669311e+00 -2.508784273201072543e-02 3.755396702710657175e-01 6.128129162077654568e-01 1.225625832415530914e+00
1.428857715430861486e+00 -3.502770495324076389e-02 3.736613565102294143e-01 6.112784606954749789e-01 1.222556921390949958e+00
1.440881763527054105e+00 -3.560062579724431603e-02 3.810859062124761776e-01 6.173215581951404518e-01 1.234643116390280904e+00
1.452905811623246279e+00 -2.318095033357498239e-02 3.890082409794399787e-01 6.237052516849925787e-01 1.247410503369985157e+00
1.464929859719438898e+00 -4.884395756564126161e-03 3.895176231284599444e-01 6.241134697540663412e-01 1.248226939508132682e+00
1.476953907815631073e+00 6.379602052787298680e-03 3.890337304794053153e-01 6.237256852811220442e-01 1.247451370562244088e+00
1.488977955911823692e+00 4.117175180320467587e-03 3.917611760373239660e-01 6.259082808505763706e-01 1.251816561701152741e+00
1.501002004008015867e+00 -6.077073857425715174e-03 3.944398290541258345e-01 6.280444483108865716e-01 1.256088896621773143e+00
1.513026052104208485e+00 -1.364666600844820742e-02 3.929730075993755345e-01 6.268755918038088071e-01 1.253751183607617614e+00
1.525050100200400660e+00 -1.317970909844485942e-02 3.902337647836878198e-01 6.246869334184026457e-01 1.249373866836805291e+00
1.537074148296593279e+00 -7.941813363629210767e-03 3.919200204688274569e-01 6.260351591315198583e-01 1.252070318263039717e+00
1.549098196392785454e+00 -5.907459933901173729e-03 3.942878446863295472e-01 6.279234385546772490e-01 1.255846877109354498e+00
1.561122244488978072e+00 -1.169989017851236039e-02 3.871246441542041117e-01 6.221934137824058908e-01 1.244386827564811782e+00
1.573146292585170247e+00 -2.200120597174920478e-02 3.751800656967353986e-01 6.125194410765550934e-01 1.225038882153110187e+00
1.585170340681362866e+00 -2.979390320374770626e-02 3.725401421519540235e-01 6.103606656329960689e-01 1.220721331265992138e+00
1.597194388777555041e+00 -3.139918900601156720e-02 3.750732394572066086e-01 6.124322325426762026e-01 1.224864465085352405e+00
1.609218436873747660e+00 -2.802698005954427918e-02 3.782228725670869207e-01 6.149982703773132497e-01 1.229996540754626499e+00
1.621242484969939834e+00 -2.344339617433470815e-02 3.938280227832770541e-01 6.275571868629001848e-01 1.255114373725800370e+00
1.633266533066132453e+00 -2.206516995180837770e-02 4.140120577023667647e-01 6.434376875054543810e-01 1.286875375010908762e+00
1.645290581162324628e+00 -2.656459656241036069e-02 4.148098331776984282e-01 6.440573213446908474e-01 1.288114642689381695e+00
1.657314629258516803e+00 -3.544299138665995413e-02 4.016155771134378716e-01 6.337314708245423978e-01 1.267462941649084796e+00
1.669338677354709422e+00 -4.353106722063332379e-02 3.923935466480275580e-01 6.264132395216656102e-01 1.252826479043331220e+00
1.681362725450901596e+00 -4.524817624393191046e-02 3.868490196824111993e-01 6.219718801380100803e-01 1.243943760276020161e+00
1.693386773547094215e+00 -3.891803415353409928e-02 3.839862698375640093e-01 6.196662568169772900e-01 1.239332513633954580e+00
1.705410821643286390e+00 -2.847765033385081870e-02 3.835719104509892619e-01 6.193318258017984634e-01 1.238663651603596927e+00
1.717434869739479009e+00 -1.924454265782853807e-02 3.846437310615068439e-01 6.201965261604638346e-01 1.240393052320927669e+00
1.729458917835671183e+00 -1.271321677313859248e-02 3.890104351831080720e-01 6.237070106894005983e-01 1.247414021378801197e+00
1.741482965931863802e+00 -7.057237547407935012e-03 3.906631844130355469e-01 6.250305467839436524e-01 1.250061093567887305e+00
1.753507014028055977e+00 -8.960223438966847913e-04 3.902958016562091403e-01 6.247365858153411944e-01 1.249473171630682389e+00
1.765531062124248596e+00 5.330046954050988127e-03 3.983663475460247350e-01 6.311626949891958605e-01 1.262325389978391721e+00
1.777555110220440771e+00 1.035250764583861213e-02 4.065662239729748717e-01 6.376254574379656148e-01 1.275250914875931230e+00
1.789579158316633389e+00 1.270754457422872997e-02 3.973885930230157126e-01 6.303876529747515223e-01 1.260775305949503045e+00
1.801603206412825564e+00 1.126128097871968714e-02 3.819976110459298857e-01 6.180595529930185128e-01 1.236119105986037026e+00
1.813627254509018183e+00 6.603572565099640086e-03 3.796364140548532662e-01 6.161464225773394254e-01 1.232292845154678851e+00
1.825651302605210358e+00 1.394551781929778038e-03 3.887446067743682843e-01 6.234938706790695839e-01 1.246987741358139168e+00
1.837675350701402976e+00 -1.207496382515027642e-03 4.045726611435400688e-01 6.360602653393309103e-01 1.272120530678661821e+00
1.849699398797595151e+00 8.069898477476407849e-04 4.188369922700669878e-01 6.471761678786286387e-01 1.294352335757257277e+00
1.861723446893787326e+00 6.992271447206105904e-03 4.220399714762040899e-01 6.496460355271970188e-01 1.299292071054394038e+00
1.873747494989979945e+00 1.435480052748094523e-02 4.156401988043030848e-01 6.447016354906377478e-01 1.289403270981275496e+00
1.885771543086172120e+00 1.919333628621850210e-02 4.036671503931422711e-01 6.353480545284940773e-01 1.270696109056988155e+00
1.897795591182364738e+00 1.843408262191293182e-02 3.973569926872810298e-01 6.303625882674835923e-01 1.260725176534967185e+00
1.909819639278556913e+00 1.113420339908909387e-02 4.082929577751396866e-01 6.389780573502815697e-01 1.277956114700563139e+00
1.921843687374749532e+00 1.309124188662829551e-03 4.206206646595408438e-01 6.485527462431570633e-01 1.297105492486314127e+00
1.933867735470941707e+00 -3.204757384174361512e-03 4.132453663566750812e-01 6.428416339633542531e-01 1.285683267926708506e+00
1.945891783567134325e+00 2.395849414658640566e-03 3.933001336740249432e-01 6.271364553859271052e-01 1.254272910771854210e+00
1.957915831663326500e+00 1.509686746545759774e-02 3.829781785444471565e-01 6.188523075374665616e-01 1.237704615074933123e+00
1.969939879759519119e+00 2.744574639308321531e-02 3.850932656587889302e-01 6.205588333581183447e-01 1.241117666716236689e+00
1.981963927855711294e+00 3.466802272855356443e-02 3.906276356167454611e-01 6.250021084898398360e-01 1.250004216979679672e+00
1.993987975951903913e+00 3.694562158482960629e-02 3.940403521317238922e-01 6.277263353816883162e-01 1.255452670763376632e+00
