# X mu var std 2std
-1.000000000000000000e+00 -1.304704478469593740e-02 5.062835207611794397e-01 7.115360291377939017e-01 1.423072058275587803e+00
-9.879759519038076032e-01 -1.129642476478668299e-02 4.986470613851620159e-01 7.061494610811240857e-01 1.412298922162248171e+00
-9.759519038076152064e-01 -1.076320665839333550e-02 4.916490825362507811e-01 7.011769266998528760e-01 1.402353853399705752e+00
-9.639278557114228096e-01 -1.011342240288889797e-02 4.880086074711612043e-01 6.985761286153150396e-01 1.397152257230630079e+00
-9.519038076152304129e-01 -8.484058005457258828e-03 4.896852178218554230e-01 6.997751194647144901e-01 1.399550238929428980e+00
-9.398797595190381271e-01 -5.818339649821807104e-03 4.959375591094280500e-01 7.042283430176806691e-01 1.408456686035361338e+00
-9.278557114228457303e-01 -2.836518841184751741e-03 5.037871229893509106e-01 7.097796298777183654e-01 1.419559259755436731e+00
-9.158316633266533335e-01 -7.001584381567417786e-04 5.101382039453954409e-01 7.142395984159625177e-01 1.428479196831925035e+00
-9.038076152304609368e-01 -5.431653312561843423e-04 5.132601921933098721e-01 7.164217976815822064e-01 1.432843595363164413e+00
-8.917835671342685400e-01 -3.076898448125134442e-03 5.127301689268155549e-01 7.160517920701096051e-01 1.432103584140219210e+00
-8.797595190380761432e-01 -8.398965216197061545e-03 5.089592935343281166e-01 7.134138304899394489e-01 1.426827660979878898e+00
-8.677354709418837464e-01 -1.599599412998300649e-02 5.032471847045169033e-01 7.093991716266074832e-01 1.418798343253214966e+00
-8.557114228456913496e-01 -2.484727894182601690e-02 4.977585166012741813e-01 7.055200327427096907e-01 1.411040065485419381e+00
-8.436873747494990639e-01 -3.357308892172304604e-02 4.947484293992328030e-01 7.033835578112647147e-01 1.406767115622529429e+00
-8.316633266533066671e-01 -4.065344193688273655e-02 4.955420510765978226e-01 7.039474774985686745e-01 1.407894954997137349e+00
-8.196392785571142703e-01 -4.474241076920094928e-02 4.999273188280152769e-01 7.070553859691723897e-01 1.414110771938344779e+00
-8.076152304609218735e-01 -4.500002585593147753e-02 5.060313421303802572e-01 7.113587998544618207e-01 1.422717599708923641e+00
-7.955911823647294767e-01 -4.127939767015012529e-02 5.108552436880714476e-01 7.147413823811179512e-01 1.429482764762235902e+00
-7.835671342685370799e-01 -3.406173883871666669e-02 5.117675024748264967e-01 7.153792717676592527e-01 1.430758543535318505e+00
-7.715430861723446831e-01 -2.420420563566507213e-02 5.085058945829831201e-01 7.130959925444702030e-01 1.426191985088940406e+00
-7.595190380761522864e-01 -1.270299268948443631e-02 5.042539433059189946e-01 7.101084025033916891e-01 1.420216805006783378e+00
-7.474949899799598896e-01 -6.417472388478898376e-04 5.042224007531235230e-01 7.100861924816758153e-01 1.420172384963351631e+00
-7.354709418837674928e-01 1.069935300930135481e-02 5.119222598972531513e-01 7.154874281895197141e-01 1.430974856379039428e+00
-7.234468937875750960e-01 1.979470945545193025e-02 5.260754428134639671e-01 7.253105836905070491e-01 1.450621167381014098e+00
-7.114228456913826992e-01 2.511733031622274612e-02 5.411464301080186612e-01 7.356265561465400449e-01 1.471253112293080090e+00
-6.993987975951903024e-01 2.568788248049728995e-02 5.508957122558867381e-01 7.422234921207269132e-01 1.484446984241453826e+00
-6.873747494989980167e-01 2.164941268377419334e-02 5.518403582377716665e-01 7.428595817769140242e-01 1.485719163553828048e+00
-6.753507014028056199e-01 1.447438484189524262e-02 5.447300849375965592e-01 7.380583208240366622e-01 1.476116641648073324e+00
-6.633266533066132231e-01 6.590562779368989814e-03 5.339543513302489330e-01 7.307218015977413605e-01 1.461443603195482721e+00
-6.513026052104208263e-01 5.611381787533293924e-04 5.250927981868921401e-01 7.246328713127028198e-01 1.449265742625405640e+00
-6.392785571142285406e-01 -1.783714075815094700e-03 5.215146969200659122e-01 7.221597447380087020e-01 1.444319489476017404e+00
-6.272545090180361438e-01 1.382508214135689173e-04 5.223706833574495167e-01 7.227521590126517737e-01 1.445504318025303547e+00
-6.152304609218437470e-01 5.680153402219148898e-03 5.238745369321226031e-01 7.237917773311068892e-01 1.447583554662213778e+00
-6.032064128256513502e-01 1.341647487442185205e-02 5.227971818826028239e-01 7.230471505251941933e-01 1.446094301050388387e+00
-5.911823647294589534e-01 2.174465727778859131e-02 5.188111444817782303e-01 7.202854604125910054e-01 1.440570920825182011e+00
-5.791583166332665567e-01 2.934829868943804668e-02 5.137259584346165475e-01 7.167467882276253865e-01 1.433493576455250773e+00
-5.671342685370741599e-01 3.536209374275784550e-02 5.091473560156014599e-01 7.135456229391372585e-01 1.427091245878274517e+00
-5.551102204408817631e-01 3.926036714493429808e-02 5.052537015501110673e-01 7.108120015518245571e-01 1.421624003103649114e+00
-5.430861723446893663e-01 4.063264901178192945e-02 5.013024833879298203e-01 7.080271770122456010e-01 1.416054354024491202e+00
-5.310621242484969695e-01 3.904912301433805660e-02 4.967525316787152478e-01 7.048067335651067022e-01 1.409613467130213404e+00
-5.190380761523045727e-01 3.414088296809823786e-02 4.922917552748624637e-01 7.016350584704718063e-01 1.403270116940943613e+00
-5.070140280561121759e-01 2.586503824462796364e-02 4.903728847032559068e-01 7.002662955642345866e-01 1.400532591128469173e+00
-4.949899799599198902e-01 1.478115895199997275e-02 4.943173387724598133e-01 7.030770503810089833e-01 1.406154100762017967e+00
-4.829659318637274934e-01 2.129087561882124155e-03 5.059078285471042546e-01 7.112719793068642549e-01 1.422543958613728510e+00
-4.709418837675350966e-01 -1.039403835990850532e-02 5.235201916490652696e-01 7.235469519312932585e-01 1.447093903862586517e+00
-4.589178356713426998e-01 -2.107808054727612276e-02 5.428737445100813019e-01 7.367996637554072858e-01 1.473599327510814572e+00
-4.468937875751503030e-01 -2.866271759437760344e-02 5.597359220031317140e-01 7.481550120149779159e-01 1.496310024029955832e+00
-4.348697394789579063e-01 -3.263108213301206539e-02 5.719309922957593884e-01 7.562611931705601753e-01 1.512522386341120351e+00
-4.228456913827655095e-01 -3.326266536166488930e-02 5.791688869723866651e-01 7.610314625377762043e-01 1.522062925075552409e+00
-4.108216432865731127e-01 -3.148552803358455054e-02 5.817852985331944948e-01 7.627485159167433082e-01 1.525497031833486616e+00
-3.987975951903807159e-01 -2.860994942439536864e-02 5.802889659801038214e-01 7.617670024227249925e-01 1.523534004845449985e+00
-3.867735470941884302e-01 -2.601206945031844450e-02 5.758061879116145310e-01 7.588189427733169623e-01 1.517637885546633925e+00
-3.747494989979960334e-01 -2.481698512523328182e-02 5.697625461796137492e-01 7.548261695116391667e-01 1.509652339023278333e+00
-3.627254509018036366e-01 -2.563098372526357444e-02 5.623638146951329686e-01 7.499092043008492858e-01 1.499818408601698572e+00
-3.507014028056112398e-01 -2.838446453664250635e-02 5.519837074877277372e-01 7.429560602671787528e-01 1.485912120534357506e+00
-3.386773547094188430e-01 -3.234622708462214780e-02 5.371063357732975829e-01 7.328753889804852095e-01 1.465750777960970419e+00
-3.266533066132264462e-01 -3.633265629573645406e-02 5.191502175100951577e-01 7.205207960288829705e-01 1.441041592057765941e+00
-3.146292585170340494e-01 -3.905996147314675510e-02 5.030101895259559974e-01 7.092321125879424981e-01 1.418464225175884996e+00
-3.026052104208416527e-01 -3.951278879331597549e-02 4.944726217374406652e-01 7.031874726823854616e-01 1.406374945364770923e+00
-2.905811623246492559e-01 -3.719043865201673155e-02 4.967730332131019000e-01 7.048212774974248473e-01 1.409642554994849695e+00
-2.785571142284569701e-01 -3.216604167878324427e-02 5.090751553799111040e-01 7.134950282797428711e-01 1.426990056559485742e+00
-2.665330661322645733e-01 -2.499945614059960117e-02 5.274821610744360179e-01 7.262796713900478984e-01 1.452559342780095797e+00
-2.545090180360721765e-01 -1.659508348229387503e-02 5.470766576645725854e-01 7.396463057871461855e-01 1.479292611574292371e+00
-2.424849699398797798e-01 -8.060094698764282833e-03 5.635242024094497815e-01 7.506824910769197556e-01 1.501364982153839511e+00
-2.304609218436873830e-01 -5.478156995195262871e-04 5.740080339281733446e-01 7.576331790043077108e-01 1.515266358008615422e+00
-2.184368737474949862e-01 4.952910519894894968e-03 5.776785507824451216e-01 7.600516763894710204e-01 1.520103352778942041e+00
-2.064128256513025894e-01 7.862046632479349415e-03 5.753612255118731866e-01 7.585256920578716811e-01 1.517051384115743362e+00
-1.943887775551101926e-01 8.168728467571681126e-03 5.683924355401047679e-01 7.539180562502165728e-01 1.507836112500433146e+00
-1.823647294589177958e-01 6.358699315654135417e-03 5.575287984286222409e-01 7.466785107585608428e-01 1.493357021517121686e+00
-1.703406813627255101e-01 3.066972834073880983e-03 5.432750141231074137e-01 7.370719192338746062e-01 1.474143838467749212e+00
-1.583166332665331133e-01 -1.390029228921048007e-03 5.273170505989395185e-01 7.261659938326356922e-01 1.452331987665271384e+00
-1.462925851703407165e-01 -7.318346051961728202e-03 5.128248866823851282e-01 7.161179279157764421e-01 1.432235855831552884e+00
-1.342685370741483197e-01 -1.555707641819967756e-02 5.021871406920277447e-01 7.086516356377283721e-01 1.417303271275456744e+00
-1.222444889779559229e-01 -2.697706104657171880e-02 4.936567334720132760e-01 7.026070975104174998e-01 1.405214195020835000e+00
-1.102204408817635262e-01 -4.177199912744991583e-02 4.798939741339545151e-01 6.927438012237673304e-01 1.385487602447534661e+00
-9.819639278557112938e-02 -5.886266713564374670e-02 4.501422040843445771e-01 6.709263775440227340e-01 1.341852755088045468e+00
-8.617234468937873260e-02 -7.572081234053686105e-02 3.956141277615489726e-01 6.289786385574226424e-01 1.257957277114845285e+00
-7.414829659318633581e-02 -8.879986553898623625e-02 3.158389746502565654e-01 5.619955290304866624e-01 1.123991058060973325e+00
-6.212424849699405005e-02 -9.454929848694595962e-02 2.219370734907354648e-01 4.711019778038885164e-01 9.422039556077770328e-01
-5.010020040080165327e-02 -9.071002438066064211e-02 1.328704610316526480e-01 3.645140066330135320e-01 7.290280132660270640e-01
-3.807615230460925648e-02 -7.733505302992722819e-02 6.554734123971407700e-02 2.560221499005780887e-01 5.120442998011561775e-01
-2.605210420841685970e-02 -5.693198602862334368e-02 2.602925293050742037e-02 1.613358389525012537e-01 3.226716779050025075e-01
-1.402805611222446291e-02 -3.343619650866498649e-02 8.879634274227991841e-03 9.423181137083162795e-02 1.884636227416632559e-01
-2.004008016032066131e-03 -1.034871309786872424e-02 3.887203311798721923e-03 6.234744029869006277e-02 1.246948805973801255e-01
1.002004008016021963e-02 1.102442196534809092e-02 3.105729895668278041e-03 5.572907585514295936e-02 1.114581517102859187e-01
2.204408817635261641e-02 3.218351378488675668e-02 3.062119423951132745e-03 5.533642041143547324e-02 1.106728408228709465e-01
3.406813627254501320e-02 5.646231808275010283e-02 3.041460268448550885e-03 5.514943579447165178e-02 1.102988715889433036e-01
4.609218436873740998e-02 8.706628510677506816e-02 3.033465517519563608e-03 5.507690548242124423e-02 1.101538109648424885e-01
5.811623246492980677e-02 1.254331038433311174e-01 3.023694777225719062e-03 5.498813305819464509e-02 1.099762661163892902e-01
7.014028056112220355e-02 1.710177789729064868e-01 3.019649325575207103e-03 5.495133597625454641e-02 1.099026719525090928e-01
8.216432865731460033e-02 2.225389154381113566e-01 3.041243887190181461e-03 5.514747398739294759e-02 1.102949479747858952e-01
9.418837675350699712e-02 2.795836570005461597e-01 3.064384878000957387e-03 5.535688645508304861e-02 1.107137729101660972e-01
1.062124248496993939e-01 3.431649262169948478e-01 3.061070403941921082e-03 5.532694103185102630e-02 1.106538820637020526e-01
1.182364729458917907e-01 4.146441319542988335e-01 3.043664821380088689e-03 5.516941925904321475e-02 1.103388385180864295e-01
1.302605210420841875e-01 4.937699870833660576e-01 3.035833738886782856e-03 5.509840051114717197e-02 1.101968010222943439e-01
1.422845691382765843e-01 5.773889132804834734e-01 3.037747275901597505e-03 5.511576249950278505e-02 1.102315249990055701e-01
1.543086172344689810e-01 6.599770227722183691e-01 3.036425691495207597e-03 5.510377202601658003e-02 1.102075440520331601e-01
1.663326653306613778e-01 7.357730338432790784e-01 3.030418002452008649e-03 5.504923253281564927e-02 1.100984650656312985e-01
1.783567134268537746e-01 8.009815013020465946e-01 3.028063218030724660e-03 5.502784039039443353e-02 1.100556807807888671e-01
1.903807615230461714e-01 8.543201507060188549e-01 3.027889159980775777e-03 5.502625882231842319e-02 1.100525176446368464e-01
2.024048096192385682e-01 8.953614435573874486e-01 3.021818110519262912e-03 5.497106612136300197e-02 1.099421322427260039e-01
2.144288577154307429e-01 9.218512013189102960e-01 3.012706859292857333e-03 5.488813040442220431e-02 1.097762608088444086e-01
2.264529058116231397e-01 9.281383671932070811e-01 3.009160337773364273e-03 5.485581407447494978e-02 1.097116281489498996e-01
2.384769539078155365e-01 9.061945505774741116e-01 3.012859524198448213e-03 5.488952107823904386e-02 1.097790421564780877e-01
2.505010020040079333e-01 8.488444633731742073e-01 3.019421512159539602e-03 5.494926307203345378e-02 1.098985261440669076e-01
2.625250501002003300e-01 7.531681333113119381e-01 3.023604609471112082e-03 5.498731316832194266e-02 1.099746263366438853e-01
2.745490981963927268e-01 6.218782166884234686e-01 3.027193191939097500e-03 5.501993449595425634e-02 1.100398689919085127e-01
2.865731462925851236e-01 4.619656891687773381e-01 3.034842175015684072e-03 5.508940165781149589e-02 1.101788033156229918e-01
2.985971943887775204e-01 2.818868710557901336e-01 3.043184666025520752e-03 5.516506744331525769e-02 1.103301348866305154e-01
3.106212424849699172e-01 8.950362331672938321e-02 3.063305125574968500e-03 5.534713294810281875e-02 1.106942658962056375e-01
3.226452905811623140e-01 -1.077983577320825864e-01 3.098753320897902966e-03 5.566644699365950327e-02 1.113328939873190065e-01
3.346693386773547108e-01 -3.012338497683785254e-01 3.091093039397814057e-03 5.559759922332810356e-02 1.111951984466562071e-01
3.466933867735471075e-01 -4.788761775478014293e-01 3.453741905017501668e-03 5.876854520079173583e-02 1.175370904015834717e-01
3.587174348697395043e-01 -6.259670465071417444e-01 6.806046833843478264e-03 8.249876868077170300e-02 1.649975373615434060e-01
3.707414829659319011e-01 -7.278325440064009610e-01 1.971437137085086874e-02 1.404078750314627921e-01 2.808157500629255843e-01
3.827655310621242979e-01 -7.742246306494942054e-01 5.144076348976750479e-02 2.268055631808168493e-01 4.536111263616336986e-01
3.947895791583166947e-01 -7.629564723174269147e-01 1.084299839745832966e-01 3.292870844333000702e-01 6.585741688666001403e-01
4.068136272545090915e-01 -7.010405186771876407e-01 1.880927185323600648e-01 4.336965742686470504e-01 8.673931485372941008e-01
4.188376753507014882e-01 -6.028285687286570882e-01 2.776546019206131422e-01 5.269294088591118808e-01 1.053858817718223762e+00
4.308617234468936630e-01 -4.860728939447419017e-01 3.599348724816829326e-01 5.999457246132211541e-01 1.199891449226442308e+00
4.428857715430860598e-01 -3.676299628779817752e-01 4.219583710601388926e-01 6.495832287398889404e-01 1.299166457479777881e+00
4.549098196392784565e-01 -2.604032491252447623e-01 4.604025264572213505e-01 6.785296798646477390e-01 1.357059359729295478e+00
4.669338677354708533e-01 -1.722795530134353936e-01 4.809750546071466237e-01 6.935236510798652443e-01 1.387047302159730489e+00
4.789579158316632501e-01 -1.068025660930456699e-01 4.933108918397383080e-01 7.023609412828552001e-01 1.404721882565710400e+00
4.909819639278556469e-01 -6.469369253806953046e-02 5.052233466805583495e-01 7.107906489822150009e-01 1.421581297964430002e+00
5.030060120240480437e-01 -4.528809675775574001e-02 5.191742547801038166e-01 7.205374763189655862e-01 1.441074952637931172e+00
5.150300601202404405e-01 -4.731644828403571562e-02 5.315533954140075901e-01 7.290770846858427578e-01 1.458154169371685516e+00
5.270541082164328373e-01 -6.887718046651694626e-02 5.341819747148014441e-01 7.308775374266207603e-01 1.461755074853241521e+00
5.390781563126252340e-01 -1.067141948509582189e-01 5.175388694254722255e-01 7.194017441078887076e-01 1.438803488215777415e+00
5.511022044088176308e-01 -1.550945282980499274e-01 4.749858045022490316e-01 6.891921390310897788e-01 1.378384278062179558e+00
5.631262525050100276e-01 -2.047929119782116447e-01 4.063004936012306612e-01 6.374170484080502463e-01 1.274834096816100493e+00
5.751503006012024244e-01 -2.429049104184317909e-01 3.186605948554598888e-01 5.645003054520518759e-01 1.129000610904103752e+00
5.871743486973948212e-01 -2.542269203785288978e-01 2.247173539458133529e-01 4.740436202986106351e-01 9.480872405972212702e-01
5.991983967935872180e-01 -2.245701480626754731e-01 1.388508529614186637e-01 3.726269622040502272e-01 7.452539244081004544e-01
6.112224448897796147e-01 -1.456255982035119245e-01 7.270498140149260491e-02 2.696386125937689227e-01 5.392772251875378453e-01
6.232464929859720115e-01 -2.009637175362761000e-02 3.118054564635680537e-02 1.765801394448333894e-01 3.531602788896667788e-01
6.352705410821644083e-01 1.348876612821529875e-01 1.113611357396600970e-02 1.055277857910702638e-01 2.110555715821405276e-01
6.472945891783568051e-01 2.882058578387681758e-01 4.411688833429258313e-03 6.642054526597367115e-02 1.328410905319473423e-01
6.593186372745489798e-01 4.004777836769203292e-01 3.151733874039819999e-03 5.614030525424509865e-02 1.122806105084901973e-01
6.713426853707413766e-01 4.348857567828618431e-01 3.088470034237125999e-03 5.557400502246644808e-02 1.111480100449328962e-01
6.833667334669337734e-01 3.705294174145586372e-01 3.067325672119548471e-03 5.538344221985076754e-02 1.107668844397015351e-01
6.953907815631261702e-01 2.135399525741514259e-01 3.051292713000445730e-03 5.523850751966825207e-02 1.104770150393365041e-01
7.074148296593185670e-01 4.685765357555258344e-04 3.046898673683965959e-03 5.519871985548184534e-02 1.103974397109636907e-01
7.194388777555109638e-01 -2.095807742174506383e-01 3.036543045108225803e-03 5.510483685765003858e-02 1.102096737153000772e-01
7.314629258517033605e-01 -3.530909289825194808e-01 3.033398187398289245e-03 5.507629424169975529e-02 1.101525884833995106e-01
7.434869739478957573e-01 -3.844193134018534241e-01 3.038926918196786352e-03 5.512646295742894970e-02 1.102529259148578994e-01
7.555110220440881541e-01 -2.932843845746084255e-01 3.044845205759191820e-03 5.518011603611568811e-02 1.103602320722313762e-01
7.675350701402805509e-01 -1.099604128083723625e-01 3.047418740265894245e-03 5.520343051175256865e-02 1.104068610235051373e-01
7.795591182364729477e-01 1.041725858857891901e-01 3.040798264645683778e-03 5.514343355872650121e-02 1.102868671174530024e-01
7.915831663326653445e-01 2.771402566658083266e-01 3.028898692875112673e-03 5.503543125001486569e-02 1.100708625000297314e-01
8.036072144288577412e-01 3.506153523243253911e-01 3.025438097577635727e-03 5.500398256106221045e-02 1.100079651221244209e-01
8.156312625250501380e-01 2.999972966073349845e-01 3.028375204589491432e-03 5.503067512387515431e-02 1.100613502477503086e-01
8.276553106212425348e-01 1.440329039071919226e-01 3.027028363214184607e-03 5.501843657551697825e-02 1.100368731510339565e-01
8.396793587174349316e-01 -5.980514247463845218e-02 3.022706602620912376e-03 5.497914697974962822e-02 1.099582939594992564e-01
8.517034068136273284e-01 -2.344755429268828850e-01 3.020610972696304974e-03 5.496008526827723950e-02 1.099201705365544790e-01
8.637274549098197252e-01 -3.123031266913932624e-01 3.037479811190049641e-03 5.511333605571386296e-02 1.102266721114277259e-01
8.757515030060118999e-01 -2.633697731254666663e-01 3.083951363304904096e-03 5.553333560398568403e-02 1.110666712079713681e-01
8.877755511022042967e-01 -1.104247298621554157e-01 3.096446731310324024e-03 5.564572518451281480e-02 1.112914503690256296e-01
8.997995991983966935e-01 7.876461752766120150e-02 3.033300224874729140e-03 5.507540489978016846e-02 1.101508097995603369e-01
9.118236472945890903e-01 2.204688946953942963e-01 3.042396654317867846e-03 5.515792467377528263e-02 1.103158493475505653e-01
9.238476953907814870e-01 2.528018973460516294e-01 3.220586307122282142e-03 5.675020975399370365e-02 1.135004195079874073e-01
9.358717434869738838e-01 1.640202064932746451e-01 3.308610281533296699e-03 5.752052052557675432e-02 1.150410410511535086e-01
9.478957915831662806e-01 -2.541826173832193933e-03 3.136153466203008087e-03 5.600137021719207853e-02 1.120027404343841571e-01
9.599198396793586774e-01 -1.686253562317741317e-01 3.071724216369625844e-03 5.542313791522116700e-02 1.108462758304423340e-01
9.719438877755510742e-01 -2.553344195883654466e-01 3.262989342032692960e-03 5.712258171715187127e-02 1.142451634343037425e-01
9.839679358717434710e-01 -2.146319769419305079e-01 3.161052032487288166e-03 5.622323392057138047e-02 1.124464678411427609e-01
9.959919839679358677e-01 -4.451918649991302296e-02 3.598603124999195588e-03 5.998835824557291474e-02 1.199767164911458295e-01
1.008016032064128265e+00 2.159526341918714398e-01 9.251984190152466245e-03 9.618723506865381467e-02 1.923744701373076293e-01
1.020040080160320439e+00 5.059067510614939644e-01 2.661900223294120724e-02 1.631533089855710106e-01 3.263066179711420212e-01
1.032064128256513058e+00 7.653413524417798097e-01 5.793525863933373515e-02 2.406974421121540197e-01 4.813948842243080395e-01
1.044088176352705233e+00 9.518969138286024201e-01 9.802820274922291466e-02 3.130945587984929057e-01 6.261891175969858114e-01
1.056112224448897852e+00 1.047438554323885995e+00 1.387311466770262403e-01 3.724663027402965731e-01 7.449326054805931463e-01
1.068136272545090026e+00 1.055518435033282243e+00 1.764754267264783127e-01 4.200897841253442011e-01 8.401795682506884022e-01
1.080160320641282645e+00 9.937587333064177297e-01 2.148315154062188370e-01 4.634992075572716974e-01 9.269984151145433948e-01
1.092184368737474820e+00 8.854166045438194299e-01 2.597228198704111812e-01 5.096300814025906956e-01 1.019260162805181391e+00
1.104208416833667439e+00 7.529136094898405407e-01 3.128355412001521674e-01 5.593170310299447889e-01 1.118634062059889578e+00
1.116232464929859614e+00 6.142788270321204447e-01 3.694793140259184372e-01 6.078481011123736399e-01 1.215696202224747280e+00
1.128256513026052232e+00 4.821225779872728712e-01 4.216627026341034923e-01 6.493556056846691016e-01 1.298711211369338203e+00
1.140280561122244407e+00 3.641709437830645268e-01 4.625874910340478374e-01 6.801378470825217848e-01 1.360275694165043570e+00
1.152304609218437026e+00 2.644045450989363499e-01 4.891470244903194375e-01 6.993904663993636417e-01 1.398780932798727283e+00
1.164328657314629201e+00 1.841682776540246591e-01 5.021847836970938506e-01 7.086499726219523954e-01 1.417299945243904791e+00
1.176352705410821819e+00 1.229826265380429134e-01 5.058949632281285469e-01 7.112629353678768807e-01 1.422525870735753761e+00
1.188376753507013994e+00 7.905064426671258582e-02 5.066075827628301331e-01 7.117637127325543434e-01 1.423527425465108687e+00
1.200400801603206169e+00 4.960216802822234317e-02 5.102387930255335435e-01 7.143100118474705607e-01 1.428620023694941121e+00
1.212424849699398788e+00 3.126587240152105263e-02 5.192124977989558410e-01 7.205640136718984845e-01 1.441128027343796969e+00
1.224448897795590963e+00 2.059180425397451331e-02 5.314254881487785465e-01 7.289893607925828078e-01 1.457978721585165616e+00
1.236472945891783581e+00 1.466191575901807688e-02 5.425144551696771122e-01 7.365558058760226512e-01 1.473111611752045302e+00
1.248496993987975756e+00 1.154027187871328221e-02 5.493490622780307087e-01 7.411808566591764347e-01 1.482361713318352869e+00
1.260521042084168375e+00 1.030671416082413680e-02 5.514667209877979204e-01 7.426080534089284368e-01 1.485216106817856874e+00
1.272545090180360550e+00 1.064043888180288625e-02 5.495150264955657171e-01 7.412928075299028974e-01 1.482585615059805795e+00
1.284569138276553169e+00 1.221724501192804867e-02 5.428767872607545009e-01 7.368017285951183881e-01 1.473603457190236776e+00
1.296593186372745343e+00 1.431030223896743829e-02 5.294333595544653548e-01 7.276217145979532175e-01 1.455243429195906435e+00
1.308617234468937962e+00 1.583682765444574189e-02 5.083101780089200883e-01 7.129587491635964724e-01 1.425917498327192945e+00
1.320641282565130137e+00 1.578333020722210225e-02 4.830289100993383489e-01 6.950028130154138895e-01 1.390005626030827779e+00
1.332665330661322756e+00 1.369923698265770179e-02 4.611480928790725464e-01 6.790788561566856174e-01 1.358157712313371235e+00
1.344689378757514930e+00 9.929459948176519793e-03 4.497406118169947065e-01 6.706270288446437577e-01 1.341254057689287515e+00
1.356713426853707549e+00 5.447850658471954655e-03 4.508267539130638712e-01 6.714363364557088820e-01 1.342872672911417764e+00
1.368737474949899724e+00 1.400204090248507180e-03 4.609209768478101932e-01 6.789116119553488815e-01 1.357823223910697763e+00
1.380761523046092343e+00 -1.394549071806883492e-03 4.741323040591726712e-01 6.885726570661753199e-01 1.377145314132350640e+00
1.392785571142284518e+00 -2.754469146443375930e-03 4.853902127807168121e-01 6.966995139805371995e-01 1.393399027961074399e+00
1.404809619238477136e+00 -3.149465268786745629e-03 4.920518785654191540e-01 7.014640964193528117e-01 1.402928192838705623e+00
1.416833667334669311e+00 -3.453001554262069214e-03 4.941259155066737296e-01 7.029409047044237191e-01 1.405881809408847438e+00
1.428857715430861486e+00 -4.557941757944980465e-03 4.933109328680103101e-01 7.023609704902531448e-01 1.404721940980506290e+00
1.440881763527054105e+00 -7.010953604139773254e-03 4.914286816366048027e-01 7.010197441132487439e-01 1.402039488226497488e+00
1.452905811623246279e+00 -1.079156595434054358e-02 4.897193955955445044e-01 6.997995395794031070e-01 1.399599079158806214e+00
1.464929859719438898e+00 -1.529665936257667766e-02 4.893687689691306741e-01 6.995489753899513108e-01 1.399097950779902622e+00
1.476953907815631073e+00 -1.951707136887217281e-02 4.919314538197467890e-01 7.013782530273852123e-01 1.402756506054770425e+00
1.488977955911823692e+00 -2.233420389653994684e-02 4.988272494105141508e-01 7.062770344634703434e-01 1.412554068926940687e+00
1.501002004008015867e+00 -2.283950349306429484e-02 5.103248941103855074e-01 7.143702780144099984e-01 1.428740556028819997e+00
1.513026052104208485e+00 -2.060145387835719821e-02 5.245711295524433382e-01 7.242728281196549878e-01 1.448545656239309976e+00
1.525050100200400660e+00 -1.583831117589818566e-02 5.375600511082148092e-01 7.331848683028140412e-01 1.466369736605628082e+00
1.537074148296593279e+00 -9.459336322015104298e-03 5.450844964175826091e-01 7.382983789888628579e-01 1.476596757977725716e+00
1.549098196392785454e+00 -2.914662886126980108e-03 5.456394949615696044e-01 7.386741466719743965e-01 1.477348293343948793e+00
1.561122244488978072e+00 2.181639985517032972e-03 5.413011294103401427e-01 7.357316966193179208e-01 1.471463393238635842e+00
1.573146292585170247e+00 4.579110328699442616e-03 5.355769792148892261e-01 7.318312505044378691e-01 1.463662501008875738e+00
1.585170340681362866e+00 3.859487674492477049e-03 5.306588403989321856e-01 7.284633418360406676e-01 1.456926683672081335e+00
1.597194388777555041e+00 6.117825714674874314e-04 5.265546545636404785e-01 7.256408578378428231e-01 1.451281715675685646e+00
1.609218436873747660e+00 -3.784991991038946357e-03 5.221929127965653228e-01 7.226291668598530116e-01 1.445258333719706023e+00
1.621242484969939834e+00 -7.665094466442591917e-03 5.172514973252645420e-01 7.192019864580913024e-01 1.438403972916182605e+00
1.633266533066132453e+00 -9.629874319058670182e-03 5.131386633188165236e-01 7.163369760935257569e-01 1.432673952187051514e+00
1.645290581162324628e+00 -8.933736941150486818e-03 5.118646407890022898e-01 7.154471614235409227e-01 1.430894322847081845e+00
1.657314629258516803e+00 -5.600351775937974404e-03 5.136275212999118489e-01 7.166781155441485085e-01 1.433356231088297017e+00
1.669338677354709422e+00 -2.855001602272900954e-04 5.158983359908446698e-01 7.182606323548887950e-01 1.436521264709777590e+00
1.681362725450901596e+00 6.031039470031974471e-03 5.152907225984103556e-01 7.178375321745237292e-01 1.435675064349047458e+00
1.693386773547094215e+00 1.241117542617332752e-02 5.103936841517114908e-01 7.144184237207992227e-01 1.428836847441598445e+00
1.705410821643286390e+00 1.824624257584861811e-02 5.032063414400429480e-01 7.093703838193718969e-01 1.418740767638743794e+00
1.717434869739479009e+00 2.333862927853029914e-02 4.983280389751451045e-01 7.059235362099390843e-01 1.411847072419878169e+00
1.729458917835671183e+00 2.773955141767012536e-02 5.001382352585905799e-01 7.072045215201827606e-01 1.414409043040365521e+00
1.741482965931863802e+00 3.146119434597362957e-02 5.094322293166655413e-01 7.137452131655003251e-01 1.427490426331000650e+00
1.753507014028055977e+00 3.428982419181814817e-02 5.224081128374915561e-01 7.227780522660407492e-01 1.445556104532081498e+00
1.765531062124248596e+00 3.586526202833196370e-02 5.335706200953616030e-01 7.304591844144076029e-01 1.460918368828815206e+00
1.777555110220440771e+00 3.598297454139822577e-02 5.400675982603920788e-01 7.348929161860195958e-01 1.469785832372039192e+00
1.789579158316633389e+00 3.488104005715244454e-02 5.432269941831165960e-01 7.370393437145106308e-01 1.474078687429021262e+00
1.801603206412825564e+00 3.326959593137870236e-02 5.460551158926655324e-01 7.389554221281995350e-01 1.477910844256399070e+00
1.813627254509018183e+00 3.205490629286716214e-02 5.495406979952129900e-01 7.413101226849752035e-01 1.482620245369950407e+00
1.825651302605210358e+00 3.193936937099524365e-02 5.515109352166521761e-01 7.426378223714789062e-01 1.485275644742957812e+00
1.837675350701402976e+00 3.315365605998358417e-02 5.489760883573858719e-01 7.409292060361677423e-01 1.481858412072335485e+00
1.849699398797595151e+00 3.545356087518326121e-02 5.412704256830367378e-01 7.357108302064315764e-01 1.471421660412863153e+00
1.861723446893787326e+00 3.831306490284097643e-02 5.307064577340331324e-01 7.284960245149132430e-01 1.456992049029826486e+00
1.873747494989979945e+00 4.114470282974092008e-02 5.205685717572710036e-01 7.215043809688691523e-01 1.443008761937738305e+00
1.885771543086172120e+00 4.342934388688679537e-02 5.130509378709827706e-01 7.162757415067069200e-01 1.432551483013413840e+00
1.897795591182364738e+00 4.474894587076123920e-02 5.088921061115755373e-01 7.133667402616802322e-01 1.426733480523360464e+00
1.909819639278556913e+00 4.477242132853644085e-02 5.079610103390266307e-01 7.127138348166300874e-01 1.425427669633260175e+00
1.921843687374749532e+00 4.322573048433321630e-02 5.095297811288819201e-01 7.138135478742904105e-01 1.427627095748580821e+00
1.933867735470941707e+00 3.986252817283204852e-02 5.123233910783898670e-01 7.157676935140268037e-01 1.431535387028053607e+00
1.945891783567134325e+00 3.448354117670674596e-02 5.149820680086181213e-01 7.176225108011997644e-01 1.435245021602399529e+00
1.957915831663326500e+00 2.706963561340591448e-02 5.166888541465535223e-01 7.188107220587026669e-01 1.437621444117405334e+00
1.969939879759519119e+00 1.801147243858951252e-02 5.172853937558532511e-01 7.192255513786014465e-01 1.438451102757202893e+00
1.981963927855711294e+00 8.271383541218459146e-03 5.170110714944348151e-01 7.190348193894610107e-01 1.438069638778922021e+00
1.993987975951903913e+00 -7.369907180113543415e-04 5.164281058725036511e-01 7.186293243894961158e-01 1.437258648778992232e+00
