X	y
-5.000000000000000000e+00	2.517128382932840136e+00
-4.990000000000000213e+00	2.542512390054072924e+00
-4.980000000000000426e+00	2.567512484221955660e+00
-4.970000000000000639e+00	2.592118454998480370e+00
-4.960000000000000853e+00	2.616326798063479675e+00
-4.950000000000001066e+00	2.640136661972710463e+00
-4.940000000000001279e+00	2.663542325861507631e+00
-4.930000000000001492e+00	2.686540140295518686e+00
-4.920000000000001705e+00	2.709125471606411928e+00
-4.910000000000001918e+00	2.731295082281333109e+00
-4.900000000000002132e+00	2.753046898307140999e+00
-4.890000000000002345e+00	2.774375493102249290e+00
-4.880000000000002558e+00	2.795279205654402688e+00
-4.870000000000002771e+00	2.815753907833767666e+00
-4.860000000000002984e+00	2.835797733097412454e+00
-4.850000000000003197e+00	2.855408699381928095e+00
-4.840000000000003411e+00	2.874582917626852474e+00
-4.830000000000003624e+00	2.893319744346069644e+00
-4.820000000000003837e+00	2.911615701700250192e+00
-4.810000000000004050e+00	2.929469189914986949e+00
-4.800000000000004263e+00	2.946878803325647223e+00
-4.790000000000004476e+00	2.963842936937731487e+00
-4.780000000000004690e+00	2.980359947451116209e+00
-4.770000000000004903e+00	2.996428358731325847e+00
-4.760000000000005116e+00	3.012047287012479480e+00
-4.750000000000005329e+00	3.027214016226330795e+00
-4.740000000000005542e+00	3.041930418578514317e+00
-4.730000000000005755e+00	3.056193850220902064e+00
-4.720000000000005969e+00	3.070004696356144702e+00
-4.710000000000006182e+00	3.083362456085195102e+00
-4.700000000000006395e+00	3.096266274533776119e+00
-4.690000000000006608e+00	3.108715534058347441e+00
-4.680000000000006821e+00	3.120711563341881600e+00
-4.670000000000007034e+00	3.132254011914399783e+00
-4.660000000000007248e+00	3.143341088127311167e+00
-4.650000000000007461e+00	3.153974272090775521e+00
-4.640000000000007674e+00	3.164157396316721993e+00
-4.630000000000007887e+00	3.173884195180202816e+00
-4.620000000000008100e+00	3.183159649639944799e+00
-4.610000000000008313e+00	3.191986448618215899e+00
-4.600000000000008527e+00	3.200361182556050732e+00
-4.590000000000008740e+00	3.208287371346154604e+00
-4.580000000000008953e+00	3.215765256216756462e+00
-4.570000000000009166e+00	3.222794430112404740e+00
-4.560000000000009379e+00	3.229378482775827841e+00
-4.550000000000009592e+00	3.235519425237448843e+00
-4.540000000000009805e+00	3.241215567834881739e+00
-4.530000000000010019e+00	3.246471444821250607e+00
-4.520000000000010232e+00	3.251285996332984318e+00
-4.510000000000010445e+00	3.255664959341802778e+00
-4.500000000000010658e+00	3.259607104656808474e+00
-4.490000000000010871e+00	3.263114066910683952e+00
-4.480000000000011084e+00	3.266188079858360460e+00
-4.470000000000011298e+00	3.268831275314503682e+00
-4.460000000000011511e+00	3.271045567117761177e+00
-4.450000000000011724e+00	3.272834330568340278e+00
-4.440000000000011937e+00	3.274198182889350939e+00
-4.430000000000012150e+00	3.275139869072761556e+00
-4.420000000000012363e+00	3.275662712481282934e+00
-4.410000000000012577e+00	3.275766923309328504e+00
-4.400000000000012790e+00	3.275456239610145648e+00
-4.390000000000013003e+00	3.274732310140521019e+00
-4.380000000000013216e+00	3.273598422369818906e+00
-4.370000000000013429e+00	3.272056238321147781e+00
-4.360000000000013642e+00	3.270109281535252155e+00
-4.350000000000013856e+00	3.267759231346786031e+00
-4.340000000000014069e+00	3.265009064927694826e+00
-4.330000000000014282e+00	3.261860974132976043e+00
-4.320000000000014495e+00	3.258317936231819090e+00
-4.310000000000014708e+00	3.254382319585425343e+00
-4.300000000000014921e+00	3.250056778786541756e+00
-4.290000000000015135e+00	3.245344187301155259e+00
-4.280000000000015348e+00	3.240247264151074003e+00
-4.270000000000015561e+00	3.234768069245546940e+00
-4.260000000000015774e+00	3.228910010160259692e+00
-4.250000000000015987e+00	3.222675463848648558e+00
-4.240000000000016200e+00	3.216066469735255673e+00
-4.230000000000016414e+00	3.209086890365545841e+00
-4.220000000000016627e+00	3.201739299731704236e+00
-4.210000000000016840e+00	3.194025421531638820e+00
-4.200000000000017053e+00	3.185948864548608928e+00
-4.190000000000017266e+00	3.177511963543562246e+00
-4.180000000000017479e+00	3.168717595659522157e+00
-4.170000000000017693e+00	3.159567866112940493e+00
-4.160000000000017906e+00	3.150066149226329770e+00
-4.150000000000018119e+00	3.140214351037448726e+00
-4.140000000000018332e+00	3.130015672207287825e+00
-4.130000000000018545e+00	3.119472784762637119e+00
-4.120000000000018758e+00	3.108587394967035067e+00
-4.110000000000018971e+00	3.097362976927059197e+00
-4.100000000000019185e+00	3.085802356699858251e+00
-4.090000000000019398e+00	3.073907725829996718e+00
-4.080000000000019611e+00	3.061681222812261183e+00
-4.070000000000019824e+00	3.049125527326231211e+00
-4.060000000000020037e+00	3.036243458737327039e+00
-4.050000000000020250e+00	3.023037261804522924e+00
-4.040000000000020464e+00	3.009509953511684266e+00
-4.030000000000020677e+00	2.995662961651094136e+00
-4.020000000000020890e+00	2.981499678359158967e+00
-4.010000000000021103e+00	2.967022194978913952e+00
-4.000000000000021316e+00	2.952232726070019186e+00
-3.990000000000021529e+00	2.937134306553351060e+00
-3.980000000000021743e+00	2.921727845065125173e+00
-3.970000000000021956e+00	2.906017585342419274e+00
-3.960000000000022169e+00	2.890004714403354935e+00
-3.950000000000022382e+00	2.873691551939693944e+00
-3.940000000000022595e+00	2.857081050611181006e+00
-3.930000000000022808e+00	2.840175059238030819e+00
-3.920000000000023022e+00	2.822975945674047971e+00
-3.910000000000023235e+00	2.805486163121798437e+00
-3.900000000000023448e+00	2.787708100844353609e+00
-3.890000000000023661e+00	2.769643281109174904e+00
-3.880000000000023874e+00	2.751295404293229829e+00
-3.870000000000024087e+00	2.732664825099112349e+00
-3.860000000000024301e+00	2.713755122541083420e+00
-3.850000000000024514e+00	2.694568614800057382e+00
-3.840000000000024727e+00	2.675106823851671756e+00
-3.830000000000024940e+00	2.655372210655267295e+00
-3.820000000000025153e+00	2.635367853821314110e+00
-3.810000000000025366e+00	2.615094603387930761e+00
-3.800000000000025580e+00	2.594555659171023709e+00
-3.790000000000025793e+00	2.573753398012275984e+00
-3.780000000000026006e+00	2.552690249780158460e+00
-3.770000000000026219e+00	2.531366823719793047e+00
-3.760000000000026432e+00	2.509787947025742927e+00
-3.750000000000026645e+00	2.487954272019806012e+00
-3.740000000000026859e+00	2.465868177103907044e+00
-3.730000000000027072e+00	2.443533138056476428e+00
-3.720000000000027285e+00	2.420951062848317292e+00
-3.710000000000027498e+00	2.398123143873942098e+00
-3.700000000000027711e+00	2.375053222764970329e+00
-3.690000000000027924e+00	2.351743316743744927e+00
-3.680000000000028137e+00	2.328196434147402627e+00
-3.670000000000028351e+00	2.304413562142835215e+00
-3.660000000000028564e+00	2.280399710129827007e+00
-3.650000000000028777e+00	2.256155758206820128e+00
-3.640000000000028990e+00	2.231683975288725641e+00
-3.630000000000029203e+00	2.206987482451769900e+00
-3.620000000000029416e+00	2.182069886328267039e+00
-3.610000000000029630e+00	2.156933332178545548e+00
-3.600000000000029843e+00	2.131580193430734571e+00
-3.590000000000030056e+00	2.106013436527414129e+00
-3.580000000000030269e+00	2.080236190508098382e+00
-3.570000000000030482e+00	2.054251396102414695e+00
-3.560000000000030695e+00	2.028062310973906879e+00
-3.550000000000030909e+00	2.001670655612498351e+00
-3.540000000000031122e+00	1.975081325564905343e+00
-3.530000000000031335e+00	1.948296880794375685e+00
-3.520000000000031548e+00	1.921319279909659006e+00
-3.510000000000031761e+00	1.894153549621036436e+00
-3.500000000000031974e+00	1.866801178407279771e+00
-3.490000000000032188e+00	1.839268076508211891e+00
-3.480000000000032401e+00	1.811555129953988930e+00
-3.470000000000032614e+00	1.783666760061150880e+00
-3.460000000000032827e+00	1.755607286920737753e+00
-3.450000000000033040e+00	1.727379678152288101e+00
-3.440000000000033253e+00	1.698987530034427262e+00
-3.430000000000033467e+00	1.670434819280488981e+00
-3.420000000000033680e+00	1.641725229249117346e+00
-3.410000000000033893e+00	1.612862816573264801e+00
-3.400000000000034106e+00	1.583851778286782697e+00
-3.390000000000034319e+00	1.554696288641229884e+00
-3.380000000000034532e+00	1.525399948810141071e+00
-3.370000000000034746e+00	1.495966911669522670e+00
-3.360000000000034959e+00	1.466401649872129953e+00
-3.350000000000035172e+00	1.436708745767615314e+00
-3.340000000000035385e+00	1.406892397095205416e+00
-3.330000000000035598e+00	1.376957815092793691e+00
-3.320000000000035811e+00	1.346908536068969209e+00
-3.310000000000036025e+00	1.316749682303927749e+00
-3.300000000000036238e+00	1.286485827596995479e+00
-3.290000000000036451e+00	1.256122674639993830e+00
-3.280000000000036664e+00	1.225664035748791125e+00
-3.270000000000036877e+00	1.195114850957415431e+00
-3.260000000000037090e+00	1.164480486862514486e+00
-3.250000000000037303e+00	1.133766652550868947e+00
-3.240000000000037517e+00	1.102978394359918290e+00
-3.230000000000037730e+00	1.072120465477777174e+00
-3.220000000000037943e+00	1.041198145742771031e+00
-3.210000000000038156e+00	1.010217417527420336e+00
-3.200000000000038369e+00	9.791834290158157872e-01
-3.190000000000038582e+00	9.481021699025338201e-01
-3.180000000000038796e+00	9.169788129324493164e-01
-3.170000000000039009e+00	8.858198933307349643e-01
-3.160000000000039222e+00	8.546301654017550709e-01
-3.150000000000039435e+00	8.234162302006536871e-01
-3.140000000000039648e+00	7.921836732384910373e-01
-3.130000000000039861e+00	7.609394574094145991e-01
-3.120000000000040075e+00	7.296883826382283278e-01
-3.110000000000040288e+00	6.984368367260481714e-01
-3.100000000000040501e+00	6.671926826511785924e-01
-3.090000000000040714e+00	6.359597990119661981e-01
-3.080000000000040927e+00	6.047462886382803937e-01
-3.070000000000041140e+00	5.735580203811450062e-01
-3.060000000000041354e+00	5.424022451608312423e-01
-3.050000000000041567e+00	5.112839317606987510e-01
-3.040000000000041780e+00	4.802109186822828280e-01
-3.030000000000041993e+00	4.491906404819797638e-01
-3.020000000000042206e+00	4.182277895122956668e-01
-3.010000000000042419e+00	3.873303949476394337e-01
-3.000000000000042633e+00	3.565054512866363545e-01
-2.990000000000042846e+00	3.257597072482247835e-01
-2.980000000000043059e+00	2.951007008921195940e-01
-2.970000000000043272e+00	2.645341733436152865e-01
-2.960000000000043485e+00	2.340681830207496095e-01
-2.950000000000043698e+00	2.037098749991650415e-01
-2.940000000000043912e+00	1.734657479816430481e-01
-2.930000000000044125e+00	1.433436799596470301e-01
-2.920000000000044338e+00	1.133498693879202435e-01
-2.910000000000044551e+00	8.349373139927607212e-02
-2.900000000000044764e+00	5.378080551199548864e-02
-2.890000000000044977e+00	2.421881692767136052e-02
-2.880000000000045191e+00	-5.184470749132419343e-03
-2.870000000000045404e+00	-3.442219277380864639e-02
-2.860000000000045617e+00	-6.348632255511232891e-02
-2.850000000000045830e+00	-9.236969131600636373e-02
-2.840000000000046043e+00	-1.210644020370033047e-01
-2.830000000000046256e+00	-1.495637227477573106e-01
-2.820000000000046469e+00	-1.778585417629849896e-01
-2.810000000000046683e+00	-2.059426808440274481e-01
-2.800000000000046896e+00	-2.338090360002189616e-01
-2.790000000000047109e+00	-2.614479888284537701e-01
-2.780000000000047322e+00	-2.888539986605771492e-01
-2.770000000000047535e+00	-3.160175345602262986e-01
-2.760000000000047748e+00	-3.429327655907823402e-01
-2.750000000000047962e+00	-3.695908523986122241e-01
-2.740000000000048175e+00	-3.959855406356174168e-01
-2.730000000000048388e+00	-4.221077042138547952e-01
-2.720000000000048601e+00	-4.479510766021430612e-01
-2.710000000000048814e+00	-4.735065986980637742e-01
-2.700000000000049027e+00	-4.987679276607885903e-01
-2.690000000000049241e+00	-5.237271885649983361e-01
-2.680000000000049454e+00	-5.483760790055618450e-01
-2.670000000000049667e+00	-5.727089686408906033e-01
-2.660000000000049880e+00	-5.967172004918654959e-01
-2.650000000000050093e+00	-6.203938576144045758e-01
-2.640000000000050306e+00	-6.437301986310293156e-01
-2.630000000000050520e+00	-6.667202806405716498e-01
-2.620000000000050733e+00	-6.893561024687906436e-01
-2.610000000000050946e+00	-7.116315359727753975e-01
-2.600000000000051159e+00	-7.335385716596298789e-01
-2.590000000000051372e+00	-7.550693120714835338e-01
-2.580000000000051585e+00	-7.762177510358030386e-01
-2.570000000000051799e+00	-7.969771002058518850e-01
-2.560000000000052012e+00	-8.173391945398993386e-01
-2.550000000000052225e+00	-8.372982144273507510e-01
-2.540000000000052438e+00	-8.568462986986540297e-01
-2.530000000000052651e+00	-8.759782184032859353e-01
-2.520000000000052864e+00	-8.946864498879788519e-01
-2.510000000000053078e+00	-9.129640040153609304e-01
-2.500000000000053291e+00	-9.308052550214925835e-01
-2.490000000000053504e+00	-9.482039220076544650e-01
-2.480000000000053717e+00	-9.651527798797702173e-01
-2.470000000000053930e+00	-9.816465674533318975e-01
-2.460000000000054143e+00	-9.976790717059260682e-01
-2.450000000000054357e+00	-1.013243586554773756e+00
-2.440000000000054570e+00	-1.028335649361455939e+00
-2.430000000000054783e+00	-1.042948357772405910e+00
-2.420000000000054996e+00	-1.057076010360531448e+00
-2.410000000000055209e+00	-1.070714982773061097e+00
-2.400000000000055422e+00	-1.083857953284629083e+00
-2.390000000000055635e+00	-1.096501424183170315e+00
-2.380000000000055849e+00	-1.108638219400797320e+00
-2.370000000000056062e+00	-1.120264998862299688e+00
-2.360000000000056275e+00	-1.131377149751571221e+00
-2.350000000000056488e+00	-1.141969389297036397e+00
-2.340000000000056701e+00	-1.152037687512991848e+00
-2.330000000000056914e+00	-1.161578081720384237e+00
-2.320000000000057128e+00	-1.170585211254705715e+00
-2.310000000000057341e+00	-1.179056948938186578e+00
-2.300000000000057554e+00	-1.186988111479732044e+00
-2.290000000000057767e+00	-1.194375663256745934e+00
-2.280000000000057980e+00	-1.201217169020125430e+00
-2.270000000000058193e+00	-1.207507432410012127e+00
-2.260000000000058407e+00	-1.213244891133189451e+00
-2.250000000000058620e+00	-1.218426178220568534e+00
-2.240000000000058833e+00	-1.223049352469232964e+00
-2.230000000000059046e+00	-1.227111295332328655e+00
-2.220000000000059259e+00	-1.230610205920162237e+00
-2.210000000000059472e+00	-1.233544437700698104e+00
-2.200000000000059686e+00	-1.235910731056948375e+00
-2.190000000000059899e+00	-1.237709871154924368e+00
-2.180000000000060112e+00	-1.238938803156876656e+00
-2.170000000000060325e+00	-1.239596894783631775e+00
-2.160000000000060538e+00	-1.239683529247466609e+00
-2.150000000000060751e+00	-1.239196941839149524e+00
-2.140000000000060965e+00	-1.238137902919605571e+00
-2.130000000000061178e+00	-1.236506547896796926e+00
-2.120000000000061391e+00	-1.234301772500440153e+00
-2.110000000000061604e+00	-1.231524935503022444e+00
-2.100000000000061817e+00	-1.228175493485811565e+00
-2.090000000000062030e+00	-1.224254466850499989e+00
-2.080000000000062244e+00	-1.219763946324674997e+00
-2.070000000000062457e+00	-1.214703849287166681e+00
-2.060000000000062670e+00	-1.209077104848476303e+00
-2.050000000000062883e+00	-1.202883261813251448e+00
-2.040000000000063096e+00	-1.196126610526345724e+00
-2.030000000000063309e+00	-1.188808680511831195e+00
-2.020000000000063523e+00	-1.180932017329678452e+00
-2.010000000000063736e+00	-1.172498689357825530e+00
-2.000000000000063949e+00	-1.163512116671204799e+00
-1.990000000000064162e+00	-1.153975984827501744e+00
-1.980000000000064375e+00	-1.143893830885584606e+00
-1.970000000000064588e+00	-1.133268888845974542e+00
-1.960000000000064801e+00	-1.122105703431133472e+00
-1.950000000000065015e+00	-1.110408553145876720e+00
-1.940000000000065228e+00	-1.098181062308785538e+00
-1.930000000000065441e+00	-1.085429528981710856e+00
-1.920000000000065654e+00	-1.072158196787627249e+00
-1.910000000000065867e+00	-1.058371863775094956e+00
-1.900000000000066080e+00	-1.044076865515936703e+00
-1.890000000000066294e+00	-1.029279105259438776e+00
-1.880000000000066507e+00	-1.013983374374261448e+00
-1.870000000000066720e+00	-9.981979310286628326e-01
-1.860000000000066933e+00	-9.819274386426701806e-01
-1.850000000000067146e+00	-9.651789796839174151e-01
-1.840000000000067359e+00	-9.479608301831529138e-01
-1.830000000000067573e+00	-9.302783067402049522e-01
-1.820000000000067786e+00	-9.121406156205900118e-01
-1.810000000000067999e+00	-8.935538300518739430e-01
-1.800000000000068212e+00	-8.745259161969283213e-01
-1.790000000000068425e+00	-8.550664549368592882e-01
-1.780000000000068638e+00	-8.351829262233207984e-01
-1.770000000000068852e+00	-8.148828573840531941e-01
-1.760000000000069065e+00	-7.941757301129118707e-01
-1.750000000000069278e+00	-7.730704226834569370e-01
-1.740000000000069491e+00	-7.515759895472610141e-01
-1.730000000000069704e+00	-7.297013535831833320e-01
-1.720000000000069917e+00	-7.074557460172963275e-01
-1.710000000000070131e+00	-6.848493928271559561e-01
-1.700000000000070344e+00	-6.618913971372604177e-01
-1.690000000000070557e+00	-6.385919792203815781e-01
-1.680000000000070770e+00	-6.149612147080127933e-01
-1.670000000000070983e+00	-5.910087679658677651e-01
-1.660000000000071196e+00	-5.667455837335133584e-01
-1.650000000000071410e+00	-5.421808416052622537e-01
-1.640000000000071623e+00	-5.173272252605831678e-01
-1.630000000000071836e+00	-4.921930424452637953e-01
-1.620000000000072049e+00	-4.667912628988648005e-01
-1.610000000000072262e+00	-4.411311182963739697e-01
-1.600000000000072475e+00	-4.152238581767002668e-01
-1.590000000000072689e+00	-3.890809322750116706e-01
-1.580000000000072902e+00	-3.627137510382409391e-01
-1.570000000000073115e+00	-3.361324328001614736e-01
-1.560000000000073328e+00	-3.093490896655205491e-01
-1.550000000000073541e+00	-2.823743546327749931e-01
-1.540000000000073754e+00	-2.552203936355617042e-01
-1.530000000000073967e+00	-2.278978290937736517e-01
-1.520000000000074181e+00	-2.004180147080455998e-01
-1.510000000000074394e+00	-1.727928412166286343e-01
-1.500000000000074607e+00	-1.450337239812289347e-01
-1.490000000000074820e+00	-1.171511276525442624e-01
-1.480000000000075033e+00	-8.915817740213666243e-02
-1.470000000000075246e+00	-6.106418162194077182e-02
-1.460000000000075460e+00	-3.288179845394173517e-02
-1.450000000000075673e+00	-4.622002342167252920e-03
-1.440000000000075886e+00	2.370327538526739719e-02
-1.430000000000076099e+00	5.208359487231589702e-02
-1.420000000000076312e+00	8.050846832324565217e-02
-1.410000000000076525e+00	1.089653089038680189e-01
-1.400000000000076739e+00	1.374435685990335609e-01
-1.390000000000076952e+00	1.659326779712852473e-01
-1.380000000000077165e+00	1.944215404361762933e-01
-1.370000000000077378e+00	2.228997543465450759e-01
-1.360000000000077591e+00	2.513560599918114313e-01
-1.350000000000077804e+00	2.797802739501766278e-01
-1.340000000000078018e+00	3.081618170471104867e-01
-1.330000000000078231e+00	3.364905556025701849e-01
-1.320000000000078444e+00	3.647560946888217526e-01
-1.310000000000078657e+00	3.929492652196772684e-01
-1.300000000000078870e+00	4.210592829900511869e-01
-1.290000000000079083e+00	4.490769387326141726e-01
-1.280000000000079297e+00	4.769921656867927018e-01
-1.270000000000079510e+00	5.047958818389666202e-01
-1.260000000000079723e+00	5.324791361904680498e-01
-1.250000000000079936e+00	5.600325956827856277e-01
-1.240000000000080149e+00	5.874473141352815064e-01
-1.230000000000080362e+00	6.147142468922851544e-01
-1.220000000000080576e+00	6.418266897994692188e-01
-1.210000000000080789e+00	6.687742637271997248e-01
-1.200000000000081002e+00	6.955499816594216123e-01
-1.190000000000081215e+00	7.221452072731110450e-01
-1.180000000000081428e+00	7.485531453809024516e-01
-1.170000000000081641e+00	7.747661273996545583e-01
-1.160000000000081855e+00	8.007766114048586736e-01
-1.150000000000082068e+00	8.265772162953750613e-01
-1.140000000000082281e+00	8.521614161908813712e-01
-1.130000000000082494e+00	8.775236587651962239e-01
-1.120000000000082707e+00	9.026561912688113587e-01
-1.110000000000082920e+00	9.275535894168571716e-01
-1.100000000000083134e+00	9.522092297616713275e-01
-1.090000000000083347e+00	9.766175436490848183e-01
-1.080000000000083560e+00	1.000773123401313303e+00
-1.070000000000083773e+00	1.024671892588692401e+00
-1.060000000000083986e+00	1.048307010600527889e+00
-1.050000000000084199e+00	1.071674692619453584e+00
-1.040000000000084412e+00	1.094770011147880862e+00
-1.030000000000084626e+00	1.117588809459213683e+00
-1.020000000000084839e+00	1.140126362523175896e+00
-1.010000000000085052e+00	1.162379125421922232e+00
-1.000000000000085265e+00	1.184343753867375559e+00
-9.900000000000854783e-01	1.206016241455575511e+00
-9.800000000000856915e-01	1.227392912359992483e+00
-9.700000000000859046e-01	1.248471888218557702e+00
-9.600000000000861178e-01	1.269249715341892237e+00
-9.500000000000863309e-01	1.289723050536925264e+00
-9.400000000000865441e-01	1.309890055784682872e+00
-9.300000000000867573e-01	1.329748718656206474e+00
-9.200000000000869704e-01	1.349296723365030148e+00
-9.100000000000871836e-01	1.368531617141357959e+00
-9.000000000000873968e-01	1.387452705988152735e+00
-8.900000000000876099e-01	1.406057092331848501e+00
-8.800000000000878231e-01	1.424344725509934406e+00
-8.700000000000880362e-01	1.442314475810693386e+00
-8.600000000000882494e-01	1.459964318038308173e+00
-8.500000000000884626e-01	1.477293446420355760e+00
-8.400000000000886757e-01	1.494302514956613370e+00
-8.300000000000888889e-01	1.510989420289009733e+00
-8.200000000000891021e-01	1.527354535317342110e+00
-8.100000000000893152e-01	1.543397385662942600e+00
-8.000000000000895284e-01	1.559117808856073317e+00
-7.900000000000897415e-01	1.574516223170038032e+00
-7.800000000000899547e-01	1.589592054858282033e+00
-7.700000000000901679e-01	1.604346404242596336e+00
-7.600000000000903810e-01	1.618778473942362961e+00
-7.500000000000905942e-01	1.632889391518347999e+00
-7.400000000000908074e-01	1.646679743341928237e+00
-7.300000000000910205e-01	1.660150856776473782e+00
-7.200000000000912337e-01	1.673301466467359111e+00
-7.100000000000914469e-01	1.686134500844081785e+00
-7.000000000000916600e-01	1.698649345851765080e+00
-6.900000000000918732e-01	1.710847356986708423e+00
-6.800000000000920863e-01	1.722730374079995519e+00
-6.700000000000922995e-01	1.734298210649723337e+00
-6.600000000000925127e-01	1.745552373453334472e+00
-6.500000000000927258e-01	1.756494929686188700e+00
-6.400000000000929390e-01	1.767125366230095418e+00
-6.300000000000931522e-01	1.777446428828311609e+00
-6.200000000000933653e-01	1.787458490346033768e+00
-6.100000000000935785e-01	1.797163494081764901e+00
-6.000000000000937916e-01	1.806562038506482004e+00
-5.900000000000940048e-01	1.815655870177385278e+00
-5.800000000000942180e-01	1.824446234225412855e+00
-5.700000000000944311e-01	1.832934290878726058e+00
-5.600000000000946443e-01	1.841121904958711308e+00
-5.500000000000948575e-01	1.849010130589413325e+00
-5.400000000000950706e-01	1.856599023840765694e+00
-5.300000000000952838e-01	1.863892194948140180e+00
-5.200000000000954969e-01	1.870889410113088402e+00
-5.100000000000957101e-01	1.877591975125268986e+00
-5.000000000000959233e-01	1.884001910687188364e+00
-4.900000000000961364e-01	1.890119731414142690e+00
-4.800000000000963496e-01	1.895946912588533984e+00
-4.700000000000965628e-01	1.901485296983897344e+00
-4.600000000000967759e-01	1.906734610465427027e+00
-4.500000000000969891e-01	1.911696311038725060e+00
-4.400000000000972022e-01	1.916372348580724694e+00
-4.300000000000974154e-01	1.920763333033532527e+00
-4.200000000000976286e-01	1.924869788723825970e+00
-4.100000000000978417e-01	1.928693491485806266e+00
-4.000000000000980549e-01	1.932234355447193241e+00
-3.900000000000982681e-01	1.935494436600129209e+00
-3.800000000000984812e-01	1.938473445387753014e+00
-3.700000000000986944e-01	1.941172669176050469e+00
-3.600000000000989075e-01	1.943593112590136229e+00
-3.500000000000991207e-01	1.945735317307760948e+00
-3.400000000000993339e-01	1.947599641608076082e+00
-3.300000000000995470e-01	1.949187427921024840e+00
-3.200000000000997602e-01	1.950498835138299691e+00
-3.100000000000999734e-01	1.951533758350543879e+00
-3.000000000001001865e-01	1.952294199278843623e+00
-2.900000000001003997e-01	1.952779716748010097e+00
-2.800000000001006129e-01	1.952990605662215051e+00
-2.700000000001008260e-01	1.952927866550059122e+00
-2.600000000001010392e-01	1.952591488040356760e+00
-2.500000000001012523e-01	1.951982671166462291e+00
-2.400000000001014655e-01	1.951101065202408114e+00
-2.300000000001016787e-01	1.949947811722206659e+00
-2.200000000001018918e-01	1.948521685835981065e+00
-2.100000000001021050e-01	1.946825053717213372e+00
-2.000000000001023182e-01	1.944857168786859436e+00
-1.900000000001025313e-01	1.942618069056574637e+00
-1.800000000001027445e-01	1.940108341749514409e+00
-1.700000000001029576e-01	1.937329650426312888e+00
-1.600000000001031708e-01	1.934280512792267537e+00
-1.500000000001033840e-01	1.930962502933081693e+00
-1.400000000001035971e-01	1.927375440071272150e+00
-1.300000000001038103e-01	1.923520209841234063e+00
-1.200000000001040235e-01	1.919396837138308776e+00
-1.100000000001042366e-01	1.915006259076217798e+00
-1.000000000001044498e-01	1.910348455507349774e+00
-9.000000000010466294e-02	1.905424803535839651e+00
-8.000000000010487611e-02	1.900235049511086238e+00
-7.000000000010508927e-02	1.894780409241151986e+00
-6.000000000010530243e-02	1.889061599962200910e+00
-5.000000000010551560e-02	1.883079995956303598e+00
-4.000000000010572876e-02	1.876834547682098453e+00
-3.000000000010594192e-02	1.870328549806777652e+00
-2.000000000010615508e-02	1.863561341706680752e+00
-1.000000000010636825e-02	1.856534680673343374e+00
-1.065814103640150279e-13	1.849249467160928972e+00
9.999999999893205427e-03	1.841707871110158878e+00
1.999999999989299226e-02	1.833910535598338720e+00
2.999999999989277910e-02	1.825858951417543619e+00
3.999999999989256594e-02	1.817554070531901100e+00
4.999999999989235278e-02	1.808998762351078371e+00
5.999999999989213961e-02	1.800194242661751876e+00
6.999999999989192645e-02	1.791142360899083963e+00
7.999999999989171329e-02	1.781844823703430336e+00
8.999999999989150012e-02	1.772304987716593505e+00
9.999999999989128696e-02	1.762524139531447043e+00
1.099999999998910738e-01	1.752504876066916184e+00
1.199999999998908606e-01	1.742249725460532028e+00
1.299999999998906475e-01	1.731761912868854392e+00
1.399999999998904343e-01	1.721043212442926906e+00
1.499999999998902211e-01	1.710096790378225151e+00
1.599999999998900080e-01	1.698926542428847553e+00
1.699999999998897948e-01	1.687535307070642254e+00
1.799999999998895817e-01	1.675926716951718465e+00
1.899999999998893685e-01	1.664103245275726062e+00
1.999999999998891553e-01	1.652070398868568546e+00
2.099999999998889422e-01	1.639830900484015030e+00
2.199999999998887290e-01	1.627388312215400701e+00
2.299999999998885158e-01	1.614747958492790847e+00
2.399999999998883027e-01	1.601913786142048490e+00
2.499999999998880895e-01	1.588890519281675351e+00
2.599999999998878764e-01	1.575681668494383736e+00
2.699999999998876632e-01	1.562293166275908751e+00
2.799999999998874500e-01	1.548729951496375712e+00
2.899999999998872369e-01	1.534996767202064349e+00
2.999999999998870237e-01	1.521098788961184667e+00
3.099999999998868105e-01	1.507042277243230366e+00
3.199999999998865974e-01	1.492832726903798868e+00
3.299999999998863842e-01	1.478475120156602873e+00
3.399999999998861711e-01	1.463975275534974640e+00
3.499999999998859579e-01	1.449340281928004570e+00
3.599999999998857447e-01	1.434576886744306057e+00
3.699999999998855316e-01	1.419689571999854572e+00
3.799999999998853184e-01	1.404685748832883885e+00
3.899999999998851052e-01	1.389572509189608063e+00
3.999999999998848921e-01	1.374356122107807998e+00
4.099999999998846789e-01	1.359044188510308837e+00
4.199999999998844658e-01	1.343643399706563990e+00
4.299999999998842526e-01	1.328160967901136358e+00
4.399999999998840394e-01	1.312604175190071221e+00
4.499999999998838263e-01	1.296981385969642409e+00
4.599999999998836131e-01	1.281299001359626377e+00
4.699999999998833999e-01	1.265565443245206145e+00
4.799999999998831868e-01	1.249788566683667668e+00
4.899999999998829736e-01	1.233976397410923909e+00
4.999999999998827604e-01	1.218136804299305709e+00
5.099999999998825473e-01	1.202277895603842017e+00
5.199999999998823341e-01	1.186408398998892721e+00
5.299999999998821210e-01	1.170536387250548538e+00
5.399999999998819078e-01	1.154669843686488173e+00
5.499999999998816946e-01	1.138818879596272593e+00
5.599999999998814815e-01	1.122989928064641596e+00
5.699999999998812683e-01	1.107192967964597097e+00
5.799999999998810551e-01	1.091437413083837127e+00
5.899999999998808420e-01	1.075730865921896928e+00
5.999999999998806288e-01	1.060082200232835614e+00
6.099999999998804157e-01	1.044501276038984239e+00
6.199999999998802025e-01	1.028996390726118371e+00
6.299999999998799893e-01	1.013576842917681020e+00
6.399999999998797762e-01	9.982507106508613504e-01
6.499999999998795630e-01	9.830288876973827250e-01
6.599999999998793498e-01	9.679187157398106978e-01
6.699999999998791367e-01	9.529301511672001457e-01
6.799999999998789235e-01	9.380717411622085944e-01
6.899999999998787104e-01	9.233536973087477229e-01
6.999999999998784972e-01	9.087836786477259121e-01
7.099999999998782840e-01	8.943713758315889883e-01
7.199999999998780709e-01	8.801259194158750354e-01
7.299999999998778577e-01	8.660560058378978798e-01
7.399999999998776445e-01	8.521708638771630095e-01
7.499999999998774314e-01	8.384798498631466090e-01
7.599999999998772182e-01	8.249906422926656102e-01
7.699999999998770051e-01	8.117127040101224100e-01
7.799999999998767919e-01	7.986555217441875243e-01
7.899999999998765787e-01	7.858269385946433649e-01
7.999999999998763656e-01	7.732355039467569968e-01
8.099999999998761524e-01	7.608910371119843585e-01
8.199999999998759392e-01	7.488001343313681613e-01
8.299999999998757261e-01	7.369724369756579518e-01
8.399999999998755129e-01	7.254159545791657449e-01
8.499999999998752997e-01	7.141382533144355893e-01
8.599999999998750866e-01	7.031486065617444936e-01
8.699999999998748734e-01	6.924538288768671279e-01
8.799999999998746603e-01	6.820623510338574835e-01
8.899999999998744471e-01	6.719816451600149065e-01
8.999999999998742339e-01	6.622189241126843484e-01
9.099999999998740208e-01	6.527832507849873345e-01
9.199999999998738076e-01	6.436798136893553401e-01
9.299999999998735944e-01	6.349168422626860764e-01
9.399999999998733813e-01	6.265012161842047345e-01
9.499999999998731681e-01	6.184391294264022232e-01
9.599999999998729550e-01	6.107383257520886399e-01
9.699999999998727418e-01	6.034045336592126496e-01
9.799999999998725286e-01	5.964441879774561306e-01
9.899999999998723155e-01	5.898638262263677934e-01
9.999999999998721023e-01	5.836684576507307209e-01
1.009999999999871889e+00	5.778651764289111092e-01
1.019999999999871676e+00	5.724584224859046167e-01
1.029999999999871463e+00	5.674541801414461073e-01
1.039999999999871250e+00	5.628574427466672692e-01
1.049999999999871036e+00	5.586729317242877801e-01
1.059999999999870823e+00	5.549061765497782517e-01
1.069999999999870610e+00	5.515608039624134706e-01
1.079999999999870397e+00	5.486418584665130327e-01
1.089999999999870184e+00	5.461531667671626344e-01
1.099999999999869971e+00	5.440980264681315459e-01
1.109999999999869758e+00	5.424809965095096498e-01
1.119999999999869544e+00	5.413054357554627494e-01
1.129999999999869331e+00	5.405739433824636730e-01
1.139999999999869118e+00	5.402901610401706911e-01
1.149999999999868905e+00	5.404573061827014913e-01
1.159999999999868692e+00	5.410761164179652694e-01
1.169999999999868479e+00	5.421508143915063638e-01
1.179999999999868265e+00	5.436822447832193594e-01
1.189999999999868052e+00	5.456730610983274721e-01
1.199999999999867839e+00	5.481238084170089175e-01
1.209999999999867626e+00	5.510367531030755384e-01
1.219999999999867413e+00	5.544124710631673780e-01
1.229999999999867200e+00	5.582517434731171235e-01
1.239999999999866986e+00	5.625550530027666474e-01
1.249999999999866773e+00	5.673230396477193516e-01
1.259999999999866560e+00	5.725555436101887885e-01
1.269999999999866347e+00	5.782529936174995999e-01
1.279999999999866134e+00	5.844137538262230702e-01
1.289999999999865921e+00	5.910388607296113150e-01
1.299999999999865707e+00	5.981254940182285651e-01
1.309999999999865494e+00	6.056735783904632076e-01
1.319999999999865281e+00	6.136818395643252044e-01
1.329999999999865068e+00	6.221473688179509631e-01
1.339999999999864855e+00	6.310697646025421603e-01
1.349999999999864642e+00	6.404462426268939801e-01
1.359999999999864428e+00	6.502741691869231566e-01
1.369999999999864215e+00	6.605511981181213521e-01
1.379999999999864002e+00	6.712733970454707322e-01
1.389999999999863789e+00	6.824388649654518080e-01
1.399999999999863576e+00	6.940433686154114934e-01
1.409999999999863363e+00	7.060843543197533601e-01
1.419999999999863149e+00	7.185560788468351445e-01
1.429999999999862936e+00	7.314563857439216887e-01
1.439999999999862723e+00	7.447791335711255734e-01
1.449999999999862510e+00	7.585212078801142344e-01
1.459999999999862297e+00	7.726764561164447542e-01
1.469999999999862084e+00	7.872405989853512587e-01
1.479999999999861870e+00	8.022082323691149819e-01
1.489999999999861657e+00	8.175734927580843303e-01
1.499999999999861444e+00	8.333307768164501805e-01
1.509999999999861231e+00	8.494741882520875365e-01
1.519999999999861018e+00	8.659968369314059444e-01
1.529999999999860805e+00	8.828935705430118741e-01
1.539999999999860592e+00	9.001571308193443421e-01
1.549999999999860378e+00	9.177795622342354021e-01
1.559999999999860165e+00	9.357555798402703573e-01
1.569999999999859952e+00	9.540768408567443792e-01
1.579999999999859739e+00	9.727360905036359640e-01
1.589999999999859526e+00	9.917252154427251831e-01
1.599999999999859313e+00	1.011037370897786447e+00
1.609999999999859099e+00	1.030663642165624116e+00
1.619999999999858886e+00	1.050596070744425070e+00
1.629999999999858673e+00	1.070825849042860600e+00
1.639999999999858460e+00	1.091344840635346758e+00
1.649999999999858247e+00	1.112144522226470089e+00
1.659999999999858034e+00	1.133214700842435585e+00
1.669999999999857820e+00	1.154546990603314116e+00
1.679999999999857607e+00	1.176132518564804830e+00
1.689999999999857394e+00	1.197960960219910387e+00
1.699999999999857181e+00	1.220023891420845441e+00
1.709999999999856968e+00	1.242310078925100703e+00
1.719999999999856755e+00	1.264810498936005390e+00
1.729999999999856541e+00	1.287515099707266852e+00
1.739999999999856328e+00	1.310413107187959003e+00
1.749999999999856115e+00	1.333494152490322548e+00
1.759999999999855902e+00	1.356749147645256448e+00
1.769999999999855689e+00	1.380165976129369643e+00
1.779999999999855476e+00	1.403735074185556542e+00
1.789999999999855262e+00	1.427444600190112434e+00
1.799999999999855049e+00	1.451284397836502205e+00
1.809999999999854836e+00	1.475243215085670023e+00
1.819999999999854623e+00	1.499309286401368846e+00
1.829999999999854410e+00	1.523472736899580404e+00
1.839999999999854197e+00	1.547720986880225746e+00
1.849999999999853983e+00	1.572043857758802954e+00
1.859999999999853770e+00	1.596429337219420042e+00
1.869999999999853557e+00	1.620865322632000893e+00
1.879999999999853344e+00	1.645341363754768915e+00
1.889999999999853131e+00	1.669845239004492221e+00
1.899999999999852918e+00	1.694364920750411230e+00
1.909999999999852704e+00	1.718888961770477009e+00
1.919999999999852491e+00	1.743406321204811649e+00
1.929999999999852278e+00	1.767904324278747552e+00
1.939999999999852065e+00	1.792371097320176743e+00
1.949999999999851852e+00	1.816795087366789740e+00
1.959999999999851639e+00	1.841164314578706440e+00
1.969999999999851426e+00	1.865467158149969551e+00
1.979999999999851212e+00	1.889690852891213080e+00
1.989999999999850999e+00	1.913825163612259850e+00
1.999999999999850786e+00	1.937856819717495016e+00
2.009999999999850573e+00	1.961773909706355123e+00
2.019999999999850360e+00	1.985565822106521772e+00
2.029999999999850147e+00	2.009218994479683218e+00
2.039999999999849933e+00	2.032722745412779641e+00
2.049999999999849720e+00	2.056064665644446343e+00
2.059999999999849507e+00	2.079233891734907580e+00
2.069999999999849294e+00	2.102217678021233827e+00
2.079999999999849081e+00	2.125005363466084152e+00
2.089999999999848868e+00	2.147584868037790695e+00
2.099999999999848654e+00	2.169944942223427820e+00
2.109999999999848441e+00	2.192073364260750612e+00
2.119999999999848228e+00	2.213959643444444403e+00
2.129999999999848015e+00	2.235592300803862731e+00
2.139999999999847802e+00	2.256959209170827041e+00
2.149999999999847589e+00	2.278051076778453865e+00
2.159999999999847375e+00	2.298854912024424380e+00
2.169999999999847162e+00	2.319361363639881546e+00
2.179999999999846949e+00	2.339558195631449067e+00
2.189999999999846736e+00	2.359435831371624381e+00
2.199999999999846523e+00	2.378983623234872002e+00
2.209999999999846310e+00	2.398190172892082472e+00
2.219999999999846096e+00	2.417046243139365558e+00
2.229999999999845883e+00	2.435541246822032324e+00
2.239999999999845670e+00	2.453664368964434850e+00
2.249999999999845457e+00	2.471407044111689988e+00
2.259999999999845244e+00	2.488758593776121408e+00
2.269999999999845031e+00	2.505709310974856496e+00
2.279999999999844817e+00	2.522250697422585120e+00
2.289999999999844604e+00	2.538372289579648111e+00
2.299999999999844391e+00	2.554065799581926033e+00
2.309999999999844178e+00	2.569321296408956901e+00
2.319999999999843965e+00	2.584131525086498016e+00
2.329999999999843752e+00	2.598486421726796447e+00
2.339999999999843538e+00	2.612378433572930092e+00
2.349999999999843325e+00	2.625798300302882193e+00
2.359999999999843112e+00	2.638739576170006984e+00
2.369999999999842899e+00	2.651193176283942687e+00
2.379999999999842686e+00	2.663151518238735971e+00
2.389999999999842473e+00	2.674607208845616757e+00
2.399999999999842260e+00	2.685553585251935882e+00
2.409999999999842046e+00	2.695983090629637591e+00
2.419999999999841833e+00	2.705888821943279954e+00
2.429999999999841620e+00	2.715264675440401287e+00
2.439999999999841407e+00	2.724102701989377096e+00
2.449999999999841194e+00	2.732398698323156072e+00
2.459999999999840981e+00	2.740145539040193867e+00
2.469999999999840767e+00	2.747338099719437210e+00
2.479999999999840554e+00	2.753969845331407207e+00
2.489999999999840341e+00	2.760036511590016062e+00
2.499999999999840128e+00	2.765531986477335558e+00
2.509999999999839915e+00	2.770452879980254579e+00
2.519999999999839702e+00	2.774792623872047059e+00
2.529999999999839488e+00	2.778548942012207590e+00
2.539999999999839275e+00	2.781716151136042203e+00
2.549999999999839062e+00	2.784290309568946409e+00
2.559999999999838849e+00	2.786269267517153203e+00
2.569999999999838636e+00	2.787648053101117185e+00
2.579999999999838423e+00	2.788423844816092512e+00
2.589999999999838209e+00	2.788593863545478335e+00
2.599999999999837996e+00	2.788154803536037729e+00
2.609999999999837783e+00	2.787105978329298406e+00
2.619999999999837570e+00	2.785442060032131906e+00
2.629999999999837357e+00	2.783163910924599804e+00
2.639999999999837144e+00	2.780268601191275835e+00
2.649999999999836930e+00	2.776753995083513615e+00
2.659999999999836717e+00	2.772619624750867651e+00
2.669999999999836504e+00	2.767864440661067960e+00
2.679999999999836291e+00	2.762487155603120303e+00
2.689999999999836078e+00	2.756487775307482568e+00
2.699999999999835865e+00	2.749865517764332967e+00
2.709999999999835651e+00	2.742619582971380421e+00
2.719999999999835438e+00	2.734751644810092586e+00
2.729999999999835225e+00	2.726260644939530131e+00
2.739999999999835012e+00	2.717147875958498382e+00
2.749999999999834799e+00	2.707414252007477984e+00
2.759999999999834586e+00	2.697060277818909668e+00
2.769999999999834372e+00	2.686087843924235052e+00
2.779999999999834159e+00	2.674497873983388896e+00
2.789999999999833946e+00	2.662291941372664006e+00
2.799999999999833733e+00	2.649472951716570268e+00
2.809999999999833520e+00	2.636042545847568697e+00
2.819999999999833307e+00	2.622002755348755265e+00
2.829999999999833094e+00	2.607356910279585271e+00
2.839999999999832880e+00	2.592106580867668875e+00
2.849999999999832667e+00	2.576255694082354886e+00
2.859999999999832454e+00	2.559807577012803037e+00
2.869999999999832241e+00	2.542765398098561835e+00
2.879999999999832028e+00	2.525132124499925190e+00
2.889999999999831815e+00	2.506913106367692379e+00
2.899999999999831601e+00	2.488110718456323589e+00
2.909999999999831388e+00	2.468730387242678681e+00
2.919999999999831175e+00	2.448775216011216393e+00
2.929999999999830962e+00	2.428252071802011969e+00
2.939999999999830749e+00	2.407163086829217313e+00
2.949999999999830536e+00	2.385514366143964615e+00
2.959999999999830322e+00	2.363311826928181425e+00
2.969999999999830109e+00	2.340559788530458984e+00
2.979999999999829896e+00	2.317264284833513877e+00
2.989999999999829683e+00	2.293430289826229096e+00
2.999999999999829470e+00	2.269064583253499467e+00
3.009999999999829257e+00	2.244172392664977700e+00
3.019999999999829043e+00	2.218760236561393207e+00
3.029999999999828830e+00	2.192833814454103525e+00
3.039999999999828617e+00	2.166400453411235105e+00
3.049999999999828404e+00	2.139465783017726608e+00
3.059999999999828191e+00	2.112038106011324246e+00
3.069999999999827978e+00	2.084123456313702771e+00
3.079999999999827764e+00	2.055727848660994894e+00
3.089999999999827551e+00	2.026860479654609470e+00
3.099999999999827338e+00	1.997527284591200658e+00
3.109999999999827125e+00	1.967735973733554022e+00
3.119999999999826912e+00	1.937494486330114007e+00
3.129999999999826699e+00	1.906809922435887206e+00
3.139999999999826485e+00	1.875690346385659124e+00
3.149999999999826272e+00	1.844144083471191076e+00
3.159999999999826059e+00	1.812178731975224499e+00
3.169999999999825846e+00	1.779802695774463928e+00
3.179999999999825633e+00	1.747023839115980026e+00
3.189999999999825420e+00	1.713851040692166094e+00
3.199999999999825206e+00	1.680292291379741343e+00
3.209999999999824993e+00	1.646356392460542439e+00
3.219999999999824780e+00	1.612052205246318426e+00
3.229999999999824567e+00	1.577387855449664755e+00
3.239999999999824354e+00	1.542372905419841622e+00
3.249999999999824141e+00	1.507015715537769029e+00
3.259999999999823928e+00	1.471325147054120652e+00
3.269999999999823714e+00	1.435310964641638432e+00
3.279999999999823501e+00	1.398982014603151969e+00
3.289999999999823288e+00	1.362346781025469689e+00
3.299999999999823075e+00	1.325415378181759696e+00
3.309999999999822862e+00	1.288196744647958969e+00
3.319999999999822649e+00	1.250700679013742711e+00
3.329999999999822435e+00	1.212936092233769747e+00
3.339999999999822222e+00	1.174912825338789268e+00
3.349999999999822009e+00	1.136639784559652089e+00
3.359999999999821796e+00	1.098127375180828480e+00
3.369999999999821583e+00	1.059384505359648454e+00
3.379999999999821370e+00	1.020420915083958491e+00
3.389999999999821156e+00	9.812471459030575049e-01
3.399999999999820943e+00	9.418718998584243440e-01
3.409999999999820730e+00	9.023053365820784544e-01
3.419999999999820517e+00	8.625572581877731793e-01
3.429999999999820304e+00	8.226377914660897295e-01
3.439999999999820091e+00	7.825558145095345974e-01
3.449999999999819877e+00	7.423211837953451742e-01
3.459999999999819664e+00	7.019453543408576968e-01
3.469999999999819451e+00	6.614362142025855817e-01
3.479999999999819238e+00	6.208047418332302003e-01
3.489999999999819025e+00	5.800598555188921646e-01
3.499999999999818812e+00	5.392124761571333025e-01
3.509999999999818598e+00	4.982721560554295159e-01
3.519999999999818385e+00	4.572479978471440942e-01
3.529999999999818172e+00	4.161509722586491655e-01
3.539999999999817959e+00	3.749898988810700384e-01
3.549999999999817746e+00	3.337741193103079818e-01
3.559999999999817533e+00	2.925153303499272717e-01
3.569999999999817319e+00	2.512211504209320712e-01
3.579999999999817106e+00	2.099025681709661972e-01
3.589999999999816893e+00	1.685691349659038663e-01
3.599999999999816680e+00	1.272300538983925922e-01
3.609999999999816467e+00	8.589526810931191747e-02
3.619999999999816254e+00	4.457378797856126340e-02
3.629999999999816040e+00	3.275859577366313502e-03
3.639999999999815827e+00	-3.798886918798016765e-02
3.649999999999815614e+00	-7.921214219847860782e-02
3.659999999999815401e+00	-1.203834694947507611e-01
3.669999999999815188e+00	-1.614938545644331036e-01
3.679999999999814975e+00	-2.025347358507989526e-01
3.689999999999814762e+00	-2.434958694633879706e-01
3.699999999999814548e+00	-2.843687101701937170e-01
3.709999999999814335e+00	-3.251440230903885897e-01
3.719999999999814122e+00	-3.658128605676658207e-01
3.729999999999813909e+00	-4.063667357322469087e-01
3.739999999999813696e+00	-4.467962010501782544e-01
3.749999999999813483e+00	-4.870921323920520685e-01
3.759999999999813269e+00	-5.272471062223202942e-01
3.769999999999813056e+00	-5.672511728318273549e-01
3.779999999999812843e+00	-6.070966466439108311e-01
3.789999999999812630e+00	-6.467745003483774680e-01
3.799999999999812417e+00	-6.862776595894066745e-01
3.809999999999812204e+00	-7.255967074227580582e-01
3.819999999999811990e+00	-7.647229339313358354e-01
3.829999999999811777e+00	-8.036500213626694977e-01
3.839999999999811564e+00	-8.423690798303998806e-01
3.849999999999811351e+00	-8.808725241667190176e-01
3.859999999999811138e+00	-9.191521828079358691e-01
3.869999999999810925e+00	-9.572009659826725692e-01
3.879999999999810711e+00	-9.950107273098531824e-01
3.889999999999810498e+00	-1.032574536322822922e+00
3.899999999999810285e+00	-1.069884925938354492e+00
3.909999999999810072e+00	-1.106934883440394923e+00
3.919999999999809859e+00	-1.143717217862057822e+00
3.929999999999809646e+00	-1.180225443977240163e+00
3.939999999999809432e+00	-1.216451835916338542e+00
3.949999999999809219e+00	-1.252390111238928849e+00
3.959999999999809006e+00	-1.288034205507787355e+00
3.969999999999808793e+00	-1.323377268091774361e+00
3.979999999999808580e+00	-1.358412255066081986e+00
3.989999999999808367e+00	-1.393134252482210123e+00
3.999999999999808153e+00	-1.427536691886766906e+00
4.009999999999807940e+00	-1.461612876587611076e+00
4.019999999999807727e+00	-1.495358254971425715e+00
4.029999999999807514e+00	-1.528766810604818893e+00
4.039999999999807301e+00	-1.561832289568311438e+00
4.049999999999807088e+00	-1.594550060685924642e+00
4.059999999999806874e+00	-1.626913983891679738e+00
4.069999999999806661e+00	-1.658920185570620598e+00
4.079999999999806448e+00	-1.690562920962425553e+00
4.089999999999806235e+00	-1.721836459484263449e+00
4.099999999999806022e+00	-1.752737296128656475e+00
4.109999999999805809e+00	-1.783260527685819774e+00
4.119999999999805596e+00	-1.813401889362855401e+00
4.129999999999805382e+00	-1.843156746883729102e+00
4.139999999999805169e+00	-1.872520257380730468e+00
4.149999999999804956e+00	-1.901488898690447682e+00
4.159999999999804743e+00	-1.930059032356529647e+00
4.169999999999804530e+00	-1.958227004184315057e+00
4.179999999999804317e+00	-1.985987811847620188e+00
4.189999999999804103e+00	-2.013338915320109557e+00
4.199999999999803890e+00	-2.040276859452267555e+00
4.209999999999803677e+00	-2.066798531383132520e+00
4.219999999999803464e+00	-2.092899995804163638e+00
4.229999999999803251e+00	-2.118578567016688563e+00
4.239999999999803038e+00	-2.143831165766441060e+00
4.249999999999802824e+00	-2.168655562773506240e+00
4.259999999999802611e+00	-2.193047899972244252e+00
4.269999999999802398e+00	-2.217006786256691342e+00
4.279999999999802185e+00	-2.240529621997896292e+00
4.289999999999801972e+00	-2.263613030064626663e+00
4.299999999999801759e+00	-2.286255149389726515e+00
4.309999999999801545e+00	-2.308454962013248402e+00
4.319999999999801332e+00	-2.330209179431876443e+00
4.329999999999801119e+00	-2.351516781350556862e+00
4.339999999999800906e+00	-2.372374862931392769e+00
4.349999999999800693e+00	-2.392783166453837485e+00
4.359999999999800480e+00	-2.412738602488103901e+00
4.369999999999800266e+00	-2.432240600648539086e+00
4.379999999999800053e+00	-2.451287620752681917e+00
4.389999999999799840e+00	-2.469878314838800826e+00
4.399999999999799627e+00	-2.488010794649676338e+00
4.409999999999799414e+00	-2.505685189547781189e+00
4.419999999999799201e+00	-2.522898856033430892e+00
4.429999999999798987e+00	-2.539652465965254180e+00
4.439999999999798774e+00	-2.555944416288952858e+00
4.449999999999798561e+00	-2.571773506613134863e+00
4.459999999999798348e+00	-2.587139455397856391e+00
4.469999999999798135e+00	-2.602041825377696238e+00
4.479999999999797922e+00	-2.616479260242709159e+00
4.489999999999797708e+00	-2.630452281002267245e+00
4.499999999999797495e+00	-2.643959464905873968e+00
4.509999999999797282e+00	-2.657001318543611212e+00
4.519999999999797069e+00	-2.669576297877548132e+00
4.529999999999796856e+00	-2.681685048839049568e+00
4.539999999999796643e+00	-2.693327588323859434e+00
4.549999999999796430e+00	-2.704503463571704458e+00
4.559999999999796216e+00	-2.715212406882311136e+00
4.569999999999796003e+00	-2.725454383355374155e+00
4.579999999999795790e+00	-2.735229533606688523e+00
4.589999999999795577e+00	-2.744537993337950343e+00
4.599999999999795364e+00	-2.753380239648022698e+00
4.609999999999795151e+00	-2.761755700312211737e+00
4.619999999999794937e+00	-2.769664729834222516e+00
4.629999999999794724e+00	-2.777107784527312884e+00
4.639999999999794511e+00	-2.784085488307588285e+00
4.649999999999794298e+00	-2.790597507441189062e+00
4.659999999999794085e+00	-2.796644695263066804e+00
4.669999999999793872e+00	-2.802226922678330290e+00
4.679999999999793658e+00	-2.807345708300291509e+00
4.689999999999793445e+00	-2.812000875920821041e+00
4.699999999999793232e+00	-2.816192387391981189e+00
4.709999999999793019e+00	-2.819921598923631034e+00
4.719999999999792806e+00	-2.823188636414823982e+00
4.729999999999792593e+00	-2.825994605708409768e+00
4.739999999999792379e+00	-2.828339708442135780e+00
4.749999999999792166e+00	-2.830225310599648214e+00
4.759999999999791953e+00	-2.831651110603608412e+00
4.769999999999791740e+00	-2.832618885268824549e+00
4.779999999999791527e+00	-2.833129243193495128e+00
4.789999999999791314e+00	-2.833182094171712961e+00
4.799999999999791100e+00	-2.832779423585189971e+00
4.809999999999790887e+00	-2.831922538972538650e+00
4.819999999999790674e+00	-2.830610594224330701e+00
4.829999999999790461e+00	-2.828846304109945198e+00
4.839999999999790248e+00	-2.826629995091817893e+00
4.849999999999790035e+00	-2.823962630166344745e+00
4.859999999999789821e+00	-2.820845731389872935e+00
4.869999999999789608e+00	-2.817279461985618294e+00
4.879999999999789395e+00	-2.813266966417077075e+00
4.889999999999789182e+00	-2.808808006285792747e+00
4.899999999999788969e+00	-2.803904898372560073e+00
4.909999999999788756e+00	-2.798557974729961373e+00
4.919999999999788542e+00	-2.792769376069311971e+00
4.929999999999788329e+00	-2.786540226904653306e+00
4.939999999999788116e+00	-2.779871726952706901e+00
4.949999999999787903e+00	-2.772767196878620499e+00
4.959999999999787690e+00	-2.765226426872437138e+00
4.969999999999787477e+00	-2.757251853180583634e+00
4.979999999999787264e+00	-2.748846042584971006e+00
4.989999999999787050e+00	-2.740009815671107685e+00
