X	y
-5.000000000000000000e+00	-8.621576203558958262e-01
-4.990000000000000213e+00	-8.667446786427313032e-01
-4.980000000000000426e+00	-8.721142319363563988e-01
-4.970000000000000639e+00	-8.782618464582884199e-01
-4.960000000000000853e+00	-8.851832487104039915e-01
-4.950000000000001066e+00	-8.928702117720860310e-01
-4.940000000000001279e+00	-9.013213276234497418e-01
-4.930000000000001492e+00	-9.105261029647164772e-01
-4.920000000000001705e+00	-9.204797606306822644e-01
-4.910000000000001918e+00	-9.311740923903958356e-01
-4.900000000000002132e+00	-9.426012345809677839e-01
-4.890000000000002345e+00	-9.547541890822719424e-01
-4.880000000000002558e+00	-9.676232227535829233e-01
-4.870000000000002771e+00	-9.811993945336902057e-01
-4.860000000000002984e+00	-9.954731624893151665e-01
-4.850000000000003197e+00	-1.010433542209885349e+00
-4.840000000000003411e+00	-1.026071424823077116e+00
-4.830000000000003624e+00	-1.042375235597719607e+00
-4.820000000000003837e+00	-1.059333818074922329e+00
-4.810000000000004050e+00	-1.076935412366284650e+00
-4.800000000000004263e+00	-1.095167976780809793e+00
-4.790000000000004476e+00	-1.114018741335278229e+00
-4.780000000000004690e+00	-1.133474061132037303e+00
-4.770000000000004903e+00	-1.153523069475366869e+00
-4.760000000000005116e+00	-1.174149132824039876e+00
-4.750000000000005329e+00	-1.195340819167503232e+00
-4.740000000000005542e+00	-1.217081723145854832e+00
-4.730000000000005755e+00	-1.239358618612010909e+00
-4.720000000000005969e+00	-1.262155468601068753e+00
-4.710000000000006182e+00	-1.285457435658075021e+00
-4.700000000000006395e+00	-1.309249486766911996e+00
-4.690000000000006608e+00	-1.333515461334828567e+00
-4.680000000000006821e+00	-1.358238998563138233e+00
-4.670000000000007034e+00	-1.383402836204983055e+00
-4.660000000000007248e+00	-1.408991050225611774e+00
-4.650000000000007461e+00	-1.434988068846523968e+00
-4.640000000000007674e+00	-1.461374723005959497e+00
-4.630000000000007887e+00	-1.488134635960518093e+00
-4.620000000000008100e+00	-1.515250822148415111e+00
-4.610000000000008313e+00	-1.542703204442251952e+00
-4.600000000000008527e+00	-1.570476639427041299e+00
-4.590000000000008740e+00	-1.598551188584619531e+00
-4.580000000000008953e+00	-1.626910362565386681e+00
-4.570000000000009166e+00	-1.655534719725966220e+00
-4.560000000000009379e+00	-1.684403542657558317e+00
-4.550000000000009592e+00	-1.713501195827850321e+00
-4.540000000000009805e+00	-1.742809831815093080e+00
-4.530000000000010019e+00	-1.772307462448105220e+00
-4.520000000000010232e+00	-1.801977764662542780e+00
-4.510000000000010445e+00	-1.831799713811331998e+00
-4.500000000000010658e+00	-1.861753359915303108e+00
-4.490000000000010871e+00	-1.891823349167445212e+00
-4.480000000000011084e+00	-1.921988308911362076e+00
-4.470000000000011298e+00	-1.952230523137716389e+00
-4.460000000000011511e+00	-1.982528142517612668e+00
-4.450000000000011724e+00	-2.012865810611651263e+00
-4.440000000000011937e+00	-2.043220877603979080e+00
-4.430000000000012150e+00	-2.073576023939249335e+00
-4.420000000000012363e+00	-2.103913483203934121e+00
-4.410000000000012577e+00	-2.134211608269424243e+00
-4.400000000000012790e+00	-2.164453869978662404e+00
-4.390000000000013003e+00	-2.194619646022241799e+00
-4.380000000000013216e+00	-2.224691376418478583e+00
-4.370000000000013429e+00	-2.254650534937749473e+00
-4.360000000000013642e+00	-2.284478023374699518e+00
-4.350000000000013856e+00	-2.314155624186341242e+00
-4.340000000000014069e+00	-2.343666080988441092e+00
-4.330000000000014282e+00	-2.372990422270682132e+00
-4.320000000000014495e+00	-2.402111056558381197e+00
-4.310000000000014708e+00	-2.431010189849792003e+00
-4.300000000000014921e+00	-2.459670381705691078e+00
-4.290000000000015135e+00	-2.488074020031736833e+00
-4.280000000000015348e+00	-2.516204156635882150e+00
-4.270000000000015561e+00	-2.544043708800452386e+00
-4.260000000000015774e+00	-2.571576769710654187e+00
-4.250000000000015987e+00	-2.598785870017958022e+00
-4.240000000000016200e+00	-2.625655611728561656e+00
-4.230000000000016414e+00	-2.652169359780962576e+00
-4.220000000000016627e+00	-2.678311420603313842e+00
-4.210000000000016840e+00	-2.704067031928200304e+00
-4.200000000000017053e+00	-2.729420359097650461e+00
-4.190000000000017266e+00	-2.754356934455481465e+00
-4.180000000000017479e+00	-2.778860818152003365e+00
-4.170000000000017693e+00	-2.802919517698316820e+00
-4.160000000000017906e+00	-2.826518652611276661e+00
-4.150000000000018119e+00	-2.849643219771285541e+00
-4.140000000000018332e+00	-2.872281601796530026e+00
-4.130000000000018545e+00	-2.894419519606489022e+00
-4.120000000000018758e+00	-2.916045241099238350e+00
-4.110000000000018971e+00	-2.937145004403241444e+00
-4.100000000000019185e+00	-2.957708002308034434e+00
-4.090000000000019398e+00	-2.977721868191371968e+00
-4.080000000000019611e+00	-2.997176035531690541e+00
-4.070000000000019824e+00	-3.016058448632309208e+00
-4.060000000000020037e+00	-3.034359179897289316e+00
-4.050000000000020250e+00	-3.052067538288113724e+00
-4.040000000000020464e+00	-3.069174540016311958e+00
-4.030000000000020677e+00	-3.085669554286414318e+00
-4.020000000000020890e+00	-3.101544614565229452e+00
-4.010000000000021103e+00	-3.116789262568623542e+00
-4.000000000000021316e+00	-3.131397293011743521e+00
-3.990000000000021529e+00	-3.145359682869122597e+00
-3.980000000000021743e+00	-3.158668841841268282e+00
-3.970000000000021956e+00	-3.171317790662127933e+00
-3.960000000000022169e+00	-3.183300045429675151e+00
-3.950000000000022382e+00	-3.194608534864247229e+00
-3.940000000000022595e+00	-3.205237883859365589e+00
-3.930000000000022808e+00	-3.215182243346887514e+00
-3.920000000000023022e+00	-3.224437079606303325e+00
-3.910000000000023235e+00	-3.232996728762245642e+00
-3.900000000000023448e+00	-3.240857916990857568e+00
-3.890000000000023661e+00	-3.248016260022434487e+00
-3.880000000000023874e+00	-3.254467922513726297e+00
-3.870000000000024087e+00	-3.260210208095430495e+00
-3.860000000000024301e+00	-3.265240787732777150e+00
-3.850000000000024514e+00	-3.269557143534310928e+00
-3.840000000000024727e+00	-3.273157339678040678e+00
-3.830000000000024940e+00	-3.276040065739936669e+00
-3.820000000000025153e+00	-3.278204793314467125e+00
-3.810000000000025366e+00	-3.279650114979254738e+00
-3.800000000000025580e+00	-3.280375802642044647e+00
-3.790000000000025793e+00	-3.280383396253304440e+00
-3.780000000000026006e+00	-3.279672251623503954e+00
-3.770000000000026219e+00	-3.278244732143291706e+00
-3.760000000000026432e+00	-3.276100827925128911e+00
-3.750000000000026645e+00	-3.273243289735280115e+00
-3.740000000000026859e+00	-3.269674969460851344e+00
-3.730000000000027072e+00	-3.265397179290794760e+00
-3.720000000000027285e+00	-3.260413777084839815e+00
-3.710000000000027498e+00	-3.254728903476180157e+00
-3.700000000000027711e+00	-3.248345237290990006e+00
-3.690000000000027924e+00	-3.241268251111438126e+00
-3.680000000000028137e+00	-3.233501114071550830e+00
-3.670000000000028351e+00	-3.225050108725926012e+00
-3.660000000000028564e+00	-3.215920732593628983e+00
-3.650000000000028777e+00	-3.206118394976922303e+00
-3.640000000000028990e+00	-3.195648648403197623e+00
-3.630000000000029203e+00	-3.184520064879526657e+00
-3.620000000000029416e+00	-3.172737568089039506e+00
-3.610000000000029630e+00	-3.160308844629191150e+00
-3.600000000000029843e+00	-3.147242958935347446e+00
-3.590000000000030056e+00	-3.133546259578443127e+00
-3.580000000000030269e+00	-3.119228161096352370e+00
-3.570000000000030482e+00	-3.104296636773942630e+00
-3.560000000000030695e+00	-3.088761450802288699e+00
-3.550000000000030909e+00	-3.072631575367196888e+00
-3.540000000000031122e+00	-3.055916545990116528e+00
-3.530000000000031335e+00	-3.038626970148276207e+00
-3.520000000000031548e+00	-3.020773400862051705e+00
-3.510000000000031761e+00	-3.002365444972149966e+00
-3.500000000000031974e+00	-2.983414344792344686e+00
-3.490000000000032188e+00	-2.963932081096837923e+00
-3.480000000000032401e+00	-2.943929837568885155e+00
-3.470000000000032614e+00	-2.923419084216245967e+00
-3.460000000000032827e+00	-2.902412490822515956e+00
-3.450000000000033040e+00	-2.880921961210913373e+00
-3.440000000000033253e+00	-2.858961019439830054e+00
-3.430000000000033467e+00	-2.836541978172566481e+00
-3.420000000000033680e+00	-2.813677793308701158e+00
-3.410000000000033893e+00	-2.790381996706269074e+00
-3.400000000000034106e+00	-2.766668303744395097e+00
-3.390000000000034319e+00	-2.742550680517282569e+00
-3.380000000000034532e+00	-2.718042770721859736e+00
-3.370000000000034746e+00	-2.693159695156637223e+00
-3.360000000000034959e+00	-2.667914573474017725e+00
-3.350000000000035172e+00	-2.642323894289970276e+00
-3.340000000000035385e+00	-2.616401076529318637e+00
-3.330000000000035598e+00	-2.590160736639554706e+00
-3.320000000000035811e+00	-2.563619913957566609e+00
-3.310000000000036025e+00	-2.536792583077476237e+00
-3.300000000000036238e+00	-2.509693973040818982e+00
-3.290000000000036451e+00	-2.482340426296373970e+00
-3.280000000000036664e+00	-2.454747657619908985e+00
-3.270000000000036877e+00	-2.426930616656721718e+00
-3.260000000000037090e+00	-2.398906573763195382e+00
-3.250000000000037303e+00	-2.370690879349274027e+00
-3.240000000000037517e+00	-2.342298714908888968e+00
-3.230000000000037730e+00	-2.313747816987584471e+00
-3.220000000000037943e+00	-2.285053745417406468e+00
-3.210000000000038156e+00	-2.256233219312473448e+00
-3.200000000000038369e+00	-2.227302509807167930e+00
-3.190000000000038582e+00	-2.198276469416125867e+00
-3.180000000000038796e+00	-2.169173983319504284e+00
-3.170000000000039009e+00	-2.140010005395609483e+00
-3.160000000000039222e+00	-2.110800240170719100e+00
-3.150000000000039435e+00	-2.081563051265509667e+00
-3.140000000000039648e+00	-2.052313420636011188e+00
-3.130000000000039861e+00	-2.023068108933380405e+00
-3.120000000000040075e+00	-1.993843178641180103e+00
-3.110000000000040288e+00	-1.964655494935910962e+00
-3.100000000000040501e+00	-1.935520509701210257e+00
-3.090000000000040714e+00	-1.906454378847104447e+00
-3.080000000000040927e+00	-1.877473441812399724e+00
-3.070000000000041140e+00	-1.848593844406897446e+00
-3.060000000000041354e+00	-1.819830605449443306e+00
-3.050000000000041567e+00	-1.791199927734870245e+00
-3.040000000000041780e+00	-1.762717669195299486e+00
-3.030000000000041993e+00	-1.734398857100800440e+00
-3.020000000000042206e+00	-1.706258395178451348e+00
-3.010000000000042419e+00	-1.678311709890313530e+00
-3.000000000000042633e+00	-1.650574286464054685e+00
-2.990000000000042846e+00	-1.623060281319466336e+00
-2.980000000000043059e+00	-1.595783979100221961e+00
-2.970000000000043272e+00	-1.568760617738861551e+00
-2.960000000000043485e+00	-1.542003822382309819e+00
-2.950000000000043698e+00	-1.515527829558318551e+00
-2.940000000000043912e+00	-1.489345167398972158e+00
-2.930000000000044125e+00	-1.463470969988231785e+00
-2.920000000000044338e+00	-1.437917914134247743e+00
-2.910000000000044551e+00	-1.412698750349772991e+00
-2.900000000000044764e+00	-1.387825923490833668e+00
-2.890000000000044977e+00	-1.363312525885468807e+00
-2.880000000000045191e+00	-1.339170072290144509e+00
-2.870000000000045404e+00	-1.315411031238609585e+00
-2.860000000000045617e+00	-1.292046076590749548e+00
-2.850000000000045830e+00	-1.269087784149216303e+00
-2.840000000000046043e+00	-1.246546387373172582e+00
-2.830000000000046256e+00	-1.224432090110481264e+00
-2.820000000000046469e+00	-1.202755462396583930e+00
-2.810000000000046683e+00	-1.181527087194644166e+00
-2.800000000000046896e+00	-1.160756284969524765e+00
-2.790000000000047109e+00	-1.140451961051099472e+00
-2.780000000000047322e+00	-1.120623366714467384e+00
-2.770000000000047535e+00	-1.101279718186348067e+00
-2.760000000000047748e+00	-1.082428692116450542e+00
-2.750000000000047962e+00	-1.064078643220692788e+00
-2.740000000000048175e+00	-1.046237152181310970e+00
-2.730000000000048388e+00	-1.028909971752290931e+00
-2.720000000000048601e+00	-1.012105130140257048e+00
-2.710000000000048814e+00	-9.958293508214615120e-01
-2.700000000000049027e+00	-9.800884835256455929e-01
-2.690000000000049241e+00	-9.648874540189469329e-01
-2.680000000000049454e+00	-9.502328281816301292e-01
-2.670000000000049667e+00	-9.361285421182869992e-01
-2.660000000000049880e+00	-9.225801858030673319e-01
-2.650000000000050093e+00	-9.095908187564525349e-01
-2.640000000000050306e+00	-8.971651563461345846e-01
-2.630000000000050520e+00	-8.853060404257115934e-01
-2.620000000000050733e+00	-8.740163545772482445e-01
-2.610000000000050946e+00	-8.633003350708782220e-01
-2.600000000000051159e+00	-8.531584126795708212e-01
-2.590000000000051372e+00	-8.435938197378873848e-01
-2.580000000000051585e+00	-8.346072699846472931e-01
-2.570000000000051799e+00	-8.262008865675977143e-01
-2.560000000000052012e+00	-8.183742756729454060e-01
-2.550000000000052225e+00	-8.111285743085484556e-01
-2.540000000000052438e+00	-8.044649657163844836e-01
-2.530000000000052651e+00	-7.983814446210145688e-01
-2.520000000000052864e+00	-7.928785209286740576e-01
-2.510000000000053078e+00	-7.879550051838845048e-01
-2.500000000000053291e+00	-7.836097966904544965e-01
-2.490000000000053504e+00	-7.798409114491081651e-01
-2.480000000000053717e+00	-7.766465659408807731e-01
-2.470000000000053930e+00	-7.740251538175723089e-01
-2.460000000000054143e+00	-7.719733767518347500e-01
-2.450000000000054357e+00	-7.704890971073251604e-01
-2.440000000000054570e+00	-7.695686109730787150e-01
-2.430000000000054783e+00	-7.692084481334081625e-01
-2.420000000000054996e+00	-7.694052094460862579e-01
-2.410000000000055209e+00	-7.701552318166999811e-01
-2.400000000000055422e+00	-7.714538384863555143e-01
-2.390000000000055635e+00	-7.732964574936121993e-01
-2.380000000000055849e+00	-7.756784292145084692e-01
-2.370000000000056062e+00	-7.785947266593539196e-01
-2.360000000000056275e+00	-7.820401028008761024e-01
-2.350000000000056488e+00	-7.860095289869701851e-01
-2.340000000000056701e+00	-7.904969661556828786e-01
-2.330000000000056914e+00	-7.954967160787165259e-01
-2.320000000000057128e+00	-8.010026495724402729e-01
-2.310000000000057341e+00	-8.070086123053660243e-01
-2.300000000000057554e+00	-8.135081890152117134e-01
-2.290000000000057767e+00	-8.204946584646063412e-01
-2.280000000000057980e+00	-8.279613026353249694e-01
-2.270000000000058193e+00	-8.359020158502683540e-01
-2.260000000000058407e+00	-8.443087673206600696e-01
-2.250000000000058620e+00	-8.531749786143540959e-01
-2.240000000000058833e+00	-8.624939668037199247e-01
-2.230000000000059046e+00	-8.722578093286611489e-01
-2.220000000000059259e+00	-8.824592949095813044e-01
-2.210000000000059472e+00	-8.930906229325270562e-01
-2.200000000000059686e+00	-9.041447110989095926e-01
-2.190000000000059899e+00	-9.156142206655246696e-01
-2.180000000000060112e+00	-9.274909568883960009e-01
-2.170000000000060325e+00	-9.397675719892366608e-01
-2.160000000000060538e+00	-9.524363867053347033e-01
-2.150000000000060751e+00	-9.654904837939544127e-01
-2.140000000000060965e+00	-9.789213140394339430e-01
-2.130000000000061178e+00	-9.927212965022467195e-01
-2.120000000000061391e+00	-1.006883101100080724e+00
-2.110000000000061604e+00	-1.021398922208524684e+00
-2.100000000000061817e+00	-1.036260703741491707e+00
-2.090000000000062030e+00	-1.051462369208161718e+00
-2.080000000000062244e+00	-1.066995475668714999e+00
-2.070000000000062457e+00	-1.082852407443871234e+00
-2.060000000000062670e+00	-1.099026490908155962e+00
-2.050000000000062883e+00	-1.115510596777728791e+00
-2.040000000000063096e+00	-1.132297491599676853e+00
-2.030000000000063309e+00	-1.149379368973284965e+00
-2.020000000000063523e+00	-1.166750840548652191e+00
-2.010000000000063736e+00	-1.184403730226368801e+00
-2.000000000000063949e+00	-1.202331935774163085e+00
-1.990000000000064162e+00	-1.220529111928830179e+00
-1.980000000000064375e+00	-1.238988789809311930e+00
-1.970000000000064588e+00	-1.257704485577277431e+00
-1.960000000000064801e+00	-1.276670833499339519e+00
-1.950000000000065015e+00	-1.295881377090350117e+00
-1.940000000000065228e+00	-1.315329942450178979e+00
-1.930000000000065441e+00	-1.335012027531959244e+00
-1.920000000000065654e+00	-1.354921598947536499e+00
-1.910000000000065867e+00	-1.375053003589419509e+00
-1.900000000000066080e+00	-1.395402586591612870e+00
-1.890000000000066294e+00	-1.415964436720013708e+00
-1.880000000000066507e+00	-1.436733851460733957e+00
-1.870000000000066720e+00	-1.457706596963092238e+00
-1.860000000000066933e+00	-1.478878071088389756e+00
-1.850000000000067146e+00	-1.500245193003684196e+00
-1.840000000000067359e+00	-1.521803030439915938e+00
-1.830000000000067573e+00	-1.543548416644989096e+00
-1.820000000000067786e+00	-1.565478275853097401e+00
-1.810000000000067999e+00	-1.587588478318570084e+00
-1.800000000000068212e+00	-1.609875703480805553e+00
-1.790000000000068425e+00	-1.632338268235214329e+00
-1.780000000000068638e+00	-1.654973278205159160e+00
-1.770000000000068852e+00	-1.677777319472061102e+00
-1.760000000000069065e+00	-1.700748453700724028e+00
-1.750000000000069278e+00	-1.723884826898659961e+00
-1.740000000000069491e+00	-1.747184700481659414e+00
-1.730000000000069704e+00	-1.770645918459503143e+00
-1.720000000000069917e+00	-1.794267853665541201e+00
-1.710000000000070131e+00	-1.818048141269808848e+00
-1.700000000000070344e+00	-1.841986057867533777e+00
-1.690000000000070557e+00	-1.866080057881118082e+00
-1.680000000000070770e+00	-1.890330440937234346e+00
-1.670000000000070983e+00	-1.914735633364800460e+00
-1.660000000000071196e+00	-1.939295443270282915e+00
-1.650000000000071410e+00	-1.964009757221883756e+00
-1.640000000000071623e+00	-1.988877408383088685e+00
-1.630000000000071836e+00	-2.013899890243417534e+00
-1.620000000000072049e+00	-2.039076369271560552e+00
-1.610000000000072262e+00	-2.064407041886976657e+00
-1.600000000000072475e+00	-2.089892050195102602e+00
-1.590000000000072689e+00	-2.115532495329779827e+00
-1.580000000000072902e+00	-2.141328212177735502e+00
-1.570000000000073115e+00	-2.167280436434936508e+00
-1.560000000000073328e+00	-2.193389916343116752e+00
-1.550000000000073541e+00	-2.219657273855577984e+00
-1.540000000000073754e+00	-2.246083119126653926e+00
-1.530000000000073967e+00	-2.272668623976482394e+00
-1.520000000000074181e+00	-2.299415052290681771e+00
-1.510000000000074394e+00	-2.326322995483177003e+00
-1.500000000000074607e+00	-2.353393990904699251e+00
-1.490000000000074820e+00	-2.380628811049436688e+00
-1.480000000000075033e+00	-2.408028861999809145e+00
-1.470000000000075246e+00	-2.435595204628846489e+00
-1.460000000000075460e+00	-2.463328528669933348e+00
-1.450000000000075673e+00	-2.491230251139610274e+00
-1.440000000000075886e+00	-2.519302609069824950e+00
-1.430000000000076099e+00	-2.547545053988546915e+00
-1.420000000000076312e+00	-2.575959456438473794e+00
-1.410000000000076525e+00	-2.604546382974090690e+00
-1.400000000000076739e+00	-2.633307444187695801e+00
-1.390000000000076952e+00	-2.662242799567314133e+00
-1.380000000000077165e+00	-2.691353817604586141e+00
-1.370000000000077378e+00	-2.720640527034614120e+00
-1.360000000000077591e+00	-2.750105080522623702e+00
-1.350000000000077804e+00	-2.779746360801887306e+00
-1.340000000000078018e+00	-2.809564400727563527e+00
-1.330000000000078231e+00	-2.839561572080380181e+00
-1.320000000000078444e+00	-2.869735997569666353e+00
-1.310000000000078657e+00	-2.900089108044948460e+00
-1.300000000000078870e+00	-2.930619792019708569e+00
-1.290000000000079083e+00	-2.961328280576754679e+00
-1.280000000000079297e+00	-2.992213866790972787e+00
-1.270000000000079510e+00	-3.023275889653513016e+00
-1.260000000000079723e+00	-3.054513359943629602e+00
-1.250000000000079936e+00	-3.085925548600656043e+00
-1.240000000000080149e+00	-3.117511499351396154e+00
-1.230000000000080362e+00	-3.149269554168732554e+00
-1.220000000000080576e+00	-3.181197251442601459e+00
-1.210000000000080789e+00	-3.213293531900450528e+00
-1.200000000000081002e+00	-3.245556492037198204e+00
-1.190000000000081215e+00	-3.277983316184501117e+00
-1.180000000000081428e+00	-3.310572242742610083e+00
-1.170000000000081641e+00	-3.343319851549303667e+00
-1.160000000000081855e+00	-3.376222242841590671e+00
-1.150000000000082068e+00	-3.409278321750213614e+00
-1.140000000000082281e+00	-3.442482993447643302e+00
-1.130000000000082494e+00	-3.475833110081136823e+00
-1.120000000000082707e+00	-3.509324033761620498e+00
-1.110000000000082920e+00	-3.542952051200961794e+00
-1.100000000000083134e+00	-3.576711805973462610e+00
-1.090000000000083347e+00	-3.610599397954876721e+00
-1.080000000000083560e+00	-3.644609386502277282e+00
-1.070000000000083773e+00	-3.678736602712640469e+00
-1.060000000000083986e+00	-3.712975317183014212e+00
-1.050000000000084199e+00	-3.747318698967965656e+00
-1.040000000000084412e+00	-3.781761339637228936e+00
-1.030000000000084626e+00	-3.816297336061195367e+00
-1.020000000000084839e+00	-3.850918776474472338e+00
-1.010000000000085052e+00	-3.885619749006066215e+00
-1.000000000000085265e+00	-3.920392235249484880e+00
-9.900000000000854783e-01	-3.955229228300311206e+00
-9.800000000000856915e-01	-3.990122035551303625e+00
-9.700000000000859046e-01	-4.025063240026291567e+00
-9.600000000000861178e-01	-4.060044324271250282e+00
-9.500000000000863309e-01	-4.095057281738151644e+00
-9.400000000000865441e-01	-4.130092676646815342e+00
-9.300000000000867573e-01	-4.165141234364027056e+00
-9.200000000000869704e-01	-4.200193684492775859e+00
-9.100000000000871836e-01	-4.235241736551191849e+00
-9.000000000000873968e-01	-4.270273755592439713e+00
-8.900000000000876099e-01	-4.305280691943938365e+00
-8.800000000000878231e-01	-4.340251650151863316e+00
-8.700000000000880362e-01	-4.375177201156019713e+00
-8.600000000000882494e-01	-4.410045642995894966e+00
-8.500000000000884626e-01	-4.444845945114615837e+00
-8.400000000000886757e-01	-4.479568060809962837e+00
-8.300000000000888889e-01	-4.514200194397307797e+00
-8.200000000000891021e-01	-4.548730317317081884e+00
-8.100000000000893152e-01	-4.583147854466247395e+00
-8.000000000000895284e-01	-4.617440301452885087e+00
-7.900000000000897415e-01	-4.651596369730036429e+00
-7.800000000000899547e-01	-4.685602289808263876e+00
-7.700000000000901679e-01	-4.719448048726017753e+00
-7.600000000000903810e-01	-4.753119387695770470e+00
-7.500000000000905942e-01	-4.786605131915832700e+00
-7.400000000000908074e-01	-4.819892023282069893e+00
-7.300000000000910205e-01	-4.852967433183372314e+00
-7.200000000000912337e-01	-4.885819489837286866e+00
-7.100000000000914469e-01	-4.918433326168157649e+00
-7.000000000000916600e-01	-4.950797213731273239e+00
-6.900000000000918732e-01	-4.982898659817918130e+00
-6.800000000000920863e-01	-5.014723471615463168e+00
-6.700000000000922995e-01	-5.046259197916452166e+00
-6.600000000000925127e-01	-5.077492666330234883e+00
-6.500000000000927258e-01	-5.108410443045007909e+00
-6.400000000000929390e-01	-5.138999581782602633e+00
-6.300000000000931522e-01	-5.169246763046087878e+00
-6.200000000000933653e-01	-5.199139319936638692e+00
-6.100000000000935785e-01	-5.228663043636084140e+00
-6.000000000000937916e-01	-5.257806336044795081e+00
-5.900000000000940048e-01	-5.286555308099183392e+00
-5.800000000000942180e-01	-5.314897296086964040e+00
-5.700000000000944311e-01	-5.342818975737544385e+00
-5.600000000000946443e-01	-5.370307533715603654e+00
-5.500000000000948575e-01	-5.397350629385181620e+00
-5.400000000000950706e-01	-5.423935227349375054e+00
-5.300000000000952838e-01	-5.450049078716943107e+00
-5.200000000000954969e-01	-5.475679816682594847e+00
-5.100000000000957101e-01	-5.500814841876329631e+00
-5.000000000000959233e-01	-5.525442057527440554e+00
-4.900000000000961364e-01	-5.549549802480910898e+00
-4.800000000000963496e-01	-5.573126024915667109e+00
-4.700000000000965628e-01	-5.596158756786005384e+00
-4.600000000000967759e-01	-5.618637235372016647e+00
-4.500000000000969891e-01	-5.640549189212448411e+00
-4.400000000000972022e-01	-5.661884635949114397e+00
-4.300000000000974154e-01	-5.682631948728672278e+00
-4.200000000000976286e-01	-5.702780266835753231e+00
-4.100000000000978417e-01	-5.722319961667006183e+00
-4.000000000000980549e-01	-5.741240165339770662e+00
-3.900000000000982681e-01	-5.759531179987984473e+00
-3.800000000000984812e-01	-5.777183318746356377e+00
-3.700000000000986944e-01	-5.794186382890442744e+00
-3.600000000000989075e-01	-5.810532106457563017e+00
-3.500000000000991207e-01	-5.826211335176901152e+00
-3.400000000000993339e-01	-5.841214591453613103e+00
-3.300000000000995470e-01	-5.855534679501086970e+00
-3.200000000000997602e-01	-5.869162998806202403e+00
-3.100000000000999734e-01	-5.882091195977764642e+00
-3.000000000001001865e-01	-5.894313230000658876e+00
-2.900000000001003997e-01	-5.905820532822491309e+00
-2.800000000001006129e-01	-5.916605776975371711e+00
-2.700000000001008260e-01	-5.926663885478248517e+00
-2.600000000001010392e-01	-5.935988507546015924e+00
-2.500000000001012523e-01	-5.944572307475272765e+00
-2.400000000001014655e-01	-5.952411403261710809e+00
-2.300000000001016787e-01	-5.959499573377785353e+00
-2.200000000001018918e-01	-5.965832031430896798e+00
-2.100000000001021050e-01	-5.971403901560427663e+00
-2.000000000001023182e-01	-5.976211873282403886e+00
-1.900000000001025313e-01	-5.980251878385945297e+00
-1.800000000001027445e-01	-5.983518769896095435e+00
-1.700000000001029576e-01	-5.986011243267864046e+00
-1.600000000001031708e-01	-5.987726014856217027e+00
-1.500000000001033840e-01	-5.988660164028827282e+00
-1.400000000001035971e-01	-5.988812352040818965e+00
-1.300000000001038103e-01	-5.988179755752090827e+00
-1.200000000001040235e-01	-5.986762066908577928e+00
-1.100000000001042366e-01	-5.984557194656852097e+00
-1.000000000001044498e-01	-5.981565046499744298e+00
-9.000000000010466294e-02	-5.977785449313357979e+00
-8.000000000010487611e-02	-5.973218097783647096e+00
-7.000000000010508927e-02	-5.967863610944725394e+00
-6.000000000010530243e-02	-5.961722620651721982e+00
-5.000000000010551560e-02	-5.954795906141379547e+00
-4.000000000010572876e-02	-5.947085646814165294e+00
-3.000000000010594192e-02	-5.938592519733032482e+00
-2.000000000010615508e-02	-5.929320495004937186e+00
-1.000000000010636825e-02	-5.919270429848117132e+00
-1.065814103640150279e-13	-5.908445467396679973e+00
9.999999999893205427e-03	-5.896849671059026576e+00
1.999999999989299226e-02	-5.884485493171692561e+00
2.999999999989277910e-02	-5.871357453395528836e+00
3.999999999989256594e-02	-5.857470114829321339e+00
4.999999999989235278e-02	-5.842827396456101496e+00
5.999999999989213961e-02	-5.827434159289340165e+00
6.999999999989192645e-02	-5.811296220390866907e+00
7.999999999989171329e-02	-5.794418813629349962e+00
8.999999999989150012e-02	-5.776807550845330042e+00
9.999999999989128696e-02	-5.758468470289754393e+00
1.099999999998910738e-01	-5.739408932676913544e+00
1.199999999998908606e-01	-5.719634767716568646e+00
1.299999999998906475e-01	-5.699153923233044594e+00
1.399999999998904343e-01	-5.677973088155204628e+00
1.499999999998902211e-01	-5.656100376748225855e+00
1.599999999998900080e-01	-5.633544037409730088e+00
1.699999999998897948e-01	-5.610311849455509758e+00
1.799999999998895817e-01	-5.586412603295451085e+00
1.899999999998893685e-01	-5.561854409800910837e+00
1.999999999998891553e-01	-5.536647742999008415e+00
2.099999999998889422e-01	-5.510800777409887274e+00
2.199999999998887290e-01	-5.484323551221708115e+00
2.299999999998885158e-01	-5.457226373193383218e+00
2.399999999998883027e-01	-5.429518531002556436e+00
2.499999999998880895e-01	-5.401210996959596500e+00
2.599999999998878764e-01	-5.372314097233491736e+00
2.699999999998876632e-01	-5.342838687717617496e+00
2.799999999998874500e-01	-5.312796251781772838e+00
2.899999999998872369e-01	-5.282197112472476697e+00
2.999999999998870237e-01	-5.251052710780100163e+00
3.099999999998868105e-01	-5.219375924628181451e+00
3.199999999998865974e-01	-5.187177852507924847e+00
3.299999999998863842e-01	-5.154471084498539746e+00
3.399999999998861711e-01	-5.121266495358748116e+00
3.499999999998859579e-01	-5.087578102732391194e+00
3.599999999998857447e-01	-5.053417457133953405e+00
3.699999999998855316e-01	-5.018797860597350891e+00
3.799999999998853184e-01	-4.983731630221694076e+00
3.899999999998851052e-01	-4.948232477936053364e+00
3.999999999998848921e-01	-4.912313450740417586e+00
4.099999999998846789e-01	-4.875986838475701468e+00
4.199999999998844658e-01	-4.839267372642016340e+00
4.299999999998842526e-01	-4.802168885599034098e+00
4.399999999998840394e-01	-4.764703461984288069e+00
4.499999999998838263e-01	-4.726886224693688021e+00
4.599999999998836131e-01	-4.688730532426282238e+00
4.699999999998833999e-01	-4.650250144887912107e+00
4.799999999998831868e-01	-4.611459245391910322e+00
4.899999999998829736e-01	-4.572372557882576238e+00
4.999999999998827604e-01	-4.533003293834821257e+00
5.099999999998825473e-01	-4.493366249366717469e+00
5.199999999998823341e-01	-4.453475866336426670e+00
5.299999999998821210e-01	-4.413346589042173918e+00
5.399999999998819078e-01	-4.372991365081042581e+00
5.499999999998816946e-01	-4.332426685305275527e+00
5.599999999998814815e-01	-4.291665440272876886e+00
5.699999999998812683e-01	-4.250721983183518127e+00
5.799999999998810551e-01	-4.209611514370771523e+00
5.899999999998808420e-01	-4.168348743562547476e+00
5.999999999998806288e-01	-4.126947009025520252e+00
6.099999999998804157e-01	-4.085421867716169331e+00
6.199999999998802025e-01	-4.043785970351096992e+00
6.299999999998799893e-01	-4.002054618612234549e+00
6.399999999998797762e-01	-3.960242323954090704e+00
6.499999999998795630e-01	-3.918362891650039703e+00
6.599999999998793498e-01	-3.876430939351778182e+00
6.699999999998791367e-01	-3.834459486642281867e+00
6.799999999998789235e-01	-3.792463228028630340e+00
6.899999999998787104e-01	-3.750455902803442765e+00
6.999999999998784972e-01	-3.708451435935036233e+00
7.099999999998782840e-01	-3.666462977628611952e+00
7.199999999998780709e-01	-3.624504883891539464e+00
7.299999999998778577e-01	-3.582589996845953362e+00
7.399999999998776445e-01	-3.540731662542787817e+00
7.499999999998774314e-01	-3.498943400842034812e+00
7.599999999998772182e-01	-3.457237747401940009e+00
7.699999999998770051e-01	-3.415627922948349937e+00
7.799999999998767919e-01	-3.374125935396670606e+00
7.899999999998765787e-01	-3.332745327811791114e+00
7.999999999998763656e-01	-3.291498167762929583e+00
8.099999999998761524e-01	-3.250395922909591562e+00
8.199999999998759392e-01	-3.209451206582553784e+00
8.299999999998757261e-01	-3.168675510091473857e+00
8.399999999998755129e-01	-3.128080730596547454e+00
8.499999999998752997e-01	-3.087677719523630682e+00
8.599999999998750866e-01	-3.047478142016333713e+00
8.699999999998748734e-01	-3.007492194481785841e+00
8.799999999998746603e-01	-2.967730567246518625e+00
8.899999999998744471e-01	-2.928203772921156300e+00
8.999999999998742339e-01	-2.888922948983732031e+00
9.099999999998740208e-01	-2.849896092405844072e+00
9.199999999998738076e-01	-2.811134860689167514e+00
9.299999999998735944e-01	-2.772646607337744928e+00
9.399999999998733813e-01	-2.734441241622543206e+00
9.499999999998731681e-01	-2.696528015728711924e+00
9.599999999998729550e-01	-2.658915046435008200e+00
9.699999999998727418e-01	-2.621610059417907479e+00
9.799999999998725286e-01	-2.584621649094754225e+00
9.899999999998723155e-01	-2.547957155647354366e+00
9.999999999998721023e-01	-2.511622922347387377e+00
1.009999999999871889e+00	-2.475627456985057151e+00
1.019999999999871676e+00	-2.439976653119852124e+00
1.029999999999871463e+00	-2.404676611492669203e+00
1.039999999999871250e+00	-2.369734095756727221e+00
1.049999999999871036e+00	-2.335153351504890562e+00
1.059999999999870823e+00	-2.300940377318299035e+00
1.069999999999870610e+00	-2.267101158695365104e+00
1.079999999999870397e+00	-2.233638918620370450e+00
1.089999999999870184e+00	-2.200558148776689205e+00
1.099999999999869971e+00	-2.167864056127180916e+00
1.109999999999869758e+00	-2.135558220212069536e+00
1.119999999999869544e+00	-2.103645586370660681e+00
1.129999999999869331e+00	-2.072128286118155582e+00
1.139999999999869118e+00	-2.041008690388047775e+00
1.149999999999868905e+00	-2.010289546139917505e+00
1.159999999999868692e+00	-1.979972481397440198e+00
1.169999999999868479e+00	-1.950058531855458188e+00
1.179999999999868265e+00	-1.920549422541979023e+00
1.189999999999868052e+00	-1.891445291771765902e+00
1.199999999999867839e+00	-1.862747470599981803e+00
1.209999999999867626e+00	-1.834455205766847508e+00
1.219999999999867413e+00	-1.806568307625363801e+00
1.229999999999867200e+00	-1.779086973190755039e+00
1.239999999999866986e+00	-1.752009169334606042e+00
1.249999999999866773e+00	-1.725334086996838323e+00
1.259999999999866560e+00	-1.699059914416444883e+00
1.269999999999866347e+00	-1.673184640778761834e+00
1.279999999999866134e+00	-1.647706466515568957e+00
1.289999999999865921e+00	-1.622621866636899668e+00
1.299999999999865707e+00	-1.597928519887835686e+00
1.309999999999865494e+00	-1.573623329732354081e+00
1.319999999999865281e+00	-1.549701650022888622e+00
1.329999999999865068e+00	-1.526160704411847924e+00
1.339999999999864855e+00	-1.502995086585113160e+00
1.349999999999864642e+00	-1.480201830231021365e+00
1.359999999999864428e+00	-1.457774435990797368e+00
1.369999999999864215e+00	-1.435709092796782826e+00
1.379999999999864002e+00	-1.413999835562826490e+00
1.389999999999863789e+00	-1.392641287879147427e+00
1.399999999999863576e+00	-1.371626706257868644e+00
1.409999999999863363e+00	-1.350951688050715305e+00
1.419999999999863149e+00	-1.330608144743506305e+00
1.429999999999862936e+00	-1.310590242047011245e+00
1.439999999999862723e+00	-1.290890610647741354e+00
1.449999999999862510e+00	-1.271502152973633670e+00
1.459999999999862297e+00	-1.252418039173717856e+00
1.469999999999862084e+00	-1.233630313005809720e+00
1.479999999999861870e+00	-1.215131693434017723e+00
1.489999999999861657e+00	-1.196914059069060343e+00
1.499999999999861444e+00	-1.178969164238095502e+00
1.509999999999861231e+00	-1.161288660233418923e+00
1.519999999999861018e+00	-1.143865143801202411e+00
1.529999999999860805e+00	-1.126688467950871964e+00
1.539999999999860592e+00	-1.109751259685111791e+00
1.549999999999860378e+00	-1.093043618959493202e+00
1.559999999999860165e+00	-1.076557976668960359e+00
1.569999999999859952e+00	-1.060284463629953544e+00
1.579999999999859739e+00	-1.044214052289269112e+00
1.589999999999859526e+00	-1.028337612732528328e+00
1.599999999999859313e+00	-1.012646266958779906e+00
1.609999999999859099e+00	-9.971299698711858506e-01
1.619999999999858886e+00	-9.817801411647588683e-01
1.629999999999858673e+00	-9.665867065509781142e-01
1.639999999999858460e+00	-9.515407333447641891e-01
1.649999999999858247e+00	-9.366329522869515367e-01
1.659999999999858034e+00	-9.218532036154618581e-01
1.669999999999857820e+00	-9.071935237202777280e-01
1.679999999999857607e+00	-8.926424985515761801e-01
1.689999999999857394e+00	-8.781923117783252408e-01
1.699999999999857181e+00	-8.638336350444850709e-01
1.709999999999856968e+00	-8.495565830912648053e-01
1.719999999999856755e+00	-8.353516992275679121e-01
1.729999999999856541e+00	-8.212111759149425261e-01
1.739999999999856328e+00	-8.071252535315296406e-01
1.749999999999856115e+00	-7.930854542397209883e-01
1.759999999999855902e+00	-7.790820902162672867e-01
1.769999999999855689e+00	-7.651075660138685341e-01
1.779999999999855476e+00	-7.511523933358917882e-01
1.789999999999855262e+00	-7.372094672220127487e-01
1.799999999999855049e+00	-7.232695985057868704e-01
1.809999999999854836e+00	-7.093246198065382702e-01
1.819999999999854623e+00	-6.953674896328636557e-01
1.829999999999854410e+00	-6.813898444154499190e-01
1.839999999999854197e+00	-6.673843306825433253e-01
1.849999999999853983e+00	-6.533443746229329330e-01
1.859999999999853770e+00	-6.392611884350365425e-01
1.869999999999853557e+00	-6.251297373860453810e-01
1.879999999999853344e+00	-6.109417684594516951e-01
1.889999999999853131e+00	-5.966922492988375737e-01
1.899999999999852918e+00	-5.823745660532888557e-01
1.909999999999852704e+00	-5.679824103802436630e-01
1.919999999999852491e+00	-5.535106407387780925e-01
1.929999999999852278e+00	-5.389525004217718962e-01
1.939999999999852065e+00	-5.243047734945589511e-01
1.949999999999851852e+00	-5.095619245259401797e-01
1.959999999999851639e+00	-4.947189826525547618e-01
1.969999999999851426e+00	-4.797711586521195559e-01
1.979999999999851212e+00	-4.647153705291696690e-01
1.989999999999850999e+00	-4.495482726394690598e-01
1.999999999999850786e+00	-4.342651960084118468e-01
2.009999999999850573e+00	-4.188634396069887411e-01
2.019999999999850360e+00	-4.033399992815018820e-01
2.029999999999850147e+00	-3.876936945832933912e-01
2.039999999999849933e+00	-3.719202050221773193e-01
2.049999999999849720e+00	-3.560191582020185153e-01
2.059999999999849507e+00	-3.399879956248878510e-01
2.069999999999849294e+00	-3.238263187704282786e-01
2.079999999999849081e+00	-3.075321922424822385e-01
2.089999999999848868e+00	-2.911061344058604172e-01
2.099999999999848654e+00	-2.745460090373857964e-01
2.109999999999848441e+00	-2.578532714804295245e-01
2.119999999999848228e+00	-2.410280640784879802e-01
2.129999999999848015e+00	-2.240700966926538196e-01
2.139999999999847802e+00	-2.069811635780021697e-01
2.149999999999847589e+00	-1.897618055672340431e-01
2.159999999999847375e+00	-1.724141165660988961e-01
2.169999999999847162e+00	-1.549391486856562250e-01
2.179999999999846949e+00	-1.373391349063735611e-01
2.189999999999846736e+00	-1.196173044163454935e-01
2.199999999999846523e+00	-1.017753324805795723e-01
2.209999999999846310e+00	-8.381624776803497934e-02
2.219999999999846096e+00	-6.574456357512731275e-02
2.229999999999845883e+00	-4.756228648639504453e-02
2.239999999999845670e+00	-2.927286707252679809e-02
2.249999999999845457e+00	-1.088237456307139528e-02
2.259999999999845244e+00	7.606969827752330104e-03
2.269999999999845031e+00	2.618891864081879239e-02
2.279999999999844817e+00	4.485997066207103590e-02
2.289999999999844604e+00	6.361489001836451163e-02
2.299999999999844391e+00	8.244737407505964288e-02
2.309999999999844178e+00	1.013525983200531111e-01
2.319999999999843965e+00	1.203252686902649971e-01
2.329999999999843752e+00	1.393589928878186668e-01
2.339999999999843538e+00	1.584478282211264077e-01
2.349999999999843325e+00	1.775850497476594847e-01
2.359999999999843112e+00	1.967646075018099627e-01
2.369999999999842899e+00	2.159800137745629955e-01
2.379999999999842686e+00	2.352241073895470214e-01
2.389999999999842473e+00	2.544890557162996503e-01
2.399999999999842260e+00	2.737689529298518165e-01
2.409999999999842046e+00	2.930565447354348541e-01
2.419999999999841833e+00	3.123435357228263598e-01
2.429999999999841620e+00	3.316226492488020261e-01
2.439999999999841407e+00	3.508865085583642296e-01
2.449999999999841194e+00	3.701270167054322435e-01
2.459999999999840981e+00	3.893369020077610543e-01
2.469999999999840767e+00	4.085076650056498337e-01
2.479999999999840554e+00	4.276312762858597849e-01
2.489999999999840341e+00	4.467003748579243538e-01
2.499999999999840128e+00	4.657064447383431061e-01
2.509999999999839915e+00	4.846408794973147693e-01
2.519999999999839702e+00	5.034964198987852413e-01
2.529999999999839488e+00	5.222643916764697636e-01
2.539999999999839275e+00	5.409360986535838300e-01
2.549999999999839062e+00	5.595043722694872379e-01
2.559999999999838849e+00	5.779604556392189396e-01
2.569999999999838636e+00	5.962964600581931451e-01
2.579999999999838423e+00	6.145031710559164528e-01
2.589999999999838209e+00	6.325743790344132700e-01
2.599999999999837996e+00	6.505006459332256519e-01
2.609999999999837783e+00	6.682748176363264569e-01
2.619999999999837570e+00	6.858879756309478326e-01
2.629999999999837357e+00	7.033331721104142398e-01
2.639999999999837144e+00	7.206030736999718966e-01
2.649999999999836930e+00	7.376887751689026329e-01
2.659999999999836717e+00	7.545826607462903235e-01
2.669999999999836504e+00	7.712786472335777521e-01
2.679999999999836291e+00	7.877689348713926565e-01
2.689999999999836078e+00	8.040459373137355259e-01
2.699999999999835865e+00	8.201026732233417382e-01
2.709999999999835651e+00	8.359326561527953281e-01
2.719999999999835438e+00	8.515288890762544582e-01
2.729999999999835225e+00	8.668846244847674409e-01
2.739999999999835012e+00	8.819943984222936573e-01
2.749999999999834799e+00	8.968513739288442865e-01
2.759999999999834586e+00	9.114487409822351616e-01
2.769999999999834372e+00	9.257817964467210947e-01
2.779999999999834159e+00	9.398447300280022843e-01
2.789999999999833946e+00	9.536318790587192673e-01
2.799999999999833733e+00	9.671381560833124391e-01
2.809999999999833520e+00	9.803581465547905882e-01
2.819999999999833307e+00	9.932875385258431722e-01
2.829999999999833094e+00	1.005921665710839408e+00
2.839999999999832880e+00	1.018256159705559050e+00
2.849999999999832667e+00	1.030286410283441478e+00
2.859999999999832454e+00	1.042009658838321640e+00
2.869999999999832241e+00	1.053421025736404282e+00
2.879999999999832028e+00	1.064518181435279098e+00
2.889999999999831815e+00	1.075297401580487922e+00
2.899999999999831601e+00	1.085755671768510844e+00
2.909999999999831388e+00	1.095891245273755477e+00
2.919999999999831175e+00	1.105700278936737391e+00
2.929999999999830962e+00	1.115182076478947959e+00
2.939999999999830749e+00	1.124334097998389792e+00
2.949999999999830536e+00	1.133154426558090844e+00
2.959999999999830322e+00	1.141641902355609917e+00
2.969999999999830109e+00	1.149795612463657468e+00
2.979999999999829896e+00	1.157615491083655801e+00
2.989999999999829683e+00	1.165099503865678177e+00
2.999999999999829470e+00	1.172248136052477463e+00
3.009999999999829257e+00	1.179060878274662549e+00
3.019999999999829043e+00	1.185538786862003091e+00
3.029999999999828830e+00	1.191681379770602955e+00
3.039999999999828617e+00	1.197489557514718195e+00
3.049999999999828404e+00	1.202965070426752714e+00
3.059999999999828191e+00	1.208107975202916240e+00
3.069999999999827978e+00	1.212920539964362998e+00
3.079999999999827764e+00	1.217403794466283440e+00
3.089999999999827551e+00	1.221560907529691598e+00
3.099999999999827338e+00	1.225392145341230421e+00
3.109999999999827125e+00	1.228901911730817309e+00
3.119999999999826912e+00	1.232091745043336406e+00
3.129999999999826699e+00	1.234964787072715175e+00
3.139999999999826485e+00	1.237523821126985002e+00
3.149999999999826272e+00	1.239773550368985289e+00
3.159999999999826059e+00	1.241715645510377941e+00
3.169999999999825846e+00	1.243355077774986883e+00
3.179999999999825633e+00	1.244695091252680408e+00
3.189999999999825420e+00	1.245740164343354106e+00
3.199999999999825206e+00	1.246495397347028966e+00
3.209999999999824993e+00	1.246964232822012075e+00
3.219999999999824780e+00	1.247152194095710875e+00
3.229999999999824567e+00	1.247063728923233361e+00
3.239999999999824354e+00	1.246703972385146963e+00
3.249999999999824141e+00	1.246078391892983195e+00
3.259999999999823928e+00	1.245192366789098060e+00
3.269999999999823714e+00	1.244051783135447620e+00
3.279999999999823501e+00	1.242662075942199351e+00
3.289999999999823288e+00	1.241029225165959371e+00
3.299999999999823075e+00	1.239158586547499663e+00
3.309999999999822862e+00	1.237057599726247403e+00
3.319999999999822649e+00	1.234731907262252015e+00
3.329999999999822435e+00	1.232187649530172902e+00
3.339999999999822222e+00	1.229431798384728047e+00
3.349999999999822009e+00	1.226470302966586656e+00
3.359999999999821796e+00	1.223309948111957812e+00
3.369999999999821583e+00	1.219959214641192835e+00
3.379999999999821370e+00	1.216422807906797132e+00
3.389999999999821156e+00	1.212708682009203676e+00
3.399999999999820943e+00	1.208823508424111015e+00
3.409999999999820730e+00	1.204774060174480521e+00
3.419999999999820517e+00	1.200569257326463912e+00
3.429999999999820304e+00	1.196214025411104664e+00
3.439999999999820091e+00	1.191716975588034355e+00
3.449999999999819877e+00	1.187084727066853862e+00
3.459999999999819664e+00	1.182325114076831163e+00
3.469999999999819451e+00	1.177445145565380269e+00
3.479999999999819238e+00	1.172451756755717334e+00
3.489999999999819025e+00	1.167352726538322560e+00
3.499999999999818812e+00	1.162155298916546897e+00
3.509999999999818598e+00	1.156867356826308146e+00
3.519999999999818385e+00	1.151495075782718924e+00
3.529999999999818172e+00	1.146046509926927914e+00
3.539999999999817959e+00	1.140529090635302278e+00
3.549999999999817746e+00	1.134948649129145837e+00
3.559999999999817533e+00	1.129314423706271331e+00
3.569999999999817319e+00	1.123631955524941883e+00
3.579999999999817106e+00	1.117908676059659490e+00
3.589999999999816893e+00	1.112152412938854029e+00
3.599999999999816680e+00	1.106369166191176978e+00
3.609999999999816467e+00	1.100566251588151578e+00
3.619999999999816254e+00	1.094750536033697985e+00
3.629999999999816040e+00	1.088928416666384846e+00
3.639999999999815827e+00	1.083107322337407918e+00
3.649999999999815614e+00	1.077292857623973088e+00
3.659999999999815401e+00	1.071492231581034904e+00
3.669999999999815188e+00	1.065711086961155019e+00
3.679999999999814975e+00	1.059956061221478230e+00
3.689999999999814762e+00	1.054233957674862276e+00
3.699999999999814548e+00	1.048549374556487779e+00
3.709999999999814335e+00	1.042909546894827955e+00
3.719999999999814122e+00	1.037319240657635255e+00
3.729999999999813909e+00	1.031784709653828180e+00
3.739999999999813696e+00	1.026311695396527224e+00
3.749999999999813483e+00	1.020904971367422309e+00
3.759999999999813269e+00	1.015569379718851861e+00
3.769999999999813056e+00	1.010312342869543967e+00
3.779999999999812843e+00	1.005135553984633168e+00
3.789999999999812630e+00	1.000046197592033170e+00
3.799999999999812417e+00	9.950478261159452220e-01
3.809999999999812204e+00	9.901452860042927462e-01
3.819999999999811990e+00	9.853440085541320670e-01
3.829999999999811777e+00	9.806459865557237698e-01
3.839999999999811564e+00	9.760562132452224038e-01
3.849999999999811351e+00	9.715786662394727546e-01
3.859999999999811138e+00	9.672174075603565679e-01
3.869999999999810925e+00	9.629759665534525226e-01
3.879999999999810711e+00	9.588565437013365500e-01
3.889999999999810498e+00	9.548632864341828341e-01
3.899999999999810285e+00	9.509988981867900648e-01
3.909999999999810072e+00	9.472657224336782367e-01
3.919999999999809859e+00	9.436676909780736811e-01
3.929999999999809646e+00	9.402059491519727530e-01
3.939999999999809432e+00	9.368833492012895725e-01
3.949999999999809219e+00	9.337023931510648467e-01
3.959999999999809006e+00	9.306647301406121287e-01
3.969999999999808793e+00	9.277718998798814010e-01
3.979999999999808580e+00	9.250255992783962267e-01
3.989999999999808367e+00	9.224268951629488456e-01
3.999999999999808153e+00	9.199771496172703955e-01
4.009999999999807940e+00	9.176780926835501617e-01
4.019999999999807727e+00	9.155301913110849288e-01
4.029999999999807514e+00	9.135333998001660127e-01
4.039999999999807301e+00	9.116892696398901652e-01
4.049999999999807088e+00	9.099973266258825078e-01
4.059999999999806874e+00	9.084584851247770043e-01
4.069999999999806661e+00	9.070722182658925714e-01
4.079999999999806448e+00	9.058382985691419975e-01
4.089999999999806235e+00	9.047568763734501474e-01
4.099999999999806022e+00	9.038273300719852354e-01
4.109999999999805809e+00	9.030479315321355838e-01
4.119999999999805596e+00	9.024191585265717297e-01
4.129999999999805382e+00	9.019395252050844691e-01
4.139999999999805169e+00	9.016077265628628101e-01
4.149999999999804956e+00	9.014227843078490565e-01
4.159999999999804743e+00	9.013818953042584958e-01
4.169999999999804530e+00	9.014855331525853943e-01
4.179999999999804317e+00	9.017304378102628526e-01
4.189999999999804103e+00	9.021156920131971901e-01
4.199999999999803890e+00	9.026379485865250185e-01
4.209999999999803677e+00	9.032961147975062666e-01
4.219999999999803464e+00	9.040868950086874412e-01
4.229999999999803251e+00	9.050090347901701415e-01
4.239999999999803038e+00	9.060581947151621351e-01
4.249999999999802824e+00	9.072333284836545664e-01
4.259999999999802611e+00	9.085301995019091637e-01
4.269999999999802398e+00	9.099475278909084919e-01
4.279999999999802185e+00	9.114806476788599454e-01
4.289999999999801972e+00	9.131268677814898815e-01
4.299999999999801759e+00	9.148825129617453866e-01
4.309999999999801545e+00	9.167446624178832160e-01
4.319999999999801332e+00	9.187105538950409711e-01
4.329999999999801119e+00	9.207749015204110821e-01
4.339999999999800906e+00	9.229343560953863213e-01
4.349999999999800693e+00	9.251864421372155700e-01
4.359999999999800480e+00	9.275259943817899533e-01
4.369999999999800266e+00	9.299488500944419478e-01
4.379999999999800053e+00	9.324527964770599198e-01
4.389999999999799840e+00	9.350316877819254691e-01
4.399999999999799627e+00	9.376829891847872078e-01
4.409999999999799414e+00	9.404012208049307153e-01
4.419999999999799201e+00	9.431832268416721066e-01
4.429999999999798987e+00	9.460237111695064538e-01
4.439999999999798774e+00	9.489186925744235168e-01
4.449999999999798561e+00	9.518642698651784695e-01
4.459999999999798348e+00	9.548554366279242700e-01
4.469999999999798135e+00	9.578879028891493785e-01
4.479999999999797922e+00	9.609581765676233900e-01
4.489999999999797708e+00	9.640599607925788295e-01
4.499999999999797495e+00	9.671902958297882158e-01
4.509999999999797282e+00	9.703439896799876951e-01
4.519999999999797069e+00	9.735168480666909208e-01
4.529999999999796856e+00	9.767041439326322738e-01
4.539999999999796643e+00	9.799018517775797132e-01
4.549999999999796430e+00	9.831050698560015455e-01
4.559999999999796216e+00	9.863102949014026510e-01
4.569999999999796003e+00	9.895110186809689123e-01
4.579999999999795790e+00	9.927056078138372097e-01
4.589999999999795577e+00	9.958874702198933226e-01
4.599999999999795364e+00	9.990537840976507766e-01
4.609999999999795151e+00	1.002200027934744497e+00
4.619999999999794937e+00	1.005321683757307571e+00
4.629999999999794724e+00	1.008414481517923011e+00
4.639999999999794511e+00	1.011474888652273751e+00
4.649999999999794298e+00	1.014499193397719434e+00
4.659999999999794085e+00	1.017482894747837152e+00
4.669999999999793872e+00	1.020422417288046946e+00
4.679999999999793658e+00	1.023313679153019518e+00
4.689999999999793445e+00	1.026153378993383214e+00
4.699999999999793232e+00	1.028938291575868469e+00
4.709999999999793019e+00	1.031663836402394674e+00
4.719999999999792806e+00	1.034328628071960798e+00
4.729999999999792593e+00	1.036927472937297035e+00
4.739999999999792379e+00	1.039458135308749531e+00
4.749999999999792166e+00	1.041918073044815873e+00
4.759999999999791953e+00	1.044303504237399594e+00
4.769999999999791740e+00	1.046612098352825981e+00
4.779999999999791527e+00	1.048841766183850277e+00
4.789999999999791314e+00	1.050989117254284233e+00
4.799999999999791100e+00	1.053052301169373983e+00
4.809999999999790887e+00	1.055028802948960287e+00
4.819999999999790674e+00	1.056917143090364997e+00
4.829999999999790461e+00	1.058714971919874515e+00
4.839999999999790248e+00	1.060421114256782094e+00
4.849999999999790035e+00	1.062033563839924755e+00
4.859999999999789821e+00	1.063550430504339950e+00
4.869999999999789608e+00	1.064971876017947627e+00
4.879999999999789395e+00	1.066295277823436471e+00
4.889999999999789182e+00	1.067520247873615213e+00
4.899999999999788969e+00	1.068646425745184869e+00
4.909999999999788756e+00	1.069672863940635654e+00
4.919999999999788542e+00	1.070598942100060791e+00
4.929999999999788329e+00	1.071425329269036553e+00
4.939999999999788116e+00	1.072150985835101711e+00
4.949999999999787903e+00	1.072776388216962085e+00
4.959999999999787690e+00	1.073302235589575160e+00
4.969999999999787477e+00	1.073728946554589614e+00
4.979999999999787264e+00	1.074056206382490997e+00
4.989999999999787050e+00	1.074286159630465809e+00
