# X loc scale 2scale var
-2.500000000000000000e+00 -6.483368643637654229e-03 5.389374816598788698e-01 1.077874963319757740e+00 2.904536091378922547e-01
-2.487468671679197829e+00 -6.821345103697251666e-03 5.390396275238910073e-01 1.078079255047782015e+00 2.905637200410951526e-01
-2.474937343358396102e+00 -7.030286873071419154e-03 5.396154374026531642e-01 1.079230874805306328e+00 2.911848202832567067e-01
-2.462406015037593932e+00 -7.047016030144168108e-03 5.402372095053749046e-01 1.080474419010749809e+00 2.918562425341543198e-01
-2.449874686716792205e+00 -6.772679842209698015e-03 5.405677685016924139e-01 1.081135537003384828e+00 2.922135123428993286e-01
-2.437343358395990034e+00 -6.288990302477693445e-03 5.401412102572453744e-01 1.080282420514490749e+00 2.917525270181617336e-01
-2.424812030075187863e+00 -5.581780896150664688e-03 5.388805716913160904e-01 1.077761143382632181e+00 2.903922705463596876e-01
-2.412280701754386136e+00 -4.784737058712368145e-03 5.368811100808666970e-01 1.073762220161733394e+00 2.882413263616637189e-01
-2.399749373433583965e+00 -4.010911209479551577e-03 5.346318014418182107e-01 1.069263602883636421e+00 2.858311631129237251e-01
-2.387218045112781795e+00 -3.340525816729981393e-03 5.325656643577713067e-01 1.065131328715542613e+00 2.836261868528343055e-01
-2.374686716791980068e+00 -2.927908397650196091e-03 5.313351515671823622e-01 1.062670303134364724e+00 2.823170432909206662e-01
-2.362155388471177897e+00 -2.720603420238280196e-03 5.310631747739109620e-01 1.062126349547821924e+00 2.820280956009454942e-01
-2.349624060150375726e+00 -2.773131405361669438e-03 5.317269245659881349e-01 1.063453849131976270e+00 2.827335223084040394e-01
-2.337092731829573999e+00 -2.960475330982751362e-03 5.330489818430548254e-01 1.066097963686109651e+00 2.841412170439173712e-01
-2.324561403508771829e+00 -3.237488705886146581e-03 5.345204449662342983e-01 1.069040889932468597e+00 2.857121060869011187e-01
-2.312030075187970102e+00 -3.433090803862480240e-03 5.355378639291973331e-01 1.071075727858394666e+00 2.868008037018474621e-01
-2.299498746867167931e+00 -3.496325074029382664e-03 5.358613620888719176e-01 1.071722724177743835e+00 2.871473993797410973e-01
-2.286967418546365760e+00 -3.373962405150823796e-03 5.352772291590017772e-01 1.070554458318003554e+00 2.865217120561385222e-01
-2.274436090225564033e+00 -3.046571126991602652e-03 5.339275431508699876e-01 1.067855086301739975e+00 2.850786213351241272e-01
-2.261904761904761862e+00 -2.440995323470928052e-03 5.322804216530646615e-01 1.064560843306129323e+00 2.833224472751643130e-01
-2.249373433583960136e+00 -1.742215640939527663e-03 5.306646571933814061e-01 1.061329314386762812e+00 2.816049783941689810e-01
-2.236842105263157965e+00 -8.805709037775058578e-04 5.295602934134309159e-01 1.059120586826861832e+00 2.804341043601190631e-01
-2.224310776942355794e+00 -3.638955699372731147e-05 5.291770179904384808e-01 1.058354035980876962e+00 2.800283163692528499e-01
-2.211779448621554067e+00 8.284737979495346077e-04 5.295417296225413128e-01 1.059083459245082626e+00 2.804144434116326301e-01
-2.199248120300751896e+00 1.602484170765176678e-03 5.303739014974730992e-01 1.060747802994946198e+00 2.812964753896513015e-01
-2.186716791979949726e+00 2.339274150378988469e-03 5.315544769633449018e-01 1.063108953926689804e+00 2.825501619797751718e-01
-2.174185463659147999e+00 2.974014255634030088e-03 5.326923402930832108e-01 1.065384680586166422e+00 2.837611294069219414e-01
-2.161654135338345828e+00 3.587204056941557893e-03 5.337627568785019427e-01 1.067525513757003885e+00 2.849026806305387516e-01
-2.149122807017543657e+00 4.134279573539138310e-03 5.346277732748314637e-01 1.069255546549662927e+00 2.858268559568045708e-01
-2.136591478696741930e+00 4.664462971281612726e-03 5.353187971230205511e-01 1.070637594246041102e+00 2.865662145532376082e-01
-2.124060150375939759e+00 5.090653408113392578e-03 5.358344004658386339e-01 1.071668800931677268e+00 2.871185047225847109e-01
-2.111528822055138033e+00 5.395598188669961312e-03 5.361969859772927061e-01 1.072393971954585412e+00 2.875072077711330332e-01
-2.098997493734335862e+00 5.563477411251069489e-03 5.363674458159466418e-01 1.072734891631893284e+00 2.876900369311224392e-01
-2.086466165413533691e+00 5.548733685801584929e-03 5.363262434656931310e-01 1.072652486931386262e+00 2.876458394300219212e-01
-2.073934837092731964e+00 5.330929354511134734e-03 5.360991972062986166e-01 1.072198394412597233e+00 2.874023492452378314e-01
-2.061403508771929793e+00 4.902192883827822222e-03 5.357075201145815591e-01 1.071415040229163118e+00 2.869825471073148004e-01
-2.048872180451128067e+00 4.271661235259486752e-03 5.352663301895911330e-01 1.070532660379182266e+00 2.865100442346323883e-01
-2.036340852130325896e+00 3.445652601280141999e-03 5.347909036494700175e-01 1.069581807298940035e+00 2.860013106262166982e-01
-2.023809523809523725e+00 2.394979910644742544e-03 5.343358698522229222e-01 1.068671739704445844e+00 2.855148218107317337e-01
-2.011278195488721998e+00 1.197678934005852241e-03 5.339533082544581921e-01 1.067906616508916384e+00 2.851061353958804778e-01
-1.998746867167919827e+00 -1.722492905019374710e-04 5.337273967131133112e-01 1.067454793426226622e+00 2.848649340021570109e-01
-1.986215538847117879e+00 -1.648433260602158272e-03 5.336145428538248137e-01 1.067229085707649627e+00 2.847444803450964179e-01
-1.973684210526315930e+00 -3.229031792316467038e-03 5.337059902473482165e-01 1.067411980494696433e+00 2.848420840259025533e-01
-1.961152882205513759e+00 -4.883078894698916414e-03 5.340471416208647515e-01 1.068094283241729503e+00 2.852063494734159987e-01
-1.948621553884711810e+00 -6.538024095950110623e-03 5.346412500002259982e-01 1.069282500000451996e+00 2.858412662018041672e-01
-1.936090225563909861e+00 -8.135925819801711339e-03 5.354332759500647354e-01 1.070866551900129471e+00 2.866887929946181912e-01
-1.923558897243107690e+00 -9.665728881568001057e-03 5.364716323368123874e-01 1.072943264673624775e+00 2.878018123021239827e-01
-1.911027568922305742e+00 -1.105433260216439652e-02 5.375638160477073102e-01 1.075127632095414620e+00 2.889748563237732881e-01
-1.898496240601503793e+00 -1.225145777871722470e-02 5.385953323955785521e-01 1.077190664791157104e+00 2.900849320783037699e-01
-1.885964912280701844e+00 -1.317516129690354809e-02 5.394060140712481077e-01 1.078812028142496215e+00 2.909588480162315083e-01
-1.873433583959899895e+00 -1.390905765254831124e-02 5.398282775168816716e-01 1.079656555033763343e+00 2.914145692068433879e-01
-1.860902255639097724e+00 -1.432325014159402388e-02 5.396890178870874522e-01 1.079378035774174904e+00 2.912642360279290021e-01
-1.848370927318295776e+00 -1.450093665069173907e-02 5.389248235551248323e-01 1.077849647110249665e+00 2.904399654439224210e-01
-1.835839598997493827e+00 -1.441514750909643656e-02 5.376518413743497371e-01 1.075303682748699474e+00 2.890695025332289392e-01
-1.823308270676691656e+00 -1.402778844017809126e-02 5.359595180373637469e-01 1.071919036074727494e+00 2.872526049748432286e-01
-1.810776942355889707e+00 -1.340158607769912497e-02 5.341211156015887029e-01 1.068242231203177406e+00 2.852853661314856959e-01
-1.798245614035087758e+00 -1.249194788618037018e-02 5.323201609883705387e-01 1.064640321976741077e+00 2.833647537946847317e-01
-1.785714285714285809e+00 -1.137509744693937855e-02 5.308479577159215257e-01 1.061695915431843051e+00 2.817995542111648155e-01
-1.773182957393483861e+00 -9.924303538560228302e-03 5.298618049121049944e-01 1.059723609824209989e+00 2.807535323047136155e-01
-1.760651629072681690e+00 -8.324873662297720134e-03 5.294235311633033181e-01 1.058847062326606636e+00 2.802892753494212186e-01
-1.748120300751879741e+00 -6.627781373677276745e-03 5.294585013496730941e-01 1.058917002699346188e+00 2.803263046514417600e-01
-1.735588972431077792e+00 -4.913930145170868763e-03 5.299331592819911396e-01 1.059866318563982279e+00 2.808291533065921941e-01
-1.723057644110275621e+00 -3.316309138864554761e-03 5.305197217355609451e-01 1.061039443471121890e+00 2.814511751503770420e-01
-1.710526315789473673e+00 -1.985636941016488948e-03 5.311047375472773835e-01 1.062209475094554767e+00 2.820722422451623634e-01
-1.697994987468671724e+00 -9.565680566915654845e-04 5.313876472810140639e-01 1.062775294562028128e+00 2.823728316828514329e-01
-1.685463659147869775e+00 -3.097065050072888952e-04 5.313702667169061256e-01 1.062740533433812251e+00 2.823543603507959743e-01
-1.672932330827067826e+00 -7.438277404517174289e-05 5.311021168300444906e-01 1.062204233660088981e+00 2.820694585013542310e-01
-1.660401002506265655e+00 -1.834716505161583478e-04 5.307310903703053029e-01 1.061462180740610606e+00 2.816754902856531961e-01
-1.647869674185463706e+00 -5.661993677211645849e-04 5.303638750676418212e-01 1.060727750135283642e+00 2.812858399767652062e-01
-1.635338345864661758e+00 -1.017625686973236410e-03 5.301590580890214177e-01 1.060318116178042835e+00 2.810686268738383786e-01
-1.622807017543859587e+00 -1.477057187415797010e-03 5.300527046341760862e-01 1.060105409268352172e+00 2.809558696900051333e-01
-1.610275689223057638e+00 -1.735070272636432976e-03 5.298899462896693446e-01 1.059779892579338689e+00 2.807833551788686544e-01
-1.597744360902255689e+00 -1.725071222995677158e-03 5.295319820457340398e-01 1.059063964091468080e+00 2.804041200092836084e-01
-1.585213032581453740e+00 -1.318186297109059414e-03 5.288980700316141537e-01 1.057796140063228307e+00 2.797331684831662058e-01
-1.572681704260651792e+00 -4.921667420700342630e-04 5.280259161088299846e-01 1.056051832217659969e+00 2.788113680825691776e-01
-1.560150375939849621e+00 7.064480343840684375e-04 5.272464282607323138e-01 1.054492856521464628e+00 2.779887961136995322e-01
-1.547619047619047672e+00 2.263273247002008364e-03 5.267662798161465432e-01 1.053532559632293086e+00 2.774827135513427967e-01
-1.535087719298245723e+00 4.041749112119806357e-03 5.269726368209821654e-01 1.053945273641964331e+00 2.777001599580587454e-01
-1.522556390977443552e+00 5.956200497880177226e-03 5.279603394067674538e-01 1.055920678813534908e+00 2.787421199865091070e-01
-1.510025062656641603e+00 7.760003848788531340e-03 5.295718642613944649e-01 1.059143728522788930e+00 2.804463594172887930e-01
-1.497493734335839655e+00 9.439684019397385009e-03 5.316012983145252946e-01 1.063202596629050589e+00 2.825999403696889400e-01
-1.484962406015037706e+00 1.075258984897860433e-02 5.336795102331697294e-01 1.067359020466339459e+00 2.848138196427159041e-01
-1.472431077694235757e+00 1.179742734769110429e-02 5.353597093784268068e-01 1.070719418756853614e+00 2.866100184257536210e-01
-1.459899749373433586e+00 1.238981287286514653e-02 5.364983500113303938e-01 1.072996700022660788e+00 2.878304795648799486e-01
-1.447368421052631637e+00 1.264204333377674620e-02 5.369913837726739692e-01 1.073982767545347938e+00 2.883597462460912308e-01
-1.434837092731829689e+00 1.257259259145544934e-02 5.368910709115460866e-01 1.073782141823092173e+00 2.882520220245468057e-01
-1.422305764411027518e+00 1.228443691200687381e-02 5.363997636987097861e-01 1.072799527397419572e+00 2.877247064960317124e-01
-1.409774436090225569e+00 1.181702120940762712e-02 5.356421572517839902e-01 1.071284314503567980e+00 2.869125206253448912e-01
-1.397243107769423620e+00 1.141315817447351166e-02 5.347377269130474398e-01 1.069475453826094880e+00 2.859444365841328772e-01
-1.384711779448621671e+00 1.106376503595580575e-02 5.338703849677226554e-01 1.067740769935445311e+00 2.850175879455844052e-01
-1.372180451127819723e+00 1.106830735293555350e-02 5.329462956995257850e-01 1.065892591399051570e+00 2.840317540998463786e-01
-1.359649122807017552e+00 1.163153699240190853e-02 5.319887111469477903e-01 1.063977422293895581e+00 2.830119887877906582e-01
-1.347117794486215603e+00 1.307447713661913716e-02 5.309983351454552469e-01 1.061996670290910494e+00 2.819592319272452019e-01
-1.334586466165413654e+00 1.575953527942740642e-02 5.299524282523312424e-01 1.059904856504662485e+00 2.808495762105422955e-01
-1.322055137844611483e+00 2.030938076344859095e-02 5.288273175476470023e-01 1.057654635095294005e+00 2.796583317846398908e-01
-1.309523809523809534e+00 2.727902699764841316e-02 5.275126970346610822e-01 1.055025394069322164e+00 2.782696455327821061e-01
-1.296992481203007586e+00 3.727087370163673780e-02 5.258847346713448889e-01 1.051769469342689778e+00 2.765547541603508019e-01
-1.284461152882205637e+00 5.087948267641371342e-02 5.235868441775178850e-01 1.047173688355035770e+00 2.741431833957723718e-01
-1.271929824561403688e+00 6.851381541962416055e-02 5.202382502699257616e-01 1.040476500539851523e+00 2.706478370439139303e-01
-1.259398496240601517e+00 9.020193078451697877e-02 5.153001021830105888e-01 1.030600204366021178e+00 2.655341953098211416e-01
-1.246867167919799568e+00 1.156551483674453235e-01 5.081646399874765185e-01 1.016329279974953037e+00 2.582313013336016150e-01
-1.234335839598997620e+00 1.440058881887570086e-01 4.981137195628905223e-01 9.962274391257810446e-01 2.481172776167779315e-01
-1.221804511278195449e+00 1.737858830711890290e-01 4.846545307733342023e-01 9.693090615466684046e-01 2.348900141991207557e-01
-1.209273182957393500e+00 2.028338504500364348e-01 4.672405303311846780e-01 9.344810606623693561e-01 2.183137131841667022e-01
-1.196741854636591551e+00 2.283945644442391398e-01 4.459296503978043558e-01 8.918593007956087115e-01 1.988532531039080009e-01
-1.184210526315789602e+00 2.475216316213280088e-01 4.207991023268115582e-01 8.415982046536231165e-01 1.770718845190504265e-01
-1.171679197994987653e+00 2.568353988415837397e-01 3.925098275381858071e-01 7.850196550763716141e-01 1.540639647140563673e-01
-1.159147869674185483e+00 2.532769947670656663e-01 3.621825535433188525e-01 7.243651070866377051e-01 1.311762020911590165e-01
-1.146616541353383534e+00 2.344055312302178451e-01 3.314670533330206226e-01 6.629341066660412451e-01 1.098704074452755419e-01
-1.134085213032581585e+00 1.986140821194871398e-01 3.023554638313712961e-01 6.047109276627425922e-01 9.141882650868367322e-02
-1.121553884711779414e+00 1.456393243882226907e-01 2.772501350812071608e-01 5.545002701624143215e-01 7.686763740254762278e-02
-1.109022556390977465e+00 7.686748408842906943e-02 2.585048919105282228e-01 5.170097838210564456e-01 6.682477914167388178e-02
-1.096491228070175517e+00 -4.663634080696288896e-03 2.477816511723211212e-01 4.955633023446422425e-01 6.139574665768182671e-02
-1.083959899749373568e+00 -9.438119347886632371e-02 2.451329831167385898e-01 4.902659662334771795e-01 6.009017941171124894e-02
-1.071428571428571619e+00 -1.861826129884229519e-01 2.488750880520817776e-01 4.977501761041635553e-01 6.193880945293146062e-02
-1.058897243107769448e+00 -2.733371193140328170e-01 2.559982735532341236e-01 5.119965471064682472e-01 6.553511606223648422e-02
-1.046365914786967499e+00 -3.485583602770225831e-01 2.629221387017113276e-01 5.258442774034226552e-01 6.912805101948192588e-02
-1.033834586466165550e+00 -4.052073729977235250e-01 2.665061461161364331e-01 5.330122922322728662e-01 7.102552591767545553e-02
-1.021303258145363380e+00 -4.377230001120172576e-01 2.643488270510256366e-01 5.286976541020512732e-01 6.988030236325305788e-02
-1.008771929824561431e+00 -4.422814948400081159e-01 2.548220954971301966e-01 5.096441909942603932e-01 6.493430035354853802e-02
-9.962406015037594820e-01 -4.172428775532932566e-01 2.374109210767058886e-01 4.748218421534117772e-01 5.636394544648987148e-02
-9.837092731829575332e-01 -3.634801717106970198e-01 2.129219733434169481e-01 4.258439466868338963e-01 4.533576673245475613e-02
-9.711779448621555844e-01 -2.841502711069022746e-01 1.835251932534521513e-01 3.670503865069043026e-01 3.368149655871695985e-02
-9.586466165413534135e-01 -1.846652292234777781e-01 1.532922279274872290e-01 3.065844558549744581e-01 2.349850714297269452e-02
-9.461152882205514647e-01 -7.169158936950435768e-02 1.291812564270728714e-01 2.583625128541457427e-01 1.668779701207715599e-02
-9.335839598997495159e-01 4.687916948157095504e-02 1.200570183666341689e-01 2.401140367332683379e-01 1.441368765908633380e-02
-9.210526315789473450e-01 1.631997159424678212e-01 1.295982460929547830e-01 2.591964921859095661e-01 1.679570539037007065e-02
-9.085213032581453962e-01 2.695731822117769516e-01 1.512269532772335390e-01 3.024539065544670779e-01 2.286959139751457495e-02
-8.959899749373434474e-01 3.593161623074547784e-01 1.753404373163394425e-01 3.506808746326788850e-01 3.074426895828516124e-02
-8.834586466165414986e-01 4.268452136932167074e-01 1.954074723752668163e-01 3.908149447505336327e-01 3.818408026009066647e-02
-8.709273182957395498e-01 4.681340725645515288e-01 2.075793647912292650e-01 4.151587295824585300e-01 4.308919268713023304e-02
-8.583959899749373790e-01 4.805376830560376122e-01 2.101147461601761413e-01 4.202294923203522825e-01 4.414820655395525206e-02
-8.458646616541354302e-01 4.631407760194180545e-01 2.024528372451809832e-01 4.049056744903619665e-01 4.098715130862373712e-02
-8.333333333333334814e-01 4.165257529398785907e-01 1.852596071515554832e-01 3.705192143031109664e-01 3.432112204194866928e-02
-8.208020050125313105e-01 3.430839539817149841e-01 1.600302212939972990e-01 3.200604425879945980e-01 2.560967172740574727e-02
-8.082706766917293617e-01 2.468445233080141521e-01 1.289961350286321085e-01 2.579922700572642169e-01 1.664000285232508647e-02
-7.957393483709274129e-01 1.333739522091005603e-01 9.543666289076220555e-02 1.908733257815244111e-01 9.108156623724987522e-03
-7.832080200501254641e-01 9.786140494572761681e-03 6.473000810668530502e-02 1.294600162133706100e-01 4.189973949491544898e-03
-7.706766917293235153e-01 -1.158578848263828731e-01 4.837093501001414608e-02 9.674187002002829217e-02 2.339747353743012407e-03
-7.581453634085213444e-01 -2.351127912464840153e-01 5.753718551339152831e-02 1.150743710267830566e-01 3.310527716802431821e-03
-7.456140350877193956e-01 -3.396307601083339289e-01 7.933799873612849829e-02 1.586759974722569966e-01 6.294518043453926903e-03
-7.330827067669174468e-01 -4.222727674851786128e-01 1.010445752340056597e-01 2.020891504680113193e-01 1.021000618422063071e-02
-7.205513784461152760e-01 -4.773881226573187253e-01 1.181996614882793173e-01 2.363993229765586346e-01 1.397115997594382091e-02
-7.080200501253133272e-01 -5.015446421469262894e-01 1.292442023410025898e-01 2.584884046820051795e-01 1.670406383876201981e-02
-6.954887218045113784e-01 -4.934951176061680989e-01 1.336675210550844761e-01 2.673350421101689522e-01 1.786700618501145185e-02
-6.829573934837094296e-01 -4.544924883442071906e-01 1.314575375132421287e-01 2.629150750264842573e-01 1.728108416904546030e-02
-6.704260651629074808e-01 -3.874384511733572345e-01 1.231153322702771835e-01 2.462306645405543670e-01 1.515738504002075472e-02
-6.578947368421053099e-01 -2.971493937260801244e-01 1.094536009803083881e-01 2.189072019606167763e-01 1.198009076755656571e-02
-6.453634085213033611e-01 -1.892618959190414951e-01 9.207037264378928332e-02 1.841407452875785666e-01 8.476953518766221565e-03
-6.328320802005014123e-01 -7.033796674309923669e-02 7.391998099172451819e-02 1.478399619834490364e-01 5.464163589816914239e-03
-6.203007518796992414e-01 5.280126596323460320e-02 6.077325721133531450e-02 1.215465144226706290e-01 3.693388792075119609e-03
-6.077694235588972926e-01 1.730350348963562157e-01 6.050839226981295782e-02 1.210167845396259156e-01 3.661265535077560303e-03
-5.952380952380953438e-01 2.831941529905050436e-01 7.383264714656267991e-02 1.476652942931253598e-01 5.451259784668829877e-03
-5.827067669172933950e-01 3.765978121819264501e-01 9.274973620953942677e-02 1.854994724190788535e-01 8.602513566939149273e-03
-5.701754385964914462e-01 4.467953107882185471e-01 1.106824725104152418e-01 2.213649450208304836e-01 1.225060972101882535e-02
-5.576441102756892754e-01 4.885980568112095468e-01 1.236780097755681707e-01 2.473560195511363413e-01 1.529625010204553603e-02
-5.451127819548873266e-01 4.982736830594150512e-01 1.295707947984983122e-01 2.591415895969966243e-01 1.678859086471455597e-02
-5.325814536340853778e-01 4.741294385027974845e-01 1.275711878988342873e-01 2.551423757976685747e-01 1.627440798191968213e-02
-5.200501253132832069e-01 4.169675010409351068e-01 1.180764519509643062e-01 2.361529039019286125e-01 1.394204850532838186e-02
-5.075187969924812581e-01 3.302277441246756484e-01 1.028411652675631505e-01 2.056823305351263009e-01 1.057630527359023666e-02
-4.949874686716793093e-01 2.198806090408077230e-01 8.535528319093900473e-02 1.707105663818780095e-01 7.285524368605394291e-03
-4.824561403508771384e-01 9.391950342502600191e-02 7.170935998625656282e-02 1.434187199725131256e-01 5.142232309638533616e-03
-4.699248120300754117e-01 -3.818242408500795854e-02 6.955519586517408537e-02 1.391103917303481707e-01 4.837925271842730482e-03
-4.573934837092732408e-01 -1.665900167246585628e-01 8.100098140367509303e-02 1.620019628073501861e-01 6.561158988358518386e-03
-4.448621553884715141e-01 -2.820966167048180595e-01 1.009215511714371682e-01 2.018431023428743365e-01 1.018515949084901166e-02
-4.323308270676693432e-01 -3.768319928918562045e-01 1.242411066947024106e-01 2.484822133894048213e-01 1.543585259272442847e-02
-4.197994987468671724e-01 -4.454406963779053985e-01 1.490283206543846772e-01 2.980566413087693545e-01 2.220944035706609934e-02
-4.072681704260654456e-01 -4.850436044394598745e-01 1.748472997817285268e-01 3.496945995634570536e-01 3.057157824096164503e-02
-3.947368421052632748e-01 -4.958348670450873907e-01 2.017663563105220326e-01 4.035327126210440651e-01 4.070966253882453423e-02
-3.822055137844611039e-01 -4.805887416889028652e-01 2.291415862980213103e-01 4.582831725960426206e-01 5.250586657117354422e-02
-3.696741854636593771e-01 -4.441510162305043474e-01 2.558851329662677476e-01 5.117702659325354952e-01 6.547720127316453143e-02
-3.571428571428572063e-01 -3.926465052144902379e-01 2.804545046207188586e-01 5.609090092414377171e-01 7.865472916205282217e-02
-3.446115288220550354e-01 -3.327869240038696663e-01 3.014042476930399728e-01 6.028084953860799455e-01 9.084452052740739358e-02
-3.320802005012533087e-01 -2.709367669550126756e-01 3.179088010535452979e-01 6.358176021070905959e-01 1.010660057873026402e-01
-3.195488721804511378e-01 -2.125428939050816868e-01 3.299536342937902655e-01 6.599072685875805311e-01 1.088694007836802924e-01
-3.070175438596494111e-01 -1.616622572216065701e-01 3.385185166156974290e-01 6.770370332313948580e-01 1.145947860916922134e-01
-2.944862155388472402e-01 -1.205676309723525269e-01 3.454613013575563163e-01 6.909226027151126326e-01 1.193435107356563413e-01
-2.819548872180450694e-01 -9.015219151517446516e-02 3.527956931624458004e-01 7.055913863248916007e-01 1.244648011139706106e-01
-2.694235588972433426e-01 -6.988350277292768031e-02 3.624805020827864821e-01 7.249610041655729642e-01 1.313921143901889688e-01
-2.568922305764411718e-01 -5.816903099259151944e-02 3.755978182763042295e-01 7.511956365526084589e-01 1.410737210939196629e-01
-2.443609022556394450e-01 -5.300865747183819421e-02 3.922542587605979958e-01 7.845085175211959916e-01 1.538634035158261693e-01
-2.318295739348372742e-01 -5.216528887037344409e-02 4.115742411980712889e-01 8.231484823961425779e-01 1.693933560177681708e-01
-2.192982456140351033e-01 -5.347548668251432546e-02 4.320378119066574651e-01 8.640756238133149303e-01 1.866566709170923433e-01
-2.067669172932333765e-01 -5.541121488317444360e-02 4.519881604174022516e-01 9.039763208348045032e-01 2.042932971575073531e-01
-1.942355889724312057e-01 -5.662882980031726243e-02 4.700912331942518341e-01 9.401824663885036681e-01 2.209857675260924470e-01
-1.817042606516290348e-01 -5.650891945391559035e-02 4.852723825624921106e-01 9.705447651249842211e-01 2.354892852778776857e-01
-1.691729323308273081e-01 -5.483822044458729755e-02 4.972304555895568634e-01 9.944609111791137268e-01 2.472381259657982777e-01
-1.566416040100251372e-01 -5.163226170103020485e-02 5.060111812622885008e-01 1.012022362524577002e+00 2.560473155624565789e-01
-1.441102756892229664e-01 -4.734145696251076257e-02 5.122576965873986143e-01 1.024515393174797229e+00 2.624079477130273341e-01
-1.315789473684212396e-01 -4.238247118943429953e-02 5.167271166824444206e-01 1.033454233364888841e+00 2.670069131149525044e-01
-1.190476190476190688e-01 -3.727442740865816867e-02 5.202245847010010804e-01 1.040449169402002161e+00 2.706336185273290340e-01
-1.065162907268173420e-01 -3.245453961352392364e-02 5.235384948608420297e-01 1.047076989721684059e+00 2.740925556011559183e-01
-9.398496240601517115e-02 -2.832150589397979673e-02 5.270678814642408838e-01 1.054135762928481768e+00 2.778005516712030998e-01
-8.145363408521300030e-02 -2.500003261179848182e-02 5.308378426386517468e-01 1.061675685277303494e+00 2.817888151772580119e-01
-6.892230576441127354e-02 -2.267901601841919301e-02 5.345836141659882079e-01 1.069167228331976416e+00 2.857796405347701740e-01
-5.639097744360910269e-02 -2.134130775651923648e-02 5.378131627408038185e-01 1.075626325481607637e+00 2.892429980172663284e-01
-4.385964912280737593e-02 -2.093938195093362001e-02 5.400569499717405852e-01 1.080113899943481170e+00 2.916615092127791131e-01
-3.132832080200520508e-02 -2.142182676148490783e-02 5.410918652751551816e-01 1.082183730550310363e+00 2.927804066669467131e-01
-1.879699248120303423e-02 -2.259421378217978116e-02 5.407059903104383114e-01 1.081411980620876623e+00 2.923629679575918128e-01
-6.265664160401307470e-03 -2.446576309034076760e-02 5.391439055802674796e-01 1.078287811160534959e+00 2.906761509243444008e-01
6.265664160400863381e-03 -2.701621721410719240e-02 5.365511138120014900e-01 1.073102227624002980e+00 2.878870977328993885e-01
1.879699248120303423e-02 -3.019970121559269194e-02 5.335177441405245524e-01 1.067035488281049105e+00 2.846411833127941993e-01
3.132832080200476099e-02 -3.411631711334417449e-02 5.303262278870661817e-01 1.060652455774132363e+00 2.812459079849244370e-01
4.385964912280693184e-02 -3.870366053561186126e-02 5.273621915043602559e-01 1.054724383008720512e+00 2.781108810282815202e-01
5.639097744360910269e-02 -4.394319604284383646e-02 5.249066868142225895e-01 1.049813373628445179e+00 2.755270298622843339e-01
6.892230576441082945e-02 -4.981865700520318047e-02 5.230134823147558620e-01 1.046026964629511724e+00 2.735431026830074663e-01
8.145363408521300030e-02 -5.609361300397840838e-02 5.217157405601700049e-01 1.043431481120340010e+00 2.721873139482466342e-01
9.398496240601472707e-02 -6.279610400853739838e-02 5.206980396024959434e-01 1.041396079204991887e+00 2.711264484458824064e-01
1.065162907268168979e-01 -6.976690011439569405e-02 5.197213699329968906e-01 1.039442739865993781e+00 2.701103023650310297e-01
1.190476190476190688e-01 -7.710011776487032953e-02 5.180926944224840680e-01 1.036185388844968136e+00 2.684200400139494791e-01
1.315789473684207955e-01 -8.483598942794547126e-02 5.149859782385323159e-01 1.029971956477064632e+00 2.652105577822980731e-01
1.441102756892229664e-01 -9.319297851951735545e-02 5.097544658701947951e-01 1.019508931740389590e+00 2.598496154746076092e-01
1.566416040100246931e-01 -1.022827867757641479e-01 5.015847087148271877e-01 1.003169417429654375e+00 2.515872200165380490e-01
1.691729323308268640e-01 -1.122534775199476725e-01 4.899555845119907826e-01 9.799111690239815653e-01 2.400564747944865518e-01
1.817042606516290348e-01 -1.227236086730599668e-01 4.744330016906571634e-01 9.488660033813143269e-01 2.250866730932070958e-01
1.942355889724307616e-01 -1.330453133569464153e-01 4.551186828373960935e-01 9.102373656747921871e-01 2.071330154676463420e-01
2.067669172932329325e-01 -1.419325124237559022e-01 4.322675543853367608e-01 8.645351087706735216e-01 1.868552385742800748e-01
2.192982456140351033e-01 -1.473989035191448083e-01 4.065655324462718045e-01 8.131310648925436091e-01 1.652955321733204919e-01
2.318295739348368301e-01 -1.470371157703325715e-01 3.787962644278111690e-01 7.575925288556223380e-01 1.434866099444642440e-01
2.443609022556390009e-01 -1.381298296166865724e-01 3.499035091449859691e-01 6.998070182899719383e-01 1.224324657119752746e-01
2.568922305764411718e-01 -1.180770561514130623e-01 3.210333372698211396e-01 6.420666745396422792e-01 1.030624036385987263e-01
2.694235588972428985e-01 -8.489063186174934661e-02 2.933331525491909009e-01 5.866663050983818017e-01 8.604433838444690286e-02
2.819548872180450694e-01 -3.753100252446214813e-02 2.682416383977817564e-01 5.364832767955635129e-01 7.195357657032630527e-02
2.944862155388467961e-01 2.360674812761684796e-02 2.473709287045782190e-01 4.947418574091564381e-01 6.119237636816551862e-02
3.070175438596489670e-01 9.629581747877317965e-02 2.321004890956042677e-01 4.642009781912085353e-01 5.387063703841871859e-02
3.195488721804511378e-01 1.767515331160781356e-01 2.227430059344408797e-01 4.454860118688817594e-01 4.961444669271036778e-02
3.320802005012528646e-01 2.595888379382365607e-01 2.179743727423675004e-01 4.359487454847350008e-01 4.751282717242856501e-02
3.446115288220550354e-01 3.383652076512122520e-01 2.148685717957549979e-01 4.297371435915099958e-01 4.616850314554751811e-02
3.571428571428567622e-01 4.062390672866501573e-01 2.097663417098948324e-01 4.195326834197896648e-01 4.400191811435236189e-02
3.696741854636589331e-01 4.566590413907566370e-01 1.993578175535709596e-01 3.987156351071419191e-01 3.974353941972288279e-02
3.822055137844611039e-01 4.842020819323362701e-01 1.811580661570012518e-01 3.623161323140025036e-01 3.281824493374443930e-02
3.947368421052628307e-01 4.849368667410601796e-01 1.540869245473786286e-01 3.081738490947572573e-01 2.374278031646955348e-02
4.072681704260650015e-01 4.573404789939386483e-01 1.182444263299815140e-01 2.364888526599630281e-01 1.398174435810642553e-02
4.197994987468671724e-01 4.019251453179964462e-01 7.544401299582044473e-02 1.508880259916408895e-01 5.691799096913524071e-03
4.323308270676688991e-01 3.217393831748298072e-01 3.204501141527887204e-02 6.409002283055774407e-02 1.026882756605353251e-03
4.448621553884710700e-01 2.215904140692835089e-01 3.858619536407229683e-02 7.717239072814459366e-02 1.488894472674354456e-03
4.573934837092732408e-01 1.078927302673661354e-01 8.583249149218633023e-02 1.716649829843726605e-01 7.367216595756238828e-03
4.699248120300749676e-01 -1.206160620437136607e-02 1.326043134781298427e-01 2.652086269562596854e-01 1.758390395300612682e-02
4.824561403508771384e-01 -1.307635210763205269e-01 1.730844189355667806e-01 3.461688378711335612e-01 2.995821607826278793e-02
4.949874686716788652e-01 -2.409435535855330712e-01 2.044572292407078884e-01 4.089144584814157768e-01 4.180275858878737538e-02
5.075187969924810361e-01 -3.360109818396022630e-01 2.252107362092134191e-01 4.504214724184268381e-01 5.071987570389591138e-02
5.200501253132832069e-01 -4.105012274560125851e-01 2.347654198347882415e-01 4.695308396695764830e-01 5.511480235020438379e-02
5.325814536340849337e-01 -4.601311478751198281e-01 2.335068728177565889e-01 4.670137456355131778e-01 5.452545965312795284e-02
5.451127819548871045e-01 -4.820510624194755400e-01 2.224917059283131604e-01 4.449834118566263208e-01 4.950255920689097811e-02
5.576441102756888313e-01 -4.748169359535898137e-01 2.033862776785830273e-01 4.067725553571660546e-01 4.136597794794968225e-02
5.701754385964910021e-01 -4.384998746819314119e-01 1.779360886726743529e-01 3.558721773453487058e-01 3.166125165212983067e-02
5.827067669172931730e-01 -3.747095620690218953e-01 1.484279699299924093e-01 2.968559398599848187e-01 2.203086225753873167e-02
5.952380952380948997e-01 -2.867099904888268380e-01 1.173041512980169954e-01 2.346083025960339907e-01 1.376026391174806247e-02
6.077694235588970706e-01 -1.792361223032719053e-01 8.829816019307698549e-02 1.765963203861539710e-01 7.796565093482285373e-03
6.203007518796992414e-01 -5.861229099408599152e-02 6.831517774047199398e-02 1.366303554809439880e-01 4.666963509712279863e-03
6.328320802005009682e-01 6.781398244853617530e-02 6.621620798482333314e-02 1.324324159696466663e-01 4.384586199889381301e-03
6.453634085213031391e-01 1.918783524088949755e-01 8.065489340746674618e-02 1.613097868149334924e-01 6.505211830569822447e-03
6.578947368421053099e-01 3.053910040898755729e-01 1.005603434917038963e-01 2.011206869834077926e-01 1.011238268316947374e-02
6.704260651629070367e-01 4.005063480460952507e-01 1.182357155438756025e-01 2.364714310877512049e-01 1.397968443017226677e-02
6.829573934837092075e-01 4.707050222649702964e-01 1.299999941360042155e-01 2.599999882720084310e-01 1.689999847536113181e-02
6.954887218045109343e-01 5.111975579677335846e-01 1.339757088736587554e-01 2.679514177473175107e-01 1.794949056819936453e-02
7.080200501253131051e-01 5.192566001349698812e-01 1.299111339945283883e-01 2.598222679890567766e-01 1.687690273574430841e-02
7.205513784461152760e-01 4.945449025851550995e-01 1.185328725915965192e-01 2.370657451831930385e-01 1.405004188481565400e-02
7.330827067669170027e-01 4.388865917233339409e-01 1.017284156546296447e-01 2.034568313092592895e-01 1.034867055160109718e-02
7.456140350877191736e-01 3.561512743005449400e-01 8.281904540695002315e-02 1.656380908139000463e-01 6.858994282118449463e-03
7.581453634085209004e-01 2.518249598598337746e-01 6.737089031599764744e-02 1.347417806319952949e-01 4.538836861970185418e-03
7.706766917293230712e-01 1.328023318233715888e-01 6.308830746881620433e-02 1.261766149376324087e-01 3.980134539279890464e-03
7.832080200501252421e-01 6.445977171265722394e-03 7.329174685197016592e-02 1.465834937039403318e-01 5.371680156613278974e-03
7.957393483709269688e-01 -1.191981365208347049e-01 9.211355018164821273e-02 1.842271003632964255e-01 8.484906127067023962e-03
8.082706766917291397e-01 -2.364005683924087220e-01 1.128360802677287195e-01 2.256721605354574389e-01 1.273198101018531772e-02
8.208020050125313105e-01 -3.378868866052514019e-01 1.312789883555553483e-01 2.625579767111106966e-01 1.723417278365803676e-02
8.333333333333330373e-01 -4.174410195163169579e-01 1.448068493515430044e-01 2.896136987030860088e-01 2.096902361912047000e-02
8.458646616541352081e-01 -4.702293429943176784e-01 1.514273800774369183e-01 3.028547601548738366e-01 2.293025143711653960e-02
8.583959899749373790e-01 -4.932928367569915373e-01 1.496295781161130767e-01 2.992591562322261534e-01 2.238901064720598411e-02
8.709273182957391057e-01 -4.855637387478261568e-01 1.385801973794461295e-01 2.771603947588922590e-01 1.920447110572624794e-02
8.834586466165412766e-01 -4.482089406067648607e-01 1.181795214311022191e-01 2.363590428622044382e-01 1.396639928568434857e-02
8.959899749373430033e-01 -3.841692823551074998e-01 8.923343770972499978e-02 1.784668754194499996e-01 7.962606405495372200e-03
9.085213032581451742e-01 -2.980542262687870814e-01 5.479807426817200761e-02 1.095961485363440152e-01 3.002828943500095247e-03
9.210526315789473450e-01 -1.954902225217556022e-01 3.252289240185108482e-02 6.504578480370216964e-02 1.057738530182382930e-03
9.335839598997490718e-01 -8.286302749483907826e-02 6.216649386983592873e-02 1.243329877396718575e-01 3.864672960068348158e-03
9.461152882205512427e-01 3.350115648252912498e-02 1.122206859724545480e-01 2.244413719449090960e-01 1.259348236012825667e-02
9.586466165413529694e-01 1.476982964563253453e-01 1.661419815881752249e-01 3.322839631763504498e-01 2.760315804604555542e-02
9.711779448621551403e-01 2.541058417825852733e-01 2.198276355242915758e-01 4.396552710485831517e-01 4.832418934020078077e-02
9.837092731829573111e-01 3.484017958216218402e-01 2.705417868832230011e-01 5.410835737664460021e-01 7.319285844996725743e-02
9.962406015037590379e-01 4.269497138419094395e-01 3.160305975876969153e-01 6.320611951753938307e-01 9.987533861163681859e-02
1.008771929824561209e+00 4.871884428151621593e-01 3.543686183974711357e-01 7.087372367949422713e-01 1.255771177049325171e-01
1.021303258145363380e+00 5.276960108874669819e-01 3.839922425626498548e-01 7.679844851252997096e-01 1.474500423482929257e-01
1.033834586466165106e+00 5.480046624144104817e-01 4.042215380117225032e-01 8.084430760234450064e-01 1.633950517925624180e-01
1.046365914786967277e+00 5.487605563256088281e-01 4.151239488036438940e-01 8.302478976072877881e-01 1.723278928703303459e-01
1.058897243107769448e+00 5.316559792733259737e-01 4.180273114979593529e-01 8.360546229959187059e-01 1.747468331582119339e-01
1.071428571428571175e+00 4.993074830965189004e-01 4.151477775551671301e-01 8.302955551103342602e-01 1.723476772089945208e-01
1.083959899749373346e+00 4.549130511388103648e-01 4.097033868118503119e-01 8.194067736237006239e-01 1.678568651651006494e-01
1.096491228070175072e+00 4.021554173987071379e-01 4.052102160309871692e-01 8.104204320619743385e-01 1.641953191758792896e-01
1.109022556390977243e+00 3.448054972993115919e-01 4.046787463452180544e-01 8.093574926904361089e-01 1.637648877435373407e-01
1.121553884711779414e+00 2.865265799497304089e-01 4.098916441674035349e-01 8.197832883348070698e-01 1.680111599582573556e-01
1.134085213032581141e+00 2.303525934973817413e-01 4.207803297701740997e-01 8.415606595403481993e-01 1.770560859214964644e-01
1.146616541353383312e+00 1.787195047334340092e-01 4.361131334194106590e-01 8.722262668388213180e-01 1.901946651408966960e-01
1.159147869674185038e+00 1.332240944057270504e-01 4.536259256568864195e-01 9.072518513137728391e-01 2.057764804280670379e-01
1.171679197994987209e+00 9.478838331623165581e-02 4.713399970704725828e-01 9.426799941409451655e-01 2.221613928383930903e-01
1.184210526315789380e+00 6.349469512370529978e-02 4.875142185768565062e-01 9.750284371537130124e-01 2.376701133146030265e-01
1.196741854636591107e+00 3.897408113954614617e-02 5.011004822522890922e-01 1.002200964504578184e+00 2.511016933134767037e-01
1.209273182957393278e+00 2.045850499881816595e-02 5.116432622174859057e-01 1.023286524434971811e+00 2.617788277725510149e-01
1.221804511278195449e+00 6.960953295964898181e-03 5.191912165846982452e-01 1.038382433169396490e+00 2.695595193786990418e-01
1.234335839598997175e+00 -2.430776310064918996e-03 5.240408663147244628e-01 1.048081732629448926e+00 2.746188295678869129e-01
1.246867167919799346e+00 -8.688681580895142934e-03 5.268522348444264480e-01 1.053704469688852896e+00 2.775732773605666948e-01
1.259398496240601517e+00 -1.250962815044224900e-02 5.281750857714397895e-01 1.056350171542879579e+00 2.789689212296677656e-01
1.271929824561403244e+00 -1.451818216999409446e-02 5.286806269412007708e-01 1.057361253882401542e+00 2.795032053029410934e-01
1.284461152882205415e+00 -1.511923133691115903e-02 5.288073962211776724e-01 1.057614792442355345e+00 2.796372622982216116e-01
1.296992481203007141e+00 -1.468646063990414197e-02 5.287292609206448724e-01 1.057458521841289745e+00 2.795546313536913519e-01
1.309523809523809312e+00 -1.341874763538871210e-02 5.286907840028849392e-01 1.057381568005769878e+00 2.795139450895851585e-01
1.322055137844611483e+00 -1.152478328880700460e-02 5.287217478237835611e-01 1.057443495647567122e+00 2.795466866218365709e-01
1.334586466165413210e+00 -9.186078946679034074e-03 5.288948267899854505e-01 1.057789653579970901e+00 2.797297378052087113e-01
1.347117794486215381e+00 -6.621869937976457635e-03 5.292229797780586553e-01 1.058445959556117311e+00 2.800769623251674889e-01
1.359649122807017108e+00 -4.073798437748467685e-03 5.297987811128287428e-01 1.059597562225657486e+00 2.806867484686390024e-01
1.372180451127819278e+00 -1.699381157942309213e-03 5.305437656424677462e-01 1.061087531284935492e+00 2.814766872620897420e-01
1.384711779448621449e+00 2.507750144610432132e-04 5.314436013865784236e-01 1.062887202773156847e+00 2.824323014547364674e-01
1.397243107769423176e+00 1.674138387858880575e-03 5.325051214736450378e-01 1.065010242947290076e+00 2.835617043956614736e-01
1.409774436090225347e+00 2.482911350214810683e-03 5.336555800712105002e-01 1.067311160142421000e+00 2.847882781411401609e-01
1.422305764411027518e+00 2.607467968581864484e-03 5.350249406178279044e-01 1.070049881235655809e+00 2.862516870831102733e-01
1.434837092731829244e+00 2.129299205036555304e-03 5.365277247855957388e-01 1.073055449571191478e+00 2.878619994636079649e-01
1.447368421052631415e+00 1.309349377552165112e-03 5.381259813874844644e-01 1.076251962774968929e+00 2.895795718442432665e-01
1.459899749373433586e+00 2.187820023403241085e-04 5.398374350439782976e-01 1.079674870087956595e+00 2.914244562748614653e-01
1.472431077694235313e+00 -9.523491419812008972e-04 5.413695633089061765e-01 1.082739126617812353e+00 2.930810040772757752e-01
1.484962406015037484e+00 -1.952040336823752421e-03 5.425887321475352243e-01 1.085177464295070449e+00 2.944025322534697398e-01
1.497493734335839211e+00 -2.691278865653262253e-03 5.433026685482014173e-01 1.086605337096402835e+00 2.951777896515968003e-01
1.510025062656641381e+00 -3.059485345980213471e-03 5.432861378175251055e-01 1.086572275635050211e+00 2.951598275446828956e-01
1.522556390977443108e+00 -3.155187751350380619e-03 5.423732722067494683e-01 1.084746544413498937e+00 2.941687664042567651e-01
1.535087719298245723e+00 -2.981061402960254701e-03 5.405994943449602408e-01 1.081198988689920482e+00 2.922478132860267253e-01
1.547619047619047450e+00 -2.669772978511113660e-03 5.380332976071432460e-01 1.076066595214286492e+00 2.894798293340167805e-01
1.560150375939849177e+00 -2.364486497743427049e-03 5.348948095687524606e-01 1.069789619137504921e+00 2.861124573035919716e-01
1.572681704260651792e+00 -2.133332383437601485e-03 5.316346739251387454e-01 1.063269347850277491e+00 2.826354265194885862e-01
1.585213032581453518e+00 -2.075348764923720581e-03 5.284823395443050131e-01 1.056964679088610026e+00 2.792935832102220739e-01
1.597744360902255245e+00 -2.206729906113304770e-03 5.259370054996499455e-01 1.051874010999299891e+00 2.766097337539388246e-01
1.610275689223056972e+00 -2.496870762445612714e-03 5.240054629692016963e-01 1.048010925938403393e+00 2.745817252215674298e-01
1.622807017543859587e+00 -2.889437483150073677e-03 5.227788221520354162e-01 1.045557644304070832e+00 2.732976968906694615e-01
1.635338345864661314e+00 -3.344344312828519562e-03 5.220891336158505203e-01 1.044178267231701041e+00 2.725770634397494119e-01
1.647869674185463040e+00 -3.679621296579627283e-03 5.217727984333279112e-01 1.043545596866655822e+00 2.722468531849462359e-01
1.660401002506265655e+00 -3.829885473038718326e-03 5.217527989853539827e-01 1.043505597970707965e+00 2.722259832490511733e-01
1.672932330827067382e+00 -3.736564117439821701e-03 5.217955305118321396e-01 1.043591061023664279e+00 2.722705756621243700e-01
1.685463659147869109e+00 -3.323250778630652824e-03 5.220745095741096131e-01 1.044149019148219226e+00 2.725617935470470710e-01
1.697994987468671724e+00 -2.592226948740618611e-03 5.225004012783948104e-01 1.045000802556789621e+00 2.730066693360835850e-01
1.710526315789473450e+00 -1.565066042829309917e-03 5.232016530670871024e-01 1.046403306134174205e+00 2.737399697721325520e-01
1.723057644110275177e+00 -2.056308097182541926e-04 5.241294434958629900e-01 1.048258886991725980e+00 2.747116735392830522e-01
1.735588972431077792e+00 1.303356249180309505e-03 5.252093671350079873e-01 1.050418734270015975e+00 2.758448793263555965e-01
1.748120300751879519e+00 2.833373600613959317e-03 5.263454131930576096e-01 1.052690826386115219e+00 2.770394939893705555e-01
1.760651629072681246e+00 4.273003915472755807e-03 5.273773585231807948e-01 1.054754717046361590e+00 2.781268782828875685e-01
1.773182957393483861e+00 5.425802855476325598e-03 5.282717399115349766e-01 1.056543479823069953e+00 2.790710311891604345e-01
1.785714285714285587e+00 6.172358342379490395e-03 5.289109141604271258e-01 1.057821828320854252e+00 2.797467551180187195e-01
1.798245614035087314e+00 6.406370993085816479e-03 5.293231898992122320e-01 1.058646379798424464e+00 2.801830393650774909e-01
1.810776942355889929e+00 6.111915319889815908e-03 5.294336260773184755e-01 1.058867252154636951e+00 2.802999644213778896e-01
1.823308270676691656e+00 5.267340936178397520e-03 5.293865335284823059e-01 1.058773067056964612e+00 2.802501018813028932e-01
1.835839598997493383e+00 4.093925703854521536e-03 5.291845013704939982e-01 1.058369002740987996e+00 2.800362364907383883e-01
1.848370927318295109e+00 2.583358279045278646e-03 5.289305645941166922e-01 1.057861129188233384e+00 2.797675421618510683e-01
1.860902255639097724e+00 8.776243137613116627e-04 5.287845032011488922e-01 1.057569006402297784e+00 2.796130508256858271e-01
1.873433583959899451e+00 -7.844305631693141573e-04 5.288219141093867259e-01 1.057643828218773452e+00 2.796526168423155712e-01
1.885964912280701178e+00 -2.342982078445209494e-03 5.291058064659421856e-01 1.058211612931884371e+00 2.799529544359750655e-01
1.898496240601503793e+00 -3.775577715877064672e-03 5.296917913841054926e-01 1.059383582768210985e+00 2.805733938597027577e-01
1.911027568922305520e+00 -4.906291203826229456e-03 5.304282387968367596e-01 1.060856477593673519e+00 2.813541165131140942e-01
1.923558897243107246e+00 -5.724517900621674607e-03 5.312199865234311646e-01 1.062439973046862329e+00 2.821946740819543664e-01
1.936090225563909861e+00 -6.251537167013972683e-03 5.317916894539186368e-01 1.063583378907837274e+00 2.828024009722530652e-01
1.948621553884711588e+00 -6.398591119829315221e-03 5.320481004366206523e-01 1.064096200873241305e+00 2.830751811782163951e-01
1.961152882205513315e+00 -6.217874181647399350e-03 5.319307045158978564e-01 1.063861409031795713e+00 2.829502744067794451e-01
1.973684210526315930e+00 -5.779490211661464372e-03 5.313950504967245303e-01 1.062790100993449061e+00 2.823806996924164148e-01
1.986215538847117656e+00 -5.033653256860320252e-03 5.305659128023041404e-01 1.061131825604608281e+00 2.815001878277422209e-01
1.998746867167919383e+00 -4.178576624753744216e-03 5.295567223115765776e-01 1.059113444623153155e+00 2.804303221453802175e-01
2.011278195488721110e+00 -3.170041600913044329e-03 5.285832964475304374e-01 1.057166592895060875e+00 2.794003012833378707e-01
2.023809523809523725e+00 -2.162899661184904815e-03 5.277059070399711116e-01 1.055411814079942223e+00 2.784735243248786518e-01
2.036340852130325452e+00 -1.226252858587870012e-03 5.269625571122641405e-01 1.053925114224528281e+00 2.776895365982962605e-01
2.048872180451127178e+00 -3.948256425197838124e-04 5.263367269038214946e-01 1.052673453807642989e+00 2.770303500878279479e-01
2.061403508771929793e+00 2.442810383405522512e-04 5.258601194622286590e-01 1.051720238924457318e+00 2.765288652408293690e-01
2.073934837092731520e+00 7.158658297300597153e-04 5.255505017628832043e-01 1.051101003525766409e+00 2.762033299032182754e-01
2.086466165413533247e+00 9.932931912918167155e-04 5.253806658664007534e-01 1.050761331732801507e+00 2.760248440662226299e-01
2.098997493734335862e+00 1.045824526497051571e-03 5.253852998039013622e-01 1.050770599607802724e+00 2.760297132500353356e-01
2.111528822055137589e+00 9.575501425832379059e-04 5.256463352235917208e-01 1.051292670447183442e+00 2.763040697339925744e-01
2.124060150375939315e+00 7.596531933967149829e-04 5.260130431269410822e-01 1.052026086253882164e+00 2.766897215396652010e-01
2.136591478696741930e+00 4.744854416960777384e-04 5.264671493461804408e-01 1.052934298692360882e+00 2.771676593406934841e-01
2.149122807017543657e+00 2.713293075892134892e-05 5.267597082901418482e-01 1.053519416580283696e+00 2.774757902779153573e-01
2.161654135338345384e+00 -5.457848877901852296e-04 5.268437847232294580e-01 1.053687569446458916e+00 2.775643735014965419e-01
2.174185463659147999e+00 -1.162054647104735503e-03 5.265415183754663664e-01 1.053083036750932733e+00 2.772459705731415980e-01
2.186716791979949726e+00 -1.917380993520131612e-03 5.257612571464698181e-01 1.051522514292939636e+00 2.764248995162363332e-01
2.199248120300751452e+00 -2.713437250684993998e-03 5.247267030827329481e-01 1.049453406165465896e+00 2.753381129280745854e-01
2.211779448621554067e+00 -3.513599145887880831e-03 5.236288353587391642e-01 1.047257670717478328e+00 2.741871572191495465e-01
2.224310776942355794e+00 -4.241962838595072886e-03 5.227866298033361225e-01 1.045573259606672245e+00 2.733058603011304100e-01
2.236842105263157521e+00 -4.838519301834603645e-03 5.224161405660266988e-01 1.044832281132053398e+00 2.729186239239025924e-01
2.249373433583959248e+00 -5.238379787853890239e-03 5.226499282372488731e-01 1.045299856474497746e+00 2.731629474864014084e-01
2.261904761904761862e+00 -5.392464698603482813e-03 5.235419613907640324e-01 1.047083922781528065e+00 2.740961853368882317e-01
2.274436090225563589e+00 -5.312583473382298700e-03 5.247845877117575109e-01 1.049569175423515022e+00 2.753988634997993068e-01
2.286967418546365316e+00 -4.999978454598957844e-03 5.261600007687384783e-01 1.052320001537476957e+00 2.768443464089588857e-01
2.299498746867167931e+00 -4.649216019194223753e-03 5.274410941062661617e-01 1.054882188212532323e+00 2.781941077520151406e-01
2.312030075187969658e+00 -4.204385241706240679e-03 5.284971501813814365e-01 1.056994300362762873e+00 2.793092377498416212e-01
2.324561403508771384e+00 -3.796094334496668068e-03 5.291990926924141636e-01 1.058398185384828327e+00 2.800516797064743768e-01
2.337092731829573999e+00 -3.517503907193761034e-03 5.298187867855161937e-01 1.059637573571032387e+00 2.807079468308762427e-01
2.349624060150375726e+00 -3.357546727301354006e-03 5.303047757548130514e-01 1.060609551509626103e+00 2.812231551883625502e-01
2.362155388471177453e+00 -3.291847067968217515e-03 5.309896894280499158e-01 1.061979378856099832e+00 2.819500502788969132e-01
2.374686716791980068e+00 -3.136429186202838344e-03 5.319554806121296053e-01 1.063910961224259211e+00 2.829766333532817701e-01
2.387218045112781795e+00 -2.961403912820999382e-03 5.332042383075608072e-01 1.066408476615121614e+00 2.843067597491460985e-01
2.399749373433583521e+00 -2.562610008310348825e-03 5.345934621117744978e-01 1.069186924223548996e+00 2.857901697326532542e-01
2.412280701754385248e+00 -1.855417537377498016e-03 5.360578497129991904e-01 1.072115699425998381e+00 2.873580182389244286e-01
2.424812030075187863e+00 -8.498338865225280557e-04 5.372797716275379276e-01 1.074559543255075855e+00 2.886695530001393006e-01
2.437343358395989590e+00 4.331441307211182819e-04 5.381848848289946252e-01 1.076369769657989250e+00 2.896429702583981913e-01
2.449874686716791317e+00 1.933273550851250140e-03 5.385840086973656682e-01 1.077168017394731336e+00 2.900727344245240813e-01
2.462406015037593932e+00 3.575880153092866106e-03 5.385958287444622128e-01 1.077191657488924426e+00 2.900854667409340504e-01
2.474937343358395658e+00 5.188787070107277015e-03 5.382799688467945209e-01 1.076559937693589042e+00 2.897453248617060662e-01
2.487468671679197385e+00 6.635159230841654668e-03 5.377338252231808058e-01 1.075467650446361612e+00 2.891576667891543884e-01
2.500000000000000000e+00 7.802725025611238763e-03 5.372226409105502754e-01 1.074445281821100551e+00 2.886081659069060223e-01
