# X Y attrib
2.173716192603771802e-01 2.086387818266644822e-01 5.243610267654359941e-04
5.616697730295941327e+00 -6.816551228230527393e-01 4.428077326366121075e-04
3.335865719780146676e+00 -1.957618466368019894e-01 3.758273277742767062e-04
-2.734494471934103110e+00 -4.092344267680286252e-01 5.060569121320558205e-04
-3.505447349848006766e+00 2.711708949955215497e-01 5.845916155565472226e-04
2.340135739672792425e+00 7.310395467750115950e-01 3.891529329778768980e-04
-4.182852136835629508e+00 7.347954349572600741e-01 1.256554022402128334e-03
-1.351607828766789865e+00 -8.667043703994018466e-01 2.155569744415260745e-03
1.483489547473826775e+00 9.594454568950121498e-01 4.592956508300432596e-04
-1.106719067976453807e+00 -9.747700575349951269e-01 5.846541543286801418e-04
-6.252210696488884167e+00 -9.985182683532492498e-02 1.361008304761707113e-03
4.825890731529041133e+00 -1.047304859504619046e+00 4.377738490847695872e-04
4.837393434324017250e+00 -1.032381878915456852e+00 5.062942763445793960e-04
-2.508125814455873126e+00 -5.461559831834796874e-01 4.375898545915471059e-04
1.125718918613673125e+00 9.903933919429216415e-01 4.510287661423645214e-04
6.012089938527255484e+00 -2.812301007540313202e-01 5.321336042146337930e-04
4.336576865564968131e+00 -1.010905011541654908e+00 4.072657320824967539e-04
-5.465423222094749178e+00 7.119101184900488155e-01 3.932504037217181021e-04
-2.579317127010259281e+00 -5.814883104347506881e-01 5.411274413441161720e-04
-2.664894409346845183e+00 -3.830363767559651356e-01 6.911868629963387710e-04
4.052231527829361468e+00 -7.542869709469229855e-01 4.702481341256075265e-04
1.585662820254204242e+00 9.655370363222816055e-01 4.675900997360010747e-04
-4.894881409513216042e+00 1.018551520706905134e+00 4.513910740229533911e-04
-6.276540070041450647e+00 -6.156496262850623402e-02 5.120409223300629751e-04
5.556424755217244993e+00 -7.041498725936847780e-01 4.010766530321270107e-04
-4.505034343392204654e+00 9.781003898342112146e-01 4.454519528428122757e-04
-9.852471096492489977e-01 -7.800079964934623078e-01 4.724806791826611780e-04
-1.929070588311159185e+00 -9.299967224461248572e-01 4.727775873099067795e-04
4.646856418197067740e+00 -9.864025103750149182e-01 4.132132412477594022e-04
-8.972160871747307809e-01 -7.912135362890515555e-01 3.501196894331270971e-04
4.131212992020437014e+00 -8.109328327817567628e-01 1.446294437702269923e-03
2.737606938167814974e+00 3.366448318876549273e-01 3.992153502370365489e-04
-4.784938480937038996e+00 9.428981589609839453e-01 4.665684394534363641e-04
1.211199235627348436e+00 9.611124602149928586e-01 4.246241887765016656e-04
-4.652619580669172805e+00 9.515264351029206757e-01 4.170970558862092427e-04
-5.308863175288157876e+00 8.460805626355502040e-01 3.841410532513809596e-04
4.162047992429386056e+00 -8.311221869862116529e-01 9.501033350268812310e-04
-4.475435638745315359e-01 -4.242263765342874082e-01 3.840068981544903382e-04
-4.247276451879959502e+00 8.673688775436175780e-01 3.465366900464596331e-04
6.028753007728564484e-01 5.554896113084126785e-01 4.424704829625513368e-04
1.111945631387034616e+00 9.088089547578211969e-01 3.914198224138950698e-04
3.438324487574995203e+00 -3.204386384808073363e-01 4.405762233003215705e-04
1.958411783879295598e+00 9.047423628635012927e-01 4.391554226990188460e-04
7.251645265595465517e-01 6.628586985973713430e-01 4.562872709084974483e-04
-4.043264094462690750e+00 8.351247513587973792e-01 5.249905652556957928e-04
-3.259923490182783379e+00 1.123587143213876094e-01 3.970793717183579690e-04
7.608475428078076419e-02 2.498421108460183865e-02 2.592827615186801913e-03
-1.297531816031028740e+00 -1.059462663988833819e+00 7.959360335794178013e-04
-2.129348197155858102e-01 -2.477399950426260322e-01 5.870037839909945238e-04
5.726995746843298818e+00 -6.050544164802595937e-01 5.055581065612366415e-04
5.046681994356875478e+00 -9.485146376538131641e-01 4.907965372801897886e-04
7.237377445687975808e-02 1.092748841337499582e-01 5.415294856285612479e-04
4.030053719132597578e+00 -8.268324497074253099e-01 3.532520259089841526e-03
4.118199783286145887e+00 -8.656440710504196279e-01 9.539025427321150708e-04
-3.369881540444613854e+00 1.796811487082884407e-01 3.462311638552344065e-04
-5.289744765916797320e+00 8.842875789768607220e-01 2.748926251385842867e-04
-4.302357546151132084e-01 -4.545808994354959554e-01 4.353624838713997724e-04
4.762350462284469899e+00 -9.682394491907990730e-01 4.206803351128562919e-04
-4.429607204730253045e+00 1.026217912084466999e+00 5.341495930044607874e-04
-3.377195699593172229e+00 2.166931076044297522e-01 5.498463562910866883e-04
5.252061891192532528e+00 -7.661858613882485125e-01 1.355988646753567180e-03
-4.661325186483868954e+00 9.977285205221366748e-01 4.066065963914149346e-04
5.232733762160407309e+00 -9.112359363753848029e-01 4.202887907563913547e-04
-3.332632263084361224e+00 1.811840517919226790e-01 3.776347694988632393e-04
1.457532721085919469e+00 8.960277540922920725e-01 4.957116809428208180e-04
5.674819157084169063e+00 -5.650292972976063144e-01 3.940375889237381947e-04
-3.077116871403457132e+00 -7.405021775843020904e-02 5.176520735907296032e-04
-6.251122420531691759e-01 -6.123354383985988303e-01 4.737748192958612372e-04
5.937833550713710551e+00 -3.007107739379200062e-01 3.989710347023435640e-04
-3.275160629951346714e+00 4.064335051230433260e-02 6.536647563823451933e-04
-3.786482423375201467e+00 6.287802209004582643e-01 4.756708365160887972e-04
2.361803828015673901e+00 7.713054628406288415e-01 3.507988341186424677e-04
4.335513405573147239e+00 -9.918655020553970303e-01 4.427898401842930340e-04
-5.866461609833866220e-01 -5.456803330063235702e-01 3.561919079965325682e-04
-5.009331971962329710e+00 9.549678803082616296e-01 4.437609205581077355e-04
1.543753127186658247e+00 9.980220113507882740e-01 4.486586302031217834e-04
-5.234195747218685746e+00 8.204058421262256928e-01 3.435587665237348860e-04
-5.613811254270888895e+00 6.611253508156839098e-01 4.245873992279685337e-04
-1.941774713608291236e+00 -8.970851628024567592e-01 3.588506245968596064e-04
5.095351955026909962e+00 -8.687864921139903940e-01 4.592061578022934025e-04
3.752320871093472121e+00 -6.056842547895828766e-01 4.284318804727048954e-04
-1.454847144580643459e+00 -9.422990929016524797e-01 3.355399730818890334e-04
-5.117955969464251353e+00 9.319700267045891717e-01 5.001127669599650860e-04
-4.690711870187602273e+00 1.083366663089676774e+00 6.285603874379353711e-04
4.322489840747749668e-01 4.290051746720148773e-01 4.185076593737259041e-04
9.178724748688704693e-02 2.238209002812324711e-03 1.616343501620142462e-03
4.441927607318607585e-02 5.811831733939491762e-02 6.570964418603740531e-04
-4.692197641637188887e+00 9.864079929579503414e-01 3.715895101935646648e-04
3.660465523689799383e+00 -5.127720160156573614e-01 3.623814637908051302e-04
1.207015657286120813e+00 8.612361742796922348e-01 3.890007622794737778e-04
3.239225470368646498e+00 -1.080208998389650538e-01 4.643118831620419453e-04
-5.106458815847805255e-01 -5.613959179123411136e-01 4.230643239416302616e-04
-5.347503343201742254e+00 7.838276323074828689e-01 4.362246332974078177e-04
1.287900224466453025e+00 9.349573598577365363e-01 4.575789495583702901e-04
-8.092847037298174229e-01 -6.919964288836726318e-01 3.867167651844327452e-04
-6.202404912823477723e+00 1.676237300263147822e-01 1.242070405807310348e-03
-5.697216973984062349e+00 4.511926205028329862e-01 1.053701371894431686e-03
-1.021113116759043926e+00 -8.916174259944574798e-01 4.126456004882183442e-04
4.753428927317226993e+00 -1.001683051177582939e+00 4.019148557314766333e-04
-8.417244904900815783e-01 -7.390686248091599131e-01 4.210503124550901374e-04
1.802774169406374583e+00 1.015028504214559035e+00 3.905729884089339100e-04
8.589086101954253039e-01 7.025964848479656633e-01 3.549822548309284915e-04
-3.264970517485845658e+00 1.144810110688988802e-01 3.122685598238572873e-04
-2.567224026164431017e+00 -4.957913775712057824e-01 3.310874556047827791e-04
-6.220040253333045221e+00 1.317887519022657022e-02 3.991027351457133760e-04
-4.663461205963512768e+00 9.797031683777288613e-01 4.261630974264204660e-04
3.663727825510445513e-01 4.398890695198843792e-01 3.971804301582367914e-04
1.853476685291735038e+00 8.797538535921050062e-01 4.393502697493066318e-04
-4.456513113777944568e+00 9.060950652880432887e-01 3.399500190211145407e-04
2.405068378559096942e+00 7.124657006832278983e-01 3.805915623352954099e-04
1.326571361464774057e+00 8.932592201025509882e-01 4.399174285538757188e-04
5.825075502616156697e+00 -4.429086716420386205e-01 4.362381194993122805e-04
4.308437355298229576e+00 -9.935984350324001957e-01 4.005866130886886795e-04
2.301461042003820623e-01 1.630893261113734449e-01 5.300667593400517101e-04
1.300307803271705254e+00 9.716781990770231303e-01 3.954531502842143094e-04
-5.208813866997928699e+00 8.973763343748645260e-01 3.960761447559931966e-04
5.712099448734125673e+00 -5.402451181447501805e-01 4.230968718188400234e-04
4.964985029235601033e+00 -8.941287900627719054e-01 4.674855043345986201e-04
7.332122387221220450e-01 6.687166552247136853e-01 3.751163622607893910e-04
-2.739262931033307868e+00 -4.189176487631557921e-01 4.198272472989275964e-04
1.751624875814012938e+00 9.939686750170311225e-01 3.668359765980762051e-04
-1.042655557212251338e+00 -8.935818615965168688e-01 4.641750980296366477e-04
1.598850746141040169e+00 1.002538210255129680e+00 5.627205085386681590e-04
-1.301490910262811163e+00 -1.032854085113158238e+00 5.107047310834455806e-04
-2.490489233126844226e+00 -6.736626624588417656e-01 3.473261600077061015e-04
-1.282465574032802813e+00 -1.025433423883093331e+00 3.474266182414023716e-04
4.395522019280470261e+00 -9.380316847204051012e-01 4.353614861601912546e-04
4.256716089046062024e+00 -1.016721705154830735e+00 4.008627946621555081e-04
-2.696990239764911923e+00 -4.484902940800135629e-01 4.225906033009559364e-04
-2.024966607722335610e+00 -9.366498288978568620e-01 4.182135895225492822e-04
-2.024194581541927107e-01 -2.644140690962574203e-01 4.874441834684444474e-04
-1.451524438247266957e+00 -9.776013522608644202e-01 4.417582751065256622e-04
-2.151521614518783210e+00 -8.306544206407788788e-01 3.637522029912126074e-04
3.644647278840293936e-01 2.814164221309010672e-01 5.361233135737093194e-04
-5.065692939027973907e+00 9.725971564191265850e-01 3.690309058065249022e-04
-5.989384434477885044e+00 2.583867573862403955e-01 4.277842626188297411e-04
-3.895089182802507377e+00 7.777025365495378040e-01 1.620779764324075311e-03
5.809969022540249384e+00 -4.641148245838278563e-01 3.187134247499207648e-04
3.279271642685767318e+00 -2.002353171858183289e-01 4.420580697033997921e-04
2.688002704277998589e-01 1.788722601151129243e-01 7.546240614490586952e-04
-4.745724674700575463e+00 1.060342502520914776e+00 3.909361107921219898e-04
6.265425018007158897e+00 -1.056513377458697875e-02 4.976852271021629109e-04
4.879046095564968155e+00 -9.526247014642319488e-01 3.635745790644452917e-04
5.776067032521780220e+00 -4.887243214630012655e-01 4.249687982152323159e-04
8.141179645403306964e-01 6.479760171324937534e-01 3.848495626158704376e-04
-2.535480104766639986e+00 -5.953506048377292803e-01 3.559825251548533816e-04
-3.955982470929510608e+00 6.868921078544295566e-01 4.196821713921497650e-04
3.529300190274692994e+00 -3.345641335762181701e-01 3.560635945938802585e-04
-4.332699279052631525e+00 9.218304981120832853e-01 4.140902835564661639e-04
1.270698205900314903e+00 9.957407026642237646e-01 4.833634305715879867e-04
2.991299166423782907e+00 8.265218887243494517e-02 4.733855974745820113e-04
8.333275447065231489e-01 7.473759744563157614e-01 4.393911607519864512e-04
3.699279464966696906e+00 -4.847647830013868675e-01 4.288534289466607247e-04
5.369107724186411801e+00 -8.053805030878352644e-01 4.229206401298957283e-04
-5.267040677686614103e+00 8.957106090150900313e-01 3.675563704195939263e-04
-4.818979176793583008e+00 1.013694268225771022e+00 4.507991350286620711e-04
-4.853116796329456584e+00 9.695881211838034419e-01 4.486382123852784821e-04
-2.664913131426770221e+00 -4.312393298125369312e-01 3.672276223834369151e-04
6.459416617217597079e-01 6.028432226355480150e-01 4.961086644987473555e-04
-6.956292232752643301e-01 -5.561867864028531283e-01 8.479509470759895567e-04
-6.346396321848013500e-01 -5.894173298671879779e-01 3.928105921836434864e-04
2.370708118824099486e+00 7.358714367560015290e-01 3.694123749384300276e-04
-4.412705861162613097e+00 9.660682032253827822e-01 4.627639488313165634e-04
-4.779587365264800880e+00 9.339041740618583276e-01 5.065186614561278987e-04
-4.515681559731030248e+00 9.800302846289261627e-01 4.340517628764448718e-04
4.330591020468302688e+00 -9.128120044109083731e-01 9.398123110308595355e-04
-1.614354168011713497e+00 -9.741096197382691502e-01 4.582586306800111070e-04
1.399060278858958561e+00 1.073701680677752179e+00 4.158416287659663407e-04
5.161106773786075408e+00 -1.002504249169974493e+00 9.539812063944782356e-04
-3.982919686936897019e+00 8.087556386508313322e-01 5.823765611714081794e-04
-5.653371005597453092e+00 5.576418081689702433e-01 4.188895915094110935e-04
-2.971263211139156368e+00 -2.089037235104977408e-01 4.236392757535659918e-04
-1.504102038156464261e+00 -1.045030342372438747e+00 4.036096501712306333e-04
4.509886974699695017e-01 3.193032599978463115e-01 4.767002759625127558e-04
-3.695359002461330089e+00 5.626667582663748002e-01 3.788809789683150546e-04
3.238541539397651547e+00 -1.509605482832694912e-01 4.668145389851096022e-04
1.473300061930681082e+00 1.030745714233332722e+00 4.179980994844039962e-04
3.504912594214417254e+00 -2.894680306008469151e-01 3.839366975463304622e-04
-3.842071515441367602e+00 6.370995060691796441e-01 4.162444728630177522e-04
-3.192056575171621002e+00 5.172881337089053205e-02 3.923810248638202815e-04
1.766373184743484259e+00 9.172302828095563187e-01 3.722936050677378783e-04
-1.255287936176400443e+00 -1.011130355449241458e+00 4.078435797950145350e-04
5.814729477613637343e+00 -4.592735197009650827e-01 3.639870862557974501e-04
3.313349725452281902e+00 -2.191847075706079839e-01 4.453957031489696734e-04
-4.136958314343871734e+00 8.695436398039344539e-01 4.463733343246291960e-04
-4.785571683005889199e+00 9.780819614521244487e-01 3.966852865410809299e-04
-2.132894443036695620e+00 -9.329080023894540385e-01 6.250234665441129628e-04
3.752594020424668386e+00 -5.223585866460165317e-01 5.447987025022510161e-04
1.320562265669704693e+00 9.370489135008065462e-01 3.412565622519471626e-04
-3.550073166444127182e+00 3.747022721516655164e-01 5.285585626071849508e-04
-5.921600598124465265e+00 3.653138759727151408e-01 4.030113592104192705e-04
1.610199505573239875e-01 9.356576569288148348e-02 1.220166401971344624e-03
5.523408184564253531e+00 -7.304838018523284182e-01 3.809738875886633743e-04
9.619392811603848514e-01 7.900805126753879248e-01 4.411300450912206063e-04
5.695595431346134774e+00 -5.805199433166871037e-01 4.762154493664074134e-04
-2.426977455659624638e-01 -2.967056497668147386e-01 3.659360259328124036e-04
6.167460291893108959e+00 -1.312193924201949247e-01 4.099296025075819779e-04
-8.484436137546413903e-02 -1.237786259013319567e-01 9.492739877346550699e-04
4.120100948954526388e+00 -8.377422847539746087e-01 3.802717504243990909e-03
-2.811317680626995497e+00 -3.702586405613009779e-01 4.193960090426165303e-04
-5.430942787880435496e+00 7.326323058070531857e-01 4.589026563395574832e-04
2.781693068761359910e+00 3.936553253551156040e-01 4.179057818047967276e-04
-4.755006155405108181e+00 9.942297872957975846e-01 3.337360775649017715e-04
3.890125572154525813e+00 -6.535851561241664553e-01 3.601106588787354994e-04
5.463760208975379840e+00 -7.852443499685358708e-01 4.271799689430709306e-04
-1.979640950974243196e+00 -9.273716714795231519e-01 4.418435043914724141e-04
-2.354499543742023526e+00 -6.865656693461085203e-01 4.397336242949287269e-04
1.260370610161505311e+00 9.602745025326094863e-01 3.591364255219597619e-04
2.444678793669254446e+00 6.303406339158820204e-01 3.801410817994523754e-04
-5.715547734686126979e+00 5.280746689474083988e-01 4.567242062166301840e-04
1.592607474178090676e+00 1.060459899600880052e+00 5.304279205721482236e-04
-4.077828471304226099e+00 7.349711989588355587e-01 4.458584820367406955e-04
-5.265735880296102067e+00 8.693644193114870022e-01 3.859400326862457808e-04
-2.341101892649624983e+00 -8.218501658454738790e-01 1.046470872560846792e-03
-1.079153805408498812e+00 -8.729095880217231374e-01 4.203468912584274559e-04
-1.322084471519789695e+00 -9.681837223796198044e-01 4.659693601456173185e-04
2.802809948170345677e+00 3.096473214147684727e-01 3.580412414947490803e-04
1.460807867029423335e-01 2.064443803660475918e-01 5.165431569985270846e-04
-1.964806980227063349e+00 -9.537704301952661945e-01 4.202643693393142321e-04
-3.907100762312518683e-01 -4.058247739079373084e-01 3.464022077351982328e-04
5.873366761740612674e-01 6.359693369609908942e-01 3.653544228037261922e-04
4.208159894949652369e+00 -8.561046199437953863e-01 2.046880102477686546e-03
-1.908933478116808580e+00 -9.509968370801131776e-01 3.453514516105786664e-04
3.558621026407791987e+00 -4.437467222295705671e-01 3.636019471075967397e-04
1.897665535002463599e+00 8.889102526801558879e-01 4.281030934661405251e-04
4.687579943254938541e+00 -9.852060228398152875e-01 3.971986012452595536e-04
-1.122793113697659884e+00 -7.326804103743536078e-01 5.088833316734646395e-03
-3.968971017959554093e+00 7.051520201184531267e-01 4.352828088300022126e-04
-5.112272094789538812e+00 8.831799110205900138e-01 4.235519329174981741e-04
7.207963252011824196e-01 5.469322659323627711e-01 4.741232271614532904e-04
5.992043674957537647e+00 -3.154100751308959727e-01 4.116797306583184894e-04
-2.567031204559786062e+00 -5.549119992946913715e-01 4.186500630804962418e-04
-1.342602433270564610e+00 -9.697026508717107030e-01 3.622120075266400041e-04
4.006144957317872013e+00 -8.033981491170751887e-01 3.722538740365113029e-03
-1.331889525968658283e+00 -9.968028112166769095e-01 4.127157401700734204e-04
4.911253294012395187e+00 -9.515564545526432605e-01 3.998943973423495376e-04
-5.904613822017731550e+00 3.626072359582155347e-01 5.009016107452757445e-04
5.024182568174069274e+00 -9.355500579885903667e-01 3.678776008716142529e-04
-2.625044235939666404e+00 -4.738918187121857750e-01 4.033946686962647634e-04
6.040803229045209832e+00 -2.573344912388303429e-01 4.822193850796925108e-04
3.425648173923583784e+00 -3.334754038500640783e-01 4.086034191426276196e-04
3.926280761952080312e+00 -7.310869818036829226e-01 4.417559653388685760e-04
-3.176632317585044163e-01 -3.092883840441184029e-01 5.106144655768543594e-04
-2.482020098347503367e+00 -6.996998332220251138e-01 6.181636244909460669e-04
-2.210128688305048605e+00 -8.262427828700581456e-01 4.049551523782837390e-04
4.856444578568636317e+00 -9.540477482609707183e-01 4.582139477378798322e-04
-8.853980283505435978e-01 -7.199311933157044319e-01 3.738816948880994344e-04
-6.244498001355649919e+00 1.078723446688281337e-02 4.381468303137782795e-04
1.495357090225044594e+00 1.018521537480310712e+00 2.911431969489766051e-04
1.739369343513336830e+00 8.904266921027608195e-01 4.348307987394677779e-04
1.283451384013493346e+00 9.657987229387156036e-01 3.817834596623710598e-04
-5.216329804053543739e+00 8.538198893533061051e-01 4.069924075276833207e-04
-3.910784815423472782e+00 7.620375019309932885e-01 7.777009258625745261e-04
3.431695637125299569e+00 -2.157905929080771168e-01 3.626114866727112333e-04
1.134793464748224956e+00 9.171530176184550243e-01 5.044700064538438881e-04
2.337799723092501836e+00 6.162663287579162041e-01 4.656056639014985671e-04
-5.364695278881225882e+00 7.048161921367049887e-01 6.643613829347281207e-04
7.724238208365958869e-01 6.355576816101820015e-01 5.092829068728758467e-04
-3.033150974228176810e+00 -1.264155301397270337e-01 4.087124350060407775e-04
-3.503710427870416311e+00 3.445068085036598893e-01 3.805219012158652650e-04
-4.836789100038034306e+00 9.584146618970704745e-01 4.298745114079191164e-04
-5.038411696787933103e+00 9.169631333743747392e-01 3.694626201826882797e-04
-3.218650110777727669e+00 2.076668942140671298e-02 5.076939701255002565e-04
3.091862449232511523e+00 -6.341666721864744338e-02 4.746266372152288440e-04
1.186045885813215683e+00 9.365394494967592687e-01 4.844526559349724240e-04
4.620628587054458336e-01 5.337882112930475431e-01 3.855138144304097567e-04
-1.563527445039817998e+00 -1.007451323671960441e+00 3.530339672322748432e-04
-3.329956542542050535e+00 1.327101289792529393e-01 4.409697629168720778e-04
1.141211441006835692e+00 9.055851090064083175e-01 2.758600358882040346e-04
4.293135196192331193e+00 -9.533318034437961996e-01 4.615596280826334864e-04
-2.853333884588131752e-01 -2.111261487083240240e-01 1.513947493088245444e-03
-5.230850544454266782e+00 9.375633937131276907e-01 5.272123486107729460e-04
5.444280220604055032e+00 -6.681239573329572634e-01 6.429729845848193917e-04
-1.749413649017439454e-01 -2.288593611753197143e-01 4.081517419341489810e-04
-4.707855684677701547e+00 9.409098316062659562e-01 4.369193441483465619e-04
4.264265168456971011e+00 -9.310459099619997625e-01 4.304549594167589115e-04
-1.477746800200342214e+00 -1.021093721856973557e+00 4.158833856169835241e-04
-4.917293108830678605e+00 9.824114555155373241e-01 3.972673438124172600e-04
5.722809318210970275e+00 -5.146699879124883026e-01 4.110233179127998704e-04
-1.964747025909715283e+00 -8.603726635318850180e-01 5.883724760544311021e-04
-3.594487899248186125e+00 4.660514878040715736e-01 3.854218658094395460e-04
-5.195000754094829531e-01 -4.266461488080026676e-01 9.673813378495535768e-04
-5.970341661895725238e+00 2.605301327223789043e-01 3.933191710761484118e-04
-3.201646380577756190e+00 -2.351553771982375918e-02 5.899772310028488951e-04
1.926567870790682591e+00 9.941496621419595447e-01 4.216803912890689779e-04
-2.043583495184709165e+00 -9.013632763531784775e-01 3.519146162730236527e-04
-6.012259018469885419e+00 1.946047577985025590e-01 4.865253232467354983e-04
-2.859966491405106392e+00 -2.125155794998762060e-01 4.796042631459652072e-04
5.799243575631878755e+00 -4.202589501043071940e-01 4.074521090175204220e-04
2.670677392795807847e+00 2.938847062562679469e-01 7.922498796146458478e-04
1.423303857043871190e+00 9.963704845665510845e-01 3.994144240900100794e-04
-5.747935025973369250e+00 4.397019102269014157e-01 4.510159959829673553e-04
6.016588381841422972e+00 -3.351974489359829668e-01 4.791371640497943418e-04
6.011014444346889363e-01 5.479907424177220543e-01 3.999931842680955370e-04
1.506081834853540968e-01 1.164846209716887127e-01 6.052538423214158915e-04
3.908315422442212750e+00 -6.355477529281884363e-01 3.721206710918363797e-04
2.716191361551718586e+00 4.145082561978147284e-01 4.081046202231304577e-04
4.158025550691165861e+00 -8.228472045222831044e-01 6.780802304375811934e-04
-4.436430618145224436e+00 9.237803609784238645e-01 4.044334045070373447e-04
1.134124882583806837e+00 9.219698500736226432e-01 4.152589972395329229e-04
4.361958773345751439e+00 -9.621093969983000038e-01 3.857654591873417864e-04
-1.980514993496731435e+00 -9.185765355562622858e-01 4.376204373400040563e-04
-4.462823004478226885e+00 9.635877052873568216e-01 4.477833755599816513e-04
-3.975391812184041029e+00 7.601321292031827381e-01 4.157846670046603686e-04
-4.228494990772443174e+00 9.672715819012582816e-01 9.284268825547738278e-04
-9.370445415310371118e-01 -7.346080440666844513e-01 4.651493777374589213e-04
1.326864298860292557e+00 9.165552996300985189e-01 3.527675520860207585e-04
-5.100426195346877911e+00 9.277749462895796828e-01 4.188274508388795548e-04
-5.946550608634462165e+00 2.923198617259506471e-01 4.143125763029893390e-04
-5.168354025757338377e+00 9.357147398498739665e-01 3.713188778793818576e-04
-2.869300960348285301e+00 -2.060996882064163871e-01 4.800646331679246561e-04
-1.982369993120930651e+00 -8.936879886726631916e-01 3.072901870917127214e-04
3.477433703703795231e+00 -2.736695927232544734e-01 4.105011472597935710e-04
3.061511741629411532e+00 6.760481650886426830e-03 4.635329835400122983e-04
-4.901167538166079751e+00 1.026723621909527484e+00 4.863515392421829085e-04
-2.755935757343879189e-01 -1.671411430835187950e-01 6.119880617635127572e-04
1.858375871812912195e+00 1.071992346025728793e+00 3.810991361469175565e-04
4.304593857132022805e+00 -9.339813915455045246e-01 5.345563316690066539e-04
-1.401541705545939820e+00 -1.059537596816729987e+00 3.775423164749250131e-04
-2.321908875569543618e+00 -7.292998424703192040e-01 4.233198512060315673e-04
-1.044463106154982057e+00 -9.305261138404290477e-01 4.409770439541170961e-04
-7.319015722496118315e-01 -6.109562908743587650e-01 4.166159059284790518e-04
1.467276081454536474e+00 1.027062130824242026e+00 4.234351719691303970e-04
6.235798410780290624e+00 -2.073646726416314423e-02 4.062472595085968373e-04
1.912388794096422373e+00 9.627752813404261145e-01 3.672566788314314914e-04
1.702887358608154322e+00 1.030386561386966271e+00 4.239572223310816390e-04
4.336991637053495552e-01 3.988779090198708577e-01 3.975651681344254964e-04
-1.814855760920345951e+00 -9.970844902237243623e-01 4.902013311219616688e-04
4.460606532607517494e+00 -9.946039789755257710e-01 3.817151737320473304e-04
-4.231150379623358049e+00 8.647419738378174792e-01 3.729827736533267873e-04
3.340440238475256507e+00 -2.290237904028739613e-01 4.012224243116692033e-04
3.240010690403128280e+00 -1.413045533093458539e-01 4.750344859117577629e-04
-5.661564002182352340e+00 7.022887368964996213e-01 1.786289164859122596e-03
-5.555781395017387325e-01 -5.791178841965898272e-01 4.345272777481873870e-04
2.676590296903199828e+00 5.026301012301858107e-01 4.172145035652685924e-04
8.856324865599658480e-01 7.637030460166106538e-01 4.047463208273799525e-04
-1.747250932150098635e+00 -9.831544631202091544e-01 3.891427676521321097e-04
-2.857554430070208706e+00 -3.079112528611560040e-01 4.394913311644765082e-04
-5.667857882739228970e+00 5.511206374128068131e-01 4.867875457407980114e-04
-5.195986421526209043e+00 8.854547358695211701e-01 4.052244807660936379e-04
6.222525399338795893e+00 -3.108772276845827090e-02 3.387293765019009609e-04
1.642291266259448435e+00 1.031276949179697588e+00 5.648739506285878082e-04
3.698650823662385179e+00 -4.866903296823463787e-01 4.015265023745532300e-04
-6.076481298597929737e+00 2.033491019491179552e-01 3.950203102475403818e-04
-4.778493405652370463e+00 9.481704717552549289e-01 4.442880833705942136e-04
-1.316500449484402147e+00 -1.048262831953618024e+00 4.376912586970610952e-04
4.323619391778496635e+00 -8.664043684997344563e-01 1.968318252209400217e-03
-2.532293771837625052e+00 -5.460738279575008125e-01 5.312449773170531842e-04
-3.844711004014500499e+00 6.063186325640838037e-01 4.496623692277028610e-04
4.664032029867362539e+00 -1.006054606059396006e+00 3.647978753407264815e-04
2.173716192603771802e-01 -1.626072161970566476e-01 4.263004883682869534e-04
5.616697730295941327e+00 -7.001826727329300004e-01 5.102512825130551362e-04
3.335865719780146676e+00 -1.066046193452319546e+00 4.699207063768191524e-04
-2.734494471934103110e+00 -3.801709842204554768e-01 3.710604690306588092e-04
-3.505447349848006766e+00 3.232455719811899719e-01 4.119497031658860280e-04
2.340135739672792425e+00 -1.124841191933629414e+00 4.069508272567841237e-04
-4.182852136835629508e+00 8.465615554150631716e-01 3.363655772732521859e-04
-1.351607828766789865e+00 -9.265212532525231026e-01 3.518233675784084892e-04
1.483489547473826775e+00 -7.204445591658538151e-01 3.834618420634575164e-04
-1.106719067976453807e+00 -8.975188890114996765e-01 4.440790814132813372e-04
-6.252210696488884167e+00 1.791456716161857546e-02 3.957336534226418953e-04
4.825890731529041133e+00 -9.983375745021794145e-01 3.655257773460953786e-04
4.837393434324017250e+00 -9.752801281356211494e-01 3.805576983743155263e-04
-2.508125814455873126e+00 -6.100718274386960349e-01 4.091557080758676012e-04
1.125718918613673125e+00 -4.281827898010330258e-01 3.298952872998622029e-04
6.012089938527255484e+00 -2.724546161161136570e-01 3.885034196734131039e-04
4.336576865564968131e+00 -1.042655735453127397e+00 3.988206708238081571e-04
-5.465423222094749178e+00 7.150939146612705910e-01 4.365319538713840998e-04
-2.579317127010259281e+00 -4.666071880646017189e-01 4.290481214458407590e-04
-2.664894409346845183e+00 -4.662068211729728517e-01 5.013667628762905103e-04
4.052231527829361468e+00 -1.025381539589494073e+00 4.997857468689306196e-04
1.585662820254204242e+00 -7.747762995550326881e-01 2.953615121365701381e-04
-4.894881409513216042e+00 1.001893379766655823e+00 3.567633366564554927e-04
-6.276540070041450647e+00 2.438576265947222516e-02 4.031777403115255755e-04
5.556424755217244993e+00 -6.252465808386782342e-01 4.366885599051025511e-04
-4.505034343392204654e+00 9.429195612344000166e-01 3.760174353401923636e-04
-9.852471096492489977e-01 -8.253859927358850879e-01 2.898213282806391656e-04
-1.929070588311159185e+00 -9.241249700654294852e-01 4.452495771558947373e-04
4.646856418197067740e+00 -1.007473658403592598e+00 4.662513719201509727e-04
-8.972160871747307809e-01 -7.935747505554434644e-01 3.321402632900917972e-04
4.131212992020437014e+00 -1.086905651089692837e+00 1.032261330171844538e-03
2.737606938167814974e+00 -1.189628059346224731e+00 4.182516856285870173e-04
-4.784938480937038996e+00 9.325538092472059892e-01 4.116945000084010491e-04
1.211199235627348436e+00 -6.092000479466319618e-01 7.464069543394866906e-04
-4.652619580669172805e+00 1.007702007029223523e+00 4.060269177127800956e-04
-5.308863175288157876e+00 8.728203447676963211e-01 4.285340526133050976e-04
4.162047992429386056e+00 -8.985241714027241144e-01 8.089496962135959935e-04
-4.475435638745315359e-01 -4.879885980597434836e-01 4.502757880811918112e-04
-4.247276451879959502e+00 9.016211433077461201e-01 4.061641221643106053e-04
6.028753007728564484e-01 -2.619177110465670810e-01 1.779403468597963531e-03
1.111945631387034616e+00 -4.533176119315109887e-01 4.598271721048699068e-04
3.438324487574995203e+00 -9.584825888876375988e-01 4.952948989894283283e-04
1.958411783879295598e+00 -1.059671971571453986e+00 3.993683316658584487e-04
7.251645265595465517e-01 -1.459800452593339459e-01 6.335833948712876404e-04
-4.043264094462690750e+00 7.434310709960223473e-01 4.947641339242373360e-04
-3.259923490182783379e+00 9.511315636992422051e-02 4.111461676422886518e-04
7.608475428078076419e-02 -2.470934278977597043e-01 6.322407209081617845e-04
-1.297531816031028740e+00 -9.634526284617964675e-01 3.961520577108005323e-04
-2.129348197155858102e-01 -3.624642550442370714e-01 3.391920676664262149e-04
5.726995746843298818e+00 -5.320322149975114101e-01 4.030843430029765586e-04
5.046681994356875478e+00 -9.479078238430108660e-01 3.944899193056478656e-04
7.237377445687975808e-02 -2.600659610438080249e-01 7.905419465563292680e-04
4.030053719132597578e+00 -1.064688265231053865e+00 5.743070245580716429e-04
4.118199783286145887e+00 -1.106497672042688007e+00 2.145295293033183410e-03
-3.369881540444613854e+00 2.333550143564590562e-01 4.189810824627679701e-04
-5.289744765916797320e+00 8.511776364932084338e-01 3.883316271320701846e-04
-4.302357546151132084e-01 -5.220021056386856539e-01 4.157613136731135852e-04
4.762350462284469899e+00 -1.039797500171256939e+00 3.609398532648255570e-04
-4.429607204730253045e+00 1.033654212753264190e+00 6.183439646570147892e-04
-3.377195699593172229e+00 1.962671991311251141e-01 5.214788503886779022e-04
5.252061891192532528e+00 -8.121314855850171321e-01 3.787672768701739914e-04
-4.661325186483868954e+00 9.932855588793315649e-01 4.229714127731881474e-04
5.232733762160407309e+00 -9.190654337501412696e-01 4.447742467682954076e-04
-3.332632263084361224e+00 1.721765473313629502e-01 4.165721594654105304e-04
1.457532721085919469e+00 -6.677985088965854299e-01 3.937123961735807583e-04
5.674819157084169063e+00 -5.576418362357484781e-01 3.736150707639216795e-04
-3.077116871403457132e+00 -1.965848036823678591e-01 1.850308288495051360e-03
-6.251122420531691759e-01 -5.903367179526526343e-01 3.783296098136579061e-04
5.937833550713710551e+00 -3.137738213175450541e-01 3.752950901103131363e-04
-3.275160629951346714e+00 8.533680598809394169e-02 3.781643069724448659e-04
-3.786482423375201467e+00 6.388232113161880221e-01 3.353409057860818796e-04
2.361803828015673901e+00 -1.067747577658455072e+00 8.831568181020016828e-04
4.335513405573147239e+00 -9.921777318461586503e-01 5.059580695421984258e-04
-5.866461609833866220e-01 -5.815800860665796268e-01 3.801852851224070818e-04
-5.009331971962329710e+00 1.001097306454079572e+00 4.176875334982816583e-04
1.543753127186658247e+00 -7.817248109592132010e-01 4.817532561941807994e-04
-5.234195747218685746e+00 8.366748255509632859e-01 3.449354249299585603e-04
-5.613811254270888895e+00 5.365151984091078852e-01 5.308904353991687666e-04
-1.941774713608291236e+00 -9.202483617629618751e-01 4.624990814003045788e-04
5.095351955026909962e+00 -9.261765338608329845e-01 3.946772318883507141e-04
3.752320871093472121e+00 -9.326216158950756396e-01 4.939110075208776734e-04
-1.454847144580643459e+00 -9.780080683849096124e-01 3.923725954985954117e-04
-5.117955969464251353e+00 8.165960211021049409e-01 9.729247688578222548e-04
-4.690711870187602273e+00 9.754330665022243885e-01 4.402711740971316221e-04
4.322489840747749668e-01 -1.237210794987202156e-01 4.339559781779202025e-04
9.178724748688704693e-02 -2.313083075265806310e-01 4.815435485997390081e-04
4.441927607318607585e-02 -2.205104254245261464e-01 4.361368114876279078e-04
-4.692197641637188887e+00 9.508556164242147890e-01 4.250087957139593435e-04
3.660465523689799383e+00 -1.042625166780534629e+00 4.799769858292787924e-04
1.207015657286120813e+00 -4.700603261778817377e-01 3.309674628883665167e-04
3.239225470368646498e+00 -9.674439997123763790e-01 6.777875987398667215e-04
-5.106458815847805255e-01 -6.009188718403868368e-01 5.918924030494044025e-04
-5.347503343201742254e+00 7.713297880285194807e-01 4.889659708075023720e-04
1.287900224466453025e+00 -6.437967938346418340e-01 4.468914619044599807e-04
-8.092847037298174229e-01 -7.729687901331127042e-01 4.191507680785197553e-04
-6.202404912823477723e+00 7.925894988053337753e-02 4.264011537933128549e-04
-5.697216973984062349e+00 5.948126977479499811e-01 4.688018864751004378e-04
-1.021113116759043926e+00 -8.039081727272784361e-01 3.765049508290656548e-04
4.753428927317226993e+00 -9.450815567004828832e-01 3.934333901230305046e-04
-8.417244904900815783e-01 -7.087267847911807861e-01 4.087807320448183989e-04
1.802774169406374583e+00 -9.899548532182290694e-01 4.382768646137139880e-04
8.589086101954253039e-01 -3.338394699658788212e-01 4.253945548710247240e-04
-3.264970517485845658e+00 1.325692656119937807e-01 4.646970566176548186e-04
-2.567224026164431017e+00 -5.732863200925283342e-01 3.701456580486610815e-04
-6.220040253333045221e+00 5.621633199286359128e-02 3.551537781226128177e-04
-4.663461205963512768e+00 1.052314490778575751e+00 4.103737270121906927e-04
3.663727825510445513e-01 -9.059918194149069182e-02 4.688132517347812396e-04
1.853476685291735038e+00 -1.042275067474544459e+00 3.945321788060902240e-04
-4.456513113777944568e+00 9.882907204111116561e-01 4.888569209965004962e-04
2.405068378559096942e+00 -1.205999568312754233e+00 4.706767932515220363e-04
1.326571361464774057e+00 -7.084960545904923634e-01 1.105034638250621589e-03
5.825075502616156697e+00 -3.741909785009214229e-01 4.541153999552432932e-04
4.308437355298229576e+00 -1.133396668441629229e+00 2.942702016528057733e-03
2.301461042003820623e-01 -1.711629439501170524e-01 3.874285796864754619e-04
1.300307803271705254e+00 -6.438788797384646934e-01 4.388922219963267831e-04
-5.208813866997928699e+00 8.448535039173066252e-01 4.557662088007154058e-04
5.712099448734125673e+00 -5.008569871545373031e-01 3.818868827628248705e-04
4.964985029235601033e+00 -9.592247559946404101e-01 4.003545116643310309e-04
7.332122387221220450e-01 -2.441530314928142820e-01 4.411605344716260394e-04
-2.739262931033307868e+00 -3.782508819722082416e-01 4.211446691894400588e-04
1.751624875814012938e+00 -9.395274042729939712e-01 3.601457873295576986e-04
-1.042655557212251338e+00 -8.890047632943604006e-01 4.145093540082489016e-04
1.598850746141040169e+00 -8.700735066640203907e-01 3.921053741514911621e-04
-1.301490910262811163e+00 -1.009978967582155329e+00 3.997892967644337231e-04
-2.490489233126844226e+00 -5.593861314404864338e-01 3.719067838155762189e-04
-1.282465574032802813e+00 -9.393578901815005100e-01 4.221812017956471839e-04
4.395522019280470261e+00 -1.148713376039702361e+00 1.951020832990202130e-03
4.256716089046062024e+00 -1.075741753958117775e+00 4.558366265625993750e-04
-2.696990239764911923e+00 -4.885121388372601903e-01 4.486792261720472415e-04
-2.024966607722335610e+00 -9.048893415077572389e-01 3.879712178225805863e-04
-2.024194581541927107e-01 -4.542418402406556144e-01 4.351386244814298664e-03
-1.451524438247266957e+00 -1.008398829413097886e+00 3.492197828286881084e-04
-2.151521614518783210e+00 -8.163856672797751290e-01 3.955430177039807958e-04
3.644647278840293936e-01 -1.908186973587777946e-01 6.631963970342076055e-04
-5.065692939027973907e+00 8.697715817532537530e-01 4.340615061112612616e-04
-5.989384434477885044e+00 3.385694116796553743e-01 3.821081898668052018e-04
-3.895089182802507377e+00 7.404464344086255645e-01 5.436230938144105814e-04
5.809969022540249384e+00 -5.039583496589878919e-01 3.605804971739724491e-04
3.279271642685767318e+00 -1.063562124498979244e+00 4.175768704193476158e-04
2.688002704277998589e-01 -1.864028322879767996e-01 5.930211197403364607e-04
-4.745724674700575463e+00 9.816463819864950091e-01 4.065017720138957668e-04
6.265425018007158897e+00 -4.868238621830853208e-02 3.777679465985177136e-04
4.879046095564968155e+00 -9.990201172006007990e-01 4.538328544691167064e-04
5.776067032521780220e+00 -4.819277642027076092e-01 3.715065327850240154e-04
8.141179645403306964e-01 -2.477326271247641543e-01 3.948057325610884760e-04
-2.535480104766639986e+00 -5.757156599141948217e-01 3.762097914847164332e-04
-3.955982470929510608e+00 7.486474052453666594e-01 4.444015362030184313e-04
3.529300190274692994e+00 -9.888653444240588231e-01 4.364901170438754497e-04
-4.332699279052631525e+00 9.051147845579987639e-01 3.199726166886951374e-04
1.270698205900314903e+00 -4.676780351895334364e-01 9.179315690058543467e-04
2.991299166423782907e+00 -9.830168943800445813e-01 1.672753390115636540e-03
8.333275447065231489e-01 -2.220866189979278926e-01 5.186255860475570429e-04
3.699279464966696906e+00 -9.743314945644164782e-01 3.634219892455375933e-04
5.369107724186411801e+00 -8.240865297120579802e-01 4.170075588123042104e-04
-5.267040677686614103e+00 8.119768018330960624e-01 4.867776514356699793e-04
-4.818979176793583008e+00 9.336887676027284533e-01 4.050931681535675463e-04
-4.853116796329456584e+00 9.293698172408079161e-01 4.114280196118859324e-04
-2.664913131426770221e+00 -5.004145162593931495e-01 3.677604840945988417e-04
6.459416617217597079e-01 -1.440801329368312789e-01 4.496147924611199813e-04
-6.956292232752643301e-01 -7.245602917303674007e-01 3.194812914358401818e-04
-6.346396321848013500e-01 -6.952934956655580923e-01 8.267328044873793269e-04
2.370708118824099486e+00 -1.231707104411056353e+00 5.167302551018015206e-04
-4.412705861162613097e+00 9.124387100352169266e-01 4.843438474997675564e-04
-4.779587365264800880e+00 9.461878588173723292e-01 4.380794378603835486e-04
-4.515681559731030248e+00 8.420024195951945067e-01 2.475153607901701969e-03
4.330591020468302688e+00 -1.060353717173533994e+00 5.426861060996785368e-04
-1.614354168011713497e+00 -1.010612694375793597e+00 4.623105243954197304e-04
1.399060278858958561e+00 -6.636775780153674198e-01 5.010848111930948489e-04
5.161106773786075408e+00 -8.810916043259167107e-01 3.415594987105974637e-04
-3.982919686936897019e+00 7.412556076126992632e-01 4.204047654016354455e-04
-5.653371005597453092e+00 4.987560918714682989e-01 4.953702222890806655e-04
-2.971263211139156368e+00 -1.364246143299238101e-01 3.509316125306138141e-04
-1.504102038156464261e+00 -9.919478267132422200e-01 3.819201087305331517e-04
4.509886974699695017e-01 -1.652126747784226635e-01 5.056181365078383410e-04
-3.695359002461330089e+00 5.476287764156529958e-01 4.675239561011067767e-04
3.238541539397651547e+00 -1.025542171512564993e+00 4.267977124147016941e-04
1.473300061930681082e+00 -7.666082893304329016e-01 3.684197965541309615e-04
3.504912594214417254e+00 -1.036141036231463364e+00 3.547147835799349929e-04
-3.842071515441367602e+00 5.326080529318613088e-01 1.056357006049923972e-03
-3.192056575171621002e+00 3.481427724167385218e-02 4.229628291634648105e-04
1.766373184743484259e+00 -8.878577610702580447e-01 3.934201191516877678e-04
-1.255287936176400443e+00 -9.925791554918561577e-01 4.025479213777582218e-04
5.814729477613637343e+00 -5.265849831560880379e-01 4.868084808757554803e-04
3.313349725452281902e+00 -9.700024466274314028e-01 4.469698900664290033e-04
-4.136958314343871734e+00 9.250125158076303311e-01 6.893099428442917183e-04
-4.785571683005889199e+00 9.746149006771231971e-01 4.594807211469176386e-04
-2.132894443036695620e+00 -8.816394295756433408e-01 3.262997958496443793e-04
3.752594020424668386e+00 -1.043821933322572004e+00 4.560125826248640412e-04
1.320562265669704693e+00 -5.767635725437527672e-01 3.685495113104889824e-04
-3.550073166444127182e+00 3.935725752570894409e-01 3.944333128995355692e-04
-5.921600598124465265e+00 3.708241277557167703e-01 4.526909240247406247e-04
1.610199505573239875e-01 -1.468376375027010128e-01 3.747431187377178730e-04
5.523408184564253531e+00 -6.630894640642431836e-01 4.251647459649942674e-04
9.619392811603848514e-01 -4.175782363307699585e-01 4.240051883792576447e-04
5.695595431346134774e+00 -5.397391601840546560e-01 3.509221185656485496e-04
-2.426977455659624638e-01 -3.437126395896584752e-01 4.434463418792838440e-04
6.167460291893108959e+00 -1.003563708342317812e-01 4.766232252555888875e-04
-8.484436137546413903e-02 -2.857337959239639735e-01 4.308577492050839159e-04
4.120100948954526388e+00 -1.040818101704368281e+00 4.100444706739076513e-04
-2.811317680626995497e+00 -3.534517667989116041e-01 3.742542077145889897e-04
-5.430942787880435496e+00 7.002629044014806459e-01 4.322484852994772390e-04
2.781693068761359910e+00 -1.083698104606914070e+00 4.210474257458484836e-04
-4.755006155405108181e+00 9.903663415819292659e-01 5.035681995733579759e-04
3.890125572154525813e+00 -1.015586658743160120e+00 4.056819067936199771e-04
5.463760208975379840e+00 -7.621812910017861098e-01 3.683329713714822971e-04
-1.979640950974243196e+00 -9.480595270942493435e-01 4.750504094313603163e-04
-2.354499543742023526e+00 -7.820466152167757645e-01 4.654914271468343478e-04
1.260370610161505311e+00 -5.575179960160527859e-01 5.421993548994755207e-04
2.444678793669254446e+00 -1.185763809410568026e+00 4.180492024234043003e-04
-5.715547734686126979e+00 6.048119808681623466e-01 9.483850465306740019e-04
1.592607474178090676e+00 -7.835088697468812757e-01 4.550503915170871715e-04
-4.077828471304226099e+00 7.513847865239753343e-01 5.055183546718386043e-04
-5.265735880296102067e+00 8.861006499122212610e-01 3.817584035103901399e-04
-2.341101892649624983e+00 -7.202014660580541294e-01 4.034693518408720252e-04
-1.079153805408498812e+00 -8.149899829889039049e-01 5.459118048633488729e-04
-1.322084471519789695e+00 -8.856725578175133062e-01 1.430491352895589584e-03
2.802809948170345677e+00 -1.171864925685341285e+00 4.832930278482990070e-04
1.460807867029423335e-01 -2.019609652650828646e-01 5.568836158641346339e-04
-1.964806980227063349e+00 -9.651097026528137057e-01 5.229849086507946812e-04
-3.907100762312518683e-01 -4.929418493353528996e-01 4.174555360503749940e-04
5.873366761740612674e-01 -1.743212634355797985e-01 4.231413223320060093e-04
4.208159894949652369e+00 -1.092476950593211926e+00 8.282518608854807498e-04
-1.908933478116808580e+00 -9.410088419835999085e-01 4.667940120185271546e-04
3.558621026407791987e+00 -9.994716847491570411e-01 3.772296111526805221e-04
1.897665535002463599e+00 -1.016637595070280398e+00 3.651109685390302060e-04
4.687579943254938541e+00 -1.085910604228419896e+00 5.040181669841415323e-04
-1.122793113697659884e+00 -8.713004927874041794e-01 3.916270746359939688e-04
-3.968971017959554093e+00 6.641537523519803754e-01 3.896476870601296738e-04
-5.112272094789538812e+00 9.376492702872508689e-01 4.122360713218108314e-04
7.207963252011824196e-01 -1.375427103754750524e-01 5.055961536898974807e-04
5.992043674957537647e+00 -3.739268162624084235e-01 9.449560207097000650e-04
-2.567031204559786062e+00 -5.072959549834844539e-01 4.470236271381134731e-04
-1.342602433270564610e+00 -9.973907366678735897e-01 4.139426434135012856e-04
4.006144957317872013e+00 -1.064832238999322112e+00 6.827346010999982805e-04
-1.331889525968658283e+00 -8.711857364545250171e-01 1.336223108679653049e-03
4.911253294012395187e+00 -1.107390621950671949e+00 1.478731028374060969e-03
-5.904613822017731550e+00 3.435732714598847548e-01 4.438074712242721692e-04
5.024182568174069274e+00 -9.475477448995567320e-01 5.594307577963110283e-04
-2.625044235939666404e+00 -4.797316618456179960e-01 4.576293620253711397e-04
6.040803229045209832e+00 -2.459640088538537772e-01 4.748031438555399891e-04
3.425648173923583784e+00 -9.300479721780003928e-01 5.527174105389630549e-04
3.926280761952080312e+00 -1.004040373527033569e+00 4.001013865365281915e-04
-3.176632317585044163e-01 -5.120185704455560982e-01 1.936482057534402810e-03
-2.482020098347503367e+00 -5.919038055734319181e-01 4.399577348586385019e-04
-2.210128688305048605e+00 -7.413253827402196405e-01 5.091348838063297242e-04
4.856444578568636317e+00 -1.010652543683842719e+00 3.169741992888089029e-04
-8.853980283505435978e-01 -8.720393698523156711e-01 7.467656305955464122e-04
-6.244498001355649919e+00 3.273273992290752499e-02 3.923888049290648870e-04
1.495357090225044594e+00 -6.686162910812080140e-01 8.239517141547728204e-04
1.739369343513336830e+00 -9.908522054019570646e-01 4.359073466254149206e-04
1.283451384013493346e+00 -5.566097173420689881e-01 4.692404294052499644e-04
-5.216329804053543739e+00 8.591318292469944939e-01 3.864276083811415854e-04
-3.910784815423472782e+00 6.657984906435621131e-01 3.498808700531428175e-04
3.431695637125299569e+00 -1.057809844289853585e+00 4.582031488648664148e-04
1.134793464748224956e+00 -4.439873996786668497e-01 4.454212090341532035e-04
2.337799723092501836e+00 -1.233277401433219733e+00 4.430550579491862270e-04
-5.364695278881225882e+00 8.476536347320928755e-01 4.146835653014849851e-04
7.724238208365958869e-01 -2.919655626842120322e-01 4.362414055341980461e-04
-3.033150974228176810e+00 -6.053521327486302561e-02 4.982188674312683406e-04
-3.503710427870416311e+00 3.372903008918717860e-01 3.856273866500217187e-04
-4.836789100038034306e+00 9.559322003014411040e-01 3.809010258736936000e-04
-5.038411696787933103e+00 9.296392867926045467e-01 4.224907516688698088e-04
-3.218650110777727669e+00 5.593461152700947986e-02 3.548626247693083963e-04
3.091862449232511523e+00 -1.163301392800854650e+00 9.480398569777647062e-04
1.186045885813215683e+00 -4.938662008771146916e-01 3.868999101113239879e-04
4.620628587054458336e-01 -7.191309614224598856e-02 4.111692279589183093e-04
-1.563527445039817998e+00 -1.042503474857082280e+00 3.729255548460581752e-04
-3.329956542542050535e+00 2.547566370663877366e-01 5.743861375421356391e-04
1.141211441006835692e+00 -4.733122055947104334e-01 4.430488537910956884e-04
4.293135196192331193e+00 -1.052626504322382361e+00 5.717275135224355763e-04
-2.853333884588131752e-01 -4.114081120413873860e-01 3.774308453337880454e-04
-5.230850544454266782e+00 8.637550828089454180e-01 3.442452326141425423e-04
5.444280220604055032e+00 -6.601478982995134803e-01 9.366525832088997425e-04
-1.749413649017439454e-01 -3.586893810960460893e-01 4.476580886171722777e-04
-4.707855684677701547e+00 9.895645376242523383e-01 4.686240189051193365e-04
4.264265168456971011e+00 -1.062937732805484314e+00 3.811049891325743520e-04
-1.477746800200342214e+00 -1.025289912369284906e+00 4.813749553255052428e-04
-4.917293108830678605e+00 9.386877929302590573e-01 3.900053269454952171e-04
5.722809318210970275e+00 -5.819254417773971344e-01 3.396543761067623768e-04
-1.964747025909715283e+00 -9.039711667719513288e-01 4.807229989509827477e-04
-3.594487899248186125e+00 3.449198894491967704e-01 6.578499097362248927e-04
-5.195000754094829531e-01 -6.237565886632651102e-01 1.533569814500651204e-03
-5.970341661895725238e+00 3.291852526394735690e-01 3.630989003768306678e-04
-3.201646380577756190e+00 1.668604077090928006e-01 1.617226904173352546e-03
1.926567870790682591e+00 -1.061881707972383682e+00 5.684583043969513140e-04
-2.043583495184709165e+00 -8.956630398854307229e-01 3.995553453662688465e-04
-6.012259018469885419e+00 2.735634374969702076e-01 4.227942465730619810e-04
-2.859966491405106392e+00 -2.250565280743718199e-01 3.917814022886921131e-04
5.799243575631878755e+00 -4.856770800529507937e-01 4.889139997304387322e-04
2.670677392795807847e+00 -1.092533423657710445e+00 4.577024743777709953e-04
1.423303857043871190e+00 -6.865275387437388410e-01 4.987325524150466437e-04
-5.747935025973369250e+00 5.238975549795812370e-01 3.926459737564116101e-04
6.016588381841422972e+00 -2.422601373978387485e-01 3.987592097631976920e-04
6.011014444346889363e-01 -2.479968956223710386e-01 1.932782457019774965e-03
1.506081834853540968e-01 -2.043952623023851944e-01 4.221568996644624772e-04
3.908315422442212750e+00 -1.025113222671889091e+00 4.042182999645718700e-04
2.716191361551718586e+00 -1.163716176336313524e+00 3.536967904712554783e-04
4.158025550691165861e+00 -1.012879407411884980e+00 3.565665773073706918e-04
-4.436430618145224436e+00 1.037283163527736640e+00 6.003514013284888323e-04
1.134124882583806837e+00 -4.696034446072591129e-01 3.741319933280538574e-04
4.361958773345751439e+00 -1.026340152067757527e+00 3.231521160856076508e-04
-1.980514993496731435e+00 -9.273518134836812310e-01 2.999320720052230061e-04
-4.462823004478226885e+00 9.981674994303737503e-01 4.127566156534941849e-04
-3.975391812184041029e+00 7.183173751266190843e-01 3.968395907071634813e-04
-4.228494990772443174e+00 7.996240556842804104e-01 5.240290259597079822e-04
-9.370445415310371118e-01 -9.214420504782756538e-01 8.744768949757339383e-04
1.326864298860292557e+00 -6.429456556009381929e-01 4.275620768238479392e-04
-5.100426195346877911e+00 9.785733385481704127e-01 4.042462098947527068e-04
-5.946550608634462165e+00 2.731544251688767799e-01 4.269526045349554349e-04
-5.168354025757338377e+00 8.978070016410933940e-01 3.770083836425265123e-04
-2.869300960348285301e+00 -2.896644730774481924e-01 2.875900496780832102e-04
-1.982369993120930651e+00 -9.032450992625794539e-01 3.961107694154553669e-04
3.477433703703795231e+00 -9.902675986519627882e-01 4.145779214028216743e-04
3.061511741629411532e+00 -1.122221084401298752e+00 4.112497098234468526e-04
-4.901167538166079751e+00 8.798268717217661017e-01 7.246889189830462612e-04
-2.755935757343879189e-01 -4.025371289686355825e-01 2.802293891573665453e-04
1.858375871812912195e+00 -1.023276310712487147e+00 5.101198234466928442e-04
4.304593857132022805e+00 -1.049457165294143568e+00 3.247354478578157611e-04
-1.401541705545939820e+00 -1.006871751569771378e+00 4.045176899800862120e-04
-2.321908875569543618e+00 -7.565757442977089076e-01 3.359942009988653878e-04
-1.044463106154982057e+00 -9.031714362367929683e-01 3.782121710777376460e-04
-7.319015722496118315e-01 -7.988581344586905830e-01 1.889019257571018795e-03
1.467276081454536474e+00 -7.277786995296110506e-01 4.295153255763425209e-04
6.235798410780290624e+00 1.412009538151769855e-02 4.432607288082795766e-04
1.912388794096422373e+00 -1.039658692433810927e+00 4.520269044354325379e-04
1.702887358608154322e+00 -8.332949946259544660e-01 5.674281731155248745e-04
4.336991637053495552e-01 -1.199411556136961432e-01 3.079398092377231308e-04
-1.814855760920345951e+00 -9.942117550959949090e-01 4.325509588137915707e-04
4.460606532607517494e+00 -1.040153281235629334e+00 4.347424526143692756e-04
-4.231150379623358049e+00 8.746108887498309503e-01 4.490284887019260112e-04
3.340440238475256507e+00 -9.712159977839395220e-01 4.280484577116169180e-04
3.240010690403128280e+00 -1.057975883490964275e+00 3.838539242676306646e-04
-5.661564002182352340e+00 6.095389763515118853e-01 4.031744577637802907e-04
-5.555781395017387325e-01 -6.833569673425011759e-01 2.581345589472044608e-03
2.676590296903199828e+00 -1.189722257930366789e+00 4.571884923854835966e-04
8.856324865599658480e-01 -3.576974321412410562e-01 3.751401536489430591e-04
-1.747250932150098635e+00 -1.032212835595612610e+00 3.633560432006572530e-04
-2.857554430070208706e+00 -3.262486058462782390e-01 4.331323772341453692e-04
-5.667857882739228970e+00 5.028570869050326131e-01 5.103943172076729493e-04
-5.195986421526209043e+00 9.183039954243823466e-01 3.864942428117463798e-04
6.222525399338795893e+00 -2.988163075615289654e-02 4.390019471456558576e-04
1.642291266259448435e+00 -9.028061977304726593e-01 3.748077433120457084e-04
3.698650823662385179e+00 -1.031005646551690358e+00 3.372821006912231552e-04
-6.076481298597929737e+00 1.926194177102611149e-01 4.083073669802740830e-04
-4.778493405652370463e+00 9.978809488946115414e-01 3.154583835093262528e-04
-1.316500449484402147e+00 -9.597598898114829691e-01 4.418079209291133030e-04
4.323619391778496635e+00 -1.065762976967928433e+00 4.166123990022652167e-04
-2.532293771837625052e+00 -5.712651260092417305e-01 3.632313096263881601e-04
-3.844711004014500499e+00 5.895888060945233544e-01 3.849345584729301981e-04
4.664032029867362539e+00 -9.759248417399685183e-01 4.626748755467642083e-04
2.173716192603771802e-01 -2.207541281408887279e+00 4.632632715948693152e-04
5.616697730295941327e+00 -3.191359521688613921e+00 3.910042002831673013e-04
3.335865719780146676e+00 -2.606601897021295411e+00 4.171703829156216473e-04
-2.734494471934103110e+00 -1.717922215380305762e+00 4.027081421078343914e-04
-3.505447349848006766e+00 -2.031689002188710180e+00 4.434481427374186054e-04
2.340135739672792425e+00 -2.810597837678031841e+00 3.684797615190629305e-04
-4.182852136835629508e+00 -1.926580710709050015e+00 4.160898966031706349e-04
-1.351607828766789865e+00 -2.242144121790659916e+00 4.166696573404121283e-04
1.483489547473826775e+00 -2.366609954068967792e+00 3.411020895918552304e-04
-1.106719067976453807e+00 -2.454070449734700343e+00 6.156259818371991781e-04
-6.252210696488884167e+00 -1.511824435858867277e+00 5.115116937000130978e-04
4.825890731529041133e+00 -2.801281224256722879e+00 6.399799030571331343e-04
4.837393434324017250e+00 -2.925534725982109396e+00 3.893055986948192526e-04
-2.508125814455873126e+00 -1.663788846518019282e+00 3.522988148417266659e-04
1.125718918613673125e+00 -2.141502875478185075e+00 3.548999228740610168e-04
6.012089938527255484e+00 -3.193111908666154797e+00 3.404416659549279510e-04
4.336576865564968131e+00 -2.659094416283074302e+00 4.180771573393649953e-04
-5.465423222094749178e+00 -1.312430987782284619e+00 3.338828059485311381e-04
-2.579317127010259281e+00 -1.707432806633723654e+00 3.736015775770198922e-04
-2.664894409346845183e+00 -1.687359952668565644e+00 5.409675422636166589e-04
4.052231527829361468e+00 -2.512395299826099215e+00 3.605706944909453822e-04
1.585662820254204242e+00 -2.426328544445221169e+00 5.910900202958062214e-04
-4.894881409513216042e+00 -1.591029000735914689e+00 3.168106963300915124e-04
-6.276540070041450647e+00 -1.516642516689378661e+00 3.575405374266256583e-04
5.556424755217244993e+00 -3.256914140419962855e+00 3.764237571645825758e-04
-4.505034343392204654e+00 -1.858943915625174803e+00 4.530132186950015013e-04
-9.852471096492489977e-01 -2.400563156560141298e+00 5.293963892569232554e-04
-1.929070588311159185e+00 -1.912010728713780638e+00 4.058294338720171103e-04
4.646856418197067740e+00 -2.812739420545772084e+00 4.902518707916737190e-04
-8.972160871747307809e-01 -2.452579633392326208e+00 6.196989528306314681e-04
4.131212992020437014e+00 -2.510632295349201293e+00 4.896307679875319804e-04
2.737606938167814974e+00 -2.731085318848117893e+00 4.426485379640228510e-04
-4.784938480937038996e+00 -1.676733705963860288e+00 4.452051612809988681e-04
1.211199235627348436e+00 -2.210157780627667989e+00 3.319809692917031650e-04
-4.652619580669172805e+00 -1.739651060881568068e+00 3.966440158807342607e-04
-5.308863175288157876e+00 -1.318646520777653874e+00 4.322622699163013757e-04
4.162047992429386056e+00 -2.450125791348118920e+00 4.216050740137042632e-04
-4.475435638745315359e-01 -2.376529266127723972e+00 4.572941604575956318e-04
-4.247276451879959502e+00 -2.033829980573642171e+00 3.859189349123472602e-04
6.028753007728564484e-01 -1.964737104327870743e+00 3.916504839838404780e-04
1.111945631387034616e+00 -2.199303725393013664e+00 4.168755146802659447e-04
3.438324487574995203e+00 -2.500736944816702501e+00 4.638372363288616835e-04
1.958411783879295598e+00 -2.809797179713775517e+00 6.137050699667822391e-04
7.251645265595465517e-01 -2.065223874559732664e+00 5.095950851940605217e-04
-4.043264094462690750e+00 -2.056660303566678394e+00 4.093990511721210803e-04
-3.259923490182783379e+00 -1.950734731176477332e+00 3.655127884504710020e-04
7.608475428078076419e-02 -2.177838701770886676e+00 4.495173250251805158e-04
-1.297531816031028740e+00 -2.257545769770085808e+00 4.793796962536804617e-04
-2.129348197155858102e-01 -2.316566686851695422e+00 5.775502323823782308e-04
5.726995746843298818e+00 -3.170784066984089655e+00 3.426047761305203547e-04
5.046681994356875478e+00 -3.036133853953514539e+00 4.882239022998705394e-04
7.237377445687975808e-02 -2.262794534720100614e+00 4.543742250210418493e-04
4.030053719132597578e+00 -2.405974338699880199e+00 4.178186920874518858e-04
4.118199783286145887e+00 -2.475885793442034188e+00 4.153200014530305682e-04
-3.369881540444613854e+00 -2.027504102952083276e+00 4.195300830277469938e-04
-5.289744765916797320e+00 -1.416379251619183766e+00 3.429923524504586551e-04
-4.302357546151132084e-01 -2.359810450260741987e+00 6.813983706837305069e-04
4.762350462284469899e+00 -2.750423096943440449e+00 7.297083257557820772e-04
-4.429607204730253045e+00 -1.742446715390354672e+00 1.103547684452508421e-03
-3.377195699593172229e+00 -1.962120424913317507e+00 4.193377520718078659e-04
5.252061891192532528e+00 -3.111040584028732514e+00 3.732702814401086134e-04
-4.661325186483868954e+00 -1.654124700922094515e+00 5.865755971511300718e-04
5.232733762160407309e+00 -3.149868831095026245e+00 4.073686264839864531e-04
-3.332632263084361224e+00 -1.973399005590727562e+00 3.237756701429570731e-04
1.457532721085919469e+00 -2.298262251183690541e+00 4.383027942535987686e-04
5.674819157084169063e+00 -3.344472315414248609e+00 5.468864761625163258e-04
-3.077116871403457132e+00 -1.789390503182847647e+00 4.246228295269690212e-04
-6.251122420531691759e-01 -2.439137092469359835e+00 6.574565465228912348e-04
5.937833550713710551e+00 -3.243827551100988860e+00 5.239762529795647045e-04
-3.275160629951346714e+00 -1.918812154416308147e+00 4.787603490309400587e-04
-3.786482423375201467e+00 -2.066688254945578063e+00 3.888854587148722944e-04
2.361803828015673901e+00 -2.847042888637438818e+00 3.796528710050265840e-04
4.335513405573147239e+00 -2.539133783332824912e+00 3.121738154179666091e-04
-5.866461609833866220e-01 -2.457757209012736865e+00 5.044477299843738282e-04
-5.009331971962329710e+00 -1.486405569868040732e+00 3.717630833166632454e-04
1.543753127186658247e+00 -2.423256736557046764e+00 4.816030694417267727e-04
-5.234195747218685746e+00 -1.329385629839921812e+00 5.180343328988556246e-04
-5.613811254270888895e+00 -1.282908058885931180e+00 4.154369171116556458e-04
-1.941774713608291236e+00 -1.831955827823975591e+00 4.328696506432183990e-04
5.095351955026909962e+00 -3.156107060711875523e+00 3.677915314085798628e-04
3.752320871093472121e+00 -2.379836808476294419e+00 4.389220871738976136e-04
-1.454847144580643459e+00 -2.162530160568356230e+00 5.581778625924534989e-04
-5.117955969464251353e+00 -1.443127157397319893e+00 3.845093867181840065e-04
-4.690711870187602273e+00 -1.636114173290651674e+00 4.214841235280611712e-04
4.322489840747749668e-01 -2.126707229548185474e+00 3.692860121529863821e-04
9.178724748688704693e-02 -2.223673698843509960e+00 4.014063056177408976e-04
4.441927607318607585e-02 -2.172251857886998039e+00 5.444348540845247823e-04
-4.692197641637188887e+00 -1.697605684070931042e+00 3.843568325371735095e-04
3.660465523689799383e+00 -2.393469756487923927e+00 4.806696998296169747e-04
1.207015657286120813e+00 -2.304599809737654326e+00 4.675776160458885089e-04
3.239225470368646498e+00 -2.654633157470443816e+00 4.961339496650781855e-04
-5.106458815847805255e-01 -2.435607999156590431e+00 5.418812882797798469e-04
-5.347503343201742254e+00 -1.307877684213682556e+00 5.079127166786759438e-04
1.287900224466453025e+00 -2.251141072628822126e+00 3.966016941250292711e-04
-8.092847037298174229e-01 -2.489950045763824171e+00 4.968649947990670885e-04
-6.202404912823477723e+00 -1.578225838697056904e+00 5.178074461577779428e-04
-5.697216973984062349e+00 -1.384226944750419852e+00 3.061928162277412647e-04
-1.021113116759043926e+00 -2.404478811807934768e+00 6.482656645609898710e-04
4.753428927317226993e+00 -2.865270428598847730e+00 4.223767827648298653e-04
-8.417244904900815783e-01 -2.496715489606611271e+00 4.153013977805665425e-04
1.802774169406374583e+00 -2.576655619252775420e+00 5.293555830530646128e-04
8.589086101954253039e-01 -2.106373503222681798e+00 3.891064605453211831e-04
-3.264970517485845658e+00 -1.953036669779059098e+00 3.513344741958170743e-04
-2.567224026164431017e+00 -1.608507290468662365e+00 5.189802552843789715e-04
-6.220040253333045221e+00 -1.508843328263529182e+00 4.435753273865286747e-04
-4.663461205963512768e+00 -1.725732821609838652e+00 4.180052085748590376e-04
3.663727825510445513e-01 -2.031073718133313388e+00 5.944152542562454455e-04
1.853476685291735038e+00 -2.567961299237639938e+00 5.480018031565140604e-04
-4.456513113777944568e+00 -1.891466964579979981e+00 3.861592907523524383e-04
2.405068378559096942e+00 -2.780219563190791554e+00 4.968679597419104138e-04
1.326571361464774057e+00 -2.250414588441020936e+00 4.229629317886584726e-04
5.825075502616156697e+00 -3.184370552088368722e+00 3.846062522758981529e-04
4.308437355298229576e+00 -2.433648880128271408e+00 6.002980398960618006e-04
2.301461042003820623e-01 -2.144054157081815681e+00 4.181969774834941225e-04
1.300307803271705254e+00 -2.322679651670501944e+00 3.991658178959790705e-04
-5.208813866997928699e+00 -1.430857048225502970e+00 4.848834443107027307e-04
5.712099448734125673e+00 -3.294381524763764002e+00 3.745410156611721653e-04
4.964985029235601033e+00 -3.017285311233984135e+00 3.757503218900106303e-04
7.332122387221220450e-01 -2.037919280552708656e+00 4.716835046224206488e-04
-2.739262931033307868e+00 -1.687596936950297444e+00 3.964624024603695960e-04
1.751624875814012938e+00 -2.458536335621435143e+00 5.219763514161493857e-04
-1.042655557212251338e+00 -2.429298155384279401e+00 4.868145095814359314e-04
1.598850746141040169e+00 -2.480935773314125736e+00 4.636015684658398935e-04
-1.301490910262811163e+00 -2.191026730355762897e+00 4.867049422967296523e-04
-2.490489233126844226e+00 -1.662593588488065377e+00 4.231441750302389728e-04
-1.282465574032802813e+00 -2.265928232113246565e+00 5.413145937482014176e-04
4.395522019280470261e+00 -2.667437244520511008e+00 4.553653827499084292e-04
4.256716089046062024e+00 -2.607964930972999973e+00 4.438136519304749779e-04
-2.696990239764911923e+00 -1.625130171438176729e+00 3.568078947012264641e-04
-2.024966607722335610e+00 -1.679920270043036679e+00 6.473756468115661683e-04
-2.024194581541927107e-01 -2.390868678042248785e+00 4.076770321085670598e-04
-1.451524438247266957e+00 -2.201142565203828116e+00 4.910145765604288608e-04
-2.151521614518783210e+00 -1.721736154153255871e+00 4.916759759091859396e-04
3.644647278840293936e-01 -2.140356609361024898e+00 4.300640203008546060e-04
-5.065692939027973907e+00 -1.410773117287312806e+00 3.070029028789437141e-04
-5.989384434477885044e+00 -1.432998225522563729e+00 3.319907166843845793e-04
-3.895089182802507377e+00 -2.119945530738277739e+00 3.781037887533556744e-04
5.809969022540249384e+00 -3.262745516384848887e+00 3.369551654381498893e-04
3.279271642685767318e+00 -2.607673803428196990e+00 4.074372607348217224e-04
2.688002704277998589e-01 -2.213132311368088967e+00 4.447572374353095837e-04
-4.745724674700575463e+00 -1.681740494801077235e+00 5.008296879202211657e-04
6.265425018007158897e+00 -2.946727686542500280e+00 4.724897969654031043e-04
4.879046095564968155e+00 -2.902392544488068271e+00 4.558497359312807919e-04
5.776067032521780220e+00 -3.235603170984605370e+00 5.304689606031654566e-04
8.141179645403306964e-01 -1.993127920574614631e+00 3.944641643500597893e-04
-2.535480104766639986e+00 -1.778630418346347053e+00 3.734918452551046165e-04
-3.955982470929510608e+00 -2.134835763058684499e+00 4.463175254547042188e-04
3.529300190274692994e+00 -2.372727030519747871e+00 5.585115938168123788e-04
-4.332699279052631525e+00 -1.917726664220108734e+00 4.900625511065284526e-04
1.270698205900314903e+00 -2.202502325184632515e+00 4.013067095254008176e-04
2.991299166423782907e+00 -2.761343378997775488e+00 3.504879129743096716e-04
8.333275447065231489e-01 -2.013239280863030167e+00 4.024997402319234019e-04
3.699279464966696906e+00 -2.418550293920138206e+00 4.111824095706890581e-04
5.369107724186411801e+00 -3.195315927592513816e+00 3.443988506239986929e-04
-5.267040677686614103e+00 -1.333075524556775360e+00 3.561643433355338455e-04
-4.818979176793583008e+00 -1.636106268973539501e+00 3.778788301576814783e-04
-4.853116796329456584e+00 -1.635704000886035958e+00 3.840296006572313969e-04
-2.664913131426770221e+00 -1.720831369594724602e+00 4.137318133314876896e-04
6.459416617217597079e-01 -2.028848094170378147e+00 4.439769046808992106e-04
-6.956292232752643301e-01 -2.455174279682220906e+00 4.785894500145815560e-04
-6.346396321848013500e-01 -2.438808144383866949e+00 4.339860207437534778e-04
2.370708118824099486e+00 -2.819802884146378918e+00 4.512179841800895434e-04
-4.412705861162613097e+00 -1.902089121029062246e+00 4.409802533533041524e-04
-4.779587365264800880e+00 -1.742917893739087232e+00 3.250382715607354743e-04
-4.515681559731030248e+00 -1.911986662654026947e+00 3.871804900752845425e-04
4.330591020468302688e+00 -2.628545758198018945e+00 4.551857658591194357e-04
-1.614354168011713497e+00 -1.967957791619080909e+00 5.427714320325939968e-04
1.399060278858958561e+00 -2.417147128511837550e+00 4.001867729952397778e-04
5.161106773786075408e+00 -3.242272283677708256e+00 5.385307785263266939e-04
-3.982919686936897019e+00 -1.997595388958349538e+00 4.065486939670496895e-04
-5.653371005597453092e+00 -1.312098928352600113e+00 3.412580512444189098e-04
-2.971263211139156368e+00 -1.853127079293438229e+00 4.194398757319717144e-04
-1.504102038156464261e+00 -2.055567070462677837e+00 5.329876537285388157e-04
4.509886974699695017e-01 -2.060047980996543959e+00 4.353232884894544857e-04
-3.695359002461330089e+00 -2.008668185436990328e+00 4.247047376025739947e-04
3.238541539397651547e+00 -2.548877162112845873e+00 3.721604858540997511e-04
1.473300061930681082e+00 -2.366376121917941777e+00 4.227600671436154809e-04
3.504912594214417254e+00 -2.489731373447858775e+00 4.557561486931476706e-04
-3.842071515441367602e+00 -2.008775121980962641e+00 4.804646152222858215e-04
-3.192056575171621002e+00 -1.990181549287143969e+00 4.342301063137486250e-04
1.766373184743484259e+00 -2.583626821965156140e+00 4.062326238128434182e-04
-1.255287936176400443e+00 -2.227348797674396419e+00 4.659994732291520810e-04
5.814729477613637343e+00 -3.137349883213669255e+00 4.756001951332465972e-04
3.313349725452281902e+00 -2.532029965166353591e+00 4.728637185910830837e-04
-4.136958314343871734e+00 -2.086320319520719835e+00 4.093391014057610588e-04
-4.785571683005889199e+00 -1.606527251132330303e+00 4.386526271798016244e-04
-2.132894443036695620e+00 -1.694342724292613234e+00 4.292554568350970636e-04
3.752594020424668386e+00 -2.479426876752926390e+00 4.146458937881744382e-04
1.320562265669704693e+00 -2.247328502143091544e+00 4.013603088686358198e-04
-3.550073166444127182e+00 -2.102267431958980914e+00 3.635104004443222270e-04
-5.921600598124465265e+00 -1.453971161063162709e+00 4.285634000315876853e-04
1.610199505573239875e-01 -2.098716766021586189e+00 5.828139761379504775e-04
5.523408184564253531e+00 -3.121463693899851233e+00 5.306861367975373219e-04
9.619392811603848514e-01 -2.028669503051030443e+00 4.396352258013315321e-04
5.695595431346134774e+00 -3.109959173433485269e+00 5.791272497020460682e-04
-2.426977455659624638e-01 -2.345544431913638039e+00 4.162306825302576445e-04
6.167460291893108959e+00 -3.023567490000889091e+00 5.028667013881388996e-04
-8.484436137546413903e-02 -2.374924616562730684e+00 5.016713749853361597e-04
4.120100948954526388e+00 -2.439039127695115550e+00 4.073660229464732695e-04
-2.811317680626995497e+00 -1.772969402670043326e+00 3.416713679623115422e-04
-5.430942787880435496e+00 -1.350968141665516153e+00 3.407912195335399577e-04
2.781693068761359910e+00 -2.767694298495860572e+00 4.739959478339985212e-04
-4.755006155405108181e+00 -1.677511295679734449e+00 4.964142411409094673e-04
3.890125572154525813e+00 -2.339377813353207269e+00 4.800257034437897352e-04
5.463760208975379840e+00 -3.131570871241798670e+00 4.877188115047892511e-04
-1.979640950974243196e+00 -1.898097659897997280e+00 4.549586681371018413e-04
-2.354499543742023526e+00 -1.533511039708136181e+00 1.003216026415928389e-03
1.260370610161505311e+00 -2.250161086657851417e+00 4.532766877371889364e-04
2.444678793669254446e+00 -2.781063573697719615e+00 3.655965582253730859e-04
-5.715547734686126979e+00 -1.291370606733162285e+00 4.336268993259363648e-04
1.592607474178090676e+00 -2.348163511927791269e+00 7.295455335543849819e-04
-4.077828471304226099e+00 -2.016187721706452773e+00 4.572140929879692163e-04
-5.265735880296102067e+00 -1.343061170595678533e+00 3.808233272302509486e-04
-2.341101892649624983e+00 -1.710482277882462432e+00 5.228942304722478248e-04
-1.079153805408498812e+00 -2.395733443738509827e+00 4.635999030257149456e-04
-1.322084471519789695e+00 -2.280725883653192732e+00 5.821773706011959103e-04
2.802809948170345677e+00 -2.824572397233455767e+00 4.213685820842646675e-04
1.460807867029423335e-01 -2.206948356158987323e+00 5.244110024493165920e-04
-1.964806980227063349e+00 -1.845039046221172097e+00 4.801370795041302224e-04
-3.907100762312518683e-01 -2.332189229350531967e+00 4.564085389243703519e-04
5.873366761740612674e-01 -2.034269047898563443e+00 5.140392243447729995e-04
4.208159894949652369e+00 -2.501975318824877892e+00 4.248538881362897649e-04
-1.908933478116808580e+00 -1.850463227895820628e+00 3.588691927117061806e-04
3.558621026407791987e+00 -2.471728906077641508e+00 4.200726197460632918e-04
1.897665535002463599e+00 -2.578032320803504529e+00 4.453525122729488743e-04
4.687579943254938541e+00 -2.829995607272615121e+00 4.407922307173128395e-04
-1.122793113697659884e+00 -2.341446376542150709e+00 4.307247575090966869e-04
-3.968971017959554093e+00 -2.065895328904983508e+00 4.296504861374149994e-04
-5.112272094789538812e+00 -1.374172066466466724e+00 3.820571878050471669e-04
7.207963252011824196e-01 -1.994806241633315880e+00 5.205910151721766018e-04
5.992043674957537647e+00 -3.159484980111431085e+00 4.296166184846206835e-04
-2.567031204559786062e+00 -1.692545871819842729e+00 3.593891296188625158e-04
-1.342602433270564610e+00 -2.249545402655547033e+00 5.526748430715422260e-04
4.006144957317872013e+00 -2.444381398004407568e+00 3.881969749705653223e-04
-1.331889525968658283e+00 -2.230170689875844658e+00 4.286343815532902136e-04
4.911253294012395187e+00 -2.960990348761019852e+00 5.024546806626583413e-04
-5.904613822017731550e+00 -1.306295659891478111e+00 4.474339867684350397e-04
5.024182568174069274e+00 -3.084177158909290117e+00 4.058560629412422366e-04
-2.625044235939666404e+00 -1.712833315653553568e+00 4.685834745328764359e-04
6.040803229045209832e+00 -3.143934818767995409e+00 4.085903496672616876e-04
3.425648173923583784e+00 -2.429198810870548897e+00 4.821005259787641329e-04
3.926280761952080312e+00 -2.322005447872477202e+00 3.957553163318501674e-04
-3.176632317585044163e-01 -2.364681300543173936e+00 4.463957826158812645e-04
-2.482020098347503367e+00 -1.729741425474044192e+00 4.375267581516318455e-04
-2.210128688305048605e+00 -1.739094962619305740e+00 4.590865406932588175e-04
4.856444578568636317e+00 -2.921504928068022977e+00 3.741636352789289651e-04
-8.853980283505435978e-01 -2.472719296370880837e+00 4.845596940335889749e-04
-6.244498001355649919e+00 -1.499979416792957210e+00 4.120065797778106392e-04
1.495357090225044594e+00 -2.339849575991083341e+00 4.702436442324385720e-04
1.739369343513336830e+00 -2.582195046878984712e+00 4.861784673894543754e-04
1.283451384013493346e+00 -2.317817915850271859e+00 4.711779870666728417e-04
-5.216329804053543739e+00 -1.381727881900422839e+00 4.214555797018130785e-04
-3.910784815423472782e+00 -2.147293954341796596e+00 4.582921005394693915e-04
3.431695637125299569e+00 -2.429319963853577846e+00 4.907293974822796992e-04
1.134793464748224956e+00 -2.159514733431460609e+00 3.870605163667208636e-04
2.337799723092501836e+00 -2.856043043809299409e+00 4.254166054471208991e-04
-5.364695278881225882e+00 -1.394833360506763764e+00 4.157739949034460099e-04
7.724238208365958869e-01 -2.128702101472464303e+00 4.721575390577681082e-04
-3.033150974228176810e+00 -1.830507104597402845e+00 4.883501411806738393e-04
-3.503710427870416311e+00 -1.997080885794558780e+00 3.609389417973674617e-04
-4.836789100038034306e+00 -1.634186507463353477e+00 3.637977215415459805e-04
-5.038411696787933103e+00 -1.386532560888554144e+00 3.811982221334856151e-04
-3.218650110777727669e+00 -1.911008842521915163e+00 4.591197984755713266e-04
3.091862449232511523e+00 -2.592948746878693367e+00 3.470199826698370550e-04
1.186045885813215683e+00 -2.215119370031868318e+00 5.343182381763664224e-04
4.620628587054458336e-01 -2.052036504052087817e+00 4.536526369795367431e-04
-1.563527445039817998e+00 -2.064196752969595039e+00 5.844484841655959604e-04
-3.329956542542050535e+00 -1.991630962944525685e+00 4.882217867861538604e-04
1.141211441006835692e+00 -2.219755488710076996e+00 3.898507421095381712e-04
4.293135196192331193e+00 -2.613610015255798835e+00 3.792181203080749853e-04
-2.853333884588131752e-01 -2.333337888072339883e+00 5.356122405021860721e-04
-5.230850544454266782e+00 -1.327031267516915358e+00 2.971331073890932126e-04
5.444280220604055032e+00 -3.192970334031381086e+00 3.747398074440970624e-04
-1.749413649017439454e-01 -2.379910130964417725e+00 4.826821676194798308e-04
-4.707855684677701547e+00 -1.705556076722233971e+00 3.149561572836161150e-04
4.264265168456971011e+00 -2.591296266707895590e+00 3.228392317762431669e-04
-1.477746800200342214e+00 -2.189845981568188105e+00 5.205922450657534490e-04
-4.917293108830678605e+00 -1.547504532786328602e+00 4.623278473846897138e-04
5.722809318210970275e+00 -3.301487726729189998e+00 4.033419790801974904e-04
-1.964747025909715283e+00 -1.815654382885596663e+00 5.400655868372610229e-04
-3.594487899248186125e+00 -2.140387271064272401e+00 3.806240370106324399e-04
-5.195000754094829531e-01 -2.503633331337680179e+00 5.433766942003761483e-04
-5.970341661895725238e+00 -1.310652504077087999e+00 3.299661937372082472e-04
-3.201646380577756190e+00 -1.847449434675667357e+00 4.675011336872209023e-04
1.926567870790682591e+00 -2.798663879602841131e+00 6.642579310003582068e-04
-2.043583495184709165e+00 -1.764639443001481345e+00 3.690914641336125049e-04
-6.012259018469885419e+00 -1.361182029442793651e+00 4.547411971320532913e-04
-2.859966491405106392e+00 -1.710039686238646661e+00 5.359175686246835926e-04
5.799243575631878755e+00 -3.271971061558999416e+00 4.305395366291508573e-04
2.670677392795807847e+00 -2.845863035399054386e+00 3.904274626312958965e-04
1.423303857043871190e+00 -2.319691642512413665e+00 3.868248387869393959e-04
-5.747935025973369250e+00 -1.231536516233155520e+00 4.765953301390044180e-04
6.016588381841422972e+00 -3.056137542016050368e+00 4.112992192147465142e-04
6.011014444346889363e-01 -2.049766865760824341e+00 4.066937834683228420e-04
1.506081834853540968e-01 -2.164347369450946967e+00 4.366499852543371542e-04
3.908315422442212750e+00 -2.367785942519180509e+00 3.919372837235748246e-04
2.716191361551718586e+00 -2.770717970865557600e+00 4.552202120072475818e-04
4.158025550691165861e+00 -2.449949655395235570e+00 4.650298204933458416e-04
-4.436430618145224436e+00 -1.929515798607392307e+00 4.170107578608322433e-04
1.134124882583806837e+00 -2.088749968977969385e+00 5.044308764993596849e-04
4.361958773345751439e+00 -2.527282136439680471e+00 4.474411330391013021e-04
-1.980514993496731435e+00 -1.863199195131276520e+00 4.278047586368070193e-04
-4.462823004478226885e+00 -1.913908159964128552e+00 4.227440487934412011e-04
-3.975391812184041029e+00 -2.038200661721194962e+00 3.748949320832423680e-04
-4.228494990772443174e+00 -1.923043684175599788e+00 3.729696535987064745e-04
-9.370445415310371118e-01 -2.315331651754477527e+00 6.104581883890250037e-04
1.326864298860292557e+00 -2.254622925720986437e+00 3.451708233062057121e-04
-5.100426195346877911e+00 -1.385294507405599562e+00 5.022220900596487342e-04
-5.946550608634462165e+00 -1.317730634538458068e+00 4.678444988718169321e-04
-5.168354025757338377e+00 -1.355747754568328300e+00 3.639073157086937906e-04
-2.869300960348285301e+00 -1.711926159063865915e+00 3.895767221158306579e-04
-1.982369993120930651e+00 -1.799440546995891399e+00 3.543954129444913431e-04
3.477433703703795231e+00 -2.338520013949413556e+00 6.400209151522686778e-04
3.061511741629411532e+00 -2.591229981138711391e+00 4.761747631797928521e-04
-4.901167538166079751e+00 -1.542954811453078889e+00 4.479675057519178459e-04
-2.755935757343879189e-01 -2.451675024501096978e+00 4.708891198526409926e-04
1.858375871812912195e+00 -2.589045094687470794e+00 4.830774063240462915e-04
4.304593857132022805e+00 -2.519174049964622242e+00 4.271896071300826099e-04
-1.401541705545939820e+00 -2.166065322377268121e+00 4.780977367584615580e-04
-2.321908875569543618e+00 -1.569113165050832537e+00 5.872688327710658129e-04
-1.044463106154982057e+00 -2.342120611966340693e+00 4.158189243882044728e-04
-7.319015722496118315e-01 -2.421503742133521708e+00 4.770169121313418939e-04
1.467276081454536474e+00 -2.418080281207610316e+00 4.697887682126824951e-04
6.235798410780290624e+00 -3.072735122862070956e+00 3.871542298728762274e-04
1.912388794096422373e+00 -2.695794530522220178e+00 3.458733363784347774e-04
1.702887358608154322e+00 -2.603705158544113551e+00 3.791310092517235727e-04
4.336991637053495552e-01 -2.021478849885506968e+00 5.068516419848541690e-04
-1.814855760920345951e+00 -1.856027565716085848e+00 4.640585276237923075e-04
4.460606532607517494e+00 -2.655293441298443913e+00 4.601741999596340176e-04
-4.231150379623358049e+00 -2.041927505253043229e+00 3.530869248435972814e-04
3.340440238475256507e+00 -2.503592563053399278e+00 3.580885640605107061e-04
3.240010690403128280e+00 -2.595412147390069979e+00 3.632861541129954680e-04
-5.661564002182352340e+00 -1.362646683741508324e+00 4.420565044948092880e-04
-5.555781395017387325e-01 -2.384809869400840832e+00 5.667420486642054398e-04
2.676590296903199828e+00 -2.848029374822490745e+00 3.792202383994635185e-04
8.856324865599658480e-01 -2.147765253697811794e+00 4.455490504678365064e-04
-1.747250932150098635e+00 -1.911182003596190615e+00 4.512158971763911581e-04
-2.857554430070208706e+00 -1.718735001590374623e+00 5.423711647208413929e-04
-5.667857882739228970e+00 -1.335277053152668980e+00 3.690118437309467436e-04
-5.195986421526209043e+00 -1.370760923714288371e+00 3.011909763734281335e-04
6.222525399338795893e+00 -2.992073553233137062e+00 4.907954187962756867e-04
1.642291266259448435e+00 -2.488784944351299266e+00 3.967149220214110945e-04
3.698650823662385179e+00 -2.407143719989803365e+00 3.451697628548694853e-04
-6.076481298597929737e+00 -1.378864064969610892e+00 4.249032175051550213e-04
-4.778493405652370463e+00 -1.661415844673181708e+00 4.160040028819238494e-04
-1.316500449484402147e+00 -2.180736541354796554e+00 5.638309681443163168e-04
4.323619391778496635e+00 -2.541617704976486092e+00 5.278060685917691135e-04
-2.532293771837625052e+00 -1.669925523357318475e+00 4.716318081699010347e-04
-3.844711004014500499e+00 -2.149803250995736104e+00 3.978767389904577182e-04
4.664032029867362539e+00 -2.864679152578479826e+00 3.580560872672436043e-04
