# X Y attrib
2.173716192603771802e-01 2.086387818266644822e-01 2.452906987132992024e-03
5.616697730295941327e+00 -6.816551228230527393e-01 9.970253792224470502e-01
3.335865719780146676e+00 -1.957618466368019894e-01 7.396034085687356197e-04
-2.734494471934103110e+00 -4.092344267680286252e-01 9.984940611804108412e-01
-3.505447349848006766e+00 2.711708949955215497e-01 9.973072749433568029e-01
2.340135739672792425e+00 7.310395467750115950e-01 3.434519867787285416e-04
-4.182852136835629508e+00 7.347954349572600741e-01 9.946441581749856375e-01
-1.351607828766789865e+00 -8.667043703994018466e-01 9.967926740411544584e-01
1.483489547473826775e+00 9.594454568950121498e-01 8.240640666119373233e-04
-1.106719067976453807e+00 -9.747700575349951269e-01 9.975565946916216120e-01
-6.252210696488884167e+00 -9.985182683532492498e-02 9.966720819963722500e-01
4.825890731529041133e+00 -1.047304859504619046e+00 9.975823044013614194e-01
4.837393434324017250e+00 -1.032381878915456852e+00 9.971156478462454009e-01
-2.508125814455873126e+00 -5.461559831834796874e-01 9.986477894226910568e-01
1.125718918613673125e+00 9.903933919429216415e-01 4.350273905943023386e-04
6.012089938527255484e+00 -2.812301007540313202e-01 9.980976889216752745e-01
4.336576865564968131e+00 -1.010905011541654908e+00 9.986030542770256702e-01
-5.465423222094749178e+00 7.119101184900488155e-01 9.986749742379391614e-01
-2.579317127010259281e+00 -5.814883104347506881e-01 9.971106575824114637e-01
-2.664894409346845183e+00 -3.830363767559651356e-01 9.984155007942683291e-01
4.052231527829361468e+00 -7.542869709469229855e-01 1.465845795642771844e-03
1.585662820254204242e+00 9.655370363222816055e-01 9.716338903448830649e-04
-4.894881409513216042e+00 1.018551520706905134e+00 9.987274466753793822e-01
-6.276540070041450647e+00 -6.156496262850623402e-02 9.964572266399601697e-01
5.556424755217244993e+00 -7.041498725936847780e-01 9.984352231883938389e-01
-4.505034343392204654e+00 9.781003898342112146e-01 9.986543665315271712e-01
-9.852471096492489977e-01 -7.800079964934623078e-01 9.987111229565981407e-01
-1.929070588311159185e+00 -9.299967224461248572e-01 9.987292175926160143e-01
4.646856418197067740e+00 -9.864025103750149182e-01 9.987506184143287724e-01
-8.972160871747307809e-01 -7.912135362890515555e-01 9.985672628526842676e-01
4.131212992020437014e+00 -8.109328327817567628e-01 1.503072674723951278e-02
2.737606938167814974e+00 3.366448318876549273e-01 1.117828667405597982e-03
-4.784938480937038996e+00 9.428981589609839453e-01 9.977772917215589343e-01
1.211199235627348436e+00 9.611124602149928586e-01 4.488504545483737538e-04
-4.652619580669172805e+00 9.515264351029206757e-01 9.979872488330223668e-01
-5.308863175288157876e+00 8.460805626355502040e-01 9.987222014453023267e-01
4.162047992429386056e+00 -8.311221869862116529e-01 1.314397741412914010e-02
-4.475435638745315359e-01 -4.242263765342874082e-01 9.988402032333216773e-01
-4.247276451879959502e+00 8.673688775436175780e-01 9.981128690766903899e-01
6.028753007728564484e-01 5.554896113084126785e-01 1.798345873079179504e-03
1.111945631387034616e+00 9.088089547578211969e-01 4.496729907286371231e-04
3.438324487574995203e+00 -3.204386384808073363e-01 1.300180594694957947e-03
1.958411783879295598e+00 9.047423628635012927e-01 1.267397172746246529e-03
7.251645265595465517e-01 6.628586985973713430e-01 6.022817949209240910e-04
-4.043264094462690750e+00 8.351247513587973792e-01 9.987035595719969683e-01
-3.259923490182783379e+00 1.123587143213876094e-01 9.987053277866830836e-01
7.608475428078076419e-02 2.498421108460183865e-02 7.947749213394970924e-02
-1.297531816031028740e+00 -1.059462663988833819e+00 9.972255398843683505e-01
-2.129348197155858102e-01 -2.477399950426260322e-01 9.981661990344857793e-01
5.726995746843298818e+00 -6.050544164802595937e-01 9.971187557334419971e-01
5.046681994356875478e+00 -9.485146376538131641e-01 9.985338477007227320e-01
7.237377445687975808e-02 1.092748841337499582e-01 1.163759307119946766e-03
4.030053719132597578e+00 -8.268324497074253099e-01 9.836020556916804658e-01
4.118199783286145887e+00 -8.656440710504196279e-01 9.937996868612951618e-01
-3.369881540444613854e+00 1.796811487082884407e-01 9.979432230822321559e-01
-5.289744765916797320e+00 8.842875789768607220e-01 9.990305723075000310e-01
-4.302357546151132084e-01 -4.545808994354959554e-01 9.986049365974031256e-01
4.762350462284469899e+00 -9.682394491907990730e-01 9.987896278339647438e-01
-4.429607204730253045e+00 1.026217912084466999e+00 9.987270219075043975e-01
-3.377195699593172229e+00 2.166931076044297522e-01 9.985504696428986193e-01
5.252061891192532528e+00 -7.661858613882485125e-01 9.975216682067722385e-01
-4.661325186483868954e+00 9.977285205221366748e-01 9.987922458231145439e-01
5.232733762160407309e+00 -9.112359363753848029e-01 9.978319537904828396e-01
-3.332632263084361224e+00 1.811840517919226790e-01 9.988204335272189427e-01
1.457532721085919469e+00 8.960277540922920725e-01 1.933619493538800242e-03
5.674819157084169063e+00 -5.650292972976063144e-01 9.988423272386123264e-01
-3.077116871403457132e+00 -7.405021775843020904e-02 9.986573657754420630e-01
-6.251122420531691759e-01 -6.123354383985988303e-01 9.981625764822441571e-01
5.937833550713710551e+00 -3.007107739379200062e-01 9.987656397590065627e-01
-3.275160629951346714e+00 4.064335051230433260e-02 9.964425968280887780e-01
-3.786482423375201467e+00 6.287802209004582643e-01 9.987227180608766464e-01
2.361803828015673901e+00 7.713054628406288415e-01 3.521561027707233085e-04
4.335513405573147239e+00 -9.918655020553970303e-01 9.987953803974729539e-01
-5.866461609833866220e-01 -5.456803330063235702e-01 9.987674053280349851e-01
-5.009331971962329710e+00 9.549678803082616296e-01 9.987224097389375554e-01
1.543753127186658247e+00 9.980220113507882740e-01 5.691411381555200148e-04
-5.234195747218685746e+00 8.204058421262256928e-01 9.978360847679877965e-01
-5.613811254270888895e+00 6.611253508156839098e-01 9.988757664169952699e-01
-1.941774713608291236e+00 -8.970851628024567592e-01 9.988180131583637156e-01
5.095351955026909962e+00 -8.687864921139903940e-01 9.987038663070869626e-01
3.752320871093472121e+00 -6.056842547895828766e-01 2.337807076484173501e-03
-1.454847144580643459e+00 -9.422990929016524797e-01 9.988289156259255730e-01
-5.117955969464251353e+00 9.319700267045891717e-01 9.987070418523533721e-01
-4.690711870187602273e+00 1.083366663089676774e+00 9.986630309330973843e-01
4.322489840747749668e-01 4.290051746720148773e-01 5.265968190200924666e-04
9.178724748688704693e-02 2.238209002812324711e-03 9.825415082181594428e-01
4.441927607318607585e-02 5.811831733939491762e-02 2.498461728411604035e-03
-4.692197641637188887e+00 9.864079929579503414e-01 9.984560079120530229e-01
3.660465523689799383e+00 -5.127720160156573614e-01 1.828289541834687880e-03
1.207015657286120813e+00 8.612361742796922348e-01 1.271984247649926049e-03
3.239225470368646498e+00 -1.080208998389650538e-01 8.872272478010040896e-04
-5.106458815847805255e-01 -5.613959179123411136e-01 9.977536089579451817e-01
-5.347503343201742254e+00 7.838276323074828689e-01 9.985567436301977517e-01
1.287900224466453025e+00 9.349573598577365363e-01 1.079780011125168297e-03
-8.092847037298174229e-01 -6.919964288836726318e-01 9.988615005723349149e-01
-6.202404912823477723e+00 1.676237300263147822e-01 9.978959610557253113e-01
-5.697216973984062349e+00 4.511926205028329862e-01 9.967421364547156548e-01
-1.021113116759043926e+00 -8.916174259944574798e-01 9.972427322222108259e-01
4.753428927317226993e+00 -1.001683051177582939e+00 9.986419811857681905e-01
-8.417244904900815783e-01 -7.390686248091599131e-01 9.987610357135721095e-01
1.802774169406374583e+00 1.015028504214559035e+00 3.144879530467447259e-04
8.589086101954253039e-01 7.025964848479656633e-01 1.682901287538729040e-03
-3.264970517485845658e+00 1.144810110688988802e-01 9.988442745864126726e-01
-2.567224026164431017e+00 -4.957913775712057824e-01 9.989464586818477265e-01
-6.220040253333045221e+00 1.317887519022657022e-02 9.976644500657566583e-01
-4.663461205963512768e+00 9.797031683777288613e-01 9.981623650105013734e-01
3.663727825510445513e-01 4.398890695198843792e-01 4.980446921934070887e-04
1.853476685291735038e+00 8.797538535921050062e-01 1.490255410190483801e-03
-4.456513113777944568e+00 9.060950652880432887e-01 9.972432624437224113e-01
2.405068378559096942e+00 7.124657006832278983e-01 3.133798027623586717e-04
1.326571361464774057e+00 8.932592201025509882e-01 1.873280829211232835e-03
5.825075502616156697e+00 -4.429086716420386205e-01 9.986737694385398045e-01
4.308437355298229576e+00 -9.935984350324001957e-01 9.987420869311265381e-01
2.301461042003820623e-01 1.630893261113734449e-01 4.866636764131354251e-03
1.300307803271705254e+00 9.716781990770231303e-01 3.968023985752433124e-04
-5.208813866997928699e+00 8.973763343748645260e-01 9.988581108294192212e-01
5.712099448734125673e+00 -5.402451181447501805e-01 9.987230702384027881e-01
4.964985029235601033e+00 -8.941287900627719054e-01 9.987413537007574504e-01
7.332122387221220450e-01 6.687166552247136853e-01 6.240867312561092011e-04
-2.739262931033307868e+00 -4.189176487631557921e-01 9.979149049620433809e-01
1.751624875814012938e+00 9.939686750170311225e-01 3.846584121395979646e-04
-1.042655557212251338e+00 -8.935818615965168688e-01 9.981744200563595903e-01
1.598850746141040169e+00 1.002538210255129680e+00 4.002939110994732891e-04
-1.301490910262811163e+00 -1.032854085113158238e+00 9.961533118570345957e-01
-2.490489233126844226e+00 -6.736626624588417656e-01 9.976534867548310093e-01
-1.282465574032802813e+00 -1.025433423883093331e+00 9.978138809257838249e-01
4.395522019280470261e+00 -9.380316847204051012e-01 9.985883797355357139e-01
4.256716089046062024e+00 -1.016721705154830735e+00 9.980584523805926533e-01
-2.696990239764911923e+00 -4.484902940800135629e-01 9.983911490617387585e-01
-2.024966607722335610e+00 -9.366498288978568620e-01 9.977581552793584052e-01
-2.024194581541927107e-01 -2.644140690962574203e-01 9.982832989114266420e-01
-1.451524438247266957e+00 -9.776013522608644202e-01 9.987308385969323465e-01
-2.151521614518783210e+00 -8.306544206407788788e-01 9.988050131823945632e-01
3.644647278840293936e-01 2.814164221309010672e-01 6.180378159458656609e-03
-5.065692939027973907e+00 9.725971564191265850e-01 9.988035361873796036e-01
-5.989384434477885044e+00 2.583867573862403955e-01 9.983159497035106744e-01
-3.895089182802507377e+00 7.777025365495378040e-01 9.976537779722893795e-01
5.809969022540249384e+00 -4.641148245838278563e-01 9.987220375697933861e-01
3.279271642685767318e+00 -2.002353171858183289e-01 1.743215888954423309e-03
2.688002704277998589e-01 1.788722601151129243e-01 9.734474864923002915e-03
-4.745724674700575463e+00 1.060342502520914776e+00 9.988140482235149387e-01
6.265425018007158897e+00 -1.056513377458697875e-02 9.987229127504693160e-01
4.879046095564968155e+00 -9.526247014642319488e-01 9.988129610919114221e-01
5.776067032521780220e+00 -4.887243214630012655e-01 9.988019370513006034e-01
8.141179645403306964e-01 6.479760171324937534e-01 2.566652233833685483e-03
-2.535480104766639986e+00 -5.953506048377292803e-01 9.982348531492143406e-01
-3.955982470929510608e+00 6.868921078544295566e-01 9.979092201614093716e-01
3.529300190274692994e+00 -3.345641335762181701e-01 3.982149342542365606e-04
-4.332699279052631525e+00 9.218304981120832853e-01 9.988559443582926134e-01
1.270698205900314903e+00 9.957407026642237646e-01 3.658456298868204416e-04
2.991299166423782907e+00 8.265218887243494517e-02 1.687005674192915573e-03
8.333275447065231489e-01 7.473759744563157614e-01 5.456391981606800289e-04
3.699279464966696906e+00 -4.847647830013868675e-01 4.976040502044087876e-04
5.369107724186411801e+00 -8.053805030878352644e-01 9.984966233806401581e-01
-5.267040677686614103e+00 8.957106090150900313e-01 9.987748630994807142e-01
-4.818979176793583008e+00 1.013694268225771022e+00 9.986382706958392141e-01
-4.853116796329456584e+00 9.695881211838034419e-01 9.981676080480407220e-01
-2.664913131426770221e+00 -4.312393298125369312e-01 9.989659225396206876e-01
6.459416617217597079e-01 6.028432226355480150e-01 6.625124658795959439e-04
-6.956292232752643301e-01 -5.561867864028531283e-01 9.978173713746310014e-01
-6.346396321848013500e-01 -5.894173298671879779e-01 9.988313739018680470e-01
2.370708118824099486e+00 7.358714367560015290e-01 3.859349275148995151e-04
-4.412705861162613097e+00 9.660682032253827822e-01 9.986947133220206441e-01
-4.779587365264800880e+00 9.339041740618583276e-01 9.977134587913811803e-01
-4.515681559731030248e+00 9.800302846289261627e-01 9.986897505055206681e-01
4.330591020468302688e+00 -9.128120044109083731e-01 9.975429553252891379e-01
-1.614354168011713497e+00 -9.741096197382691502e-01 9.987879419554098748e-01
1.399060278858958561e+00 1.073701680677752179e+00 3.381510562268256266e-04
5.161106773786075408e+00 -1.002504249169974493e+00 9.948585903807967146e-01
-3.982919686936897019e+00 8.087556386508313322e-01 9.986438954454445183e-01
-5.653371005597453092e+00 5.576418081689702433e-01 9.983417938031999839e-01
-2.971263211139156368e+00 -2.089037235104977408e-01 9.982167431476270947e-01
-1.504102038156464261e+00 -1.045030342372438747e+00 9.978731275906548293e-01
4.509886974699695017e-01 3.193032599978463115e-01 4.149354301619529763e-03
-3.695359002461330089e+00 5.626667582663748002e-01 9.987601249339859155e-01
3.238541539397651547e+00 -1.509605482832694912e-01 1.908693200588843213e-03
1.473300061930681082e+00 1.030745714233332722e+00 4.681731430214649018e-04
3.504912594214417254e+00 -2.894680306008469151e-01 5.164594210232478777e-04
-3.842071515441367602e+00 6.370995060691796441e-01 9.988611917458753986e-01
-3.192056575171621002e+00 5.172881337089053205e-02 9.986413091218319105e-01
1.766373184743484259e+00 9.172302828095563187e-01 1.738530143909596112e-03
-1.255287936176400443e+00 -1.011130355449241458e+00 9.975025498129072021e-01
5.814729477613637343e+00 -4.592735197009650827e-01 9.984954206439046187e-01
3.313349725452281902e+00 -2.191847075706079839e-01 1.443000271614029717e-03
-4.136958314343871734e+00 8.695436398039344539e-01 9.987577958187275895e-01
-4.785571683005889199e+00 9.780819614521244487e-01 9.983453138015528916e-01
-2.132894443036695620e+00 -9.329080023894540385e-01 9.973392845997679501e-01
3.752594020424668386e+00 -5.223585866460165317e-01 5.281922058953907170e-04
1.320562265669704693e+00 9.370489135008065462e-01 1.061776954111693684e-03
-3.550073166444127182e+00 3.747022721516655164e-01 9.984286735957317305e-01
-5.921600598124465265e+00 3.653138759727151408e-01 9.988274106948038522e-01
1.610199505573239875e-01 9.356576569288148348e-02 2.342269357632934326e-02
5.523408184564253531e+00 -7.304838018523284182e-01 9.978771450676964250e-01
9.619392811603848514e-01 7.900805126753879248e-01 1.347726746140845986e-03
5.695595431346134774e+00 -5.805199433166871037e-01 9.978373134498224051e-01
-2.426977455659624638e-01 -2.967056497668147386e-01 9.988275886921172964e-01
6.167460291893108959e+00 -1.312193924201949247e-01 9.980742742714869831e-01
-8.484436137546413903e-02 -1.237786259013319567e-01 9.972940836132547782e-01
4.120100948954526388e+00 -8.377422847539746087e-01 2.640786585267967945e-01
-2.811317680626995497e+00 -3.702586405613009779e-01 9.977651631201394089e-01
-5.430942787880435496e+00 7.326323058070531857e-01 9.983784517074254516e-01
2.781693068761359910e+00 3.936553253551156040e-01 3.602139210581226905e-04
-4.755006155405108181e+00 9.942297872957975846e-01 9.989304532654686986e-01
3.890125572154525813e+00 -6.535851561241664553e-01 1.287843196253129954e-03
5.463760208975379840e+00 -7.852443499685358708e-01 9.980183787436321952e-01
-1.979640950974243196e+00 -9.273716714795231519e-01 9.986191328715386950e-01
-2.354499543742023526e+00 -6.865656693461085203e-01 9.988186686873755660e-01
1.260370610161505311e+00 9.602745025326094863e-01 4.032055174813555225e-04
2.444678793669254446e+00 6.303406339158820204e-01 3.689763171123105036e-04
-5.715547734686126979e+00 5.280746689474083988e-01 9.988069263419406818e-01
1.592607474178090676e+00 1.060459899600880052e+00 3.135803495077280328e-04
-4.077828471304226099e+00 7.349711989588355587e-01 9.982263808176700115e-01
-5.265735880296102067e+00 8.693644193114870022e-01 9.988024728339780500e-01
-2.341101892649624983e+00 -8.218501658454738790e-01 9.947559417866939091e-01
-1.079153805408498812e+00 -8.729095880217231374e-01 9.986216387286128704e-01
-1.322084471519789695e+00 -9.681837223796198044e-01 9.987293053601665749e-01
2.802809948170345677e+00 3.096473214147684727e-01 1.263817730185602716e-03
1.460807867029423335e-01 2.064443803660475918e-01 7.487427104820054170e-04
-1.964806980227063349e+00 -9.537704301952661945e-01 9.980738123179879739e-01
-3.907100762312518683e-01 -4.058247739079373084e-01 9.988160575431704880e-01
5.873366761740612674e-01 6.359693369609908942e-01 4.155736576745375243e-04
4.208159894949652369e+00 -8.561046199437953863e-01 9.894968109290224190e-01
-1.908933478116808580e+00 -9.509968370801131776e-01 9.989406238750269118e-01
3.558621026407791987e+00 -4.437467222295705671e-01 2.170620617427680872e-03
1.897665535002463599e+00 8.889102526801558879e-01 1.720465018220510402e-03
4.687579943254938541e+00 -9.852060228398152875e-01 9.987924004029367087e-01
-1.122793113697659884e+00 -7.326804103743536078e-01 9.900951137815899861e-01
-3.968971017959554093e+00 7.051520201184531267e-01 9.983956544793631815e-01
-5.112272094789538812e+00 8.831799110205900138e-01 9.978701714093136665e-01
7.207963252011824196e-01 5.469322659323627711e-01 2.561687559634891805e-03
5.992043674957537647e+00 -3.154100751308959727e-01 9.984608974402428005e-01
-2.567031204559786062e+00 -5.549119992946913715e-01 9.984226381185900001e-01
-1.342602433270564610e+00 -9.697026508717107030e-01 9.988940596226710822e-01
4.006144957317872013e+00 -8.033981491170751887e-01 9.869019486635390859e-01
-1.331889525968658283e+00 -9.968028112166769095e-01 9.981336891969565528e-01
4.911253294012395187e+00 -9.515564545526432605e-01 9.988386306104023449e-01
-5.904613822017731550e+00 3.626072359582155347e-01 9.987759369273438992e-01
5.024182568174069274e+00 -9.355500579885903667e-01 9.989360845111223686e-01
-2.625044235939666404e+00 -4.738918187121857750e-01 9.988655746640184852e-01
6.040803229045209832e+00 -2.573344912388303429e-01 9.982612229208933652e-01
3.425648173923583784e+00 -3.334754038500640783e-01 2.361552841495774806e-03
3.926280761952080312e+00 -7.310869818036829226e-01 4.184136737482594716e-03
-3.176632317585044163e-01 -3.092883840441184029e-01 9.984675292003026836e-01
-2.482020098347503367e+00 -6.996998332220251138e-01 9.974031975427357644e-01
-2.210128688305048605e+00 -8.262427828700581456e-01 9.984022068252237370e-01
4.856444578568636317e+00 -9.540477482609707183e-01 9.986864290476095141e-01
-8.853980283505435978e-01 -7.199311933157044319e-01 9.987415600019446948e-01
-6.244498001355649919e+00 1.078723446688281337e-02 9.978444624817628394e-01
1.495357090225044594e+00 1.018521537480310712e+00 3.765485805363495025e-04
1.739369343513336830e+00 8.904266921027608195e-01 2.768413232408261856e-03
1.283451384013493346e+00 9.657987229387156036e-01 4.600618780372127598e-04
-5.216329804053543739e+00 8.538198893533061051e-01 9.981149502203838786e-01
-3.910784815423472782e+00 7.620375019309932885e-01 9.984020734352623272e-01
3.431695637125299569e+00 -2.157905929080771168e-01 4.782941043696159618e-04
1.134793464748224956e+00 9.171530176184550243e-01 3.924962399401102516e-04
2.337799723092501836e+00 6.162663287579162041e-01 1.523912688546240736e-03
-5.364695278881225882e+00 7.048161921367049887e-01 9.962986836303403537e-01
7.724238208365958869e-01 6.355576816101820015e-01 2.222021143821863078e-03
-3.033150974228176810e+00 -1.264155301397270337e-01 9.984834506252214803e-01
-3.503710427870416311e+00 3.445068085036598893e-01 9.989098492063785972e-01
-4.836789100038034306e+00 9.584146618970704745e-01 9.982087040669869182e-01
-5.038411696787933103e+00 9.169631333743747392e-01 9.977958064310353814e-01
-3.218650110777727669e+00 2.076668942140671298e-02 9.978768905382321419e-01
3.091862449232511523e+00 -6.341666721864744338e-02 2.949502957235593855e-03
1.186045885813215683e+00 9.365394494967592687e-01 5.172714156777546155e-04
4.620628587054458336e-01 5.337882112930475431e-01 4.776298073936792346e-04
-1.563527445039817998e+00 -1.007451323671960441e+00 9.987985487771222637e-01
-3.329956542542050535e+00 1.327101289792529393e-01 9.980226218734058463e-01
1.141211441006835692e+00 9.055851090064083175e-01 7.130075683129456256e-04
4.293135196192331193e+00 -9.533318034437961996e-01 9.986450722807571623e-01
-2.853333884588131752e-01 -2.111261487083240240e-01 9.951386566760840324e-01
-5.230850544454266782e+00 9.375633937131276907e-01 9.987206530477812372e-01
5.444280220604055032e+00 -6.681239573329572634e-01 9.984140196317375926e-01
-1.749413649017439454e-01 -2.288593611753197143e-01 9.986269042885311809e-01
-4.707855684677701547e+00 9.409098316062659562e-01 9.977260373176138897e-01
4.264265168456971011e+00 -9.310459099619997625e-01 9.986773083832338749e-01
-1.477746800200342214e+00 -1.021093721856973557e+00 9.983812470021772301e-01
-4.917293108830678605e+00 9.824114555155373241e-01 9.988935859669753059e-01
5.722809318210970275e+00 -5.146699879124883026e-01 9.989088313194424140e-01
-1.964747025909715283e+00 -8.603726635318850180e-01 9.984022580940818958e-01
-3.594487899248186125e+00 4.660514878040715736e-01 9.989394228787358276e-01
-5.195000754094829531e-01 -4.266461488080026676e-01 9.976080016326523969e-01
-5.970341661895725238e+00 2.605301327223789043e-01 9.980294600746709710e-01
-3.201646380577756190e+00 -2.351553771982375918e-02 9.969568354416378231e-01
1.926567870790682591e+00 9.941496621419595447e-01 4.267077958053385844e-04
-2.043583495184709165e+00 -9.013632763531784775e-01 9.987610299641651590e-01
-6.012259018469885419e+00 1.946047577985025590e-01 9.968246451398141694e-01
-2.859966491405106392e+00 -2.125155794998762060e-01 9.987243635205532710e-01
5.799243575631878755e+00 -4.202589501043071940e-01 9.986764491188891979e-01
2.670677392795807847e+00 2.938847062562679469e-01 2.175117266175877195e-03
1.423303857043871190e+00 9.963704845665510845e-01 4.530896769638939571e-04
-5.747935025973369250e+00 4.397019102269014157e-01 9.977311757514367718e-01
6.016588381841422972e+00 -3.351974489359829668e-01 9.972904242228356475e-01
6.011014444346889363e-01 5.479907424177220543e-01 1.576411489846673425e-03
1.506081834853540968e-01 1.164846209716887127e-01 3.565561471336752691e-03
3.908315422442212750e+00 -6.355477529281884363e-01 6.131332079058135227e-04
2.716191361551718586e+00 4.145082561978147284e-01 4.380464498080935908e-04
4.158025550691165861e+00 -8.228472045222831044e-01 9.725168300414510289e-03
-4.436430618145224436e+00 9.237803609784238645e-01 9.982493904238800564e-01
1.134124882583806837e+00 9.219698500736226432e-01 4.110704133821237584e-04
4.361958773345751439e+00 -9.621093969983000038e-01 9.988372456804961441e-01
-1.980514993496731435e+00 -9.185765355562622858e-01 9.986243671987489190e-01
-4.462823004478226885e+00 9.635877052873568216e-01 9.986892883903699669e-01
-3.975391812184041029e+00 7.601321292031827381e-01 9.987736959643068735e-01
-4.228494990772443174e+00 9.672715819012582816e-01 9.981862035972218772e-01
-9.370445415310371118e-01 -7.346080440666844513e-01 9.987249838828888837e-01
1.326864298860292557e+00 9.165552996300985189e-01 2.213122150403621508e-03
-5.100426195346877911e+00 9.277749462895796828e-01 9.987347026656555604e-01
-5.946550608634462165e+00 2.923198617259506471e-01 9.978455826683160224e-01
-5.168354025757338377e+00 9.357147398498739665e-01 9.987543066255637481e-01
-2.869300960348285301e+00 -2.060996882064163871e-01 9.986785949994213540e-01
-1.982369993120930651e+00 -8.936879886726631916e-01 9.989153665145642513e-01
3.477433703703795231e+00 -2.736695927232544734e-01 5.137746385197040607e-04
3.061511741629411532e+00 6.760481650886426830e-03 1.740082800029931842e-03
-4.901167538166079751e+00 1.026723621909527484e+00 9.986889731484035471e-01
-2.755935757343879189e-01 -1.671411430835187950e-01 1.407833321386009430e-03
1.858375871812912195e+00 1.071992346025728793e+00 3.600317067526532773e-04
4.304593857132022805e+00 -9.339813915455045246e-01 9.983496527411442889e-01
-1.401541705545939820e+00 -1.059537596816729987e+00 9.980110477194978902e-01
-2.321908875569543618e+00 -7.292998424703192040e-01 9.987460911342355141e-01
-1.044463106154982057e+00 -9.305261138404290477e-01 9.974548822570443729e-01
-7.319015722496118315e-01 -6.109562908743587650e-01 9.987970533662096084e-01
1.467276081454536474e+00 1.027062130824242026e+00 4.198257328972850966e-04
6.235798410780290624e+00 -2.073646726416314423e-02 9.988392434592965330e-01
1.912388794096422373e+00 9.627752813404261145e-01 3.392929388753899663e-04
1.702887358608154322e+00 1.030386561386966271e+00 4.000007764513544570e-04
4.336991637053495552e-01 3.988779090198708577e-01 1.994612422017290679e-03
-1.814855760920345951e+00 -9.970844902237243623e-01 9.983732175882151783e-01
4.460606532607517494e+00 -9.946039789755257710e-01 9.988419060738332744e-01
-4.231150379623358049e+00 8.647419738378174792e-01 9.983580856181454299e-01
3.340440238475256507e+00 -2.290237904028739613e-01 1.578322925170984586e-03
3.240010690403128280e+00 -1.413045533093458539e-01 1.349083220451258213e-03
-5.661564002182352340e+00 7.022887368964996213e-01 9.974619119732008876e-01
-5.555781395017387325e-01 -5.791178841965898272e-01 9.967152534173109313e-01
2.676590296903199828e+00 5.026301012301858107e-01 4.602026568547014319e-04
8.856324865599658480e-01 7.637030460166106538e-01 1.248143822525913868e-03
-1.747250932150098635e+00 -9.831544631202091544e-01 9.988470849529598183e-01
-2.857554430070208706e+00 -3.079112528611560040e-01 9.978191856973795959e-01
-5.667857882739228970e+00 5.511206374128068131e-01 9.982991647613731478e-01
-5.195986421526209043e+00 8.854547358695211701e-01 9.989345734481628325e-01
6.222525399338795893e+00 -3.108772276845827090e-02 9.989530739835535966e-01
1.642291266259448435e+00 1.031276949179697588e+00 3.868403241363033585e-04
3.698650823662385179e+00 -4.866903296823463787e-01 5.060259435740060464e-04
-6.076481298597929737e+00 2.033491019491179552e-01 9.988272243594310540e-01
-4.778493405652370463e+00 9.481704717552549289e-01 9.977933666484398723e-01
-1.316500449484402147e+00 -1.048262831953618024e+00 9.977579684111763658e-01
4.323619391778496635e+00 -8.664043684997344563e-01 2.962737577790018617e-02
-2.532293771837625052e+00 -5.460738279575008125e-01 9.987483737259311711e-01
-3.844711004014500499e+00 6.063186325640838037e-01 9.982629002251808270e-01
4.664032029867362539e+00 -1.006054606059396006e+00 9.988984366385493807e-01
2.173716192603771802e-01 -1.626072161970566476e-01 9.981030597520397230e-01
5.616697730295941327e+00 -7.001826727329300004e-01 9.965028339015669090e-01
3.335865719780146676e+00 -1.066046193452319546e+00 9.973672861210582941e-01
-2.734494471934103110e+00 -3.801709842204554768e-01 9.988456779321148726e-01
-3.505447349848006766e+00 3.232455719811899719e-01 9.979928721343025444e-01
2.340135739672792425e+00 -1.124841191933629414e+00 9.975635166739047488e-01
-4.182852136835629508e+00 8.465615554150631716e-01 9.986423150530809867e-01
-1.351607828766789865e+00 -9.265212532525231026e-01 9.985868008306116872e-01
1.483489547473826775e+00 -7.204445591658538151e-01 9.980822952742525178e-01
-1.106719067976453807e+00 -8.975188890114996765e-01 9.986883524262426537e-01
-6.252210696488884167e+00 1.791456716161857546e-02 9.987799689904360845e-01
4.825890731529041133e+00 -9.983375745021794145e-01 9.985277285818304760e-01
4.837393434324017250e+00 -9.752801281356211494e-01 9.987277634975951779e-01
-2.508125814455873126e+00 -6.100718274386960349e-01 9.979282068342374412e-01
1.125718918613673125e+00 -4.281827898010330258e-01 9.983973367874271476e-01
6.012089938527255484e+00 -2.724546161161136570e-01 9.985270649098265672e-01
4.336576865564968131e+00 -1.042655735453127397e+00 9.964742411919761400e-01
-5.465423222094749178e+00 7.150939146612705910e-01 9.986461675958063777e-01
-2.579317127010259281e+00 -4.666071880646017189e-01 9.987160916486640394e-01
-2.664894409346845183e+00 -4.662068211729728517e-01 9.984892319703655428e-01
4.052231527829361468e+00 -1.025381539589494073e+00 9.976385110095742359e-01
1.585662820254204242e+00 -7.747762995550326881e-01 9.972545360353904931e-01
-4.894881409513216042e+00 1.001893379766655823e+00 9.988519035222545028e-01
-6.276540070041450647e+00 2.438576265947222516e-02 9.988200608875239528e-01
5.556424755217244993e+00 -6.252465808386782342e-01 9.987387220385182118e-01
-4.505034343392204654e+00 9.429195612344000166e-01 9.981312564610949067e-01
-9.852471096492489977e-01 -8.253859927358850879e-01 9.989684058937691180e-01
-1.929070588311159185e+00 -9.241249700654294852e-01 9.987706974292104301e-01
4.646856418197067740e+00 -1.007473658403592598e+00 9.986697495226779520e-01
-8.972160871747307809e-01 -7.935747505554434644e-01 9.986365256825481262e-01
4.131212992020437014e+00 -1.086905651089692837e+00 9.959181334124613816e-01
2.737606938167814974e+00 -1.189628059346224731e+00 9.973638497266036351e-01
-4.784938480937038996e+00 9.325538092472059892e-01 9.980943543805802509e-01
1.211199235627348436e+00 -6.092000479466319618e-01 9.963205615456823816e-01
-4.652619580669172805e+00 1.007702007029223523e+00 9.988076257551837811e-01
-5.308863175288157876e+00 8.728203447676963211e-01 9.988885776840946695e-01
4.162047992429386056e+00 -8.985241714027241144e-01 9.965585777991150529e-01
-4.475435638745315359e-01 -4.879885980597434836e-01 9.978837597440147755e-01
-4.247276451879959502e+00 9.016211433077461201e-01 9.989097064864835840e-01
6.028753007728564484e-01 -2.619177110465670810e-01 9.960344133441360048e-01
1.111945631387034616e+00 -4.533176119315109887e-01 9.983801623039693096e-01
3.438324487574995203e+00 -9.584825888876375988e-01 9.969519407007270129e-01
1.958411783879295598e+00 -1.059671971571453986e+00 9.983923580510282170e-01
7.251645265595465517e-01 -1.459800452593339459e-01 9.980680457476193146e-01
-4.043264094462690750e+00 7.434310709960223473e-01 9.978429086487362598e-01
-3.259923490182783379e+00 9.511315636992422051e-02 9.984222836122064182e-01
7.608475428078076419e-02 -2.470934278977597043e-01 9.975798327797695819e-01
-1.297531816031028740e+00 -9.634526284617964675e-01 9.989524034529045915e-01
-2.129348197155858102e-01 -3.624642550442370714e-01 9.965837701268800419e-01
5.726995746843298818e+00 -5.320322149975114101e-01 9.987968449810143978e-01
5.046681994356875478e+00 -9.479078238430108660e-01 9.985872100063617474e-01
7.237377445687975808e-02 -2.600659610438080249e-01 9.942123929644312019e-01
4.030053719132597578e+00 -1.064688265231053865e+00 9.974785304366325933e-01
4.118199783286145887e+00 -1.106497672042688007e+00 9.948961671301891352e-01
-3.369881540444613854e+00 2.333550143564590562e-01 9.986956231216853608e-01
-5.289744765916797320e+00 8.511776364932084338e-01 9.986802944858464981e-01
-4.302357546151132084e-01 -5.220021056386856539e-01 9.973768820780519739e-01
4.762350462284469899e+00 -1.039797500171256939e+00 9.980615840409259309e-01
-4.429607204730253045e+00 1.033654212753264190e+00 9.985993190886034432e-01
-3.377195699593172229e+00 1.962671991311251141e-01 9.981599499160008770e-01
5.252061891192532528e+00 -8.121314855850171321e-01 9.986671973165972549e-01
-4.661325186483868954e+00 9.932855588793315649e-01 9.988628001631568720e-01
5.232733762160407309e+00 -9.190654337501412696e-01 9.974136127721030531e-01
-3.332632263084361224e+00 1.721765473313629502e-01 9.986435128449542287e-01
1.457532721085919469e+00 -6.677985088965854299e-01 9.981543231646737846e-01
5.674819157084169063e+00 -5.576418362357484781e-01 9.986714684328827918e-01
-3.077116871403457132e+00 -1.965848036823678591e-01 9.946793126437607491e-01
-6.251122420531691759e-01 -5.903367179526526343e-01 9.988070949692536837e-01
5.937833550713710551e+00 -3.137738213175450541e-01 9.989322288270561234e-01
-3.275160629951346714e+00 8.533680598809394169e-02 9.981062354466981867e-01
-3.786482423375201467e+00 6.388232113161880221e-01 9.989853942605338988e-01
2.361803828015673901e+00 -1.067747577658455072e+00 9.970036526814987088e-01
4.335513405573147239e+00 -9.921777318461586503e-01 9.987540902314793190e-01
-5.866461609833866220e-01 -5.815800860665796268e-01 9.983083639227314787e-01
-5.009331971962329710e+00 1.001097306454079572e+00 9.988657624018851822e-01
1.543753127186658247e+00 -7.817248109592132010e-01 9.983941531622333443e-01
-5.234195747218685746e+00 8.366748255509632859e-01 9.981548011047768343e-01
-5.613811254270888895e+00 5.365151984091078852e-01 9.974784575333891512e-01
-1.941774713608291236e+00 -9.202483617629618751e-01 9.985721826327981221e-01
5.095351955026909962e+00 -9.261765338608329845e-01 9.987889986009436116e-01
3.752320871093472121e+00 -9.326216158950756396e-01 9.981058952175901888e-01
-1.454847144580643459e+00 -9.780080683849096124e-01 9.987573024243943109e-01
-5.117955969464251353e+00 8.165960211021049409e-01 9.954919119020522178e-01
-4.690711870187602273e+00 9.754330665022243885e-01 9.982078666197691241e-01
4.322489840747749668e-01 -1.237210794987202156e-01 9.984012746450093845e-01
9.178724748688704693e-02 -2.313083075265806310e-01 9.970333857152245960e-01
4.441927607318607585e-02 -2.205104254245261464e-01 9.977027686533010975e-01
-4.692197641637188887e+00 9.508556164242147890e-01 9.976961395758031648e-01
3.660465523689799383e+00 -1.042625166780534629e+00 9.972767200773138274e-01
1.207015657286120813e+00 -4.700603261778817377e-01 9.980548028126251525e-01
3.239225470368646498e+00 -9.674439997123763790e-01 9.966980193552876788e-01
-5.106458815847805255e-01 -6.009188718403868368e-01 9.963523580190346562e-01
-5.347503343201742254e+00 7.713297880285194807e-01 9.981249395625054754e-01
1.287900224466453025e+00 -6.437967938346418340e-01 9.970673559719651635e-01
-8.092847037298174229e-01 -7.729687901331127042e-01 9.980475933046610848e-01
-6.202404912823477723e+00 7.925894988053337753e-02 9.988775028805546574e-01
-5.697216973984062349e+00 5.948126977479499811e-01 9.987961529606163014e-01
-1.021113116759043926e+00 -8.039081727272784361e-01 9.989929328207143300e-01
4.753428927317226993e+00 -9.450815567004828832e-01 9.989066921867981730e-01
-8.417244904900815783e-01 -7.087267847911807861e-01 9.987074270490911010e-01
1.802774169406374583e+00 -9.899548532182290694e-01 9.975233709910416025e-01
8.589086101954253039e-01 -3.338394699658788212e-01 9.975657332377965147e-01
-3.264970517485845658e+00 1.325692656119937807e-01 9.987082655875931803e-01
-2.567224026164431017e+00 -5.732863200925283342e-01 9.974566625140868226e-01
-6.220040253333045221e+00 5.621633199286359128e-02 9.988808646301271521e-01
-4.663461205963512768e+00 1.052314490778575751e+00 9.988181302495588998e-01
3.663727825510445513e-01 -9.059918194149069182e-02 9.981080670609777661e-01
1.853476685291735038e+00 -1.042275067474544459e+00 9.964293765180856077e-01
-4.456513113777944568e+00 9.882907204111116561e-01 9.987570610740522659e-01
2.405068378559096942e+00 -1.205999568312754233e+00 9.969801635238859649e-01
1.326571361464774057e+00 -7.084960545904923634e-01 9.965749386677923427e-01
5.825075502616156697e+00 -3.741909785009214229e-01 9.987545117862417499e-01
4.308437355298229576e+00 -1.133396668441629229e+00 9.918516472537162176e-01
2.301461042003820623e-01 -1.711629439501170524e-01 9.979411741822296067e-01
1.300307803271705254e+00 -6.438788797384646934e-01 9.975112359354000313e-01
-5.208813866997928699e+00 8.448535039173066252e-01 9.982672439928899077e-01
5.712099448734125673e+00 -5.008569871545373031e-01 9.988126651898998620e-01
4.964985029235601033e+00 -9.592247559946404101e-01 9.987163121139471800e-01
7.332122387221220450e-01 -2.441530314928142820e-01 9.970127143586765550e-01
-2.739262931033307868e+00 -3.782508819722082416e-01 9.987676935241828202e-01
1.751624875814012938e+00 -9.395274042729939712e-01 9.986003194142779593e-01
-1.042655557212251338e+00 -8.890047632943604006e-01 9.981549538929330723e-01
1.598850746141040169e+00 -8.700735066640203907e-01 9.967005569388074360e-01
-1.301490910262811163e+00 -1.009978967582155329e+00 9.972113673342513085e-01
-2.490489233126844226e+00 -5.593861314404864338e-01 9.988212544661944081e-01
-1.282465574032802813e+00 -9.393578901815005100e-01 9.986685914685828891e-01
4.395522019280470261e+00 -1.148713376039702361e+00 9.893547830375974961e-01
4.256716089046062024e+00 -1.075741753958117775e+00 9.967472884330331739e-01
-2.696990239764911923e+00 -4.885121388372601903e-01 9.980121970677622301e-01
-2.024966607722335610e+00 -9.048893415077572389e-01 9.988429386597486026e-01
-2.024194581541927107e-01 -4.542418402406556144e-01 9.917483606260080187e-01
-1.451524438247266957e+00 -1.008398829413097886e+00 9.986627689346463388e-01
-2.151521614518783210e+00 -8.163856672797751290e-01 9.986675220446857848e-01
3.644647278840293936e-01 -1.908186973587777946e-01 9.951171045438057527e-01
-5.065692939027973907e+00 8.697715817532537530e-01 9.970312624234188847e-01
-5.989384434477885044e+00 3.385694116796553743e-01 9.989534395758447038e-01
-3.895089182802507377e+00 7.404464344086255645e-01 9.987110358624242679e-01
5.809969022540249384e+00 -5.039583496589878919e-01 9.976857603240657513e-01
3.279271642685767318e+00 -1.063562124498979244e+00 9.979324400672977546e-01
2.688002704277998589e-01 -1.864028322879767996e-01 9.969261257756315553e-01
-4.745724674700575463e+00 9.816463819864950091e-01 9.982820374655276829e-01
6.265425018007158897e+00 -4.868238621830853208e-02 9.984995113456588411e-01
4.879046095564968155e+00 -9.990201172006007990e-01 9.979892231377138767e-01
5.776067032521780220e+00 -4.819277642027076092e-01 9.987140121822942751e-01
8.141179645403306964e-01 -2.477326271247641543e-01 9.984466702968938234e-01
-2.535480104766639986e+00 -5.757156599141948217e-01 9.987077775761505904e-01
-3.955982470929510608e+00 7.486474052453666594e-01 9.988320293135702910e-01
3.529300190274692994e+00 -9.888653444240588231e-01 9.984950796232039405e-01
-4.332699279052631525e+00 9.051147845579987639e-01 9.987058484267198333e-01
1.270698205900314903e+00 -4.676780351895334364e-01 9.955292508736672819e-01
2.991299166423782907e+00 -9.830168943800445813e-01 9.956500028318490125e-01
8.333275447065231489e-01 -2.220866189979278926e-01 9.976052129451736805e-01
3.699279464966696906e+00 -9.743314945644164782e-01 9.986985065393046979e-01
5.369107724186411801e+00 -8.240865297120579802e-01 9.980088222946937870e-01
-5.267040677686614103e+00 8.119768018330960624e-01 9.974138704189592364e-01
-4.818979176793583008e+00 9.336887676027284533e-01 9.974707336917799649e-01
-4.853116796329456584e+00 9.293698172408079161e-01 9.977883560176181721e-01
-2.664913131426770221e+00 -5.004145162593931495e-01 9.980332455276003101e-01
6.459416617217597079e-01 -1.440801329368312789e-01 9.984683294349981919e-01
-6.956292232752643301e-01 -7.245602917303674007e-01 9.974427622008349426e-01
-6.346396321848013500e-01 -6.952934956655580923e-01 9.971397711156928523e-01
2.370708118824099486e+00 -1.231707104411056353e+00 9.966112143342871210e-01
-4.412705861162613097e+00 9.124387100352169266e-01 9.973953446730203787e-01
-4.779587365264800880e+00 9.461878588173723292e-01 9.979114400525833650e-01
-4.515681559731030248e+00 8.420024195951945067e-01 9.908401303228598911e-01
4.330591020468302688e+00 -1.060353717173533994e+00 9.964216459402073234e-01
-1.614354168011713497e+00 -1.010612694375793597e+00 9.986031941415144386e-01
1.399060278858958561e+00 -6.636775780153674198e-01 9.981966430225903686e-01
5.161106773786075408e+00 -8.810916043259167107e-01 9.988073501639000984e-01
-3.982919686936897019e+00 7.412556076126992632e-01 9.987663110825627522e-01
-5.653371005597453092e+00 4.987560918714682989e-01 9.976939145160352851e-01
-2.971263211139156368e+00 -1.364246143299238101e-01 9.989184315455712504e-01
-1.504102038156464261e+00 -9.919478267132422200e-01 9.987786534742696398e-01
4.509886974699695017e-01 -1.652126747784226635e-01 9.974705362614766369e-01
-3.695359002461330089e+00 5.476287764156529958e-01 9.987521501218027398e-01
3.238541539397651547e+00 -1.025542171512564993e+00 9.984989960336763115e-01
1.473300061930681082e+00 -7.666082893304329016e-01 9.970192319158770466e-01
3.504912594214417254e+00 -1.036141036231463364e+00 9.971454740513671089e-01
-3.842071515441367602e+00 5.326080529318613088e-01 9.963727019820380892e-01
-3.192056575171621002e+00 3.481427724167385218e-02 9.985949174907177150e-01
1.766373184743484259e+00 -8.878577610702580447e-01 9.983526151422367212e-01
-1.255287936176400443e+00 -9.925791554918561577e-01 9.984810082449677715e-01
5.814729477613637343e+00 -5.265849831560880379e-01 9.970567669285015366e-01
3.313349725452281902e+00 -9.700024466274314028e-01 9.976241198033338753e-01
-4.136958314343871734e+00 9.250125158076303311e-01 9.983070292898613696e-01
-4.785571683005889199e+00 9.746149006771231971e-01 9.982221273123491612e-01
-2.132894443036695620e+00 -8.816394295756433408e-01 9.985031547358387272e-01
3.752594020424668386e+00 -1.043821933322572004e+00 9.970205639598833658e-01
1.320562265669704693e+00 -5.767635725437527672e-01 9.980332991446915214e-01
-3.550073166444127182e+00 3.935725752570894409e-01 9.989413432913322177e-01
-5.921600598124465265e+00 3.708241277557167703e-01 9.988361757875274805e-01
1.610199505573239875e-01 -1.468376375027010128e-01 9.985340910671647308e-01
5.523408184564253531e+00 -6.630894640642431836e-01 9.988025925138924732e-01
9.619392811603848514e-01 -4.175782363307699585e-01 9.972063489526244995e-01
5.695595431346134774e+00 -5.397391601840546560e-01 9.990072685283640785e-01
-2.426977455659624638e-01 -3.437126395896584752e-01 9.983333228486513944e-01
6.167460291893108959e+00 -1.003563708342317812e-01 9.986581802064199431e-01
-8.484436137546413903e-02 -2.857337959239639735e-01 9.968809911873085516e-01
4.120100948954526388e+00 -1.040818101704368281e+00 9.968847106835446725e-01
-2.811317680626995497e+00 -3.534517667989116041e-01 9.982095189745519015e-01
-5.430942787880435496e+00 7.002629044014806459e-01 9.980986404573936044e-01
2.781693068761359910e+00 -1.083698104606914070e+00 9.963780899660672485e-01
-4.755006155405108181e+00 9.903663415819292659e-01 9.985637655486807596e-01
3.890125572154525813e+00 -1.015586658743160120e+00 9.977676754862524477e-01
5.463760208975379840e+00 -7.621812910017861098e-01 9.983340894440643210e-01
-1.979640950974243196e+00 -9.480595270942493435e-01 9.972676170196461687e-01
-2.354499543742023526e+00 -7.820466152167757645e-01 9.968202747782303197e-01
1.260370610161505311e+00 -5.575179960160527859e-01 9.983715260232097766e-01
2.444678793669254446e+00 -1.185763809410568026e+00 9.980973602903056019e-01
-5.715547734686126979e+00 6.048119808681623466e-01 9.982594412903222914e-01
1.592607474178090676e+00 -7.835088697468812757e-01 9.974929245660575372e-01
-4.077828471304226099e+00 7.513847865239753343e-01 9.981419784946828910e-01
-5.265735880296102067e+00 8.861006499122212610e-01 9.987806009446549282e-01
-2.341101892649624983e+00 -7.202014660580541294e-01 9.988882232201959921e-01
-1.079153805408498812e+00 -8.149899829889039049e-01 9.985542612379426641e-01
-1.322084471519789695e+00 -8.856725578175133062e-01 9.976172373135800964e-01
2.802809948170345677e+00 -1.171864925685341285e+00 9.975822171786674630e-01
1.460807867029423335e-01 -2.019609652650828646e-01 9.968773432917737987e-01
-1.964806980227063349e+00 -9.651097026528137057e-01 9.976311336224725768e-01
-3.907100762312518683e-01 -4.929418493353528996e-01 9.979136359397304812e-01
5.873366761740612674e-01 -1.743212634355797985e-01 9.979640870816318676e-01
4.208159894949652369e+00 -1.092476950593211926e+00 9.950549607433358812e-01
-1.908933478116808580e+00 -9.410088419835999085e-01 9.986643445241262240e-01
3.558621026407791987e+00 -9.994716847491570411e-01 9.981918933059736876e-01
1.897665535002463599e+00 -1.016637595070280398e+00 9.987983944396897629e-01
4.687579943254938541e+00 -1.085910604228419896e+00 9.976023440701323741e-01
-1.122793113697659884e+00 -8.713004927874041794e-01 9.988038977875934865e-01
-3.968971017959554093e+00 6.641537523519803754e-01 9.974378266416211725e-01
-5.112272094789538812e+00 9.376492702872508689e-01 9.988968840302724361e-01
7.207963252011824196e-01 -1.375427103754750524e-01 9.963604150715494878e-01
5.992043674957537647e+00 -3.739268162624084235e-01 9.971923344446866899e-01
-2.567031204559786062e+00 -5.072959549834844539e-01 9.985879260325536411e-01
-1.342602433270564610e+00 -9.973907366678735897e-01 9.980801941183923276e-01
4.006144957317872013e+00 -1.064832238999322112e+00 9.960582228141388050e-01
-1.331889525968658283e+00 -8.711857364545250171e-01 9.978189557941535837e-01
4.911253294012395187e+00 -1.107390621950671949e+00 9.930138962610309816e-01
-5.904613822017731550e+00 3.435732714598847548e-01 9.983706411696762206e-01
5.024182568174069274e+00 -9.475477448995567320e-01 9.985324062628871955e-01
-2.625044235939666404e+00 -4.797316618456179960e-01 9.987776029249261223e-01
6.040803229045209832e+00 -2.459640088538537772e-01 9.984339482637151209e-01
3.425648173923583784e+00 -9.300479721780003928e-01 9.956163584201750405e-01
3.926280761952080312e+00 -1.004040373527033569e+00 9.978128201885239079e-01
-3.176632317585044163e-01 -5.120185704455560982e-01 9.944544875504116588e-01
-2.482020098347503367e+00 -5.919038055734319181e-01 9.987744916691640995e-01
-2.210128688305048605e+00 -7.413253827402196405e-01 9.985854874936196390e-01
4.856444578568636317e+00 -1.010652543683842719e+00 9.981722860720576573e-01
-8.853980283505435978e-01 -8.720393698523156711e-01 9.964562210596142888e-01
-6.244498001355649919e+00 3.273273992290752499e-02 9.988087913605219192e-01
1.495357090225044594e+00 -6.686162910812080140e-01 9.971416893207849519e-01
1.739369343513336830e+00 -9.908522054019570646e-01 9.976374385637392095e-01
1.283451384013493346e+00 -5.566097173420689881e-01 9.979286283383803635e-01
-5.216329804053543739e+00 8.591318292469944939e-01 9.987919776059310806e-01
-3.910784815423472782e+00 6.657984906435621131e-01 9.984828423413457665e-01
3.431695637125299569e+00 -1.057809844289853585e+00 9.979343465436435467e-01
1.134793464748224956e+00 -4.439873996786668497e-01 9.974841191092400638e-01
2.337799723092501836e+00 -1.233277401433219733e+00 9.950464862759218487e-01
-5.364695278881225882e+00 8.476536347320928755e-01 9.987623682396523650e-01
7.724238208365958869e-01 -2.919655626842120322e-01 9.976685114625588602e-01
-3.033150974228176810e+00 -6.053521327486302561e-02 9.986590070720353651e-01
-3.503710427870416311e+00 3.372903008918717860e-01 9.985441957990625061e-01
-4.836789100038034306e+00 9.559322003014411040e-01 9.983915291196047148e-01
-5.038411696787933103e+00 9.296392867926045467e-01 9.983048852386198213e-01
-3.218650110777727669e+00 5.593461152700947986e-02 9.986528561831300443e-01
3.091862449232511523e+00 -1.163301392800854650e+00 9.959903345984103540e-01
1.186045885813215683e+00 -4.938662008771146916e-01 9.984055469898445168e-01
4.620628587054458336e-01 -7.191309614224598856e-02 9.979167232495835815e-01
-1.563527445039817998e+00 -1.042503474857082280e+00 9.969135323976394680e-01
-3.329956542542050535e+00 2.547566370663877366e-01 9.985238901268956857e-01
1.141211441006835692e+00 -4.733122055947104334e-01 9.981879639239975566e-01
4.293135196192331193e+00 -1.052626504322382361e+00 9.973899117076659993e-01
-2.853333884588131752e-01 -4.114081120413873860e-01 9.979501188189002781e-01
-5.230850544454266782e+00 8.637550828089454180e-01 9.990617444246546741e-01
5.444280220604055032e+00 -6.601478982995134803e-01 9.982198379990103732e-01
-1.749413649017439454e-01 -3.586893810960460893e-01 9.973730815713625075e-01
-4.707855684677701547e+00 9.895645376242523383e-01 9.985110953638950404e-01
4.264265168456971011e+00 -1.062937732805484314e+00 9.975313030145311899e-01
-1.477746800200342214e+00 -1.025289912369284906e+00 9.981889598115045725e-01
-4.917293108830678605e+00 9.386877929302590573e-01 9.978583209595426329e-01
5.722809318210970275e+00 -5.819254417773971344e-01 9.980775462325039982e-01
-1.964747025909715283e+00 -9.039711667719513288e-01 9.987358042484658638e-01
-3.594487899248186125e+00 3.449198894491967704e-01 9.968778470471167941e-01
-5.195000754094829531e-01 -6.237565886632651102e-01 9.935836858578900310e-01
-5.970341661895725238e+00 3.291852526394735690e-01 9.990088490469459792e-01
-3.201646380577756190e+00 1.668604077090928006e-01 9.975025466739557700e-01
1.926567870790682591e+00 -1.061881707972383682e+00 9.970877019133254082e-01
-2.043583495184709165e+00 -8.956630398854307229e-01 9.988842285883675620e-01
-6.012259018469885419e+00 2.735634374969702076e-01 9.986768613610254031e-01
-2.859966491405106392e+00 -2.250565280743718199e-01 9.989387472857347294e-01
5.799243575631878755e+00 -4.856770800529507937e-01 9.983938662099944850e-01
2.670677392795807847e+00 -1.092533423657710445e+00 9.974483485270870808e-01
1.423303857043871190e+00 -6.865275387437388410e-01 9.983968346692448925e-01
-5.747935025973369250e+00 5.238975549795812370e-01 9.989140604243245125e-01
6.016588381841422972e+00 -2.422601373978387485e-01 9.988619184185590916e-01
6.011014444346889363e-01 -2.479968956223710386e-01 9.951531828107151867e-01
1.506081834853540968e-01 -2.043952623023851944e-01 9.962479609002702352e-01
3.908315422442212750e+00 -1.025113222671889091e+00 9.976405933311460750e-01
2.716191361551718586e+00 -1.163716176336313524e+00 9.981504760069406235e-01
4.158025550691165861e+00 -1.012879407411884980e+00 9.977548721513060936e-01
-4.436430618145224436e+00 1.037283163527736640e+00 9.985865193867023981e-01
1.134124882583806837e+00 -4.696034446072591129e-01 9.984094073909176581e-01
4.361958773345751439e+00 -1.026340152067757527e+00 9.981147208322006525e-01
-1.980514993496731435e+00 -9.273518134836812310e-01 9.987416118066888560e-01
-4.462823004478226885e+00 9.981674994303737503e-01 9.988055976040358663e-01
-3.975391812184041029e+00 7.183173751266190843e-01 9.984413514794485689e-01
-4.228494990772443174e+00 7.996240556842804104e-01 9.960748526671140413e-01
-9.370445415310371118e-01 -9.214420504782756538e-01 9.950630518631917720e-01
1.326864298860292557e+00 -6.429456556009381929e-01 9.980727815761177846e-01
-5.100426195346877911e+00 9.785733385481704127e-01 9.987706673216949493e-01
-5.946550608634462165e+00 2.731544251688767799e-01 9.980684668909525215e-01
-5.168354025757338377e+00 8.978070016410933940e-01 9.988247669613284918e-01
-2.869300960348285301e+00 -2.896644730774481924e-01 9.981689886431146519e-01
-1.982369993120930651e+00 -9.032450992625794539e-01 9.989059019512400717e-01
3.477433703703795231e+00 -9.902675986519627882e-01 9.985801219212021573e-01
3.061511741629411532e+00 -1.122221084401298752e+00 9.975115615137127856e-01
-4.901167538166079751e+00 8.798268717217661017e-01 9.963360718373356351e-01
-2.755935757343879189e-01 -4.025371289686355825e-01 9.980464996931305288e-01
1.858375871812912195e+00 -1.023276310712487147e+00 9.979693999646928049e-01
4.304593857132022805e+00 -1.049457165294143568e+00 9.971802257216738630e-01
-1.401541705545939820e+00 -1.006871751569771378e+00 9.984717271402132610e-01
-2.321908875569543618e+00 -7.565757442977089076e-01 9.978894337612966847e-01
-1.044463106154982057e+00 -9.031714362367929683e-01 9.971617981660269026e-01
-7.319015722496118315e-01 -7.988581344586905830e-01 9.952764800879478901e-01
1.467276081454536474e+00 -7.277786995296110506e-01 9.984806804416125336e-01
6.235798410780290624e+00 1.412009538151769855e-02 9.988188649105123051e-01
1.912388794096422373e+00 -1.039658692433810927e+00 9.984169473742374734e-01
1.702887358608154322e+00 -8.332949946259544660e-01 9.971712086362466421e-01
4.336991637053495552e-01 -1.199411556136961432e-01 9.985981566190766934e-01
-1.814855760920345951e+00 -9.942117550959949090e-01 9.982400901105288327e-01
4.460606532607517494e+00 -1.040153281235629334e+00 9.969542935616415580e-01
-4.231150379623358049e+00 8.746108887498309503e-01 9.986301388650870026e-01
3.340440238475256507e+00 -9.712159977839395220e-01 9.976787697426696688e-01
3.240010690403128280e+00 -1.057975883490964275e+00 9.982547614953967141e-01
-5.661564002182352340e+00 6.095389763515118853e-01 9.987350857802573811e-01
-5.555781395017387325e-01 -6.833569673425011759e-01 9.932848393218758343e-01
2.676590296903199828e+00 -1.189722257930366789e+00 9.966545588152200263e-01
8.856324865599658480e-01 -3.576974321412410562e-01 9.972765984566254183e-01
-1.747250932150098635e+00 -1.032212835595612610e+00 9.977015321449235197e-01
-2.857554430070208706e+00 -3.262486058462782390e-01 9.978256048583824533e-01
-5.667857882739228970e+00 5.028570869050326131e-01 9.976658151276754927e-01
-5.195986421526209043e+00 9.183039954243823466e-01 9.989383269614966476e-01
6.222525399338795893e+00 -2.988163075615289654e-02 9.987759651106301595e-01
1.642291266259448435e+00 -9.028061977304726593e-01 9.972110001882774633e-01
3.698650823662385179e+00 -1.031005646551690358e+00 9.973753217613470223e-01
-6.076481298597929737e+00 1.926194177102611149e-01 9.988100327270363898e-01
-4.778493405652370463e+00 9.978809488946115414e-01 9.988992943088712551e-01
-1.316500449484402147e+00 -9.597598898114829691e-01 9.987690370386052008e-01
4.323619391778496635e+00 -1.065762976967928433e+00 9.969956764778178382e-01
-2.532293771837625052e+00 -5.712651260092417305e-01 9.988570034965621458e-01
-3.844711004014500499e+00 5.895888060945233544e-01 9.983066463703255122e-01
4.664032029867362539e+00 -9.759248417399685183e-01 9.986868728818398822e-01
2.173716192603771802e-01 -2.207541281408887279e+00 3.630744397739156483e-04
5.616697730295941327e+00 -3.191359521688613921e+00 5.276238936619718567e-04
3.335865719780146676e+00 -2.606601897021295411e+00 3.769061229881574045e-04
-2.734494471934103110e+00 -1.717922215380305762e+00 5.590804157306714529e-04
-3.505447349848006766e+00 -2.031689002188710180e+00 4.984565970888929628e-04
2.340135739672792425e+00 -2.810597837678031841e+00 5.245715118833098713e-04
-4.182852136835629508e+00 -1.926580710709050015e+00 1.501408934897849974e-03
-1.351607828766789865e+00 -2.242144121790659916e+00 3.727303094140578424e-04
1.483489547473826775e+00 -2.366609954068967792e+00 6.822270698579529580e-04
-1.106719067976453807e+00 -2.454070449734700343e+00 3.887616009941001352e-04
-6.252210696488884167e+00 -1.511824435858867277e+00 4.826409084704283339e-04
4.825890731529041133e+00 -2.801281224256722879e+00 1.264550909209544377e-03
4.837393434324017250e+00 -2.925534725982109396e+00 3.557567643133392223e-04
-2.508125814455873126e+00 -1.663788846518019282e+00 7.789153662249471022e-04
1.125718918613673125e+00 -2.141502875478185075e+00 1.116853064065736556e-03
6.012089938527255484e+00 -3.193111908666154797e+00 2.852939653639652469e-04
4.336576865564968131e+00 -2.659094416283074302e+00 3.774251604300816803e-04
-5.465423222094749178e+00 -1.312430987782284619e+00 5.740075987408145997e-04
-2.579317127010259281e+00 -1.707432806633723654e+00 3.830832337747701495e-04
-2.664894409346845183e+00 -1.687359952668565644e+00 6.032583321623572609e-04
4.052231527829361468e+00 -2.512395299826099215e+00 3.144217151114058590e-04
1.585662820254204242e+00 -2.426328544445221169e+00 8.615584595262895315e-04
-4.894881409513216042e+00 -1.591029000735914689e+00 3.826277024248966982e-04
-6.276540070041450647e+00 -1.516642516689378661e+00 4.395591288040494142e-04
5.556424755217244993e+00 -3.256914140419962855e+00 3.192819720097436168e-04
-4.505034343392204654e+00 -1.858943915625174803e+00 3.625622773973576638e-04
-9.852471096492489977e-01 -2.400563156560141298e+00 4.820153068331246892e-04
-1.929070588311159185e+00 -1.912010728713780638e+00 4.258518289759725961e-04
4.646856418197067740e+00 -2.812739420545772084e+00 4.371401651154685855e-04
-8.972160871747307809e-01 -2.452579633392326208e+00 3.400699486251096437e-04
4.131212992020437014e+00 -2.510632295349201293e+00 4.069240649501580675e-04
2.737606938167814974e+00 -2.731085318848117893e+00 1.170611332675489157e-03
-4.784938480937038996e+00 -1.676733705963860288e+00 4.325382923275196650e-04
1.211199235627348436e+00 -2.210157780627667989e+00 4.976879316831847241e-04
-4.652619580669172805e+00 -1.739651060881568068e+00 4.395550055227738636e-04
-5.308863175288157876e+00 -1.318646520777653874e+00 1.051290587689217466e-03
4.162047992429386056e+00 -2.450125791348118920e+00 1.511373782318835247e-03
-4.475435638745315359e-01 -2.376529266127723972e+00 7.326115537009100830e-04
-4.247276451879959502e+00 -2.033829980573642171e+00 3.461730530433162339e-04
6.028753007728564484e-01 -1.964737104327870743e+00 1.139980013957657802e-03
1.111945631387034616e+00 -2.199303725393013664e+00 3.974072038828639457e-04
3.438324487574995203e+00 -2.500736944816702501e+00 3.774419129915239693e-04
1.958411783879295598e+00 -2.809797179713775517e+00 3.850648391152331471e-04
7.251645265595465517e-01 -2.065223874559732664e+00 3.639988403023161536e-04
-4.043264094462690750e+00 -2.056660303566678394e+00 4.937664563053176161e-04
-3.259923490182783379e+00 -1.950734731176477332e+00 3.680794608830129035e-04
7.608475428078076419e-02 -2.177838701770886676e+00 8.530981566634411681e-04
-1.297531816031028740e+00 -2.257545769770085808e+00 4.287035113780238074e-04
-2.129348197155858102e-01 -2.316566686851695422e+00 7.717445385285054155e-04
5.726995746843298818e+00 -3.170784066984089655e+00 9.122915363817527858e-04
5.046681994356875478e+00 -3.036133853953514539e+00 6.404517921534615306e-04
7.237377445687975808e-02 -2.262794534720100614e+00 3.662805680774494166e-04
4.030053719132597578e+00 -2.405974338699880199e+00 1.048769314687678002e-03
4.118199783286145887e+00 -2.475885793442034188e+00 5.192778115151841078e-04
-3.369881540444613854e+00 -2.027504102952083276e+00 3.773604337305967726e-04
-5.289744765916797320e+00 -1.416379251619183766e+00 3.765724227850755974e-04
-4.302357546151132084e-01 -2.359810450260741987e+00 1.184734807509809241e-03
4.762350462284469899e+00 -2.750423096943440449e+00 2.345142239196954925e-03
-4.429607204730253045e+00 -1.742446715390354672e+00 1.600124008408907112e-03
-3.377195699593172229e+00 -1.962120424913317507e+00 7.830129984440287660e-04
5.252061891192532528e+00 -3.111040584028732514e+00 7.204573051512031109e-04
-4.661325186483868954e+00 -1.654124700922094515e+00 1.207816212111411129e-03
5.232733762160407309e+00 -3.149868831095026245e+00 4.579154474200116125e-04
-3.332632263084361224e+00 -1.973399005590727562e+00 4.923435794276050841e-04
1.457532721085919469e+00 -2.298262251183690541e+00 1.459648324803126907e-03
5.674819157084169063e+00 -3.344472315414248609e+00 3.934970957546611754e-04
-3.077116871403457132e+00 -1.789390503182847647e+00 1.756982905315445037e-03
-6.251122420531691759e-01 -2.439137092469359835e+00 7.322111313931245436e-04
5.937833550713710551e+00 -3.243827551100988860e+00 2.882802698605331417e-04
-3.275160629951346714e+00 -1.918812154416308147e+00 7.373836826073670988e-04
-3.786482423375201467e+00 -2.066688254945578063e+00 6.103310149849123806e-04
2.361803828015673901e+00 -2.847042888637438818e+00 3.588155313249295417e-04
4.335513405573147239e+00 -2.539133783332824912e+00 1.006483483720007916e-03
-5.866461609833866220e-01 -2.457757209012736865e+00 4.096456749807163246e-04
-5.009331971962329710e+00 -1.486405569868040732e+00 6.537677661608489333e-04
1.543753127186658247e+00 -2.423256736557046764e+00 4.490500334365224769e-04
-5.234195747218685746e+00 -1.329385629839921812e+00 1.528781135318781461e-03
-5.613811254270888895e+00 -1.282908058885931180e+00 1.001259261134928788e-03
-1.941774713608291236e+00 -1.831955827823975591e+00 6.444393336603282223e-04
5.095351955026909962e+00 -3.156107060711875523e+00 3.360014055385653455e-04
3.752320871093472121e+00 -2.379836808476294419e+00 1.081844814363213140e-03
-1.454847144580643459e+00 -2.162530160568356230e+00 4.253741043128576784e-04
-5.117955969464251353e+00 -1.443127157397319893e+00 3.962602364570773925e-04
-4.690711870187602273e+00 -1.636114173290651674e+00 9.018314450988862072e-04
4.322489840747749668e-01 -2.126707229548185474e+00 3.178532651635395572e-04
9.178724748688704693e-02 -2.223673698843509960e+00 4.028690556951977837e-04
4.441927607318607585e-02 -2.172251857886998039e+00 1.424388797846055455e-03
-4.692197641637188887e+00 -1.697605684070931042e+00 4.935138442625496306e-04
3.660465523689799383e+00 -2.393469756487923927e+00 1.198907003527972760e-03
1.207015657286120813e+00 -2.304599809737654326e+00 3.548910970890194693e-04
3.239225470368646498e+00 -2.654633157470443816e+00 4.256726132694799440e-04
-5.106458815847805255e-01 -2.435607999156590431e+00 4.560375779546241661e-04
-5.347503343201742254e+00 -1.307877684213682556e+00 1.251247319819136922e-03
1.287900224466453025e+00 -2.251141072628822126e+00 3.811664706314572023e-04
-8.092847037298174229e-01 -2.489950045763824171e+00 2.964465504720297895e-04
-6.202404912823477723e+00 -1.578225838697056904e+00 3.651440734199207770e-04
-5.697216973984062349e+00 -1.384226944750419852e+00 3.593136468999433286e-04
-1.021113116759043926e+00 -2.404478811807934768e+00 4.498973662758262303e-04
4.753428927317226993e+00 -2.865270428598847730e+00 4.195806454558722535e-04
-8.417244904900815783e-01 -2.496715489606611271e+00 3.321516444969643540e-04
1.802774169406374583e+00 -2.576655619252775420e+00 8.883864423945818118e-04
8.589086101954253039e-01 -2.106373503222681798e+00 3.555052124120617273e-04
-3.264970517485845658e+00 -1.953036669779059098e+00 4.629055717728796401e-04
-2.567224026164431017e+00 -1.608507290468662365e+00 2.812979474617877292e-03
-6.220040253333045221e+00 -1.508843328263529182e+00 4.680823873514864254e-04
-4.663461205963512768e+00 -1.725732821609838652e+00 4.389994460220903306e-04
3.663727825510445513e-01 -2.031073718133313388e+00 1.287347433548698778e-03
1.853476685291735038e+00 -2.567961299237639938e+00 1.580449985203805086e-03
-4.456513113777944568e+00 -1.891466964579979981e+00 3.912099590841658196e-04
2.405068378559096942e+00 -2.780219563190791554e+00 1.238970125139761446e-03
1.326571361464774057e+00 -2.250414588441020936e+00 8.838888376935877733e-04
5.825075502616156697e+00 -3.184370552088368722e+00 4.799947507144505907e-04
4.308437355298229576e+00 -2.433648880128271408e+00 1.688899942248491904e-03
2.301461042003820623e-01 -2.144054157081815681e+00 5.002707429009222362e-04
1.300307803271705254e+00 -2.322679651670501944e+00 3.444630033336782077e-04
-5.208813866997928699e+00 -1.430857048225502970e+00 4.490462844031563360e-04
5.712099448734125673e+00 -3.294381524763764002e+00 3.253876771968776827e-04
4.964985029235601033e+00 -3.017285311233984135e+00 6.050191245744384813e-04
7.332122387221220450e-01 -2.037919280552708656e+00 6.984174471677928164e-04
-2.739262931033307868e+00 -1.687596936950297444e+00 9.699442179466528403e-04
1.751624875814012938e+00 -2.458536335621435143e+00 1.376669035934313320e-03
-1.042655557212251338e+00 -2.429298155384279401e+00 3.774133233148853892e-04
1.598850746141040169e+00 -2.480935773314125736e+00 5.988974219107305640e-04
-1.301490910262811163e+00 -2.191026730355762897e+00 1.766093991431860050e-03
-2.490489233126844226e+00 -1.662593588488065377e+00 7.456376216102698256e-04
-1.282465574032802813e+00 -2.265928232113246565e+00 4.900058632357846746e-04
4.395522019280470261e+00 -2.667437244520511008e+00 3.978958379207014635e-04
4.256716089046062024e+00 -2.607964930972999973e+00 3.930078576592146576e-04
-2.696990239764911923e+00 -1.625130171438176729e+00 1.403163848501818743e-03
-2.024966607722335610e+00 -1.679920270043036679e+00 2.664082172042572805e-03
-2.024194581541927107e-01 -2.390868678042248785e+00 3.573962813568904817e-04
-1.451524438247266957e+00 -2.201142565203828116e+00 3.271341962931729346e-04
-2.151521614518783210e+00 -1.721736154153255871e+00 7.306418581268142630e-04
3.644647278840293936e-01 -2.140356609361024898e+00 4.105562314282991767e-04
-5.065692939027973907e+00 -1.410773117287312806e+00 1.116826203457914161e-03
-5.989384434477885044e+00 -1.432998225522563729e+00 4.064995640672140515e-04
-3.895089182802507377e+00 -2.119945530738277739e+00 3.177008747171313797e-04
5.809969022540249384e+00 -3.262745516384848887e+00 3.823735282242019342e-04
3.279271642685767318e+00 -2.607673803428196990e+00 3.867033051154910466e-04
2.688002704277998589e-01 -2.213132311368088967e+00 3.522008915198795629e-04
-4.745724674700575463e+00 -1.681740494801077235e+00 3.179872768305652968e-04
6.265425018007158897e+00 -2.946727686542500280e+00 1.312772730956588037e-03
4.879046095564968155e+00 -2.902392544488068271e+00 1.887487949737078454e-03
5.776067032521780220e+00 -3.235603170984605370e+00 3.743043412296010526e-04
8.141179645403306964e-01 -1.993127920574614631e+00 1.097103751182629434e-03
-2.535480104766639986e+00 -1.778630418346347053e+00 3.547978857150974681e-04
-3.955982470929510608e+00 -2.134835763058684499e+00 3.893005570366624862e-04
3.529300190274692994e+00 -2.372727030519747871e+00 1.818133096213358450e-03
-4.332699279052631525e+00 -1.917726664220108734e+00 7.389146614204802552e-04
1.270698205900314903e+00 -2.202502325184632515e+00 1.030680881430998249e-03
2.991299166423782907e+00 -2.761343378997775488e+00 4.700571909607110729e-04
8.333275447065231489e-01 -2.013239280863030167e+00 1.214433257057242034e-03
3.699279464966696906e+00 -2.418550293920138206e+00 5.453458211776536849e-04
5.369107724186411801e+00 -3.195315927592513816e+00 3.558727727178436200e-04
-5.267040677686614103e+00 -1.333075524556775360e+00 1.191508399744032774e-03
-4.818979176793583008e+00 -1.636106268973539501e+00 3.300660445785018673e-04
-4.853116796329456584e+00 -1.635704000886035958e+00 4.248626137724656037e-04
-2.664913131426770221e+00 -1.720831369594724602e+00 4.518727235013940760e-04
6.459416617217597079e-01 -2.028848094170378147e+00 6.262354014287729777e-04
-6.956292232752643301e-01 -2.455174279682220906e+00 4.555631836437344174e-04
-6.346396321848013500e-01 -2.438808144383866949e+00 5.029135661030484589e-04
2.370708118824099486e+00 -2.819802884146378918e+00 5.388768498123513301e-04
-4.412705861162613097e+00 -1.902089121029062246e+00 5.455080357431007490e-04
-4.779587365264800880e+00 -1.742917893739087232e+00 3.710682226441909038e-04
-4.515681559731030248e+00 -1.911986662654026947e+00 3.560546367320229183e-04
4.330591020468302688e+00 -2.628545758198018945e+00 3.466624403664284580e-04
-1.614354168011713497e+00 -1.967957791619080909e+00 1.751800563761407971e-03
1.399060278858958561e+00 -2.417147128511837550e+00 3.498913813930541977e-04
5.161106773786075408e+00 -3.242272283677708256e+00 3.963857261418719672e-04
-3.982919686936897019e+00 -1.997595388958349538e+00 1.139318144339158522e-03
-5.653371005597453092e+00 -1.312098928352600113e+00 6.167857017699240841e-04
-2.971263211139156368e+00 -1.853127079293438229e+00 3.901635051117670404e-04
-1.504102038156464261e+00 -2.055567070462677837e+00 1.887291677567812329e-03
4.509886974699695017e-01 -2.060047980996543959e+00 6.740356944783555942e-04
-3.695359002461330089e+00 -2.008668185436990328e+00 1.156030800744236057e-03
3.238541539397651547e+00 -2.548877162112845873e+00 7.237071565649776453e-04
1.473300061930681082e+00 -2.366376121917941777e+00 7.234046911928450124e-04
3.504912594214417254e+00 -2.489731373447858775e+00 4.329814107338658983e-04
-3.842071515441367602e+00 -2.008775121980962641e+00 1.025647201928010527e-03
-3.192056575171621002e+00 -1.990181549287143969e+00 3.632969519893625436e-04
1.766373184743484259e+00 -2.583626821965156140e+00 4.860880724548320903e-04
-1.255287936176400443e+00 -2.227348797674396419e+00 1.344532333635811532e-03
5.814729477613637343e+00 -3.137349883213669255e+00 1.238112807250221293e-03
3.313349725452281902e+00 -2.532029965166353591e+00 7.209848288843153860e-04
-4.136958314343871734e+00 -2.086320319520719835e+00 3.389479057835603315e-04
-4.785571683005889199e+00 -1.606527251132330303e+00 7.677931937282222790e-04
-2.132894443036695620e+00 -1.694342724292613234e+00 1.821233742967802525e-03
3.752594020424668386e+00 -2.479426876752926390e+00 4.545677142489018443e-04
1.320562265669704693e+00 -2.247328502143091544e+00 7.319481270662911432e-04
-3.550073166444127182e+00 -2.102267431958980914e+00 3.166008920235679645e-04
-5.921600598124465265e+00 -1.453971161063162709e+00 3.163167603517288160e-04
1.610199505573239875e-01 -2.098716766021586189e+00 1.039004161448409385e-03
5.523408184564253531e+00 -3.121463693899851233e+00 8.784950518535148333e-04
9.619392811603848514e-01 -2.028669503051030443e+00 1.659941330683766241e-03
5.695595431346134774e+00 -3.109959173433485269e+00 1.404782143103440592e-03
-2.426977455659624638e-01 -2.345544431913638039e+00 5.816327360114168562e-04
6.167460291893108959e+00 -3.023567490000889091e+00 1.292625692938170756e-03
-8.484436137546413903e-02 -2.374924616562730684e+00 3.228430093069067116e-04
4.120100948954526388e+00 -2.439039127695115550e+00 1.207671884745478491e-03
-2.811317680626995497e+00 -1.772969402670043326e+00 4.640131090067109291e-04
-5.430942787880435496e+00 -1.350968141665516153e+00 4.698494700011964843e-04
2.781693068761359910e+00 -2.767694298495860572e+00 5.448918424234119916e-04
-4.755006155405108181e+00 -1.677511295679734449e+00 3.045284427910306571e-04
3.890125572154525813e+00 -2.339377813353207269e+00 1.373808229517953271e-03
5.463760208975379840e+00 -3.131570871241798670e+00 9.497027329413179576e-04
-1.979640950974243196e+00 -1.898097659897997280e+00 4.380869465554021133e-04
-2.354499543742023526e+00 -1.533511039708136181e+00 2.326421592221960665e-03
1.260370610161505311e+00 -2.250161086657851417e+00 4.864485331113873397e-04
2.444678793669254446e+00 -2.781063573697719615e+00 9.665852510278338848e-04
-5.715547734686126979e+00 -1.291370606733162285e+00 1.067258459700151174e-03
1.592607474178090676e+00 -2.348163511927791269e+00 1.891413234293320847e-03
-4.077828471304226099e+00 -2.016187721706452773e+00 8.159324458946274347e-04
-5.265735880296102067e+00 -1.343061170595678533e+00 5.406820499424325795e-04
-2.341101892649624983e+00 -1.710482277882462432e+00 4.041844034200599224e-04
-1.079153805408498812e+00 -2.395733443738509827e+00 3.506488396780147354e-04
-1.322084471519789695e+00 -2.280725883653192732e+00 3.818682016655606582e-04
2.802809948170345677e+00 -2.824572397233455767e+00 3.840910340128286652e-04
1.460807867029423335e-01 -2.206948356158987323e+00 4.741595728039632628e-04
-1.964806980227063349e+00 -1.845039046221172097e+00 3.753081899185444653e-04
-3.907100762312518683e-01 -2.332189229350531967e+00 6.921176137104592023e-04
5.873366761740612674e-01 -2.034269047898563443e+00 9.099615301775405797e-04
4.208159894949652369e+00 -2.501975318824877892e+00 7.662181483433950103e-04
-1.908933478116808580e+00 -1.850463227895820628e+00 7.217499913861328458e-04
3.558621026407791987e+00 -2.471728906077641508e+00 4.007774940387546234e-04
1.897665535002463599e+00 -2.578032320803504529e+00 9.983596302785429939e-04
4.687579943254938541e+00 -2.829995607272615121e+00 5.087991810046573263e-04
-1.122793113697659884e+00 -2.341446376542150709e+00 6.956927504903379859e-04
-3.968971017959554093e+00 -2.065895328904983508e+00 4.186843198090954435e-04
-5.112272094789538812e+00 -1.374172066466466724e+00 1.447285273342486644e-03
7.207963252011824196e-01 -1.994806241633315880e+00 1.584751981579175708e-03
5.992043674957537647e+00 -3.159484980111431085e+00 3.695686061270014779e-04
-2.567031204559786062e+00 -1.692545871819842729e+00 4.954902209506525370e-04
-1.342602433270564610e+00 -2.249545402655547033e+00 4.524488509204846161e-04
4.006144957317872013e+00 -2.444381398004407568e+00 4.302702168147317621e-04
-1.331889525968658283e+00 -2.230170689875844658e+00 6.169958593151068753e-04
4.911253294012395187e+00 -2.960990348761019852e+00 6.853131831990089172e-04
-5.904613822017731550e+00 -1.306295659891478111e+00 1.706083462263772565e-03
5.024182568174069274e+00 -3.084177158909290117e+00 3.783733123756340849e-04
-2.625044235939666404e+00 -1.712833315653553568e+00 4.790736940767130947e-04
6.040803229045209832e+00 -3.143934818767995409e+00 5.106514239433150104e-04
3.425648173923583784e+00 -2.429198810870548897e+00 1.339995437708187695e-03
3.926280761952080312e+00 -2.322005447872477202e+00 1.200947264684610336e-03
-3.176632317585044163e-01 -2.364681300543173936e+00 5.649185273333089379e-04
-2.482020098347503367e+00 -1.729741425474044192e+00 3.554382531959135298e-04
-2.210128688305048605e+00 -1.739094962619305740e+00 5.938993993551684551e-04
4.856444578568636317e+00 -2.921504928068022977e+00 6.371669715873259920e-04
-8.853980283505435978e-01 -2.472719296370880837e+00 4.538683947172084750e-04
-6.244498001355649919e+00 -1.499979416792957210e+00 4.498723733217568953e-04
1.495357090225044594e+00 -2.339849575991083341e+00 1.045167048816864237e-03
1.739369343513336830e+00 -2.582195046878984712e+00 3.986160927727205156e-04
1.283451384013493346e+00 -2.317817915850271859e+00 3.955976130853522616e-04
-5.216329804053543739e+00 -1.381727881900422839e+00 5.650165060395562861e-04
-3.910784815423472782e+00 -2.147293954341796596e+00 3.481489971357638251e-04
3.431695637125299569e+00 -2.429319963853577846e+00 1.755423893341802755e-03
1.134793464748224956e+00 -2.159514733431460609e+00 6.385282290550129899e-04
2.337799723092501836e+00 -2.856043043809299409e+00 3.527666178306521614e-04
-5.364695278881225882e+00 -1.394833360506763764e+00 4.252626178296282054e-04
7.724238208365958869e-01 -2.128702101472464303e+00 3.430426177468085132e-04
-3.033150974228176810e+00 -1.830507104597402845e+00 6.136548849152309798e-04
-3.503710427870416311e+00 -1.997080885794558780e+00 7.229708304205341744e-04
-4.836789100038034306e+00 -1.634186507463353477e+00 3.433947284752628722e-04
-5.038411696787933103e+00 -1.386532560888554144e+00 1.747391611528101860e-03
-3.218650110777727669e+00 -1.911008842521915163e+00 6.832533302258186805e-04
3.091862449232511523e+00 -2.592948746878693367e+00 1.346938493229655901e-03
1.186045885813215683e+00 -2.215119370031868318e+00 3.807016765071472302e-04
4.620628587054458336e-01 -2.052036504052087817e+00 5.457363666517728610e-04
-1.563527445039817998e+00 -2.064196752969595039e+00 1.091232691093325284e-03
-3.329956542542050535e+00 -1.991630962944525685e+00 4.257891681225398008e-04
1.141211441006835692e+00 -2.219755488710076996e+00 3.080426459639516159e-04
4.293135196192331193e+00 -2.613610015255798835e+00 3.442979756503906918e-04
-2.853333884588131752e-01 -2.333337888072339883e+00 6.520616431264559566e-04
-5.230850544454266782e+00 -1.327031267516915358e+00 1.427863942528719053e-03
5.444280220604055032e+00 -3.192970334031381086e+00 4.372069406508919645e-04
-1.749413649017439454e-01 -2.379910130964417725e+00 3.611528496852985212e-04
-4.707855684677701547e+00 -1.705556076722233971e+00 4.530909042877286964e-04
4.264265168456971011e+00 -2.591296266707895590e+00 3.972448635081012795e-04
-1.477746800200342214e+00 -2.189845981568188105e+00 3.696814249567945392e-04
-4.917293108830678605e+00 -1.547504532786328602e+00 5.124057477958940659e-04
5.722809318210970275e+00 -3.301487726729189998e+00 3.386582237902826197e-04
-1.964747025909715283e+00 -1.815654382885596663e+00 7.105517248273281704e-04
-3.594487899248186125e+00 -2.140387271064272401e+00 3.720656431877537992e-04
-5.195000754094829531e-01 -2.503633331337680179e+00 3.037868429108773896e-04
-5.970341661895725238e+00 -1.310652504077087999e+00 1.056529807359500714e-03
-3.201646380577756190e+00 -1.847449434675667357e+00 1.058782047196681324e-03
1.926567870790682591e+00 -2.798663879602841131e+00 3.512896607841232369e-04
-2.043583495184709165e+00 -1.764639443001481345e+00 6.551062179877902795e-04
-6.012259018469885419e+00 -1.361182029442793651e+00 1.245305988957103862e-03
-2.859966491405106392e+00 -1.710039686238646661e+00 1.450730904099507184e-03
5.799243575631878755e+00 -3.271971061558999416e+00 3.749548536601242398e-04
2.670677392795807847e+00 -2.845863035399054386e+00 4.642844095263551308e-04
1.423303857043871190e+00 -2.319691642512413665e+00 1.082471672316147413e-03
-5.747935025973369250e+00 -1.231536516233155520e+00 1.328559528021563095e-03
6.016588381841422972e+00 -3.056137542016050368e+00 9.570225011660889614e-04
6.011014444346889363e-01 -2.049766865760824341e+00 6.228447636206472940e-04
1.506081834853540968e-01 -2.164347369450946967e+00 6.222365665025872145e-04
3.908315422442212750e+00 -2.367785942519180509e+00 1.561625363735327961e-03
2.716191361551718586e+00 -2.770717970865557600e+00 6.758713807696082069e-04
4.158025550691165861e+00 -2.449949655395235570e+00 1.082846912550900235e-03
-4.436430618145224436e+00 -1.929515798607392307e+00 3.259168475327738762e-04
1.134124882583806837e+00 -2.088749968977969385e+00 1.444969103742503027e-03
4.361958773345751439e+00 -2.527282136439680471e+00 1.525047511243758343e-03
-1.980514993496731435e+00 -1.863199195131276520e+00 4.537523834442403099e-04
-4.462823004478226885e+00 -1.913908159964128552e+00 3.749183652550526209e-04
-3.975391812184041029e+00 -2.038200661721194962e+00 9.621433654288171367e-04
-4.228494990772443174e+00 -1.923043684175599788e+00 1.297384045687793343e-03
-9.370445415310371118e-01 -2.315331651754477527e+00 1.294011648783833590e-03
1.326864298860292557e+00 -2.254622925720986437e+00 8.568246447565878087e-04
-5.100426195346877911e+00 -1.385294507405599562e+00 1.232460565078832794e-03
-5.946550608634462165e+00 -1.317730634538458068e+00 1.025214652723485925e-03
-5.168354025757338377e+00 -1.355747754568328300e+00 8.203091453912065298e-04
-2.869300960348285301e+00 -1.711926159063865915e+00 1.498035190931975734e-03
-1.982369993120930651e+00 -1.799440546995891399e+00 7.767071493688898313e-04
3.477433703703795231e+00 -2.338520013949413556e+00 3.120970911894161565e-03
3.061511741629411532e+00 -2.591229981138711391e+00 1.352150404440351531e-03
-4.901167538166079751e+00 -1.542954811453078889e+00 5.661301666488875901e-04
-2.755935757343879189e-01 -2.451675024501096978e+00 3.139425969121589126e-04
1.858375871812912195e+00 -2.589045094687470794e+00 8.038085737908051654e-04
4.304593857132022805e+00 -2.519174049964622242e+00 8.887713215485688097e-04
-1.401541705545939820e+00 -2.166065322377268121e+00 1.287268293860787749e-03
-2.321908875569543618e+00 -1.569113165050832537e+00 2.153295863870723168e-03
-1.044463106154982057e+00 -2.342120611966340693e+00 1.054574382859166208e-03
-7.319015722496118315e-01 -2.421503742133521708e+00 6.597648643901203201e-04
1.467276081454536474e+00 -2.418080281207610316e+00 4.270386030411156054e-04
6.235798410780290624e+00 -3.072735122862070956e+00 5.241530872301268431e-04
1.912388794096422373e+00 -2.695794530522220178e+00 3.599617423353285205e-04
1.702887358608154322e+00 -2.603705158544113551e+00 3.596489053488323710e-04
4.336991637053495552e-01 -2.021478849885506968e+00 1.131048897791417330e-03
-1.814855760920345951e+00 -1.856027565716085848e+00 1.289048383082088073e-03
4.460606532607517494e+00 -2.655293441298443913e+00 5.657046811551289271e-04
-4.231150379623358049e+00 -2.041927505253043229e+00 3.987103385742958605e-04
3.340440238475256507e+00 -2.503592563053399278e+00 9.726860190378696465e-04
3.240010690403128280e+00 -2.595412147390069979e+00 3.779116734499070405e-04
-5.661564002182352340e+00 -1.362646683741508324e+00 3.872772222383024125e-04
-5.555781395017387325e-01 -2.384809869400840832e+00 1.802290892522510337e-03
2.676590296903199828e+00 -2.848029374822490745e+00 3.255315859602550327e-04
8.856324865599658480e-01 -2.147765253697811794e+00 3.330953444685804993e-04
-1.747250932150098635e+00 -1.911182003596190615e+00 8.944384501562275104e-04
-2.857554430070208706e+00 -1.718735001590374623e+00 1.070770884765724195e-03
-5.667857882739228970e+00 -1.335277053152668980e+00 4.638942576255535000e-04
-5.195986421526209043e+00 -1.370760923714288371e+00 9.939290533766827977e-04
6.222525399338795893e+00 -2.992073553233137062e+00 9.621898451113525480e-04
1.642291266259448435e+00 -2.488784944351299266e+00 6.096373708212527234e-04
3.698650823662385179e+00 -2.407143719989803365e+00 7.912318395450573761e-04
-6.076481298597929737e+00 -1.378864064969610892e+00 8.108103271439793570e-04
-4.778493405652370463e+00 -1.661415844673181708e+00 3.763629420601372413e-04
-1.316500449484402147e+00 -2.180736541354796554e+00 1.570352303974116397e-03
4.323619391778496635e+00 -2.541617704976486092e+00 7.708216996444393733e-04
-2.532293771837625052e+00 -1.669925523357318475e+00 6.966999244817348230e-04
-3.844711004014500499e+00 -2.149803250995736104e+00 3.763969507289021592e-04
4.664032029867362539e+00 -2.864679152578479826e+00 4.155299475178677541e-04
