# X mu var std 2std
-5.000000000000000000e+00 -1.798952717928505152e+01 1.863654843789001925e+00 1.365157442857417136e+00 2.730314885714834272e+00
-4.979959919839679117e+00 -1.792266895002570237e+01 1.863654843789001925e+00 1.365157442857417136e+00 2.730314885714834272e+00
-4.959919839679359121e+00 -1.785581072076635323e+01 1.863654843789001925e+00 1.365157442857417136e+00 2.730314885714834272e+00
-4.939879759519038238e+00 -1.778895249150700408e+01 1.863654843789001925e+00 1.365157442857417136e+00 2.730314885714834272e+00
-4.919839679358717355e+00 -1.772209426224765139e+01 1.863654843789001925e+00 1.365157442857417136e+00 2.730314885714834272e+00
-4.899799599198396471e+00 -1.765523603298830579e+01 1.863654843789001925e+00 1.365157442857417136e+00 2.730314885714834272e+00
-4.879759519038076476e+00 -1.758837780372895665e+01 1.863654843789001925e+00 1.365157442857417136e+00 2.730314885714834272e+00
-4.859719438877755593e+00 -1.752151957446960751e+01 1.863654843789001925e+00 1.365157442857417136e+00 2.730314885714834272e+00
-4.839679358717434710e+00 -1.745466134521025836e+01 1.863654843789001925e+00 1.365157442857417136e+00 2.730314885714834272e+00
-4.819639278557113826e+00 -1.738780311595090566e+01 1.863654843789001925e+00 1.365157442857417136e+00 2.730314885714834272e+00
-4.799599198396793831e+00 -1.732094488669156007e+01 1.863654843789001925e+00 1.365157442857417136e+00 2.730314885714834272e+00
-4.779559118236472948e+00 -1.725408665743221093e+01 1.863654843789001925e+00 1.365157442857417136e+00 2.730314885714834272e+00
-4.759519038076152064e+00 -1.718722842817286178e+01 1.863654843789001925e+00 1.365157442857417136e+00 2.730314885714834272e+00
-4.739478957915832069e+00 -1.712037019891351264e+01 1.863654843789001925e+00 1.365157442857417136e+00 2.730314885714834272e+00
-4.719438877755511186e+00 -1.705351196965416349e+01 1.863654843789001925e+00 1.365157442857417136e+00 2.730314885714834272e+00
-4.699398797595190302e+00 -1.698665374039481435e+01 1.863654843789001925e+00 1.365157442857417136e+00 2.730314885714834272e+00
-4.679358717434869419e+00 -1.691979551113546165e+01 1.863654843789001925e+00 1.365157442857417136e+00 2.730314885714834272e+00
-4.659318637274549424e+00 -1.685293728187611961e+01 1.863654843789001925e+00 1.365157442857417136e+00 2.730314885714834272e+00
-4.639278557114228541e+00 -1.678607905261676692e+01 1.863654843789001925e+00 1.365157442857417136e+00 2.730314885714834272e+00
-4.619238476953907657e+00 -1.671922082335741777e+01 1.863654843789001925e+00 1.365157442857417136e+00 2.730314885714834272e+00
-4.599198396793587662e+00 -1.665236259409806863e+01 1.863654843789001925e+00 1.365157442857417136e+00 2.730314885714834272e+00
-4.579158316633266779e+00 -1.658550436483871948e+01 1.863654843789001925e+00 1.365157442857417136e+00 2.730314885714834272e+00
-4.559118236472945895e+00 -1.651864613557937034e+01 1.863654843789001925e+00 1.365157442857417136e+00 2.730314885714834272e+00
-4.539078156312625012e+00 -1.645178790632002119e+01 1.863654843789001925e+00 1.365157442857417136e+00 2.730314885714834272e+00
-4.519038076152305017e+00 -1.638492967706067560e+01 1.863654843789001925e+00 1.365157442857417136e+00 2.730314885714834272e+00
-4.498997995991984133e+00 -1.631807144780132290e+01 1.863654843789001925e+00 1.365157442857417136e+00 2.730314885714834272e+00
-4.478957915831663250e+00 -1.625121321854197376e+01 1.863654843789001925e+00 1.365157442857417136e+00 2.730314885714834272e+00
-4.458917835671342367e+00 -1.618435498928262462e+01 1.863654843789001925e+00 1.365157442857417136e+00 2.730314885714834272e+00
-4.438877755511022372e+00 -1.611749676002327547e+01 1.863654843789001925e+00 1.365157442857417136e+00 2.730314885714834272e+00
-4.418837675350701488e+00 -1.605063853076392988e+01 1.863654843789001925e+00 1.365157442857417136e+00 2.730314885714834272e+00
-4.398797595190380605e+00 -1.598378030150457718e+01 1.863654843789001925e+00 1.365157442857417136e+00 2.730314885714834272e+00
-4.378757515030059722e+00 -1.591692207224522804e+01 1.863654843789001925e+00 1.365157442857417136e+00 2.730314885714834272e+00
-4.358717434869739726e+00 -1.585006384298587889e+01 1.863654843789001925e+00 1.365157442857417136e+00 2.730314885714834272e+00
-4.338677354709418843e+00 -1.578320561372652975e+01 1.863654843789001925e+00 1.365157442857417136e+00 2.730314885714834272e+00
-4.318637274549097960e+00 -1.571634738446718060e+01 1.863654843789001925e+00 1.365157442857417136e+00 2.730314885714834272e+00
-4.298597194388777964e+00 -1.564948915520783324e+01 1.863654843789001925e+00 1.365157442857417136e+00 2.730314885714834272e+00
-4.278557114228457081e+00 -1.558263092594848587e+01 1.863654843789001925e+00 1.365157442857417136e+00 2.730314885714834272e+00
-4.258517034068136198e+00 -1.551577269668913317e+01 1.863654843789001925e+00 1.365157442857417136e+00 2.730314885714834272e+00
-4.238476953907815314e+00 -1.544891446742978403e+01 1.863654843789001925e+00 1.365157442857417136e+00 2.730314885714834272e+00
-4.218436873747495319e+00 -1.538205623817043843e+01 1.863654843789001925e+00 1.365157442857417136e+00 2.730314885714834272e+00
-4.198396793587174436e+00 -1.531519800891108751e+01 1.863654843789001925e+00 1.365157442857417136e+00 2.730314885714834272e+00
-4.178356713426853553e+00 -1.524833977965173659e+01 1.863654843789001925e+00 1.365157442857417136e+00 2.730314885714834272e+00
-4.158316633266533557e+00 -1.518148155039239100e+01 1.863654843789001925e+00 1.365157442857417136e+00 2.730314885714834272e+00
-4.138276553106212674e+00 -1.511462332113304186e+01 1.863654843789001925e+00 1.365157442857417136e+00 2.730314885714834272e+00
-4.118236472945891791e+00 -1.504776509187369093e+01 1.863654843789001925e+00 1.365157442857417136e+00 2.730314885714834272e+00
-4.098196392785570907e+00 -1.498090686261434179e+01 1.863654843789001925e+00 1.365157442857417136e+00 2.730314885714834272e+00
-4.078156312625250912e+00 -1.491404863335499442e+01 1.863654843789001925e+00 1.365157442857417136e+00 2.730314885714834272e+00
-4.058116232464930029e+00 -1.484719040409564350e+01 1.863654843789001925e+00 1.365157442857417136e+00 2.730314885714834272e+00
-4.038076152304609145e+00 -1.478033217483629436e+01 1.863654843789001925e+00 1.365157442857417136e+00 2.730314885714834272e+00
-4.018036072144288262e+00 -1.471347394557694521e+01 1.863654843789001925e+00 1.365157442857417136e+00 2.730314885714834272e+00
-3.997995991983968267e+00 -1.464661571631759784e+01 1.863654843789001925e+00 1.365157442857417136e+00 2.730314885714834272e+00
-3.977955911823647384e+00 -1.457975748705824870e+01 1.863654843789001925e+00 1.365157442857417136e+00 2.730314885714834272e+00
-3.957915831663326500e+00 -1.451289925779889778e+01 1.863654843789001925e+00 1.365157442857417136e+00 2.730314885714834272e+00
-3.937875751503006061e+00 -1.444604102853954686e+01 1.863654843789001925e+00 1.365157442857417136e+00 2.730314885714834272e+00
-3.917835671342685622e+00 -1.437918279928020127e+01 1.863654843789001925e+00 1.365157442857417136e+00 2.730314885714834272e+00
-3.897795591182364738e+00 -1.431232457002085035e+01 1.863654843789001925e+00 1.365157442857417136e+00 2.730314885714834272e+00
-3.877755511022043855e+00 -1.424546634076150120e+01 1.863654843789001925e+00 1.365157442857417136e+00 2.730314885714834272e+00
-3.857715430861723416e+00 -1.417860811150215206e+01 1.863654843789001925e+00 1.365157442857417136e+00 2.730314885714834272e+00
-3.837675350701402976e+00 -1.411174988224280469e+01 1.863654843789001925e+00 1.365157442857417136e+00 2.730314885714834272e+00
-3.817635270541082093e+00 -1.404489165298345377e+01 1.863654843789001925e+00 1.365157442857417136e+00 2.730314885714834272e+00
-3.797595190380761654e+00 -1.397803342372410462e+01 1.863654843789001925e+00 1.365157442857417136e+00 2.730314885714834272e+00
-3.777555110220441215e+00 -1.391117519446475725e+01 1.863654843789001925e+00 1.365157442857417136e+00 2.730314885714834272e+00
-3.757515030060120331e+00 -1.384431696520540811e+01 1.863654843789001925e+00 1.365157442857417136e+00 2.730314885714834272e+00
-3.737474949899799448e+00 -1.377745873594605897e+01 1.863654843789001925e+00 1.365157442857417136e+00 2.730314885714834272e+00
-3.717434869739479009e+00 -1.371060050668670804e+01 1.863654843789001925e+00 1.365157442857417136e+00 2.730314885714834272e+00
-3.697394789579158569e+00 -1.364374227742736068e+01 1.863654843789001925e+00 1.365157442857417136e+00 2.730314885714834272e+00
-3.677354709418837686e+00 -1.357688404816801153e+01 1.863654843789001925e+00 1.365157442857417136e+00 2.730314885714834272e+00
-3.657314629258516803e+00 -1.351002581890866061e+01 1.863654843789001925e+00 1.365157442857417136e+00 2.730314885714834272e+00
-3.637274549098196363e+00 -1.344316758964931147e+01 1.863654843789001925e+00 1.365157442857417136e+00 2.730314885714834272e+00
-3.617234468937875924e+00 -1.337630936038996587e+01 1.863654843789001925e+00 1.365157442857417136e+00 2.730314885714834272e+00
-3.597194388777555041e+00 -1.330945113113061495e+01 1.863654843789001925e+00 1.365157442857417136e+00 2.730314885714834272e+00
-3.577154308617234602e+00 -1.324259290187126403e+01 1.863654843789001925e+00 1.365157442857417136e+00 2.730314885714834272e+00
-3.557114228456914162e+00 -1.317573467261191844e+01 1.863654843789001925e+00 1.365157442857417136e+00 2.730314885714834272e+00
-3.537074148296593279e+00 -1.310887644335256752e+01 1.863654843789001925e+00 1.365157442857417136e+00 2.730314885714834272e+00
-3.517034068136272396e+00 -1.304201821409321838e+01 1.863654843789001925e+00 1.365157442857417136e+00 2.730314885714834272e+00
-3.496993987975951956e+00 -1.297515998483387101e+01 1.863654843789001925e+00 1.365157442857417136e+00 2.730314885714834272e+00
-3.476953907815631517e+00 -1.290830175557452186e+01 1.863654843789001925e+00 1.365157442857417136e+00 2.730314885714834272e+00
-3.456913827655310634e+00 -1.284144352631517094e+01 1.863654843789001925e+00 1.365157442857417136e+00 2.730314885714834272e+00
-3.436873747494989750e+00 -1.277458529705582180e+01 1.863654843789001925e+00 1.365157442857417136e+00 2.730314885714834272e+00
-3.416833667334669311e+00 -1.270772706779647265e+01 1.863654843789001925e+00 1.365157442857417136e+00 2.730314885714834272e+00
-3.396793587174348872e+00 -1.264086883853712351e+01 1.863654843789001925e+00 1.365157442857417136e+00 2.730314885714834272e+00
-3.376753507014027988e+00 -1.257401060927777614e+01 1.863654843789001925e+00 1.365157442857417136e+00 2.730314885714834272e+00
-3.356713426853707549e+00 -1.250715238001842700e+01 1.863654843789001925e+00 1.365157442857417136e+00 2.730314885714834272e+00
-3.336673346693387110e+00 -1.244029415075907785e+01 1.863654843789001925e+00 1.365157442857417136e+00 2.730314885714834272e+00
-3.316633266533066227e+00 -1.237343592149972871e+01 1.863654843789001925e+00 1.365157442857417136e+00 2.730314885714834272e+00
-3.296593186372745343e+00 -1.230657769224037779e+01 1.863654843789001925e+00 1.365157442857417136e+00 2.730314885714834272e+00
-3.276553106212424904e+00 -1.223971946298102864e+01 1.863654843789001925e+00 1.365157442857417136e+00 2.730314885714834272e+00
-3.256513026052104465e+00 -1.217286123372168127e+01 1.863654843789001925e+00 1.365157442857417136e+00 2.730314885714834272e+00
-3.236472945891783581e+00 -1.210600300446233213e+01 1.863654843789001925e+00 1.365157442857417136e+00 2.730314885714834272e+00
-3.216432865731462698e+00 -1.203914477520298121e+01 1.863654843789001925e+00 1.365157442857417136e+00 2.730314885714834272e+00
-3.196392785571142259e+00 -1.197228654594363384e+01 1.863654843789001925e+00 1.365157442857417136e+00 2.730314885714834272e+00
-3.176352705410821819e+00 -1.190542831668428470e+01 1.863654843789001925e+00 1.365157442857417136e+00 2.730314885714834272e+00
-3.156312625250500936e+00 -1.183857008742493377e+01 1.863654843789001925e+00 1.365157442857417136e+00 2.730314885714834272e+00
-3.136272545090180497e+00 -1.177171185816558641e+01 1.863654843789001925e+00 1.365157442857417136e+00 2.730314885714834272e+00
-3.116232464929860058e+00 -1.170485362890623726e+01 1.863654843789001925e+00 1.365157442857417136e+00 2.730314885714834272e+00
-3.096192384769539174e+00 -1.163799539964688812e+01 1.863654843789001925e+00 1.365157442857417136e+00 2.730314885714834272e+00
-3.076152304609218291e+00 -1.157113717038753897e+01 1.863654843789001925e+00 1.365157442857417136e+00 2.730314885714834272e+00
-3.056112224448897852e+00 -1.150427894112818983e+01 1.863654843789001925e+00 1.365157442857417136e+00 2.730314885714834272e+00
-3.036072144288577412e+00 -1.143742071186884068e+01 1.863654843789001925e+00 1.365157442857417136e+00 2.730314885714834272e+00
-3.016032064128256529e+00 -1.137056248260949154e+01 1.863654843789001925e+00 1.365157442857417136e+00 2.730314885714834272e+00
-2.995991983967936090e+00 -1.130370425335014239e+01 1.863654843789001925e+00 1.365157442857417136e+00 2.730314885714834272e+00
-2.975951903807615206e+00 -1.123684602409079325e+01 1.863654843789001925e+00 1.365157442857417136e+00 2.730314885714834272e+00
-2.955911823647294767e+00 -1.116998779483144588e+01 1.863654843789001925e+00 1.365157442857417136e+00 2.730314885714834272e+00
-2.935871743486973884e+00 -1.110312956557209496e+01 1.863654843789001925e+00 1.365157442857417136e+00 2.730314885714834272e+00
-2.915831663326653445e+00 -1.103627133631274582e+01 1.863654843789001925e+00 1.365157442857417136e+00 2.730314885714834272e+00
-2.895791583166332561e+00 -1.096941310705339667e+01 1.863654843789001925e+00 1.365157442857417136e+00 2.730314885714834272e+00
-2.875751503006012122e+00 -1.090255487779404753e+01 1.863654843789001925e+00 1.365157442857417136e+00 2.730314885714834272e+00
-2.855711422845691683e+00 -1.083569664853470016e+01 1.863654843789001925e+00 1.365157442857417136e+00 2.730314885714834272e+00
-2.835671342685370799e+00 -1.076883841927535101e+01 1.863654843789001925e+00 1.365157442857417136e+00 2.730314885714834272e+00
-2.815631262525050360e+00 -1.070198019001600187e+01 1.863654843789001925e+00 1.365157442857417136e+00 2.730314885714834272e+00
-2.795591182364729477e+00 -1.063512196075665095e+01 1.863654843789001925e+00 1.365157442857417136e+00 2.730314885714834272e+00
-2.775551102204409037e+00 -1.056826373149730181e+01 1.863654843789001925e+00 1.365157442857417136e+00 2.730314885714834272e+00
-2.755511022044088154e+00 -1.050140550223795266e+01 1.863654843789001925e+00 1.365157442857417136e+00 2.730314885714834272e+00
-2.735470941883767715e+00 -1.043454727297860352e+01 1.863654843789001925e+00 1.365157442857417136e+00 2.730314885714834272e+00
-2.715430861723446831e+00 -1.036768904371925437e+01 1.863654843789001925e+00 1.365157442857417136e+00 2.730314885714834272e+00
-2.695390781563126392e+00 -1.030083081445990700e+01 1.863654843789001925e+00 1.365157442857417136e+00 2.730314885714834272e+00
-2.675350701402805509e+00 -1.023397258520055608e+01 1.863654843789001925e+00 1.365157442857417136e+00 2.730314885714834272e+00
-2.655310621242485070e+00 -1.016711435594120694e+01 1.863654843789001925e+00 1.365157442857417136e+00 2.730314885714834272e+00
-2.635270541082164630e+00 -1.010025612668185957e+01 1.863654843789001925e+00 1.365157442857417136e+00 2.730314885714834272e+00
-2.615230460921843747e+00 -1.003339789742250865e+01 1.863654843789001925e+00 1.365157442857417136e+00 2.730314885714834272e+00
-2.595190380761523308e+00 -9.966539668163161281e+00 1.863654843789001925e+00 1.365157442857417136e+00 2.730314885714834272e+00
-2.575150300601202424e+00 -9.899681438903812136e+00 1.863654843789001925e+00 1.365157442857417136e+00 2.730314885714834272e+00
-2.555110220440881985e+00 -9.832823209644462992e+00 1.863654843789001925e+00 1.365157442857417136e+00 2.730314885714834272e+00
-2.535070140280561102e+00 -9.765964980385112071e+00 1.863654843789001925e+00 1.365157442857417136e+00 2.730314885714834272e+00
-2.515030060120240663e+00 -9.699106751125764703e+00 1.863654843789001925e+00 1.365157442857417136e+00 2.730314885714834272e+00
-2.494989979959919779e+00 -9.632248521866413782e+00 1.863654843789001925e+00 1.365157442857417136e+00 2.730314885714834272e+00
-2.474949899799599340e+00 -9.565390292607066414e+00 1.863654843789001925e+00 1.365157442857417136e+00 2.730314885714834272e+00
-2.454909819639278457e+00 -9.498532063347717269e+00 1.863654843789001925e+00 1.365157442857417136e+00 2.730314885714834272e+00
-2.434869739478958017e+00 -9.431673834088368125e+00 1.863654843789001925e+00 1.365157442857417136e+00 2.730314885714834272e+00
-2.414829659318637578e+00 -9.364815604829018980e+00 1.863654843789001925e+00 1.365157442857417136e+00 2.730314885714834272e+00
-2.394789579158316695e+00 -9.297957375569669836e+00 1.863654843789001925e+00 1.365157442857417136e+00 2.730314885714834272e+00
-2.374749498997996255e+00 -9.231099146310320691e+00 1.863654843789001925e+00 1.365157442857417136e+00 2.730314885714834272e+00
-2.354709418837675372e+00 -9.164240917050971547e+00 1.863654843789001925e+00 1.365157442857417136e+00 2.730314885714834272e+00
-2.334669338677354933e+00 -9.097382687791624178e+00 1.863654843789001925e+00 1.365157442857417136e+00 2.730314885714834272e+00
-2.314629258517034049e+00 -9.030524458532273258e+00 1.863654843789001925e+00 1.365157442857417136e+00 2.730314885714834272e+00
-2.294589178356713610e+00 -8.963666229272924113e+00 1.863654843789001925e+00 1.365157442857417136e+00 2.730314885714834272e+00
-2.274549098196392727e+00 -8.896808000013574969e+00 1.863654843789001925e+00 1.365157442857417136e+00 2.730314885714834272e+00
-2.254509018036072288e+00 -8.829949770754225824e+00 1.863654843789001925e+00 1.365157442857417136e+00 2.730314885714834272e+00
-2.234468937875751404e+00 -8.763091541494874903e+00 1.863654843789001925e+00 1.365157442857417136e+00 2.730314885714834272e+00
-2.214428857715430965e+00 -8.696233312235529311e+00 1.863654843789001925e+00 1.365157442857417136e+00 2.730314885714834272e+00
-2.194388777555110526e+00 -8.629375082976180167e+00 1.863654843789001925e+00 1.365157442857417136e+00 2.730314885714834272e+00
-2.174348697394789642e+00 -8.562516853716829246e+00 1.863654843789001925e+00 1.365157442857417136e+00 2.730314885714834272e+00
-2.154308617234469203e+00 -8.495658624457481878e+00 1.863654843789001925e+00 1.365157442857417136e+00 2.730314885714834272e+00
-2.134268537074148320e+00 -8.428800395198130957e+00 1.863654843789001925e+00 1.365157442857417136e+00 2.730314885714834272e+00
-2.114228456913827880e+00 -8.361942165938781812e+00 1.863654843789001925e+00 1.365157442857417136e+00 2.730314885714834272e+00
-2.094188376753506997e+00 -8.295083936679434444e+00 1.863654843789001925e+00 1.365157442857417136e+00 2.730314885714834272e+00
-2.074148296593186558e+00 -8.228225707420085300e+00 1.863654843789001925e+00 1.365157442857417136e+00 2.730314885714834272e+00
-2.054108216432865675e+00 -8.161367478160734379e+00 1.863654843789001925e+00 1.365157442857417136e+00 2.730314885714834272e+00
-2.034068136272545235e+00 -8.094509248901387011e+00 1.863654843789001925e+00 1.365157442857417136e+00 2.730314885714834272e+00
-2.014028056112224352e+00 -8.027651019642036090e+00 1.863654843789001925e+00 1.365157442857417136e+00 2.730314885714834272e+00
-1.993987975951903913e+00 -7.960792790382687834e+00 1.863654843789001925e+00 1.365157442857417136e+00 2.730314885714834272e+00
-1.973947895791583473e+00 -7.893934561123340465e+00 1.863654843789001925e+00 1.365157442857417136e+00 2.730314885714834272e+00
-1.953907815631262590e+00 -7.827076331863991321e+00 1.863654843789001925e+00 1.365157442857417136e+00 2.730314885714834272e+00
-1.933867735470942151e+00 -7.760218102604642176e+00 1.863654843789001925e+00 1.365157442857417136e+00 2.730314885714834272e+00
-1.913827655310621267e+00 -7.693359873345293032e+00 1.863654843789001925e+00 1.365157442857417136e+00 2.730314885714834272e+00
-1.893787575150300828e+00 -7.626501644085943887e+00 1.863654843789001925e+00 1.365157442857417136e+00 2.730314885714834272e+00
-1.873747494989979945e+00 -7.559643414826594743e+00 1.863654843789001925e+00 1.365157442857417136e+00 2.730314885714834272e+00
-1.853707414829659506e+00 -7.492785185567246486e+00 1.863654843789001925e+00 1.365157442857417136e+00 2.730314885714834272e+00
-1.833667334669338622e+00 -7.425926956307895566e+00 1.863654843789001925e+00 1.365157442857417136e+00 2.730314885714834272e+00
-1.813627254509018183e+00 -7.359068727048547309e+00 1.863654843789001925e+00 1.365157442857417136e+00 2.730314885714834272e+00
-1.793587174348697744e+00 -7.292210497789199941e+00 1.863654843789001925e+00 1.365157442857417136e+00 2.730314885714834272e+00
-1.773547094188376860e+00 -7.225352268529849020e+00 1.863654843789001925e+00 1.365157442857417136e+00 2.730314885714834272e+00
-1.753507014028056421e+00 -7.158494039270500764e+00 1.863654843789001925e+00 1.365157442857417136e+00 2.730314885714834272e+00
-1.733466933867735538e+00 -7.091635810011151619e+00 1.863654843789001925e+00 1.365157442857417136e+00 2.730314885714834272e+00
-1.713426853707415098e+00 -7.024777580751802475e+00 1.863654843789001925e+00 1.365157442857417136e+00 2.730314885714834272e+00
-1.693386773547094215e+00 -6.957919351492452442e+00 1.863654843789001925e+00 1.365157442857417136e+00 2.730314885714834272e+00
-1.673346693386773776e+00 -6.891061122233104186e+00 1.863654843789001925e+00 1.365157442857417136e+00 2.730314885714834272e+00
-1.653306613226452892e+00 -6.824202892973754153e+00 1.863654843789001925e+00 1.365157442857417136e+00 2.730314885714834272e+00
-1.633266533066132453e+00 -6.757344663714405897e+00 1.863654843789001925e+00 1.365157442857417136e+00 2.730314885714834272e+00
-1.613226452905811570e+00 -6.690486434455056752e+00 1.863654843789001925e+00 1.365157442857417136e+00 2.730314885714834272e+00
-1.593186372745491131e+00 -6.623628205195707608e+00 1.863654843789001925e+00 1.365157442857417136e+00 2.730314885714834272e+00
-1.573146292585170691e+00 -6.556769975936359351e+00 1.863654843789001925e+00 1.365157442857417136e+00 2.730314885714834272e+00
-1.553106212424849808e+00 -6.489911746677009319e+00 1.863654843789001925e+00 1.365157442857417136e+00 2.730314885714834272e+00
-1.533066132264529369e+00 -6.423053517417661062e+00 1.863654843789001925e+00 1.365157442857417136e+00 2.730314885714834272e+00
-1.513026052104208485e+00 -6.356195288158311030e+00 1.863654843789001925e+00 1.365157442857417136e+00 2.730314885714834272e+00
-1.492985971943888046e+00 -6.289337058898961885e+00 1.863654843789001925e+00 1.365157442857417136e+00 2.730314885714834272e+00
-1.472945891783567163e+00 -6.222478829639611853e+00 1.863654843789001925e+00 1.365157442857417136e+00 2.730314885714834272e+00
-1.452905811623246723e+00 -6.155620600380263596e+00 1.863654843789001925e+00 1.365157442857417136e+00 2.730314885714834272e+00
-1.432865731462925840e+00 -6.088762371120913564e+00 1.863654843789001925e+00 1.365157442857417136e+00 2.730314885714834272e+00
-1.412825651302605401e+00 -6.021904141861565307e+00 1.863654843789001925e+00 1.365157442857417136e+00 2.730314885714834272e+00
-1.392785571142284518e+00 -5.955045912602215274e+00 1.863654843789001925e+00 1.365157442857417136e+00 2.730314885714834272e+00
-1.372745490981964078e+00 -5.888187683342866130e+00 1.863654843789001925e+00 1.365157442857417136e+00 2.730314885714834272e+00
-1.352705410821643639e+00 -5.821329454083518762e+00 1.863654843789001925e+00 1.365157442857417136e+00 2.730314885714834272e+00
-1.332665330661322756e+00 -5.754471224824168729e+00 1.863654843789001925e+00 1.365157442857417136e+00 2.730314885714834272e+00
-1.312625250501002316e+00 -5.687612995564819585e+00 1.863654843789001925e+00 1.365157442857417136e+00 2.730314885714834272e+00
-1.292585170340681433e+00 -5.620754766305470440e+00 1.863654843789001925e+00 1.365157442857417136e+00 2.730314885714834272e+00
-1.272545090180360994e+00 -5.553896537046122184e+00 1.863654843789001925e+00 1.365157442857417136e+00 2.730314885714834272e+00
-1.252505010020040110e+00 -5.487038307786771263e+00 1.863654843789001925e+00 1.365157442857417136e+00 2.730314885714834272e+00
-1.232464929859719671e+00 -5.420180078527423007e+00 1.863654843789001925e+00 1.365157442857417136e+00 2.730314885714834272e+00
-1.212424849699398788e+00 -5.353321849268073862e+00 1.863654843789001925e+00 1.365157442857417136e+00 2.730314885714834272e+00
-1.192384769539078349e+00 -5.286463620008724718e+00 1.863654843789001925e+00 1.365157442857417136e+00 2.730314885714834272e+00
-1.172344689378757465e+00 -5.219605390749375573e+00 1.863654843789001925e+00 1.365157442857417136e+00 2.730314885714834272e+00
-1.152304609218437026e+00 -5.152747161490027317e+00 1.863654843789001925e+00 1.365157442857417136e+00 2.730314885714834272e+00
-1.132264529058116587e+00 -5.085888932230678172e+00 1.863654843789001925e+00 1.365157442857417136e+00 2.730314885714834272e+00
-1.112224448897795703e+00 -5.019030702971328139e+00 1.863654843789001925e+00 1.365157442857417136e+00 2.730314885714834272e+00
-1.092184368737475264e+00 -4.952172473711980771e+00 1.863654843789001925e+00 1.365157442857417136e+00 2.730314885714834272e+00
-1.072144288577154381e+00 -4.885314244452629850e+00 1.863654843789001925e+00 1.365157442857417136e+00 2.730314885714834272e+00
-1.052104208416833941e+00 -4.818456015193281594e+00 1.863654843789001925e+00 1.365157442857417136e+00 2.730314885714834272e+00
-1.032064128256513058e+00 -4.751597785933932450e+00 1.863654843789001925e+00 1.365157442857417136e+00 2.730314885714834272e+00
-1.012024048096192619e+00 -4.684739556674583305e+00 1.863654843789001925e+00 1.365157442857417136e+00 2.730314885714834272e+00
-9.919839679358721796e-01 -4.617881327415235049e+00 1.863654843789001925e+00 1.365157442857417136e+00 2.730314885714834272e+00
-9.719438877755512962e-01 -4.551023098155885904e+00 1.863654843789001925e+00 1.365157442857417136e+00 2.730314885714834272e+00
-9.519038076152304129e-01 -4.484164868896534983e+00 1.863654843789001925e+00 1.365157442857417136e+00 2.730314885714834272e+00
-9.318637274549104177e-01 -4.417306639637186727e+00 1.863654843789001925e+00 1.365157442857417136e+00 2.730314885714834272e+00
-9.118236472945895343e-01 -4.350448410377830477e+00 1.863654843789001925e+00 1.365157442857417136e+00 2.730314885714834272e+00
-8.917835671342686510e-01 -4.283590181118452023e+00 1.863654843789001925e+00 1.365157442857417136e+00 2.730314885714834272e+00
-8.717434869739477676e-01 -4.216731951858985639e+00 1.863654843789001925e+00 1.365157442857417136e+00 2.730314885714834272e+00
-8.517034068136277725e-01 -4.149873722599166648e+00 1.863654843789001925e+00 1.365157442857417136e+00 2.730314885714834272e+00
-8.316633266533068891e-01 -4.083015493337965651e+00 1.863654843789001925e+00 1.365157442857417136e+00 2.730314885714834272e+00
-8.116232464929860058e-01 -4.016157264071591904e+00 1.863654843789001925e+00 1.365157442857417136e+00 2.730314885714834272e+00
-7.915831663326651224e-01 -3.949299034786464269e+00 1.863654843789001925e+00 1.365157442857417136e+00 2.730314885714834272e+00
-7.715430861723451272e-01 -3.882440805435591891e+00 1.863654843789001925e+00 1.365157442857417136e+00 2.730314885714834272e+00
-7.515030060120242439e-01 -3.815582575861899084e+00 1.863654843789001925e+00 1.365157442857417136e+00 2.730314885714834272e+00
-7.314629258517033605e-01 -3.748724345558298587e+00 1.863654843789001925e+00 1.365157442857417136e+00 2.730314885714834272e+00
-7.114228456913833654e-01 -3.681866112943913194e+00 1.863654843789001925e+00 1.365157442857417136e+00 2.730314885714834272e+00
-6.913827655310624820e-01 -3.615007873260568161e+00 1.863654843789001703e+00 1.365157442857416914e+00 2.730314885714833828e+00
-6.713426853707415987e-01 -3.548149612685509435e+00 1.863654843789000592e+00 1.365157442857416470e+00 2.730314885714832940e+00
-6.513026052104207153e-01 -3.481291292471891730e+00 1.863654843788991267e+00 1.365157442857413139e+00 2.730314885714826278e+00
-6.312625250501007201e-01 -3.414432807853094332e+00 1.863654843788915105e+00 1.365157442857385162e+00 2.730314885714770323e+00
-6.112224448897798368e-01 -3.347573885683856165e+00 1.863654843788339344e+00 1.365157442857174441e+00 2.730314885714348883e+00
-5.911823647294589534e-01 -3.280713839582247271e+00 1.863654843784267046e+00 1.365157442855682968e+00 2.730314885711365935e+00
-5.711422845691380701e-01 -3.213851007932260195e+00 1.863654843757343915e+00 1.365157442845821967e+00 2.730314885691643934e+00
-5.511022044088180749e-01 -3.146981517731596512e+00 1.863654843591027621e+00 1.365157442784907360e+00 2.730314885569814720e+00
-5.310621242484971916e-01 -3.080096682611438652e+00 1.863654842631343955e+00 1.365157442433415413e+00 2.730314884866830827e+00
-5.110220440881763082e-01 -3.013177770928295640e+00 1.863654837460893887e+00 1.365157440539696010e+00 2.730314881079392020e+00
-4.909819639278563130e-01 -2.946185978827045915e+00 1.863654811463004046e+00 1.365157431017757661e+00 2.730314862035515322e+00
-4.709418837675354297e-01 -2.879044167326132886e+00 1.863654689525634289e+00 1.365157386357204627e+00 2.730314772714409255e+00
-4.509018036072145463e-01 -2.811605371529145359e+00 1.863654156341719270e+00 1.365157191074243714e+00 2.730314382148487429e+00
-4.308617234468936630e-01 -2.743601671665035990e+00 1.863651984238565706e+00 1.365156395523445365e+00 2.730312791046890730e+00
-4.108216432865736678e-01 -2.674566643190256165e+00 1.863643746023251779e+00 1.365153378204534196e+00 2.730306756409068392e+00
-3.907815631262527845e-01 -2.603726840951146038e+00 1.863614680380599520e+00 1.365142732603664255e+00 2.730285465207328510e+00
-3.707414829659319011e-01 -2.529864752228646374e+00 1.863519374978216625e+00 1.365107825403625963e+00 2.730215650807251926e+00
-3.507014028056110178e-01 -2.451169517170439960e+00 1.863229249273187005e+00 1.365001556509437552e+00 2.730003113018875105e+00
-3.306613226452910226e-01 -2.365113366481885304e+00 1.862410294766382979e+00 1.364701540545178338e+00 2.729403081090356675e+00
-3.106212424849701392e-01 -2.268418909289175556e+00 1.860269707267226957e+00 1.363917045595965494e+00 2.727834091191930987e+00
-2.905811623246492559e-01 -2.157207623202191726e+00 1.855097141847026787e+00 1.362019508614699337e+00 2.724039017229398674e+00
-2.705410821643292607e-01 -2.027429379238927964e+00 1.843563546741383563e+00 1.357778902009227462e+00 2.715557804018454924e+00
-2.505010020040083774e-01 -1.875648257877839065e+00 1.819884968256612501e+00 1.349031122048936382e+00 2.698062244097872764e+00
-2.304609218436874940e-01 -1.700184482755828119e+00 1.775241976329321014e+00 1.332382068450833401e+00 2.664764136901666802e+00
-2.104208416833666107e-01 -1.502481233365814184e+00 1.698184067338595282e+00 1.303143916587341300e+00 2.606287833174682600e+00
-1.903807615230466155e-01 -1.288397780291988148e+00 1.576863602567803113e+00 1.255732297334031022e+00 2.511464594668062045e+00
-1.703406813627257321e-01 -1.068978011818445761e+00 1.403428077994222312e+00 1.184663698268087595e+00 2.369327396536175190e+00
-1.503006012024048488e-01 -8.601840748194566899e-01 1.179556625543142223e+00 1.086073950310540326e+00 2.172147900621080652e+00
-1.302605210420839654e-01 -6.812000532299533617e-01 9.204625318464682016e-01 9.594073857577229969e-01 1.918814771515445994e+00
-1.102204408817639703e-01 -5.512449345626324604e-01 6.540335150924521113e-01 8.087233860180204070e-01 1.617446772036040814e+00
-9.018036072144308690e-02 -4.853511364858442700e-01 4.135001655389778930e-01 6.430397853468927671e-01 1.286079570693785534e+00
-7.014028056112220355e-02 -4.901227805302412754e-01 2.259421000725497231e-01 4.753336723529585361e-01 9.506673447059170723e-01
-5.010020040080220838e-02 -5.608594908491807418e-01 1.025448106877427934e-01 3.202261867613933610e-01 6.404523735227867220e-01
-3.006012024048132503e-02 -6.813792428548945956e-01 3.643657621593076462e-02 1.908836719468974541e-01 3.817673438937949082e-01
-1.002004008016044168e-02 -8.272636567950216735e-01 9.240707243414626043e-03 9.612859742768863069e-02 1.922571948553772614e-01
1.002004008016044168e-02 -9.721567091562381968e-01 1.534930160030660920e-03 3.917818474649713972e-02 7.835636949299427945e-02
3.006012024048043685e-02 -1.095495949454236451e+00 3.319514545656236746e-04 1.821953497116827331e-02 3.643906994233654661e-02
5.010020040080132020e-02 -1.189138389064122059e+00 2.100354755061291183e-04 1.449260071574902387e-02 2.898520143149804773e-02
7.014028056112220355e-02 -1.260241599811647850e+00 1.315991632576958396e-04 1.147166784986803148e-02 2.294333569973606296e-02
9.018036072144308690e-02 -1.328709438686427990e+00 1.627043249975657308e-04 1.275556055207162365e-02 2.551112110414324730e-02
1.102204408817630821e-01 -1.419332196543046987e+00 2.393965883133656713e-04 1.547244609986946073e-02 3.094489219973892147e-02
1.302605210420839654e-01 -1.550843137187962739e+00 2.691462616773541029e-04 1.640567772685280062e-02 3.281135545370560125e-02
1.503006012024048488e-01 -1.725650420498756166e+00 2.603799952053675328e-04 1.613629434552331030e-02 3.227258869104662059e-02
1.703406813627248440e-01 -1.924265847358751502e+00 2.302042029026973499e-04 1.517248176478381422e-02 3.034496352956762844e-02
1.903807615230457273e-01 -2.107163405764448605e+00 1.906991821000236841e-04 1.380938746288276446e-02 2.761877492576552892e-02
2.104208416833666107e-01 -2.224304188892120671e+00 1.856639054701889817e-04 1.362585430239839947e-02 2.725170860479679893e-02
2.304609218436874940e-01 -2.229738005883729279e+00 2.222835528448412624e-04 1.490917679970431113e-02 2.981835359940862226e-02
2.505010020040074892e-01 -2.096620222286850854e+00 2.322670904382131290e-04 1.524031136290243671e-02 3.048062272580487342e-02
2.705410821643283725e-01 -1.827514470132431512e+00 1.900654405520423875e-04 1.378642232604392580e-02 2.757284465208785160e-02
2.905811623246492559e-01 -1.456241024072587154e+00 1.895482586430234163e-04 1.376765261920213576e-02 2.753530523840427152e-02
3.106212424849701392e-01 -1.040313549841552998e+00 2.975465079151660757e-04 1.724953645508093408e-02 3.449907291016186817e-02
3.306613226452901344e-01 -6.461796818153900945e-01 3.790830027832131155e-04 1.947005400052123983e-02 3.894010800104247966e-02
3.507014028056110178e-01 -3.318944041648783649e-01 2.450963458212556236e-04 1.565555319435425058e-02 3.131110638870850116e-02
3.707414829659319011e-01 -1.326600446919336262e-01 2.925550482701579514e-04 1.710424065166758420e-02 3.420848130333516840e-02
3.907815631262518963e-01 -5.362277320452212698e-02 2.470049423966848810e-03 4.969959178873453037e-02 9.939918357746906075e-02
4.108216432865727796e-01 -7.185021421515885853e-02 1.075393550967337214e-02 1.037011837428742783e-01 2.074023674857485566e-01
4.308617234468936630e-01 -1.464256776225029144e-01 2.971504432545452393e-02 1.723805218853177723e-01 3.447610437706355446e-01
4.509018036072145463e-01 -2.330965694840350100e-01 6.067227488099694727e-02 2.463174270753024642e-01 4.926348541506049283e-01
4.709418837675345415e-01 -2.986817269198930314e-01 9.778750279392500744e-02 3.127099339546555168e-01 6.254198679093110336e-01
4.909819639278554249e-01 -3.307743853805993894e-01 1.283978429876707905e-01 3.583264475135358729e-01 7.166528950270717457e-01
5.110220440881763082e-01 -3.399546902987324315e-01 1.393849259789056716e-01 3.733429066942422492e-01 7.466858133884844984e-01
5.310621242484971916e-01 -3.541371810906972506e-01 1.256204849884225427e-01 3.544298026244724897e-01 7.088596052489449795e-01
5.511022044088171867e-01 -4.070521275719624077e-01 9.354102060953947695e-02 3.058447655421610567e-01 6.116895310843221134e-01
5.711422845691380701e-01 -5.245064134419269442e-01 5.668833979373168880e-02 2.380931326051461128e-01 4.761862652102922255e-01
5.911823647294589534e-01 -7.125742113296464897e-01 2.712129533642351417e-02 1.646854436081814643e-01 3.293708872163629287e-01
6.112224448897789486e-01 -9.511781204177451876e-01 9.654078645224205626e-03 9.825517108643293251e-02 1.965103421728658650e-01
6.312625250500998320e-01 -1.194929257897086039e+00 2.261165077978480320e-03 4.755170951688782871e-02 9.510341903377565742e-02
6.513026052104207153e-01 -1.381116688995829955e+00 2.899484382026471787e-04 1.702787239212953316e-02 3.405574478425906632e-02
6.713426853707415987e-01 -1.442937020765601819e+00 1.124377402153376408e-04 1.060366635722463820e-02 2.120733271444927640e-02
6.913827655310615938e-01 -1.324869426117593285e+00 1.516536591048449410e-04 1.231477401761173034e-02 2.462954803522346067e-02
7.114228456913824772e-01 -9.967244216109432120e-01 1.283396663924196452e-04 1.132870982912086329e-02 2.265741965824172657e-02
7.314629258517033605e-01 -4.632740495620966126e-01 1.217171332348813392e-04 1.103254880953994863e-02 2.206509761907989725e-02
7.515030060120242439e-01 2.327018466385312179e-01 1.551888424517785636e-04 1.245748138476548451e-02 2.491496276953096903e-02
7.715430861723442391e-01 1.014881082063683992e+00 1.886394660578368486e-04 1.373460833288801287e-02 2.746921666577602575e-02
7.915831663326651224e-01 1.784937285989586453e+00 2.055554724290810777e-04 1.433720587942717214e-02 2.867441175885434429e-02
8.116232464929860058e-01 2.439345660890660294e+00 2.199914517722265637e-04 1.483210881069265026e-02 2.966421762138530052e-02
8.316633266533060009e-01 2.888441061153418588e+00 2.242589451561274015e-04 1.497527779896344440e-02 2.995055559792688879e-02
8.517034068136268843e-01 3.073906180640619823e+00 1.895289147818253819e-04 1.376695009004628295e-02 2.753390018009256590e-02
8.717434869739477676e-01 2.980779575133449377e+00 1.259271657115012047e-04 1.122172739427853075e-02 2.244345478855706150e-02
8.917835671342686510e-01 2.640948923672201243e+00 9.564737465893176870e-05 9.779947579559501725e-03 1.955989515911900345e-02
9.118236472945886462e-01 2.126921033750193590e+00 1.552613900225964028e-04 1.246039285185649402e-02 2.492078570371298804e-02
9.318637274549095295e-01 1.537051781115888582e+00 3.104534818547448295e-04 1.761969017476597982e-02 3.523938034953195964e-02
9.519038076152304129e-01 9.756818670241690361e-01 5.661789616687900369e-04 2.379451536948777590e-02 4.758903073897555180e-02
9.719438877755512962e-01 5.329971025896709236e-01 1.343257150572674599e-03 3.665047271963452896e-02 7.330094543926905792e-02
9.919839679358712914e-01 2.694083773350477440e-01 4.856817624765325664e-03 6.969087188983451309e-02 1.393817437796690262e-01
1.012024048096192175e+00 2.078106935504062669e-01 1.756386309568806758e-02 1.325287255491731653e-01 2.650574510983463306e-01
1.032064128256513058e+00 3.347330776217558590e-01 5.206431067699770349e-02 2.281760519357754757e-01 4.563521038715509515e-01
1.052104208416833053e+00 6.089451816453934629e-01 1.255602007634731565e-01 3.543447484632348266e-01 7.086894969264696531e-01
1.072144288577153937e+00 9.743353118914386268e-01 2.534791135017399610e-01 5.034670927694678833e-01 1.006934185538935767e+00
1.092184368737474820e+00 1.373288672748477879e+00 4.408235984613553815e-01 6.639454785306964091e-01 1.327890957061392818e+00
1.112224448897795703e+00 1.757380592919261186e+00 6.766821623949439424e-01 8.226069306752429311e-01 1.645213861350485862e+00
1.132264529058115698e+00 2.093565597246855869e+00 9.360055276079217723e-01 9.674737865223644873e-01 1.934947573044728975e+00
1.152304609218436582e+00 2.365611111310292891e+00 1.188029685220289622e+00 1.089967745036654501e+00 2.179935490073309001e+00
1.172344689378757465e+00 2.571774419807706380e+00 1.406567162518798986e+00 1.185987842483555488e+00 2.371975684967110976e+00
1.192384769539078349e+00 2.720362032141717901e+00 1.576910805728148013e+00 1.255751092266356839e+00 2.511502184532713677e+00
1.212424849699398344e+00 2.824823169866426120e+00 1.696985441388827232e+00 1.302683937641371026e+00 2.605367875282742052e+00
1.232464929859719227e+00 2.899599110219356124e+00 1.773905081399110850e+00 1.331880280430306041e+00 2.663760560860612081e+00
1.252505010020040110e+00 2.957343820988156402e+00 1.818867788726847179e+00 1.348654065625001897e+00 2.697308131250003793e+00
1.272545090180360106e+00 3.007581216165102767e+00 1.842932303737685462e+00 1.357546427838726144e+00 2.715092855677452288e+00
1.292585170340680989e+00 3.056504194069062486e+00 1.854758941045415277e+00 1.361895348786174242e+00 2.723790697572348485e+00
1.312625250501001872e+00 3.107477428269497466e+00 1.860109128896758390e+00 1.363858177706450014e+00 2.727716355412900029e+00
1.332665330661322756e+00 3.161831732717783172e+00 1.862341737041510736e+00 1.364676422102144571e+00 2.729352844204289141e+00
1.352705410821642751e+00 3.219654767927151884e+00 1.863202688085694003e+00 1.364991827113149370e+00 2.729983654226298739e+00
1.372745490981963634e+00 3.280419767137066955e+00 1.863509978691930469e+00 1.365104383808040778e+00 2.730208767616081555e+00
1.392785571142284518e+00 3.343405544758833337e+00 1.863611631605531116e+00 1.365141615952546905e+00 2.730283231905093810e+00
1.412825651302604513e+00 3.407930038557701824e+00 1.863642835656080576e+00 1.365153044774131130e+00 2.730306089548262261e+00
1.432865731462925396e+00 3.473448928138002323e+00 1.863651733416157086e+00 1.365156303657627745e+00 2.730312607315255491e+00
1.452905811623246279e+00 3.539572932037776010e+00 1.863654092444619437e+00 1.365157167671407601e+00 2.730314335342815202e+00
1.472945891783567163e+00 3.606045810176765176e+00 1.863654674449191084e+00 1.365157380835334777e+00 2.730314761670669554e+00
1.492985971943887158e+00 3.672710070263820903e+00 1.863654808163641707e+00 1.365157429809339407e+00 2.730314859618678813e+00
1.513026052104208041e+00 3.739474531136225632e+00 1.863654836790413771e+00 1.365157440294127333e+00 2.730314880588254667e+00
1.533066132264528925e+00 3.806289178202617585e+00 1.863654842504695264e+00 1.365157442387029407e+00 2.730314884774058815e+00
1.553106212424849808e+00 3.873127914224223201e+00 1.863654843568771868e+00 1.365157442776756103e+00 2.730314885553512205e+00
1.573146292585169803e+00 3.939977746809418591e+00 1.863654843753702606e+00 1.365157442844488367e+00 2.730314885688976734e+00
1.593186372745490686e+00 4.006832490667430413e+00 1.863654843783711934e+00 1.365157442855479575e+00 2.730314885710959150e+00
1.613226452905811570e+00 4.073689324995956262e+00 1.863654843788260518e+00 1.365157442857145575e+00 2.730314885714291151e+00
1.633266533066131565e+00 4.140547015730483338e+00 1.863654843788904669e+00 1.365157442857381387e+00 2.730314885714762774e+00
1.653306613226452448e+00 4.207405044365544633e+00 1.863654843788990156e+00 1.365157442857412695e+00 2.730314885714825390e+00
1.673346693386773332e+00 4.274263201475092089e+00 1.863654843789000592e+00 1.365157442857416470e+00 2.730314885714832940e+00
1.693386773547094215e+00 4.341121405679636780e+00 1.863654843789001703e+00 1.365157442857416914e+00 2.730314885714833828e+00
1.713426853707414210e+00 4.407979626535372120e+00 1.863654843789001925e+00 1.365157442857417136e+00 2.730314885714834272e+00
1.733466933867735094e+00 4.474837853071636395e+00 1.863654843789001925e+00 1.365157442857417136e+00 2.730314885714834272e+00
1.753507014028055977e+00 4.541696081478344027e+00 1.863654843789001925e+00 1.365157442857417136e+00 2.730314885714834272e+00
1.773547094188376860e+00 4.608554310479666682e+00 1.863654843789001925e+00 1.365157442857417136e+00 2.730314885714834272e+00
1.793587174348696855e+00 4.675412539663536649e+00 1.863654843789001925e+00 1.365157442857417136e+00 2.730314885714834272e+00
1.813627254509017739e+00 4.742270768901540201e+00 1.863654843789001925e+00 1.365157442857417136e+00 2.730314885714834272e+00
1.833667334669338622e+00 4.809128998155053125e+00 1.863654843789001925e+00 1.365157442857417136e+00 2.730314885714834272e+00
1.853707414829658617e+00 4.875987227412856839e+00 1.863654843789001925e+00 1.365157442857417136e+00 2.730314885714834272e+00
1.873747494989979501e+00 4.942845456671811633e+00 1.863654843789001925e+00 1.365157442857417136e+00 2.730314885714834272e+00
1.893787575150300384e+00 5.009703685931063966e+00 1.863654843789001925e+00 1.365157442857417136e+00 2.730314885714834272e+00
1.913827655310621267e+00 5.076561915190390906e+00 1.863654843789001925e+00 1.365157442857417136e+00 2.730314885714834272e+00
1.933867735470941263e+00 5.143420144449732057e+00 1.863654843789001925e+00 1.365157442857417136e+00 2.730314885714834272e+00
1.953907815631262146e+00 5.210278373709080313e+00 1.863654843789001925e+00 1.365157442857417136e+00 2.730314885714834272e+00
1.973947895791583029e+00 5.277136602968430346e+00 1.863654843789001925e+00 1.365157442857417136e+00 2.730314885714834272e+00
1.993987975951903913e+00 5.343994832227780378e+00 1.863654843789001925e+00 1.365157442857417136e+00 2.730314885714834272e+00
2.014028056112223908e+00 5.410853061487126858e+00 1.863654843789001925e+00 1.365157442857417136e+00 2.730314885714834272e+00
2.034068136272544791e+00 5.477711290746477779e+00 1.863654843789001925e+00 1.365157442857417136e+00 2.730314885714834272e+00
2.054108216432865675e+00 5.544569520005826924e+00 1.863654843789001925e+00 1.365157442857417136e+00 2.730314885714834272e+00
2.074148296593185670e+00 5.611427749265173404e+00 1.863654843789001925e+00 1.365157442857417136e+00 2.730314885714834272e+00
2.094188376753506553e+00 5.678285978524524324e+00 1.863654843789001925e+00 1.365157442857417136e+00 2.730314885714834272e+00
2.114228456913827436e+00 5.745144207783873469e+00 1.863654843789001925e+00 1.365157442857417136e+00 2.730314885714834272e+00
2.134268537074148320e+00 5.812002437043223502e+00 1.863654843789001925e+00 1.365157442857417136e+00 2.730314885714834272e+00
2.154308617234468315e+00 5.878860666302570870e+00 1.863654843789001925e+00 1.365157442857417136e+00 2.730314885714834272e+00
2.174348697394789198e+00 5.945718895561920903e+00 1.863654843789001925e+00 1.365157442857417136e+00 2.730314885714834272e+00
2.194388777555110082e+00 6.012577124821270047e+00 1.863654843789001925e+00 1.365157442857417136e+00 2.730314885714834272e+00
2.214428857715430965e+00 6.079435354080620968e+00 1.863654843789001925e+00 1.365157442857417136e+00 2.730314885714834272e+00
2.234468937875750960e+00 6.146293583339967448e+00 1.863654843789001925e+00 1.365157442857417136e+00 2.730314885714834272e+00
2.254509018036071843e+00 6.213151812599316592e+00 1.863654843789001925e+00 1.365157442857417136e+00 2.730314885714834272e+00
2.274549098196392727e+00 6.280010041858667513e+00 1.863654843789001925e+00 1.365157442857417136e+00 2.730314885714834272e+00
2.294589178356712722e+00 6.346868271118013993e+00 1.863654843789001925e+00 1.365157442857417136e+00 2.730314885714834272e+00
2.314629258517033605e+00 6.413726500377363138e+00 1.863654843789001925e+00 1.365157442857417136e+00 2.730314885714834272e+00
2.334669338677354489e+00 6.480584729636714059e+00 1.863654843789001925e+00 1.365157442857417136e+00 2.730314885714834272e+00
2.354709418837675372e+00 6.547442958896063203e+00 1.863654843789001925e+00 1.365157442857417136e+00 2.730314885714834272e+00
2.374749498997995367e+00 6.614301188155410571e+00 1.863654843789001925e+00 1.365157442857417136e+00 2.730314885714834272e+00
2.394789579158316251e+00 6.681159417414760604e+00 1.863654843789001925e+00 1.365157442857417136e+00 2.730314885714834272e+00
2.414829659318637134e+00 6.748017646674110637e+00 1.863654843789001925e+00 1.365157442857417136e+00 2.730314885714834272e+00
2.434869739478958017e+00 6.814875875933459781e+00 1.863654843789001925e+00 1.365157442857417136e+00 2.730314885714834272e+00
2.454909819639278012e+00 6.881734105192807149e+00 1.863654843789001925e+00 1.365157442857417136e+00 2.730314885714834272e+00
2.474949899799598896e+00 6.948592334452157182e+00 1.863654843789001925e+00 1.365157442857417136e+00 2.730314885714834272e+00
2.494989979959919779e+00 7.015450563711505438e+00 1.863654843789001925e+00 1.365157442857417136e+00 2.730314885714834272e+00
2.515030060120239774e+00 7.082308792970853695e+00 1.863654843789001925e+00 1.365157442857417136e+00 2.730314885714834272e+00
2.535070140280560658e+00 7.149167022230202839e+00 1.863654843789001925e+00 1.365157442857417136e+00 2.730314885714834272e+00
2.555110220440881541e+00 7.216025251489552872e+00 1.863654843789001925e+00 1.365157442857417136e+00 2.730314885714834272e+00
2.575150300601202424e+00 7.282883480748902905e+00 1.863654843789001925e+00 1.365157442857417136e+00 2.730314885714834272e+00
2.595190380761522420e+00 7.349741710008249385e+00 1.863654843789001925e+00 1.365157442857417136e+00 2.730314885714834272e+00
2.615230460921843303e+00 7.416599939267599417e+00 1.863654843789001925e+00 1.365157442857417136e+00 2.730314885714834272e+00
2.635270541082164186e+00 7.483458168526949450e+00 1.863654843789001925e+00 1.365157442857417136e+00 2.730314885714834272e+00
2.655310621242485070e+00 7.550316397786299483e+00 1.863654843789001925e+00 1.365157442857417136e+00 2.730314885714834272e+00
2.675350701402805065e+00 7.617174627045645963e+00 1.863654843789001925e+00 1.365157442857417136e+00 2.730314885714834272e+00
2.695390781563125948e+00 7.684032856304996884e+00 1.863654843789001925e+00 1.365157442857417136e+00 2.730314885714834272e+00
2.715430861723446831e+00 7.750891085564346028e+00 1.863654843789001925e+00 1.365157442857417136e+00 2.730314885714834272e+00
2.735470941883766827e+00 7.817749314823692508e+00 1.863654843789001925e+00 1.365157442857417136e+00 2.730314885714834272e+00
2.755511022044087710e+00 7.884607544083043429e+00 1.863654843789001925e+00 1.365157442857417136e+00 2.730314885714834272e+00
2.775551102204408593e+00 7.951465773342392573e+00 1.863654843789001925e+00 1.365157442857417136e+00 2.730314885714834272e+00
2.795591182364729477e+00 8.018324002601742606e+00 1.863654843789001925e+00 1.365157442857417136e+00 2.730314885714834272e+00
2.815631262525049472e+00 8.085182231861089974e+00 1.863654843789001925e+00 1.365157442857417136e+00 2.730314885714834272e+00
2.835671342685370355e+00 8.152040461120439119e+00 1.863654843789001925e+00 1.365157442857417136e+00 2.730314885714834272e+00
2.855711422845691239e+00 8.218898690379790040e+00 1.863654843789001925e+00 1.365157442857417136e+00 2.730314885714834272e+00
2.875751503006012122e+00 8.285756919639140960e+00 1.863654843789001925e+00 1.365157442857417136e+00 2.730314885714834272e+00
2.895791583166332117e+00 8.352615148898488329e+00 1.863654843789001925e+00 1.365157442857417136e+00 2.730314885714834272e+00
2.915831663326653000e+00 8.419473378157837473e+00 1.863654843789001925e+00 1.365157442857417136e+00 2.730314885714834272e+00
2.935871743486973884e+00 8.486331607417186618e+00 1.863654843789001925e+00 1.365157442857417136e+00 2.730314885714834272e+00
2.955911823647293879e+00 8.553189836676533986e+00 1.863654843789001925e+00 1.365157442857417136e+00 2.730314885714834272e+00
2.975951903807614762e+00 8.620048065935883130e+00 1.863654843789001925e+00 1.365157442857417136e+00 2.730314885714834272e+00
2.995991983967935646e+00 8.686906295195234051e+00 1.863654843789001925e+00 1.365157442857417136e+00 2.730314885714834272e+00
3.016032064128255641e+00 8.753764524454581419e+00 1.863654843789001925e+00 1.365157442857417136e+00 2.730314885714834272e+00
3.036072144288576524e+00 8.820622753713930564e+00 1.863654843789001925e+00 1.365157442857417136e+00 2.730314885714834272e+00
3.056112224448897408e+00 8.887480982973279708e+00 1.863654843789001925e+00 1.365157442857417136e+00 2.730314885714834272e+00
3.076152304609218291e+00 8.954339212232630629e+00 1.863654843789001925e+00 1.365157442857417136e+00 2.730314885714834272e+00
3.096192384769539174e+00 9.021197441491979774e+00 1.863654843789001925e+00 1.365157442857417136e+00 2.730314885714834272e+00
3.116232464929860058e+00 9.088055670751330695e+00 1.863654843789001925e+00 1.365157442857417136e+00 2.730314885714834272e+00
3.136272545090179165e+00 9.154913900010674510e+00 1.863654843789001925e+00 1.365157442857417136e+00 2.730314885714834272e+00
3.156312625250500048e+00 9.221772129270023655e+00 1.863654843789001925e+00 1.365157442857417136e+00 2.730314885714834272e+00
3.176352705410820931e+00 9.288630358529374575e+00 1.863654843789001925e+00 1.365157442857417136e+00 2.730314885714834272e+00
3.196392785571141815e+00 9.355488587788723720e+00 1.863654843789001925e+00 1.365157442857417136e+00 2.730314885714834272e+00
3.216432865731462698e+00 9.422346817048072865e+00 1.863654843789001925e+00 1.365157442857417136e+00 2.730314885714834272e+00
3.236472945891783581e+00 9.489205046307423785e+00 1.863654843789001925e+00 1.365157442857417136e+00 2.730314885714834272e+00
3.256513026052104465e+00 9.556063275566774706e+00 1.863654843789001925e+00 1.365157442857417136e+00 2.730314885714834272e+00
3.276553106212425348e+00 9.622921504826122074e+00 1.863654843789001925e+00 1.365157442857417136e+00 2.730314885714834272e+00
3.296593186372744455e+00 9.689779734085467666e+00 1.863654843789001925e+00 1.365157442857417136e+00 2.730314885714834272e+00
3.316633266533065338e+00 9.756637963344818587e+00 1.863654843789001925e+00 1.365157442857417136e+00 2.730314885714834272e+00
3.336673346693386222e+00 9.823496192604165955e+00 1.863654843789001925e+00 1.365157442857417136e+00 2.730314885714834272e+00
3.356713426853707105e+00 9.890354421863516876e+00 1.863654843789001925e+00 1.365157442857417136e+00 2.730314885714834272e+00
3.376753507014027988e+00 9.957212651122867797e+00 1.863654843789001925e+00 1.365157442857417136e+00 2.730314885714834272e+00
3.396793587174348872e+00 1.002407088038221694e+01 1.863654843789001925e+00 1.365157442857417136e+00 2.730314885714834272e+00
3.416833667334669755e+00 1.009092910964156609e+01 1.863654843789001925e+00 1.365157442857417136e+00 2.730314885714834272e+00
3.436873747494988862e+00 1.015778733890091168e+01 1.863654843789001925e+00 1.365157442857417136e+00 2.730314885714834272e+00
3.456913827655309746e+00 1.022464556816026082e+01 1.863654843789001925e+00 1.365157442857417136e+00 2.730314885714834272e+00
3.476953907815630629e+00 1.029150379741960997e+01 1.863654843789001925e+00 1.365157442857417136e+00 2.730314885714834272e+00
3.496993987975951512e+00 1.035836202667896089e+01 1.863654843789001925e+00 1.365157442857417136e+00 2.730314885714834272e+00
3.517034068136272396e+00 1.042522025593831003e+01 1.863654843789001925e+00 1.365157442857417136e+00 2.730314885714834272e+00
3.537074148296593279e+00 1.049207848519766095e+01 1.863654843789001925e+00 1.365157442857417136e+00 2.730314885714834272e+00
3.557114228456914162e+00 1.055893671445701010e+01 1.863654843789001925e+00 1.365157442857417136e+00 2.730314885714834272e+00
3.577154308617233269e+00 1.062579494371635391e+01 1.863654843789001925e+00 1.365157442857417136e+00 2.730314885714834272e+00
3.597194388777554153e+00 1.069265317297570306e+01 1.863654843789001925e+00 1.365157442857417136e+00 2.730314885714834272e+00
3.617234468937875036e+00 1.075951140223505398e+01 1.863654843789001925e+00 1.365157442857417136e+00 2.730314885714834272e+00
3.637274549098195919e+00 1.082636963149440312e+01 1.863654843789001925e+00 1.365157442857417136e+00 2.730314885714834272e+00
3.657314629258516803e+00 1.089322786075375404e+01 1.863654843789001925e+00 1.365157442857417136e+00 2.730314885714834272e+00
3.677354709418837686e+00 1.096008609001310496e+01 1.863654843789001925e+00 1.365157442857417136e+00 2.730314885714834272e+00
3.697394789579158569e+00 1.102694431927245233e+01 1.863654843789001925e+00 1.365157442857417136e+00 2.730314885714834272e+00
3.717434869739479453e+00 1.109380254853180325e+01 1.863654843789001925e+00 1.365157442857417136e+00 2.730314885714834272e+00
3.737474949899798560e+00 1.116066077779114707e+01 1.863654843789001925e+00 1.365157442857417136e+00 2.730314885714834272e+00
3.757515030060119443e+00 1.122751900705049621e+01 1.863654843789001925e+00 1.365157442857417136e+00 2.730314885714834272e+00
3.777555110220440326e+00 1.129437723630984713e+01 1.863654843789001925e+00 1.365157442857417136e+00 2.730314885714834272e+00
3.797595190380761210e+00 1.136123546556919806e+01 1.863654843789001925e+00 1.365157442857417136e+00 2.730314885714834272e+00
3.817635270541082093e+00 1.142809369482854542e+01 1.863654843789001925e+00 1.365157442857417136e+00 2.730314885714834272e+00
3.837675350701402976e+00 1.149495192408789634e+01 1.863654843789001925e+00 1.365157442857417136e+00 2.730314885714834272e+00
3.857715430861723860e+00 1.156181015334724727e+01 1.863654843789001925e+00 1.365157442857417136e+00 2.730314885714834272e+00
3.877755511022042967e+00 1.162866838260658930e+01 1.863654843789001925e+00 1.365157442857417136e+00 2.730314885714834272e+00
3.897795591182363850e+00 1.169552661186594023e+01 1.863654843789001925e+00 1.365157442857417136e+00 2.730314885714834272e+00
3.917835671342684734e+00 1.176238484112529115e+01 1.863654843789001925e+00 1.365157442857417136e+00 2.730314885714834272e+00
3.937875751503005617e+00 1.182924307038464029e+01 1.863654843789001925e+00 1.365157442857417136e+00 2.730314885714834272e+00
3.957915831663326500e+00 1.189610129964398944e+01 1.863654843789001925e+00 1.365157442857417136e+00 2.730314885714834272e+00
3.977955911823647384e+00 1.196295952890334036e+01 1.863654843789001925e+00 1.365157442857417136e+00 2.730314885714834272e+00
3.997995991983968267e+00 1.202981775816268950e+01 1.863654843789001925e+00 1.365157442857417136e+00 2.730314885714834272e+00
4.018036072144287374e+00 1.209667598742203332e+01 1.863654843789001925e+00 1.365157442857417136e+00 2.730314885714834272e+00
4.038076152304608257e+00 1.216353421668138424e+01 1.863654843789001925e+00 1.365157442857417136e+00 2.730314885714834272e+00
4.058116232464929141e+00 1.223039244594073338e+01 1.863654843789001925e+00 1.365157442857417136e+00 2.730314885714834272e+00
4.078156312625250024e+00 1.229725067520008430e+01 1.863654843789001925e+00 1.365157442857417136e+00 2.730314885714834272e+00
4.098196392785570907e+00 1.236410890445943345e+01 1.863654843789001925e+00 1.365157442857417136e+00 2.730314885714834272e+00
4.118236472945891791e+00 1.243096713371878259e+01 1.863654843789001925e+00 1.365157442857417136e+00 2.730314885714834272e+00
4.138276553106212674e+00 1.249782536297813351e+01 1.863654843789001925e+00 1.365157442857417136e+00 2.730314885714834272e+00
4.158316633266533557e+00 1.256468359223748443e+01 1.863654843789001925e+00 1.365157442857417136e+00 2.730314885714834272e+00
4.178356713426852664e+00 1.263154182149682647e+01 1.863654843789001925e+00 1.365157442857417136e+00 2.730314885714834272e+00
4.198396793587173548e+00 1.269840005075617739e+01 1.863654843789001925e+00 1.365157442857417136e+00 2.730314885714834272e+00
4.218436873747494431e+00 1.276525828001552654e+01 1.863654843789001925e+00 1.365157442857417136e+00 2.730314885714834272e+00
4.238476953907815314e+00 1.283211650927487568e+01 1.863654843789001925e+00 1.365157442857417136e+00 2.730314885714834272e+00
4.258517034068136198e+00 1.289897473853422660e+01 1.863654843789001925e+00 1.365157442857417136e+00 2.730314885714834272e+00
4.278557114228457081e+00 1.296583296779357752e+01 1.863654843789001925e+00 1.365157442857417136e+00 2.730314885714834272e+00
4.298597194388777964e+00 1.303269119705292667e+01 1.863654843789001925e+00 1.365157442857417136e+00 2.730314885714834272e+00
4.318637274549097071e+00 1.309954942631227048e+01 1.863654843789001925e+00 1.365157442857417136e+00 2.730314885714834272e+00
4.338677354709417955e+00 1.316640765557162140e+01 1.863654843789001925e+00 1.365157442857417136e+00 2.730314885714834272e+00
4.358717434869738838e+00 1.323326588483096877e+01 1.863654843789001925e+00 1.365157442857417136e+00 2.730314885714834272e+00
4.378757515030059722e+00 1.330012411409031969e+01 1.863654843789001925e+00 1.365157442857417136e+00 2.730314885714834272e+00
4.398797595190380605e+00 1.336698234334967061e+01 1.863654843789001925e+00 1.365157442857417136e+00 2.730314885714834272e+00
4.418837675350701488e+00 1.343384057260901976e+01 1.863654843789001925e+00 1.365157442857417136e+00 2.730314885714834272e+00
4.438877755511022372e+00 1.350069880186836890e+01 1.863654843789001925e+00 1.365157442857417136e+00 2.730314885714834272e+00
4.458917835671341479e+00 1.356755703112771450e+01 1.863654843789001925e+00 1.365157442857417136e+00 2.730314885714834272e+00
4.478957915831662362e+00 1.363441526038706364e+01 1.863654843789001925e+00 1.365157442857417136e+00 2.730314885714834272e+00
4.498997995991983245e+00 1.370127348964641278e+01 1.863654843789001925e+00 1.365157442857417136e+00 2.730314885714834272e+00
4.519038076152304129e+00 1.376813171890576371e+01 1.863654843789001925e+00 1.365157442857417136e+00 2.730314885714834272e+00
4.539078156312625012e+00 1.383498994816511285e+01 1.863654843789001925e+00 1.365157442857417136e+00 2.730314885714834272e+00
4.559118236472945895e+00 1.390184817742446377e+01 1.863654843789001925e+00 1.365157442857417136e+00 2.730314885714834272e+00
4.579158316633266779e+00 1.396870640668381292e+01 1.863654843789001925e+00 1.365157442857417136e+00 2.730314885714834272e+00
4.599198396793587662e+00 1.403556463594316206e+01 1.863654843789001925e+00 1.365157442857417136e+00 2.730314885714834272e+00
4.619238476953906769e+00 1.410242286520250765e+01 1.863654843789001925e+00 1.365157442857417136e+00 2.730314885714834272e+00
4.639278557114227652e+00 1.416928109446185680e+01 1.863654843789001925e+00 1.365157442857417136e+00 2.730314885714834272e+00
4.659318637274548536e+00 1.423613932372120594e+01 1.863654843789001925e+00 1.365157442857417136e+00 2.730314885714834272e+00
4.679358717434869419e+00 1.430299755298055686e+01 1.863654843789001925e+00 1.365157442857417136e+00 2.730314885714834272e+00
4.699398797595190302e+00 1.436985578223990778e+01 1.863654843789001925e+00 1.365157442857417136e+00 2.730314885714834272e+00
4.719438877755511186e+00 1.443671401149925515e+01 1.863654843789001925e+00 1.365157442857417136e+00 2.730314885714834272e+00
4.739478957915832069e+00 1.450357224075860607e+01 1.863654843789001925e+00 1.365157442857417136e+00 2.730314885714834272e+00
4.759519038076151176e+00 1.457043047001794989e+01 1.863654843789001925e+00 1.365157442857417136e+00 2.730314885714834272e+00
4.779559118236472059e+00 1.463728869927729903e+01 1.863654843789001925e+00 1.365157442857417136e+00 2.730314885714834272e+00
4.799599198396792943e+00 1.470414692853664995e+01 1.863654843789001925e+00 1.365157442857417136e+00 2.730314885714834272e+00
4.819639278557113826e+00 1.477100515779600087e+01 1.863654843789001925e+00 1.365157442857417136e+00 2.730314885714834272e+00
4.839679358717434710e+00 1.483786338705535002e+01 1.863654843789001925e+00 1.365157442857417136e+00 2.730314885714834272e+00
4.859719438877755593e+00 1.490472161631469916e+01 1.863654843789001925e+00 1.365157442857417136e+00 2.730314885714834272e+00
4.879759519038076476e+00 1.497157984557405008e+01 1.863654843789001925e+00 1.365157442857417136e+00 2.730314885714834272e+00
4.899799599198395583e+00 1.503843807483339212e+01 1.863654843789001925e+00 1.365157442857417136e+00 2.730314885714834272e+00
4.919839679358716467e+00 1.510529630409274304e+01 1.863654843789001925e+00 1.365157442857417136e+00 2.730314885714834272e+00
4.939879759519037350e+00 1.517215453335209396e+01 1.863654843789001925e+00 1.365157442857417136e+00 2.730314885714834272e+00
4.959919839679358233e+00 1.523901276261144311e+01 1.863654843789001925e+00 1.365157442857417136e+00 2.730314885714834272e+00
4.979959919839679117e+00 1.530587099187079225e+01 1.863654843789001925e+00 1.365157442857417136e+00 2.730314885714834272e+00
5.000000000000000000e+00 1.537272922113014317e+01 1.863654843789001925e+00 1.365157442857417136e+00 2.730314885714834272e+00
