# X mu var std 2std
-5.000000000000000000e+00 -5.027577271413098181e+00 4.308142529415052158e-01 6.563644208376206990e-01 1.312728841675241398e+00
-4.979959919839679117e+00 -5.007746651003763816e+00 4.308137746338793206e-01 6.563640564761901164e-01 1.312728112952380233e+00
-4.959919839679359121e+00 -4.987928196822300819e+00 4.308132386202367936e-01 6.563636481556827107e-01 1.312727296311365421e+00
-4.939879759519038238e+00 -4.968122540761108041e+00 4.308126383186186570e-01 6.563631908620551902e-01 1.312726381724110380e+00
-4.919839679358717355e+00 -4.948330342702439211e+00 4.308119664442940366e-01 6.563626790458869653e-01 1.312725358091773931e+00
-4.899799599198396471e+00 -4.928552291461235413e+00 4.308112149405286528e-01 6.563621065696347845e-01 1.312724213139269569e+00
-4.879759519038076476e+00 -4.908789105741877101e+00 4.308103749032041740e-01 6.563614666502020079e-01 1.312722933300404016e+00
-4.859719438877755593e+00 -4.889041535107897296e+00 4.308094364988183100e-01 6.563607517964631377e-01 1.312721503592926275e+00
-4.839679358717434710e+00 -4.869310360963599926e+00 4.308083888753646562e-01 6.563599537413633556e-01 1.312719907482726711e+00
-4.819639278557113826e+00 -4.849596397546416249e+00 4.308072200655640449e-01 6.563590633681872788e-01 1.312718126736374558e+00
-4.799599198396793831e+00 -4.829900492928755895e+00 4.308059168818878515e-01 6.563580706305727208e-01 1.312716141261145442e+00
-4.779559118236472948e+00 -4.810223530027974093e+00 4.308044648027834489e-01 6.563569644658182600e-01 1.312713928931636520e+00
-4.759519038076152064e+00 -4.790566427623018875e+00 4.308028478494823621e-01 6.563557327010119957e-01 1.312711465402023991e+00
-4.739478957915832069e+00 -4.770930141376146238e+00 4.308010484527365902e-01 6.563543619514816685e-01 1.312708723902963337e+00
-4.719438877755511186e+00 -4.751315664858029919e+00 4.307990473087999206e-01 6.563528375110447843e-01 1.312705675022089569e+00
-4.699398797595190302e+00 -4.731724030574464557e+00 4.307968232239369200e-01 6.563511432335110696e-01 1.312702286467022139e+00
-4.679358717434869419e+00 -4.712156310992717145e+00 4.307943529467095356e-01 6.563492614048632712e-01 1.312698522809726542e+00
-4.659318637274549424e+00 -4.692613619565494609e+00 4.307916109872611532e-01 6.563471726055206679e-01 1.312694345211041336e+00
-4.639278557114228541e+00 -4.673097111750336374e+00 4.307885694227834295e-01 6.563448555620615688e-01 1.312689711124123138e+00
-4.619238476953907657e+00 -4.653607986022155529e+00 4.307851976883219636e-01 6.563422869877590937e-01 1.312684573975518187e+00
-4.599198396793587662e+00 -4.634147484876470990e+00 4.307814623520467290e-01 6.563394414112614372e-01 1.312678882822522874e+00
-4.579158316633266779e+00 -4.614716895820786036e+00 4.307773268740815453e-01 6.563362909927208388e-01 1.312672581985441678e+00
-4.559118236472945895e+00 -4.595317552351420254e+00 4.307727513479627235e-01 6.563328053266594964e-01 1.312665610653318993e+00
-4.539078156312625012e+00 -4.575950834912956289e+00 4.307676922237679284e-01 6.563289512308351226e-01 1.312657902461670245e+00
-4.519038076152305017e+00 -4.556618171837344633e+00 4.307621020119355992e-01 6.563246925203527482e-01 1.312649385040705496e+00
-4.498997995991984133e+00 -4.537321040259561400e+00 4.307559289667713953e-01 6.563199897662507221e-01 1.312639979532501444e+00
-4.478957915831663250e+00 -4.518060967006595874e+00 4.307491167486227068e-01 6.563148000377735380e-01 1.312629600075547076e+00
-4.458917835671342367e+00 -4.498839529456370556e+00 4.307416040636865562e-01 6.563090766275342380e-01 1.312618153255068476e+00
-4.438877755511022372e+00 -4.479658356363112937e+00 4.307333242804050610e-01 6.563027687587529302e-01 1.312605537517505860e+00
-4.418837675350701488e+00 -4.460519128645500153e+00 4.307242050213988538e-01 6.562958212737597385e-01 1.312591642547519477e+00
-4.398797595190380605e+00 -4.441423580133831095e+00 4.307141677298859106e-01 6.562881743029398418e-01 1.312576348605879684e+00
-4.378757515030059722e+00 -4.422373498272285985e+00 4.307031272095389052e-01 6.562797629133012567e-01 1.312559525826602513e+00
-4.358717434869739726e+00 -4.403370724772236677e+00 4.306909911367455823e-01 6.562705167358545699e-01 1.312541033471709140e+00
-4.338677354709418843e+00 -4.384417156212437661e+00 4.306776595442531885e-01 6.562603595709961546e-01 1.312520719141992309e+00
-4.318637274549097960e+00 -4.365514744581795448e+00 4.306630242752054749e-01 6.562492089711083887e-01 1.312498417942216777e+00
-4.298597194388777964e+00 -4.346665497760292318e+00 4.306469684066121517e-01 6.562369757996056041e-01 1.312473951599211208e+00
-4.278557114228457081e+00 -4.327871479933524945e+00 4.306293656413353044e-01 6.562235637656844700e-01 1.312447127531368940e+00
-4.258517034068136198e+00 -4.309134811936213616e+00 4.306100796677270748e-01 6.562088689340667136e-01 1.312417737868133427e+00
-4.238476953907815314e+00 -4.290457671519905425e+00 4.305889634861174708e-01 6.561927792090656020e-01 1.312385558418131204e+00
-4.218436873747495319e+00 -4.271842293540018431e+00 4.305658587014236094e-01 6.561751737923522398e-01 1.312350347584704480e+00
-4.198396793587174436e+00 -4.253290970057260090e+00 4.305405947812355194e-01 6.561559226138521383e-01 1.312311845227704277e+00
-4.178356713426853553e+00 -4.234806050348380424e+00 4.305129882788341633e-01 6.561348857352687913e-01 1.312269771470537583e+00
-4.158316633266533557e+00 -4.216389940821120952e+00 4.304828420207050255e-01 6.561119127257979411e-01 1.312223825451595882e+00
-4.138276553106212674e+00 -4.198045104828153740e+00 4.304499442582366275e-01 6.560868420096813702e-01 1.312173684019362740e+00
-4.118236472945891791e+00 -4.179774062374766785e+00 4.304140677834330520e-01 6.560595001853360975e-01 1.312119000370672195e+00
-4.098196392785570907e+00 -4.161579389714940902e+00 4.303749690086215995e-01 6.560297013158943313e-01 1.312059402631788663e+00
-4.078156312625250912e+00 -4.143463718830487252e+00 4.303323870103087367e-01 6.559972461911015573e-01 1.311994492382203115e+00
-4.058116232464930029e+00 -4.125429736787832979e+00 4.302860425375232278e-01 6.559619215606369291e-01 1.311923843121273858e+00
-4.038076152304609145e+00 -4.107480184967042369e+00 4.302356369851865203e-01 6.559234993390513635e-01 1.311846998678102727e+00
-4.018036072144288262e+00 -4.089617858157659214e+00 4.301808513332733841e-01 6.558817357826587369e-01 1.311763471565317474e+00
-3.997995991983968267e+00 -4.071845603515933831e+00 4.301213450527621718e-01 6.558363706388676828e-01 1.311672741277735366e+00
-3.977955911823647384e+00 -4.054166319378063044e+00 4.300567549796283640e-01 6.557871262685996960e-01 1.311574252537199392e+00
-3.957915831663326500e+00 -4.036582953924062522e+00 4.299866941584111202e-01 6.557337067426159960e-01 1.311467413485231992e+00
-3.937875751503006061e+00 -4.019098503686957535e+00 4.299107506571717141e-01 6.556757969127514629e-01 1.311351593825502926e+00
-3.917835671342685622e+00 -4.001716011902064274e+00 4.298284863559735380e-01 6.556130614592524664e-01 1.311226122918504933e+00
-3.897795591182364738e+00 -3.984438566691167694e+00 4.297394357113389907e-01 6.555451439156109172e-01 1.311090287831221834e+00
-3.877755511022043855e+00 -3.967269299076566114e+00 4.296431044994859505e-01 6.554716656725032564e-01 1.310943331345006513e+00
-3.857715430861723416e+00 -3.950211380820005669e+00 4.295389685415030301e-01 6.553922249626578100e-01 1.310784449925315620e+00
-3.837675350701402976e+00 -3.933268022081715110e+00 4.294264724140062217e-01 6.553063958287040913e-01 1.310612791657408183e+00
-3.817635270541082093e+00 -3.916442468894882012e+00 4.293050281492070686e-01 6.552137270762931065e-01 1.310427454152586213e+00
-3.797595190380761654e+00 -3.899738000451093978e+00 4.291740139287335554e-01 6.551137412150149775e-01 1.310227482430029955e+00
-3.777555110220441215e+00 -3.883157926192459364e+00 4.290327727759624676e-01 6.550059333898911040e-01 1.310011866779782208e+00
-3.757515030060120331e+00 -3.866705582706351674e+00 4.288806112520567870e-01 6.548897703064667786e-01 1.309779540612933557e+00
-3.737474949899799448e+00 -3.850384330418948675e+00 4.287167981613392853e-01 6.547646891527820756e-01 1.309529378305564151e+00
-3.717434869739479009e+00 -3.834197550083994877e+00 4.285405632720883373e-01 6.546300965217596302e-01 1.309260193043519260e+00
-3.697394789579158569e+00 -3.818148639063508654e+00 4.283510960592934458e-01 6.544853673377988290e-01 1.308970734675597658e+00
-3.677354709418837686e+00 -3.802241007397455075e+00 4.281475444763699345e-01 6.543298437916231780e-01 1.308659687583246356e+00
-3.657314629258516803e+00 -3.786478073659727439e+00 4.279290137632924540e-01 6.541628342876814051e-01 1.308325668575362810e+00
-3.637274549098196363e+00 -3.770863260598132705e+00 4.276945652990637448e-01 6.539836124086472191e-01 1.307967224817294438e+00
-3.617234468937875924e+00 -3.755399990556449463e+00 4.274432155068907946e-01 6.537914159018078930e-01 1.307582831803615786e+00
-3.597194388777555041e+00 -3.740091680677026353e+00 4.271739348208845044e-01 6.535854456923627653e-01 1.307170891384725531e+00
-3.577154308617234602e+00 -3.724941737882794701e+00 4.268856467235337959e-01 6.533648649288801291e-01 1.306729729857760258e+00
-3.557114228456914162e+00 -3.709953553638021262e+00 4.265772268636203179e-01 6.531287980663693649e-01 1.306257596132738730e+00
-3.537074148296593279e+00 -3.695130498487587012e+00 4.262475022646426970e-01 6.528763299926279018e-01 1.305752659985255804e+00
-3.517034068136272396e+00 -3.680475916375064216e+00 4.258952506341890931e-01 6.526065052037016700e-01 1.305213010407403340e+00
-3.496993987975951956e+00 -3.665993118740370260e+00 4.255191997850463204e-01 6.523183270344673490e-01 1.304636654068934698e+00
-3.476953907815631517e+00 -3.651685378398309645e+00 4.251180271791463183e-01 6.520107569504864919e-01 1.304021513900972984e+00
-3.456913827655310634e+00 -3.637555923199867536e+00 4.246903596057272079e-01 6.516827139074100605e-01 1.303365427814820121e+00
-3.436873747494989750e+00 -3.623607929478687595e+00 4.242347730053185884e-01 6.513330737843109342e-01 1.302666147568621868e+00
-3.416833667334669311e+00 -3.609844515285765443e+00 4.237497924513493053e-01 6.509606688973991195e-01 1.301921337794798239e+00
-3.396793587174348872e+00 -3.596268733415986851e+00 4.232338923013088117e-01 6.505642876006251241e-01 1.301128575201250248e+00
-3.376753507014027988e+00 -3.582883564230794349e+00 4.226854965294689070e-01 6.501426739796957177e-01 1.300285347959391435e+00
-3.356713426853707549e+00 -3.569691908281886317e+00 4.221029792531897917e-01 6.496945276460236451e-01 1.299389055292047290e+00
-3.336673346693387110e+00 -3.556696578741544101e+00 4.214846654647778079e-01 6.492185036370865525e-01 1.298437007274173105e+00
-3.316633266533066227e+00 -3.543900293645836364e+00 4.208288319807388378e-01 6.487132124296057789e-01 1.297426424859211558e+00
-3.296593186372745343e+00 -3.531305667957674199e+00 4.201337086200679916e-01 6.481772200718473043e-01 1.296354440143694609e+00
-3.276553106212424904e+00 -3.518915205457366024e+00 4.193974796229297253e-01 6.476090484412101445e-01 1.295218096882420289e+00
-3.256513026052104465e+00 -3.506731290469074391e+00 4.186182853207137677e-01 6.470071756330942891e-01 1.294014351266188578e+00
-3.236472945891783581e+00 -3.494756179432270571e+00 4.177942240679892172e-01 6.463700364868325554e-01 1.292740072973665111e+00
-3.216432865731462698e+00 -3.482991992328058561e+00 4.169233544463232244e-01 6.456960232542269251e-01 1.291392046508453850e+00
-3.196392785571142259e+00 -3.471440703970948949e+00 4.160036977492770349e-01 6.449834864159523784e-01 1.289966972831904757e+00
-3.176352705410821819e+00 -3.460104135177437534e+00 4.150332407571394877e-01 6.442307356507755989e-01 1.288461471301551198e+00
-3.156312625250500936e+00 -3.448983943823489273e+00 4.140099388090976440e-01 6.434360409621904253e-01 1.286872081924380851e+00
-3.136272545090180497e+00 -3.438081615803773694e+00 4.129317191795852104e-01 6.425976339666877868e-01 1.285195267933375574e+00
-3.116232464929860058e+00 -3.427398455906266683e+00 4.117964847644783877e-01 6.417137093474615250e-01 1.283427418694923050e+00
-3.096192384769539174e+00 -3.416935578616568492e+00 4.106021180816342708e-01 6.407824264769081957e-01 1.281564852953816391e+00
-3.076152304609218291e+00 -3.406693898867040549e+00 4.093464855889841769e-01 6.398019112107935502e-01 1.279603822421587100e+00
-3.056112224448897852e+00 -3.396674122746602187e+00 4.080274423220062729e-01 6.387702578564583566e-01 1.277540515712916713e+00
-3.036072144288577412e+00 -3.386876738187745151e+00 4.066428368509096281e-01 6.376855313168942052e-01 1.275371062633788410e+00
-3.016032064128256529e+00 -3.377302005648056937e+00 4.051905165562679212e-01 6.365457694119629473e-01 1.273091538823925895e+00
-2.995991983967936090e+00 -3.367949948804218607e+00 4.036683332201503882e-01 6.353489853774462182e-01 1.270697970754892436e+00
-2.975951903807615206e+00 -3.358820345277151453e+00 4.020741489280089676e-01 6.340931705420024267e-01 1.268186341084004853e+00
-2.955911823647294767e+00 -3.349912717407629525e+00 4.004058422747145407e-01 6.327762971814877568e-01 1.265552594362975514e+00
-2.935871743486973884e+00 -3.341226323102326479e+00 3.986613148661727335e-01 6.313963215494470260e-01 1.262792643098894052e+00
-2.915831663326653445e+00 -3.332760146770871845e+00 3.968384981059283612e-01 6.299511870819265447e-01 1.259902374163853089e+00
-2.895791583166332561e+00 -3.324512890375084240e+00 3.949353602540714436e-01 6.284388277740893258e-01 1.256877655548178652e+00
-2.875751503006012122e+00 -3.316482964612104567e+00 3.929499137436090472e-01 6.268571717254330933e-01 1.253714343450866187e+00
-2.855711422845691683e+00 -3.308668480253666999e+00 3.908802227372748517e-01 6.252041448497241971e-01 1.250408289699448394e+00
-2.835671342685370799e+00 -3.301067239664241981e+00 3.887244109055218999e-01 6.234776747450720968e-01 1.246955349490144194e+00
-2.815631262525050360e+00 -3.293676728521225172e+00 3.864806694041975077e-01 6.216756947188762927e-01 1.243351389437752585e+00
-2.795591182364729477e+00 -3.286494107760758343e+00 3.841472650281438361e-01 6.197961479616856950e-01 1.239592295923371390e+00
-2.775551102204409037e+00 -3.279516205773119530e+00 3.817225485147276998e-01 6.178369918633292990e-01 1.235673983726658598e+00
-2.755511022044088154e+00 -3.272739510871950586e+00 3.792049629690753543e-01 6.157962024639932475e-01 1.231592404927986495e+00
-2.735470941883767715e+00 -3.266160164061838067e+00 3.765930523806113595e-01 6.136717790322537835e-01 1.227343558064507567e+00
-2.715430861723446831e+00 -3.259773952128987240e+00 3.738854701983730378e-01 6.114617487614192326e-01 1.222923497522838465e+00
-2.695390781563126392e+00 -3.253576301079885713e+00 3.710809879305220771e-01 6.091641715748900010e-01 1.218328343149780002e+00
-2.675350701402805509e+00 -3.247562269952957603e+00 3.681785037315156162e-01 6.067771450306246317e-01 1.213554290061249263e+00
-2.655310621242485070e+00 -3.241726545028241091e+00 3.651770509385544039e-01 6.042988093141954398e-01 1.208597618628390880e+00
-2.635270541082164630e+00 -3.236063434460120902e+00 3.620758065172043350e-01 6.017273523093364940e-01 1.203454704618672988e+00
-2.615230460921843747e+00 -3.230566863358051322e+00 3.588740993745221930e-01 5.990610147343274905e-01 1.198122029468654981e+00
-2.595190380761523308e+00 -3.225230369340069458e+00 3.555714184966087821e-01 5.962980953320317079e-01 1.192596190664063416e+00
-2.575150300601202424e+00 -3.220047098583670664e+00 3.521674208663039263e-01 5.934369561009020799e-01 1.186873912201804160e+00
-2.555110220440881985e+00 -3.215009802398351546e+00 3.486619391157196879e-01 5.904760275538031289e-01 1.180952055107606258e+00
-2.535070140280561102e+00 -3.210110834343760988e+00 3.450549888675186194e-01 5.874138139910557443e-01 1.174827627982111489e+00
-2.515030060120240663e+00 -3.205342147916983020e+00 3.413467757182990781e-01 5.842488987737153305e-01 1.168497797547430661e+00
-2.494989979959919779e+00 -3.200695294831963356e+00 3.375377018171439869e-01 5.809799495827235871e-01 1.161959899165447174e+00
-2.474949899799599340e+00 -3.196161423913545185e+00 3.336283719923743840e-01 5.776057236492505575e-01 1.155211447298501115e+00
-2.454909819639278457e+00 -3.191731280627907452e+00 3.296195993797990109e-01 5.741250729412529230e-01 1.148250145882505846e+00
-2.434869739478958017e+00 -3.187395207270493636e+00 3.255124105063165185e-01 5.705369492910310480e-01 1.141073898582062096e+00
-2.414829659318637578e+00 -3.183143143831714816e+00 3.213080497835831273e-01 5.668404094483588951e-01 1.133680818896717790e+00
-2.394789579158316695e+00 -3.178964629559849264e+00 3.170079833676416881e-01 5.630346200436006088e-01 1.126069240087201218e+00
-2.374749498997996255e+00 -3.174848805239589122e+00 3.126139023419194363e-01 5.591188624451149947e-01 1.118237724890229989e+00
-2.354709418837675372e+00 -3.170784416203690892e+00 3.081277251828237196e-01 5.550925374951672930e-01 1.110185074990334586e+00
-2.334669338677354933e+00 -3.166759816094061541e+00 3.035515994693457342e-01 5.509551701085541042e-01 1.101910340217108208e+00
-2.314629258517034049e+00 -3.162762971387456545e+00 2.988879028005688721e-01 5.467064137181572026e-01 1.093412827436314405e+00
-2.294589178356713610e+00 -3.158781466699710272e+00 2.941392428878190080e-01 5.423460545517215792e-01 1.084692109103443158e+00
-2.274549098196392727e+00 -3.154802510881102862e+00 2.893084567913383198e-01 5.378740157242570818e-01 1.075748031448514164e+00
-2.254509018036072288e+00 -3.150812943914085729e+00 2.843986092748496119e-01 5.332903611306410996e-01 1.066580722261282199e+00
-2.234468937875751404e+00 -3.146799244623121439e+00 2.794129902551492073e-01 5.285952991232036879e-01 1.057190598246407376e+00
-2.214428857715430965e+00 -3.142747539204878926e+00 2.743551113279507625e-01 5.237891859593425403e-01 1.047578371918685081e+00
-2.194388777555110526e+00 -3.138643610585423183e+00 2.692287013555558772e-01 5.188725290045290706e-01 1.037745058009058141e+00
-2.174348697394789642e+00 -3.134472908609420294e+00 2.640377011065385693e-01 5.138459896764190349e-01 1.027691979352838070e+00
-2.154308617234469203e+00 -3.130220561064627205e+00 2.587862569424960180e-01 5.087103861162026730e-01 1.017420772232405346e+00
-2.134268537074148320e+00 -3.125871385543212533e+00 2.534787135519751544e-01 5.034666955737738814e-01 1.006933391147547763e+00
-2.114228456913827880e+00 -3.121409902139611781e+00 2.481196057369455255e-01 4.981160564938110213e-01 9.962321129876220427e-01
-2.094188376753506997e+00 -3.116820346982774659e+00 2.427136492626015551e-01 4.926597702904120246e-01 9.853195405808240492e-01
-2.074148296593186558e+00 -3.112086686598728225e+00 2.372657307868155652e-01 4.870993027985315860e-01 9.741986055970631719e-01
-2.054108216432865675e+00 -3.107192633097470846e+00 2.317808968911814205e-01 4.814362853911007822e-01 9.628725707822015645e-01
-2.034068136272545235e+00 -3.102121660176175411e+00 2.262643422412863037e-01 4.756725157514214430e-01 9.513450315028428861e-01
-2.014028056112224352e+00 -3.096857019928703103e+00 2.207213969095236372e-01 4.698099582911409722e-01 9.396199165822819444e-01
-1.993987975951903913e+00 -3.091381760449356975e+00 2.151575128994506758e-01 4.638507442049119578e-01 9.277014884098239156e-01
-1.973947895791583473e+00 -3.085678744216759029e+00 2.095782499162828216e-01 4.577971711536483745e-01 9.155943423072967491e-01
-1.953907815631262590e+00 -3.079730667241631359e+00 2.039892604336177306e-01 4.516517025691564324e-01 9.033034051383128649e-01
-1.933867735470942151e+00 -3.073520078960170210e+00 1.983962741118278084e-01 4.454169665738248463e-01 8.908339331476496925e-01
-1.913827655310621267e+00 -3.067029402852617714e+00 1.928050816286934199e-01 4.390957545099854475e-01 8.781915090199708951e-01
-1.893787575150300828e+00 -3.060240957764497338e+00 1.872215179877690927e-01 4.326910190745459350e-01 8.653820381490918701e-01
-1.873747494989979945e+00 -3.053136979905930026e+00 1.816514453745786128e-01 4.262058720554875446e-01 8.524117441109750892e-01
-1.853707414829659506e+00 -3.045699645502316422e+00 1.761007356350482167e-01 4.196435816678818487e-01 8.392871633357636973e-01
-1.833667334669338622e+00 -3.037911094067628159e+00 1.705752524545005588e-01 4.130075694881397141e-01 8.260151389762794283e-01
-1.813627254509018183e+00 -3.029753452269504876e+00 1.650808333190555977e-01 4.063014069863105648e-01 8.126028139726211297e-01
-1.793587174348697744e+00 -3.021208858353333415e+00 1.596232713443556661e-01 3.995288116573768034e-01 7.990576233147536067e-01
-1.773547094188376860e+00 -3.012259487090505949e+00 1.542082970591322211e-01 3.926936427536512064e-01 7.853872855073024128e-01
-1.753507014028056421e+00 -3.002887575214118421e+00 1.488415602331913667e-01 3.857998966215405168e-01 7.715997932430810335e-01
-1.733466933867735538e+00 -2.993075447303493508e+00 1.435286118409418998e-01 3.788517016471509846e-01 7.577034032943019692e-01
-1.713426853707415098e+00 -2.982805542077056948e+00 1.382748862525450817e-01 3.718533128164183688e-01 7.437066256328367375e-01
-1.693386773547094215e+00 -2.972060439051347203e+00 1.330856837451329933e-01 3.648091058966771438e-01 7.296182117933542877e-01
-1.673346693386773776e+00 -2.960822885522217174e+00 1.279661534262954148e-01 3.577235712478217811e-01 7.154471424956435621e-01
-1.653306613226452892e+00 -2.949075823822666198e+00 1.229212766611704477e-01 3.506013072724779023e-01 7.012026145449558046e-01
-1.633266533066132453e+00 -2.936802418810187554e+00 1.179558510929651777e-01 3.434470135158627091e-01 6.868940270317254182e-01
-1.613226452905811570e+00 -2.923986085535044133e+00 1.130744753445847572e-01 3.362654834272836291e-01 6.725309668545672581e-01
-1.593186372745491131e+00 -2.910610517039515344e+00 1.082815344862795293e-01 3.290615967965261346e-01 6.581231935930522692e-01
-1.573146292585170691e+00 -2.896659712236883344e+00 1.035811863507857672e-01 3.218403118796428486e-01 6.436806237592856972e-01
-1.553106212424849808e+00 -2.882118003817747187e+00 9.897734877341413107e-02 3.146066572299672792e-01 6.292133144599345584e-01
-1.533066132264529369e+00 -2.866970086130192108e+00 9.447368782990253622e-02 3.073657232514753757e-01 6.147314465029507513e-01
-1.513026052104208485e+00 -2.851201042979367273e+00 9.007360713961755361e-02 3.001226534928970735e-01 6.002453069857941470e-01
-1.492985971943888046e+00 -2.834796375291213977e+00 8.578023829593631189e-02 2.928826357023173177e-01 5.857652714046346354e-01
-1.472945891783567163e+00 -2.817742028584365954e+00 8.159643247932717169e-02 2.856508926632773115e-01 5.713017853265546231e-01
-1.452905811623246723e+00 -2.800024420193620855e+00 7.752475330189902147e-02 2.784326728347429891e-01 5.568653456694859782e-01
-1.432865731462925840e+00 -2.781630466187975159e+00 7.356747092495330431e-02 2.712332408185864630e-01 5.424664816371729259e-01
-1.412825651302605401e+00 -2.762547607925843529e+00 6.972655748350006788e-02 2.640578676796055402e-01 5.281157353592110804e-01
-1.392785571142284518e+00 -2.742763838189927306e+00 6.600368384373458963e-02 2.569118211444046951e-01 5.138236422888093902e-01
-1.372745490981964078e+00 -2.722267726844124880e+00 6.240021771127304134e-02 2.498003557068585179e-01 4.996007114137170357e-01
-1.352705410821643639e+00 -2.701048445954977950e+00 5.891722309949990605e-02 2.427287026692556415e-01 4.854574053385112831e-01
-1.332665330661322756e+00 -2.679095794320404345e+00 5.555546115877843527e-02 2.357020601496271073e-01 4.714041202992542146e-01
-1.312625250501002316e+00 -2.656400221348801161e+00 5.231539235859706399e-02 2.287255830872381157e-01 4.574511661744762314e-01
-1.292585170340681433e+00 -2.632952850232200603e+00 4.919718000599521829e-02 2.218043732796881051e-01 4.436087465593762103e-01
-1.272545090180360994e+00 -2.608745500357789737e+00 4.620069507496511046e-02 2.149434694866655116e-01 4.298869389733310231e-01
-1.252505010020040110e+00 -2.583770708902943802e+00 4.332552231295186407e-02 2.081478376369830519e-01 4.162956752739661037e-01
-1.232464929859719671e+00 -2.558021751559929946e+00 4.057096758222560051e-02 2.014223611772675004e-01 4.028447223545350009e-01
-1.212424849699398788e+00 -2.531492662337512023e+00 3.793606638577093348e-02 1.947718316024443230e-01 3.895436632048886461e-01
-1.192384769539078349e+00 -2.504178252388011394e+00 3.541959351957373742e-02 1.882009392101265111e-01 3.764018784202530221e-01
-1.172344689378757465e+00 -2.476074127809763326e+00 3.302007378576717056e-02 1.817142641230103661e-01 3.634285282460207323e-01
-1.152304609218437026e+00 -2.447176706376491317e+00 3.073579369418595261e-02 1.753162676256426467e-01 3.506325352512852933e-01
-1.132264529058116587e+00 -2.417483233146806132e+00 2.856481407344434523e-02 1.690112838642566784e-01 3.380225677285133568e-01
-1.112224448897795703e+00 -2.386991794908904119e+00 2.650498350682112259e-02 1.628035119609559378e-01 3.256070239219118756e-01
-1.092184368737475264e+00 -2.355701333417520082e+00 2.455395250302719323e-02 1.566970085962945125e-01 3.133940171925890250e-01
-1.072144288577154381e+00 -2.323611657382254947e+00 2.270918830740491570e-02 1.506956811172932009e-01 3.013913622345864018e-01
-1.052104208416833941e+00 -2.290723453168722834e+00 2.096799025530128591e-02 1.448032812311284834e-01 2.896065624622569668e-01
-1.032064128256513058e+00 -2.257038294176239912e+00 1.932750556632800015e-02 1.390233993481960473e-01 2.780467986963920946e-01
-1.012024048096192619e+00 -2.222558648858321551e+00 1.778474547596762406e-02 1.333594596418552769e-01 2.667189192837105538e-01
-9.919839679358721796e-01 -2.187287887354830485e+00 1.633660159956035196e-02 1.278147158959419272e-01 2.556294317918838543e-01
-9.719438877755512962e-01 -2.151230286707295214e+00 1.497986242312365421e-02 1.223922482150060637e-01 2.447844964300121273e-01
-9.519038076152304129e-01 -2.114391034631788013e+00 1.371122981570496377e-02 1.170949606759614792e-01 2.341899213519229583e-01
-9.318637274549104177e-01 -2.076776231826571006e+00 1.252733545907858646e-02 1.119255800033155390e-01 2.238511600066310780e-01
-9.118236472945895343e-01 -2.038392892794766542e+00 1.142475709255180195e-02 1.068866553530037344e-01 2.137733107060074689e-01
-8.917835671342686510e-01 -1.999248945165357227e+00 1.040003447342133583e-02 1.019805592915695724e-01 2.039611185831391449e-01
-8.717434869739477676e-01 -1.959353227498941585e+00 9.449684957218693060e-03 9.720949005739457083e-02 1.944189801147891417e-01
-8.517034068136277725e-01 -1.918715485567907608e+00 8.570218606258787203e-03 9.257547518786381213e-02 1.851509503757276243e-01
-8.316633266533068891e-01 -1.877346367103907232e+00 7.758152740123343619e-03 8.808037658935924386e-02 1.761607531787184877e-01
-8.116232464929860058e-01 -1.835257415008900050e+00 7.010025847539728093e-03 8.372589711397381007e-02 1.674517942279476201e-01
-7.915831663326651224e-01 -1.792461059029261783e+00 6.322410785593026925e-03 7.951358868516139600e-02 1.590271773703227920e-01
-7.715430861723451272e-01 -1.748970605895967534e+00 5.691927199280382398e-03 7.544486198065698812e-02 1.508897239613139762e-01
-7.515030060120242439e-01 -1.704800227937147472e+00 5.115253102027329454e-03 7.152099763025770995e-02 1.430419952605154199e-01
-7.314629258517033605e-01 -1.659964950172820863e+00 4.589135565863152605e-03 6.774315881226053437e-02 1.354863176245210687e-01
-7.114228456913833654e-01 -1.614480635904950390e+00 4.110400478405390988e-03 6.411240502746243242e-02 1.282248100549248648e-01
-6.913827655310624820e-01 -1.568363970819411035e+00 3.675961332600586121e-03 6.062970668410483377e-02 1.212594133682096675e-01
-6.713426853707415987e-01 -1.521632445619885754e+00 3.282827024175105808e-03 5.729595992890865186e-02 1.145919198578173037e-01
-6.513026052104207153e-01 -1.474304337217006378e+00 2.928108640914888882e-03 5.411200089550273484e-02 1.082240017910054697e-01
-6.312625250501007201e-01 -1.426398688499446621e+00 2.609025237129897808e-03 5.107861819910457929e-02 1.021572363982091586e-01
-6.112224448897798368e-01 -1.377935286716945207e+00 2.322908595864339037e-03 4.819656207515572721e-02 9.639312415031145442e-02
-5.911823647294589534e-01 -1.328934640508490972e+00 2.067206990521695299e-03 4.546654803832918257e-02 9.093309607665836514e-02
-5.711422845691380701e-01 -1.279417955612041524e+00 1.839487966471577791e-03 4.288925234218449178e-02 8.577850468436898357e-02
-5.511022044088180749e-01 -1.229407109295302725e+00 1.637440171845300782e-03 4.046529589469599619e-02 8.093059178939199239e-02
-5.310621242484971916e-01 -1.178924623550063444e+00 1.458874274982665305e-03 3.819521272335926060e-02 7.639042544671852120e-02
-5.110220440881763082e-01 -1.127993637095590529e+00 1.301723013827172336e-03 3.607939874536676000e-02 7.215879749073352001e-02
-4.909819639278563130e-01 -1.076637876239333824e+00 1.164040429867577164e-03 3.411803672352172606e-02 6.823607344704345212e-02
-4.709418837675354297e-01 -1.024881624645983091e+00 1.044000345952296113e-03 3.231099419628396391e-02 6.462198839256792782e-02
-4.509018036072145463e-01 -9.727496920685576587e-01 9.398941533697254859e-04 3.065769321670705136e-02 6.131538643341410272e-02
-4.308617234468936630e-01 -9.202673820976081664e-01 8.501279789462788585e-04 2.915695421243924904e-02 5.831390842487849807e-02
-4.108216432865736678e-01 -8.674604589870877902e-01 7.732193075146387646e-04 2.780682124074304942e-02 5.561364248148609885e-02
-3.907815631262527845e-01 -8.143551136175981586e-01 7.077931388879549202e-04 2.660438194899394579e-02 5.320876389798789158e-02
-3.707414829659319011e-01 -7.609779286598667980e-01 6.525777614231799287e-04 2.554560160620962875e-02 5.109120321241925750e-02
-3.507014028056110178e-01 -7.073558430031843258e-01 6.064002263318759786e-04 2.462519495012934975e-02 4.925038990025869950e-02
-3.306613226452910226e-01 -6.535161155153823564e-01 5.681816080699069946e-04 2.383656032379476847e-02 4.767312064758953694e-02
-3.106212424849701392e-01 -5.994862882024901696e-01 5.369321364229911239e-04 2.317179614149475139e-02 4.634359228298950278e-02
-2.905811623246492559e-01 -5.452941488377605062e-01 5.117462852668955980e-04 2.262180994675040691e-02 4.524361989350081381e-02
-2.705410821643292607e-01 -4.909676931309234771e-01 4.917979014667059508e-04 2.217651689212500957e-02 4.435303378425001913e-02
-2.505010020040083774e-01 -4.365350865097447075e-01 4.763354549604522726e-04 2.182511065173444245e-02 4.365022130346888490e-02
-2.304609218436874940e-01 -3.820246255868925966e-01 4.646774878172293564e-04 2.155637928357239871e-02 4.311275856714479743e-02
-2.104208416833666107e-01 -3.274646993858070232e-01 4.562083359718731453e-04 2.135903405989777321e-02 4.271806811979554641e-02
-1.903807615230466155e-01 -2.728837503999608782e-01 4.503741924702660921e-04 2.122202140396305461e-02 4.244404280792610923e-02
-1.703406813627257321e-01 -2.183102355601732047e-01 4.466795754641938857e-04 2.113479537313275869e-02 4.226959074626551738e-02
-1.503006012024048488e-01 -1.637725871849932957e-01 4.446842579316314433e-04 2.108753797700507748e-02 4.217507595401015497e-02
-1.302605210420839654e-01 -1.092991739890557951e-01 4.440007092150807105e-04 2.107132433462787294e-02 4.214264866925574587e-02
-1.102204408817639703e-01 -5.491826222426805792e-02 4.442920910688345965e-04 2.107823738050301418e-02 4.215647476100602836e-02
-9.018036072144308690e-02 -6.579770282681973725e-04 4.452708430252618464e-04 2.110144172859432579e-02 4.220288345718865158e-02
-7.014028056112220355e-02 5.345373594584616750e-02 4.466978836473165827e-04 2.113522849763675021e-02 4.227045699527350042e-02
-5.010020040080220838e-02 1.073891485453226241e-01 4.483824456912000283e-04 2.117504299148410124e-02 4.235008598296820248e-02
-3.006012024048132503e-02 1.611207877067132310e-01 4.501825544456332113e-04 2.121750584884173410e-02 4.243501169768346820e-02
-1.002004008016044168e-02 2.146214725466564777e-01 4.520061496645783874e-04 2.126043625292243014e-02 4.252087250584486028e-02
1.002004008016044168e-02 2.678643508844874010e-01 4.538128426135968414e-04 2.130288343425830455e-02 4.260576686851660910e-02
3.006012024048043685e-02 3.208229351279404118e-01 4.556162909367968399e-04 2.134517020163570478e-02 4.269034040327140955e-02
5.010020040080132020e-02 3.734711374549332663e-01 4.574871653962241341e-04 2.138894960946479198e-02 4.277789921892958397e-02
7.014028056112220355e-02 4.257833042260038003e-01 4.595566741293286017e-04 2.143727301056103443e-02 4.287454602112206886e-02
9.018036072144308690e-02 4.777342495640080067e-01 4.620206019972133071e-04 2.149466450068977796e-02 4.298932900137955593e-02
1.102204408817630821e-01 5.292992880395928079e-01 4.651438149613174532e-04 2.156719302462231647e-02 4.313438604924463293e-02
1.302605210420839654e-01 5.804542664032512622e-01 4.692651722677222909e-04 2.166252922139338608e-02 4.332505844278677215e-02
1.503006012024048488e-01 6.311755943069873309e-01 4.748027826634072541e-04 2.178996977197093787e-02 4.357993954394187575e-02
1.703406813627248440e-01 6.814402739611682414e-01 4.822595349364508402e-04 2.196040835085838819e-02 4.392081670171677638e-02
1.903807615230457273e-01 7.312259286746440878e-01 4.922288278651713173e-04 2.218623059163433650e-02 4.437246118326867300e-02
2.104208416833666107e-01 7.805108302289250899e-01 5.054004202000384263e-04 2.248111252140423677e-02 4.496222504280847354e-02
2.304609218436874940e-01 8.292739250400289475e-01 5.225663176757027167e-04 2.285970948362429922e-02 4.571941896724859844e-02
2.505010020040074892e-01 8.774948590644898738e-01 5.446266112407983050e-04 2.333723658106928375e-02 4.667447316213856751e-02
2.705410821643283725e-01 9.251540014090071651e-01 5.725951788016241844e-04 2.392896108905742322e-02 4.785792217811484645e-02
2.905811623246492559e-01 9.722324666062869269e-01 6.076051617567832007e-04 2.464964830898776216e-02 4.929929661797552432e-02
3.106212424849701392e-01 1.018712135522803042e+00 6.509141275141776522e-04 2.551301878481215119e-02 5.102603756962430237e-02
3.306613226452901344e-01 1.064575674867376476e+00 7.039088300111449349e-04 2.653128021809623982e-02 5.306256043619247964e-02
3.507014028056110178e-01 1.109806555272775608e+00 7.681094820008750861e-04 2.771478814641878397e-02 5.542957629283756793e-02
3.707414829659319011e-01 1.154389067925806645e+00 8.451734555140056997e-04 2.907186707994527386e-02 5.814373415989054772e-02
3.907815631262518963e-01 1.198308339724780458e+00 9.368983304245807366e-04 3.060879498485003652e-02 6.121758996970007305e-02
4.108216432865727796e-01 1.241550346946575623e+00 1.045224215414998969e-03 3.232992755041370209e-02 6.465985510082740417e-02
4.308617234468936630e-01 1.284101927408892951e+00 1.172235270809170431e-03 3.423792153167552060e-02 6.847584306335104121e-02
4.509018036072145463e-01 1.325950791116781158e+00 1.320160368665635907e-03 3.633401118326513857e-02 7.266802236653027713e-02
4.709418837675345415e-01 1.367085529385838161e+00 1.491372832155235702e-03 3.861829659831251399e-02 7.723659319662502798e-02
4.909819639278554249e-01 1.407495622437924698e+00 1.688389203515868429e-03 4.109001342803222240e-02 8.218002685606444480e-02
5.110220440881763082e-01 1.447171445468597994e+00 1.913866997712470328e-03 4.374776563108646876e-02 8.749553126217293753e-02
5.310621242484971916e-01 1.486104273188823210e+00 2.170601407273215020e-03 4.658971353499841844e-02 9.317942706999683689e-02
5.511022044088171867e-01 1.524286282846825324e+00 2.461520932521798523e-03 4.961371718105587331e-02 9.922743436211174661e-02
5.711422845691380701e-01 1.561710555739212580e+00 2.789681920521114647e-03 5.281743954908373756e-02 1.056348790981674751e-01
5.911823647294589534e-01 1.598371077223689873e+00 3.158262005391918904e-03 5.619841639576616393e-02 1.123968327915323279e-01
6.112224448897789486e-01 1.634262735248893650e+00 3.570552452171674510e-03 5.975409987751195695e-02 1.195081997550239139e-01
6.312625250500998320e-01 1.669381317419869726e+00 4.029949415974751724e-03 6.348188258058161393e-02 1.269637651611632279e-01
6.513026052104207153e-01 1.703723506620778094e+00 4.539944137775909355e-03 6.737910757627997571e-02 1.347582151525599514e-01
6.713426853707415987e-01 1.737286875219302917e+00 5.104112107630560773e-03 7.144306899644331521e-02 1.428861379928866304e-01
6.913827655310615938e-01 1.770069877880067866e+00 5.726101235411859211e-03 7.567100657062689195e-02 1.513420131412537839e-01
7.114228456913824772e-01 1.802071843017077013e+00 6.409619078173514617e-03 8.006009666602655062e-02 1.601201933320531012e-01
7.314629258517033605e-01 1.833292962917805857e+00 7.158419181902337010e-03 8.460744164612435392e-02 1.692148832922487078e-01
7.515030060120242439e-01 1.863734282574129653e+00 7.976286603647679552e-03 8.931005880441283962e-02 1.786201176088256792e-01
7.715430861723442391e-01 1.893397687257565520e+00 8.867022687751708460e-03 9.416486971132975725e-02 1.883297394226595145e-01
7.915831663326651224e-01 1.922285888878693116e+00 9.834429177041387193e-03 9.916869050784822559e-02 1.983373810156964512e-01
8.116232464929860058e-01 1.950402411172625472e+00 1.088229174636489577e-02 1.043182234624655397e-01 2.086364469249310793e-01
8.316633266533060009e-01 1.977751573754554792e+00 1.201436305167847066e-02 1.096100499574672732e-01 2.192200999149345464e-01
8.517034068136268843e-01 2.004338475091143934e+00 1.323434539296352783e-02 1.150406249677196763e-01 2.300812499354393525e-01
8.717434869739477676e-01 2.030168974435351714e+00 1.454587309356112843e-02 1.206062730274057027e-01 2.412125460548114053e-01
8.917835671342686510e-01 2.055249672773858727e+00 1.595249470197898645e-02 1.263031856367011208e-01 2.526063712734022415e-01
9.118236472945886462e-01 2.079587892837694518e+00 1.745765512486772628e-02 1.321274200341008842e-01 2.642548400682017684e-01
9.318637274549095295e-01 2.103191658228004801e+00 1.906467780162680870e-02 1.380748992453980084e-01 2.761497984907960168e-01
9.519038076152304129e-01 2.126069671710030029e+00 2.077674703199269141e-02 1.441414133134287512e-01 2.882828266268575024e-01
9.719438877755512962e-01 2.148231292729410935e+00 2.259689056797683365e-02 1.503226216109100344e-01 3.006452432218200688e-01
9.919839679358712914e-01 2.169686514205782402e+00 2.452796258065773061e-02 1.566140561401106468e-01 3.132281122802212936e-01
1.012024048096192175e+00 2.190445938659348890e+00 2.657262711060726784e-02 1.630111257264585112e-01 3.260222514529170224e-01
1.032064128256513058e+00 2.210520753726687992e+00 2.873334210816991252e-02 1.695091210176311314e-01 3.390182420352622628e-01
1.052104208416833053e+00 2.229922707122472758e+00 3.101234416642163760e-02 1.761032202045767214e-01 3.522064404091534429e-01
1.072144288577153937e+00 2.248664081104085000e+00 3.341163404549041954e-02 1.827884953860346717e-01 3.655769907720693435e-01
1.092184368737474820e+00 2.266757666496181933e+00 3.593296308199586675e-02 1.895599195030317208e-01 3.791198390060634416e-01
1.112224448897795703e+00 2.284216736332329134e+00 3.857782057179354185e-02 1.964123737746518439e-01 3.928247475493036878e-01
1.132264529058115698e+00 2.301055019170641813e+00 4.134742220794206113e-02 2.033406555707492069e-01 4.066813111414984139e-01
1.152304609218436582e+00 2.317286672140060233e+00 4.424269964901698243e-02 2.103394866614848868e-01 4.206789733229697736e-01
1.172344689378757465e+00 2.332926253773514702e+00 4.726429128551291187e-02 2.174035217872813397e-01 4.348070435745626794e-01
1.192384769539078349e+00 2.347988696683665388e+00 5.041253426429936901e-02 2.245273574963624896e-01 4.490547149927249793e-01
1.212424849699398344e+00 2.362489280136225389e+00 5.368745782285956614e-02 2.317055412001611248e-01 4.634110824003222495e-01
1.232464929859719227e+00 2.376443602575068148e+00 5.708877797654610120e-02 2.389325803998820497e-01 4.778651607997640993e-01
1.252505010020040110e+00 2.389867554152434348e+00 6.061589359329024040e-02 2.462029520401618488e-01 4.924059040803236975e-01
1.272545090180360106e+00 2.402777289316501363e+00 6.426788388125458107e-02 2.535111119482824082e-01 5.070222238965648165e-01
1.292585170340680989e+00 2.415189199507438378e+00 6.804350730585885521e-02 2.608515043197160987e-01 5.217030086394321975e-01
1.312625250501001872e+00 2.427119886011850358e+00 7.194120194350432651e-02 2.682185712129276367e-01 5.364371424258552734e-01
1.332665330661322756e+00 2.438586133024156055e+00 7.595908727027909924e-02 2.756067620184219913e-01 5.512135240368439826e-01
1.352705410821642751e+00 2.449604880962036102e+00 8.009496737495941376e-02 2.830105428689175251e-01 5.660210857378350502e-01
1.372745490981963634e+00 2.460193200081546294e+00 8.434633557685887462e-02 2.904244059593801830e-01 5.808488119187603660e-01
1.392785571142284518e+00 2.470368264435918171e+00 8.871038042053158712e-02 2.978428787473885175e-01 5.956857574947770351e-01
1.412825651302604513e+00 2.480147326220377924e+00 9.318399301110574795e-02 3.052605330059975919e-01 6.105210660119951838e-01
1.432865731462925396e+00 2.489547690543604030e+00 9.776377564613528137e-02 3.126719937028823448e-01 6.253439874057646897e-01
1.452905811623246279e+00 2.498586690664597931e+00 1.024460516924101394e-01 3.200719476811583197e-01 6.401438953623166395e-01
1.472945891783567163e+00 2.507281663731931509e+00 1.072268766491322189e-01 3.274551521187782921e-01 6.549103042375565842e-01
1.492985971943887158e+00 2.515649927060397140e+00 1.121020503323911094e-01 3.348164427449630276e-01 6.696328854899260552e-01
1.513026052104208041e+00 2.523708754978146729e+00 1.170671301098903105e-01 3.421507417935701345e-01 6.843014835871402690e-01
1.533066132264528925e+00 2.531475356275415312e+00 1.221174451095130148e-01 3.494530656747956154e-01 6.989061313495912309e-01
1.553106212424849808e+00 2.538966852283910391e+00 1.272481113205324588e-01 3.567185323480299153e-01 7.134370646960598306e-01
1.573146292585169803e+00 2.546200255613898733e+00 1.324540475021233066e-01 3.639423683801094600e-01 7.278847367602189200e-01
1.593186372745490686e+00 2.553192449573963962e+00 1.377299918103320753e-01 3.711199156746132766e-01 7.422398313492265531e-01
1.613226452905811570e+00 2.559960168296327776e+00 1.430705190518150594e-01 3.782466378592347356e-01 7.564932757184694712e-01
1.633266533066131565e+00 2.566519977588562096e+00 1.484700584704722881e-01 3.853181263196325257e-01 7.706362526392650514e-01
1.653306613226452448e+00 2.572888256530413642e+00 1.539229119715758709e-01 3.923301058695035648e-01 7.846602117390071296e-01
1.673346693386773332e+00 2.579081179832400483e+00 1.594232726871356309e-01 3.992784400479640339e-01 7.985568800959280678e-01
1.693386773547094215e+00 2.585114700970774670e+00 1.649652437860242571e-01 4.061591360366331172e-01 8.123182720732662343e-01
1.713426853707414210e+00 2.591004536111378709e+00 1.705428574327988167e-01 4.129683491901029457e-01 8.259366983802058915e-01
1.733466933867735094e+00 2.596766148832913235e+00 1.761500938001870631e-01 4.197023871747539436e-01 8.394047743495078873e-01
1.753507014028055977e+00 2.602414735658107325e+00 1.817809000418228738e-01 4.263577137121162264e-01 8.527154274242324528e-01
1.773547094188376860e+00 2.607965212399322663e+00 1.874292091340036548e-01 4.329309519242111604e-01 8.658619038484223207e-01
1.793587174348696855e+00 2.613432201323184767e+00 1.930889584979420814e-01 4.394188872794865253e-01 8.788377745589730505e-01
1.813627254509017739e+00 2.618830019136924481e+00 1.987541083172105483e-01 4.458184701391481597e-01 8.916369402782963194e-01
1.833667334669338622e+00 2.624172665797256609e+00 2.044186594687260883e-01 4.521268179048065217e-01 9.042536358096130433e-01
1.853707414829658617e+00 2.629473814140839139e+00 2.100766709897309292e-01 4.583412167694838057e-01 9.166824335389676115e-01
1.873747494989979501e+00 2.634746800333561012e+00 2.157222770076774876e-01 4.644591230750855781e-01 9.289182461501711563e-01
1.893787575150300384e+00 2.640004615134228683e+00 2.213497030647400554e-01 4.704781642804903297e-01 9.409563285609806593e-01
1.913827655310621267e+00 2.645259895966579844e+00 2.269532817737638930e-01 4.763961395454038295e-01 9.527922790908076589e-01
1.933867735470941263e+00 2.650524919791947376e+00 2.325274677478087471e-01 4.822110199360947203e-01 9.644220398721894405e-01
1.953907815631262146e+00 2.655811596773390626e+00 2.380668517509897386e-01 4.879209482600534442e-01 9.758418965201068884e-01
1.973947895791583029e+00 2.661131464720657647e+00 2.435661740240100681e-01 4.935242385374907226e-01 9.870484770749814452e-01
1.993987975951903913e+00 2.666495684303937796e+00 2.490203367436049642e-01 4.990193751184466286e-01 9.980387502368932573e-01
2.014028056112223908e+00 2.671915035023062046e+00 2.544244155809880503e-01 5.044050114550687747e-01 1.008810022910137549e+00
2.034068136272544791e+00 2.677399911917551556e+00 2.597736703303005767e-01 5.096799685393772483e-01 1.019359937078754497e+00
2.054108216432865675e+00 2.682960323001738256e+00 2.650635545839490903e-01 5.148432330175362059e-01 1.029686466035072412e+00
2.074148296593185670e+00 2.688605887408083372e+00 2.702897244375597197e-01 5.198939549923231596e-01 1.039787909984646319e+00
2.094188376753506553e+00 2.694345834220792657e+00 2.754480462130062257e-01 5.248314455260909561e-01 1.049662891052181912e+00
2.114228456913827436e+00 2.700189001980860315e+00 2.805346031935848083e-01 5.296551738570904888e-01 1.059310347714180978e+00
2.134268537074148320e+00 2.706143838842816507e+00 2.855457013708571634e-01 5.343647643425388782e-01 1.068729528685077756e+00
2.154308617234468315e+00 2.712218403362632646e+00 2.904778742079348053e-01 5.389599931422877077e-01 1.077919986284575415e+00
2.174348697394789198e+00 2.718420365895509505e+00 2.953278864290120875e-01 5.434407846573645617e-01 1.086881569314729123e+00
2.194388777555110082e+00 2.724757010581638550e+00 3.000927368497422476e-01 5.478072077380345961e-01 1.095614415476069192e+00
2.214428857715430965e+00 2.731235237897420731e+00 3.047696602675689093e-01 5.520594716763483900e-01 1.104118943352696780e+00
2.234468937875750960e+00 2.737861567749139802e+00 3.093561284353558705e-01 5.561979219984158895e-01 1.112395843996831779e+00
2.254509018036071843e+00 2.744642143085643582e+00 3.138498501455828649e-01 5.602230360718691848e-01 1.120446072143738370e+00
2.274549098196392727e+00 2.751582734006228215e+00 3.182487704559802122e-01 5.641354185441472824e-01 1.128270837088294565e+00
2.294589178356712722e+00 2.758688742339617583e+00 3.225510690907592015e-01 5.679357966273645975e-01 1.135871593254729195e+00
2.314629258517033605e+00 2.765965206669724452e+00 3.267551580545347556e-01 5.716250152456020528e-01 1.143250030491204106e+00
2.334669338677354489e+00 2.773416807783691596e+00 3.308596784986354566e-01 5.752040320604815404e-01 1.150408064120963081e+00
2.354709418837675372e+00 2.781047874517653007e+00 3.348634968817612578e-01 5.786739123908742899e-01 1.157347824781748580e+00
2.374749498997995367e+00 2.788862389975593548e+00 3.387657004688571782e-01 5.820358240425216323e-01 1.164071648085043265e+00
2.394789579158316251e+00 2.796863998096737802e+00 3.425655922136545128e-01 5.852910320632416230e-01 1.170582064126483246e+00
2.414829659318637134e+00 2.805056010546967737e+00 3.462626850715615490e-01 5.884408934392320045e-01 1.176881786878464009e+00
2.434869739478958017e+00 2.813441413909945066e+00 3.498566957905109853e-01 5.914868517477890331e-01 1.182973703495578066e+00
2.454909819639278012e+00 2.822022877153774978e+00 3.533475382279585020e-01 5.944304317815151117e-01 1.188860863563030223e+00
2.474949899799598896e+00 2.830802759349337450e+00 3.567353162425170310e-01 5.972732341588036231e-01 1.194546468317607246e+00
2.494989979959919779e+00 2.839783117616683228e+00 3.600203162087075581e-01 6.000169299350707197e-01 1.200033859870141439e+00
2.515030060120239774e+00 2.848965715276258415e+00 3.632029992030235133e-01 6.026632552288413436e-01 1.205326510457682687e+00
2.535070140280560658e+00 2.858352030182114589e+00 3.662839929089533042e-01 6.052140058763951780e-01 1.210428011752790356e+00
2.555110220440881541e+00 2.867943263214665528e+00 3.692640832878123502e-01 6.076710321282497995e-01 1.215342064256499599e+00
2.575150300601202424e+00 2.877740346911075608e+00 3.721442060612090152e-01 6.100362334002866760e-01 1.220072466800573352e+00
2.595190380761522420e+00 2.887743954211816622e+00 3.749254380497321071e-01 6.123115530918326055e-01 1.224623106183665211e+00
2.615230460921843303e+00 2.897954507302521687e+00 3.776089884110170325e-01 6.144989734824762850e-01 1.228997946964952570e+00
2.635270541082164186e+00 2.908372186530790326e+00 3.801961898187441458e-01 6.166005107188479162e-01 1.233201021437695832e+00
2.655310621242485070e+00 2.918996939378247113e+00 3.826884896223655685e-01 6.186182099020085534e-01 1.237236419804017107e+00
2.675350701402805065e+00 2.929828489468741193e+00 3.850874410254637170e-01 6.205541402854900523e-01 1.241108280570980105e+00
2.695390781563125948e+00 2.940866345594249864e+00 3.873946943186392100e-01 6.224103905934084136e-01 1.244820781186816827e+00
2.715430861723446831e+00 2.952109810740700002e+00 3.896119882007164636e-01 6.241890644674227273e-01 1.248378128934845455e+00
2.735470941883766827e+00 2.963557991096622768e+00 3.917411412198789633e-01 6.258922760506626659e-01 1.251784552101325332e+00
2.755511022044087710e+00 2.975209805028250276e+00 3.937840433641009996e-01 6.275221457160703453e-01 1.255044291432140691e+00
2.775551102204408593e+00 2.987063992005367652e+00 3.957426478279575388e-01 6.290807959459242538e-01 1.258161591891848508e+00
2.795591182364729477e+00 2.999119121462984872e+00 3.976189629805866321e-01 6.305703473686236071e-01 1.261140694737247214e+00
2.815631262525049472e+00 3.011373601584589554e+00 3.994150445572587360e-01 6.319929149581178240e-01 1.263985829916235648e+00
2.835671342685370355e+00 3.023825687993511480e+00 4.011329880946921111e-01 6.333506044006684821e-01 1.266701208801336964e+00
2.855711422845691239e+00 3.036473492339644586e+00 4.027749216279595812e-01 6.346455086329372275e-01 1.269291017265874455e+00
2.875751503006012122e+00 3.049314990769531164e+00 4.043429986645746266e-01 6.358797045547016635e-01 1.271759409109403327e+00
2.895791583166332117e+00 3.062348032268542131e+00 4.058393914491202903e-01 6.370552499188122386e-01 1.274110499837624477e+00
2.915831663326653000e+00 3.075570346864639593e+00 4.072662845296340928e-01 6.381741804003309149e-01 1.276348360800661830e+00
2.935871743486973884e+00 3.088979553683913970e+00 4.086258686348595015e-01 6.392385068461219344e-01 1.278477013692243869e+00
2.955911823647293879e+00 3.102573168848853147e+00 4.099203348694601678e-01 6.402502127055172965e-01 1.280500425411034593e+00
2.975951903807614762e+00 3.116348613210982332e+00 4.111518692323556934e-01 6.412112516420432895e-01 1.282422503284086579e+00
2.995991983967935646e+00 3.130303219910244295e+00 4.123226474614909431e-01 6.421235453255790260e-01 1.284247090651158052e+00
3.016032064128255641e+00 3.144434241754180182e+00 4.134348302065994352e-01 6.429889814037247353e-01 1.285977962807449471e+00
3.036072144288576524e+00 3.158738858410659045e+00 4.144905585298719886e-01 6.438094116505846953e-01 1.287618823301169391e+00
3.056112224448897408e+00 3.173214183408561873e+00 4.154919497328919409e-01 6.445866502906276718e-01 1.289173300581255344e+00
3.076152304609218291e+00 3.187857270941504506e+00 4.164410935067615616e-01 6.453224724947687063e-01 1.290644944989537413e+00
3.096192384769539174e+00 3.202665122470297998e+00 4.173400484010086897e-01 6.460186130453275943e-01 1.292037226090655189e+00
3.116232464929860058e+00 3.217634693120485334e+00 4.181908386056438220e-01 6.466767651660633165e-01 1.293353530332126633e+00
3.136272545090179165e+00 3.232762897871886754e+00 4.189954510396219911e-01 6.472985795130574704e-01 1.294597159026114941e+00
3.156312625250500048e+00 3.248046617537676539e+00 4.197558327379654619e-01 6.478856633218282868e-01 1.295771326643656574e+00
3.176352705410820931e+00 3.263482704531062151e+00 4.204738885289007189e-01 6.484395797056967670e-01 1.296879159411393534e+00
3.196392785571141815e+00 3.279067988418216117e+00 4.211514789915836721e-01 6.489618471001077360e-01 1.297923694200215472e+00
3.216432865731462698e+00 3.294799281256588941e+00 4.217904186842919567e-01 6.494539388473149488e-01 1.298907877694629898e+00
3.236472945891783581e+00 3.310673382718273050e+00 4.223924746323858836e-01 6.499172829155921427e-01 1.299834565831184285e+00
3.256513026052104465e+00 3.326687084998534161e+00 4.229593650648478254e-01 6.503532617469123256e-01 1.300706523493824651e+00
3.276553106212425348e+00 3.342837177510113111e+00 4.234927583878166923e-01 6.507632122268565134e-01 1.301526424453713027e+00
3.296593186372744455e+00 3.359120451364312920e+00 4.239942723832296201e-01 6.511484257703689105e-01 1.302296851540737821e+00
3.316633266533065338e+00 3.375533703640317462e+00 4.244654736204617751e-01 6.515101485168606210e-01 1.303020297033721242e+00
3.336673346693386222e+00 3.392073741444551871e+00 4.249078770687137463e-01 6.518495816280882593e-01 1.303699163256176519e+00
3.356713426853707105e+00 3.408737385762300676e+00 4.253229458978324828e-01 6.521678816821880886e-01 1.304335763364376177e+00
3.376753507014027988e+00 3.425521475104106539e+00 4.257120914552538493e-01 6.524661611572311060e-01 1.304932322314462212e+00
3.396793587174348872e+00 3.442422868949818859e+00 4.260766734068242578e-01 6.527454889976829211e-01 1.305490977995365842e+00
3.416833667334669755e+00 3.459438450993448377e+00 4.264180000293881778e-01 6.530068912571965756e-01 1.306013782514393151e+00
3.436873747494988862e+00 3.476565132192270369e+00 4.267373286432097346e-01 6.532513518112379458e-01 1.306502703622475892e+00
3.456913827655309746e+00 3.493799853623881013e+00 4.270358661725304206e-01 6.534798131331452931e-01 1.306959626266290586e+00
3.476953907815630629e+00 3.511139589155111373e+00 4.273147698228390023e-01 6.536931771273423175e-01 1.307386354254684635e+00
3.496993987975951512e+00 3.528581347926984080e+00 4.275751478637467851e-01 6.538923060135719556e-01 1.307784612027143911e+00
3.517034068136272396e+00 3.546122176660017278e+00 4.278180605067103959e-01 6.540780232561788088e-01 1.308156046512357618e+00
3.537074148296593279e+00 3.563759161784411322e+00 4.280445208672222779e-01 6.542511145326558308e-01 1.308502229065311662e+00
3.557114228456914162e+00 3.581489431399772272e+00 4.282554960014950951e-01 6.544123287358628582e-01 1.308824657471725716e+00
3.577154308617233269e+00 3.599310157069182559e+00 4.284519080080896325e-01 6.545623790045450585e-01 1.309124758009090117e+00
3.597194388777554153e+00 3.617218555452543782e+00 4.286346351853783654e-01 6.547019437769971972e-01 1.309403887553994394e+00
3.617234468937875036e+00 3.635211889784189854e+00 4.288045132361887890e-01 6.548316678629622078e-01 1.309663335725924416e+00
3.637274549098195919e+00 3.653287471199896608e+00 4.289623365114374476e-01 6.549521635290912469e-01 1.309904327058182494e+00
3.657314629258516803e+00 3.671442659918443763e+00 4.291088592850297867e-01 6.550640115935463248e-01 1.310128023187092650e+00
3.677354709418837686e+00 3.689674866282941945e+00 4.292447970527760170e-01 6.551677625255809545e-01 1.310335525051161909e+00
3.697394789579158569e+00 3.707981551667180575e+00 4.293708278485407481e-01 6.552639375461927207e-01 1.310527875092385441e+00
3.717434869739479453e+00 3.726360229252270617e+00 4.294875935713126647e-01 6.553530297262023518e-01 1.310706059452404704e+00
3.737474949899798560e+00 3.744808464678851756e+00 4.295957013173424821e-01 6.554355050783734482e-01 1.310871010156746896e+00
3.757515030060119443e+00 3.763323876580149108e+00 4.296957247119495560e-01 6.555118036404451454e-01 1.311023607280890291e+00
3.777555110220440326e+00 3.781904137001101507e+00 4.297882052360427751e-01 6.555823405462068987e-01 1.311164681092413797e+00
3.797595190380761210e+00 3.800546971708824717e+00 4.298736535428323013e-01 6.556475070819931528e-01 1.311295014163986306e+00
3.817635270541082093e+00 3.819250160399548122e+00 4.299525507606285490e-01 6.557076717262263488e-01 1.311415343452452698e+00
3.837675350701402976e+00 3.838011536807178992e+00 4.300253497780290313e-01 6.557631811698709789e-01 1.311526362339741958e+00
3.857715430861723860e+00 3.856828988718538298e+00 4.300924765081827750e-01 6.558143613159007623e-01 1.311628722631801525e+00
3.877755511022042967e+00 3.875700457900280504e+00 4.301543311291936567e-01 6.558615182560977308e-01 1.311723036512195462e+00
3.897795591182363850e+00 3.894623939942401414e+00 4.302112892980821668e-01 6.559049392237278342e-01 1.311809878447455668e+00
3.917835671342684734e+00 3.913597484023154660e+00 4.302637033360595664e-01 6.559448935208349596e-01 1.311889787041669919e+00
3.937875751503005617e+00 3.932619192600133484e+00 4.303119033831899198e-01 6.559816334190995413e-01 1.311963266838199083e+00
3.957915831663326500e+00 3.951687221032129660e+00 4.303561985208173568e-01 6.560153950333920125e-01 1.312030790066784025e+00
3.977955911823647384e+00 3.970799777136312603e+00 4.303968778604176371e-01 6.560463991673284312e-01 1.312092798334656862e+00
3.997995991983968267e+00 3.989955120685137135e+00 4.304342115977979333e-01 6.560748521303022551e-01 1.312149704260604510e+00
4.018036072144287374e+00 4.009151562847287131e+00 4.304684520318166063e-01 6.561009465256216755e-01 1.312201893051243351e+00
4.038076152304608257e+00 4.028387465576842352e+00 4.304998345470210097e-01 6.561248620095271322e-01 1.312249724019054264e+00
4.058116232464929141e+00 4.047661240954713691e+00 4.305285785598141346e-01 6.561467660209978625e-01 1.312293532041995725e+00
4.078156312625250024e+00 4.066971350486292991e+00 4.305548884279531974e-01 6.561668144823793458e-01 1.312333628964758692e+00
4.098196392785570907e+00 4.086316304359129070e+00 4.305789543233607408e-01 6.561851524709780836e-01 1.312370304941956167e+00
4.118236472945891791e+00 4.105694660664287454e+00 4.306009530683894138e-01 6.562019148618734032e-01 1.312403829723746806e+00
4.138276553106212674e+00 4.125105024584951430e+00 4.306210489358267557e-01 6.562172269422883453e-01 1.312434453884576691e+00
4.158316633266533557e+00 4.144546047555675905e+00 4.306393944130558205e-01 6.562312049979457385e-01 1.312462409995891477e+00
4.178356713426852664e+00 4.164016426395559911e+00 4.306561309309051011e-01 6.562439568719129479e-01 1.312487913743825896e+00
4.198396793587173548e+00 4.183514902418512982e+00 4.306713895578209716e-01 6.562555824965004003e-01 1.312511164993000801e+00
4.218436873747494431e+00 4.203040260523572158e+00 4.306852916600877323e-01 6.562661743988392749e-01 1.312532348797678550e+00
4.238476953907815314e+00 4.222591328268213040e+00 4.306979495288962290e-01 6.562758181808134861e-01 1.312551636361626972e+00
4.258517034068136198e+00 4.242166974927350509e+00 4.307094669751291849e-01 6.562845929740611650e-01 1.312569185948122330e+00
4.278557114228457081e+00 4.261766110540674113e+00 4.307199398927845091e-01 6.562925718707964817e-01 1.312585143741592963e+00
4.298597194388777964e+00 4.281387684950782813e+00 4.307294567920068595e-01 6.562998223312320745e-01 1.312599644662464149e+00
4.318637274549097071e+00 4.301030686834497629e+00 4.307380993027297156e-01 6.563064065684028892e-01 1.312612813136805778e+00
4.338677354709417955e+00 4.320694142729571752e+00 4.307459426499616328e-01 6.563123819112066659e-01 1.312624763822413332e+00
4.358717434869738838e+00 4.340377116058896867e+00 4.307530561017672288e-01 6.563178011464927408e-01 1.312635602292985482e+00
4.378757515030059722e+00 4.360078706154219219e+00 4.307595033910092130e-01 6.563227128410300537e-01 1.312645425682060107e+00
4.398797595190380605e+00 4.379798047281210138e+00 4.307653431119201071e-01 6.563271616441910261e-01 1.312654323288382052e+00
4.418837675350701488e+00 4.399534307667648747e+00 4.307706290925773507e-01 6.563311885721851979e-01 1.312662377144370396e+00
4.438877755511022372e+00 4.419286688536354646e+00 4.307754107443459990e-01 6.563348312746672963e-01 1.312669662549334593e+00
4.458917835671341479e+00 4.439054423144401795e+00 4.307797333893469416e-01 6.563381242845389707e-01 1.312676248569077941e+00
4.478957915831662362e+00 4.458836775830032018e+00 4.307836385669929768e-01 6.563410992517479947e-01 1.312682198503495989e+00
4.498997995991983245e+00 4.478633041068571075e+00 4.307871643206175882e-01 6.563437851618750818e-01 1.312687570323750164e+00
4.519038076152304129e+00 4.498442542538587219e+00 4.307903454652017849e-01 6.563462085402808066e-01 1.312692417080561613e+00
4.539078156312625012e+00 4.518264632199386455e+00 4.307932138371795561e-01 6.563483936425681398e-01 1.312696787285136280e+00
4.559118236472945895e+00 4.538098689380876571e+00 4.307957985272765633e-01 6.563503626320903450e-01 1.312700725264180690e+00
4.579158316633266779e+00 4.557944119886740530e+00 4.307981260973109960e-01 6.563521357452194449e-01 1.312704271490438890e+00
4.599198396793587662e+00 4.577800355111743436e+00 4.308002207818525386e-01 6.563537314450589299e-01 1.312707462890117860e+00
4.619238476953906769e+00 4.597666851173950242e+00 4.308021046756090877e-01 6.563551665642688437e-01 1.312710333128537687e+00
4.639278557114227652e+00 4.617543088062545209e+00 4.308037979073753299e-01 6.563564564376397348e-01 1.312712912875279470e+00
4.659318637274548536e+00 4.637428568801813533e+00 4.308053188013472590e-01 6.563576150250313157e-01 1.312715230050062631e+00
4.679358717434869419e+00 4.657322818631872252e+00 4.308066840265737385e-01 6.563586550252641372e-01 1.312717310050528274e+00
4.699398797595190302e+00 4.677225384206566083e+00 4.308079087352827408e-01 6.563595879815291578e-01 1.312719175963058316e+00
4.719438877755511186e+00 4.697135832808949196e+00 4.308090066907870885e-01 6.563604243788523362e-01 1.312720848757704672e+00
4.739478957915832069e+00 4.717053751584668220e+00 4.308099903856419943e-01 6.563611737341278340e-01 1.312722347468255668e+00
4.759519038076151176e+00 4.736978746793517381e+00 4.308108711506944966e-01 6.563618446792093275e-01 1.312723689358418655e+00
4.779559118236472059e+00 4.756910443079400252e+00 4.308116592556323621e-01 6.563624450375207253e-01 1.312724890075041451e+00
4.799599198396792943e+00 4.776848482758822456e+00 4.308123640016087164e-01 6.563629818946287164e-01 1.312725963789257433e+00
4.819639278557113826e+00 4.796792525128060980e+00 4.308129938064892972e-01 6.563634616631925933e-01 1.312726923326385187e+00
4.839679358717434710e+00 4.816742245789050969e+00 4.308135562832368093e-01 6.563638901426835925e-01 1.312727780285367185e+00
4.859719438877755593e+00 4.836697335994016633e+00 4.308140583119207667e-01 6.563642725742472317e-01 1.312728545148494463e+00
4.879759519038076476e+00 4.856657502008824068e+00 4.308145061058112901e-01 6.563646136910575857e-01 1.312729227382115171e+00
4.899799599198395583e+00 4.876622464494984932e+00 4.308149052719885130e-01 6.563649177644921284e-01 1.312729835528984257e+00
4.919839679358716467e+00 4.896591957910237269e+00 4.308152608668736616e-01 6.563651886464376695e-01 1.312730377292875339e+00
4.939879759519037350e+00 4.916565729927533823e+00 4.308155774470625032e-01 6.563654298080167093e-01 1.312730859616033419e+00
4.959919839679358233e+00 4.936543540872317948e+00 4.308158591158176010e-01 6.563656443750065517e-01 1.312731288750013103e+00
4.979959919839679117e+00 4.956525163177875726e+00 4.308161095655540507e-01 6.563658351602055241e-01 1.312731670320411048e+00
5.000000000000000000e+00 4.976510380858544025e+00 4.308163321166286752e-01 6.563660046929827852e-01 1.312732009385965570e+00
