# X mu var std 2std
-4.000000000000000000e+00 -1.532824875896927708e+01 3.297983349948663268e-02 1.816035062973362091e-01 3.632070125946724182e-01
-3.967935871743486942e+00 -1.521834969146490479e+01 3.297983349948663268e-02 1.816035062973362091e-01 3.632070125946724182e-01
-3.935871743486973884e+00 -1.510845062396053073e+01 3.297983349948663268e-02 1.816035062973362091e-01 3.632070125946724182e-01
-3.903807615230460826e+00 -1.499855155645615845e+01 3.297983349948663268e-02 1.816035062973362091e-01 3.632070125946724182e-01
-3.871743486973947768e+00 -1.488865248895178439e+01 3.297983349948663268e-02 1.816035062973362091e-01 3.632070125946724182e-01
-3.839679358717434710e+00 -1.477875342144741211e+01 3.297983349948663268e-02 1.816035062973362091e-01 3.632070125946724182e-01
-3.807615230460921651e+00 -1.466885435394303983e+01 3.297983349948663268e-02 1.816035062973362091e-01 3.632070125946724182e-01
-3.775551102204409037e+00 -1.455895528643866932e+01 3.297983349948663268e-02 1.816035062973362091e-01 3.632070125946724182e-01
-3.743486973947895979e+00 -1.444905621893429704e+01 3.297983349948663268e-02 1.816035062973362091e-01 3.632070125946724182e-01
-3.711422845691382921e+00 -1.433915715142992298e+01 3.297983349948663268e-02 1.816035062973362091e-01 3.632070125946724182e-01
-3.679358717434869863e+00 -1.422925808392555069e+01 3.297983349948663268e-02 1.816035062973362091e-01 3.632070125946724182e-01
-3.647294589178356805e+00 -1.411935901642117841e+01 3.297983349948663268e-02 1.816035062973362091e-01 3.632070125946724182e-01
-3.615230460921843747e+00 -1.400945994891680435e+01 3.297983349948663268e-02 1.816035062973362091e-01 3.632070125946724182e-01
-3.583166332665330689e+00 -1.389956088141243384e+01 3.297983349948663268e-02 1.816035062973362091e-01 3.632070125946724182e-01
-3.551102204408817631e+00 -1.378966181390805978e+01 3.297983349948663268e-02 1.816035062973362091e-01 3.632070125946724182e-01
-3.519038076152304573e+00 -1.367976274640368928e+01 3.297983349948663268e-02 1.816035062973362091e-01 3.632070125946724182e-01
-3.486973947895791515e+00 -1.356986367889931877e+01 3.297983349948663268e-02 1.816035062973362091e-01 3.632070125946724182e-01
-3.454909819639278457e+00 -1.345996461139495004e+01 3.297983349948663268e-02 1.816035062973362091e-01 3.632070125946724182e-01
-3.422845691382765843e+00 -1.335006554389058664e+01 3.297983349948663268e-02 1.816035062973362091e-01 3.632070125946724182e-01
-3.390781563126252784e+00 -1.324016647638622679e+01 3.297983349948663268e-02 1.816035062973362091e-01 3.632070125946724182e-01
-3.358717434869739726e+00 -1.313026740888187582e+01 3.297983349948663268e-02 1.816035062973362091e-01 3.632070125946724182e-01
-3.326653306613226668e+00 -1.302036834137754440e+01 3.297983349948663268e-02 1.816035062973362091e-01 3.632070125946724182e-01
-3.294589178356713610e+00 -1.291046927387323962e+01 3.297983349948663268e-02 1.816035062973362091e-01 3.632070125946724182e-01
-3.262525050100200552e+00 -1.280057020636897924e+01 3.297983349948663268e-02 1.816035062973362091e-01 3.632070125946724182e-01
-3.230460921843687494e+00 -1.269067113886479703e+01 3.297983349948663268e-02 1.816035062973362091e-01 3.632070125946724182e-01
-3.198396793587174436e+00 -1.258077207136073739e+01 3.297983349948663268e-02 1.816035062973362091e-01 3.632070125946724182e-01
-3.166332665330661378e+00 -1.247087300385688913e+01 3.297983349948663268e-02 1.816035062973362091e-01 3.632070125946724182e-01
-3.134268537074148320e+00 -1.236097393635337660e+01 3.297983349948663268e-02 1.816035062973362091e-01 3.632070125946724182e-01
-3.102204408817635262e+00 -1.225107486885040942e+01 3.297983349948663268e-02 1.816035062973362091e-01 3.632070125946724182e-01
-3.070140280561122204e+00 -1.214117580134833041e+01 3.297983349948663268e-02 1.816035062973362091e-01 3.632070125946724182e-01
-3.038076152304609145e+00 -1.203127673384766894e+01 3.297983349948663268e-02 1.816035062973362091e-01 3.632070125946724182e-01
-3.006012024048096087e+00 -1.192137766634927232e+01 3.297983349948663268e-02 1.816035062973362091e-01 3.632070125946724182e-01
-2.973947895791583029e+00 -1.181147859885447104e+01 3.297983349948663268e-02 1.816035062973362091e-01 3.632070125946724182e-01
-2.941883767535069971e+00 -1.170157953136534523e+01 3.297983349948663268e-02 1.816035062973362091e-01 3.632070125946724182e-01
-2.909819639278556913e+00 -1.159168046388512252e+01 3.297983349948663268e-02 1.816035062973362091e-01 3.632070125946724182e-01
-2.877755511022043855e+00 -1.148178139641879802e+01 3.297983349948663268e-02 1.816035062973362091e-01 3.632070125946724182e-01
-2.845691382765531241e+00 -1.137188232897403850e+01 3.297983349948662574e-02 1.816035062973361813e-01 3.632070125946723627e-01
-2.813627254509018183e+00 -1.126198326156255014e+01 3.297983349948661186e-02 1.816035062973361536e-01 3.632070125946723071e-01
-2.781563126252505125e+00 -1.115208419420210717e+01 3.297983349948659104e-02 1.816035062973360981e-01 3.632070125946721961e-01
-2.749498997995992067e+00 -1.104218512691954146e+01 3.297983349948652859e-02 1.816035062973359315e-01 3.632070125946718631e-01
-2.717434869739479009e+00 -1.093228605975510170e+01 3.297983349948638981e-02 1.816035062973355430e-01 3.632070125946710859e-01
-2.685370741482965951e+00 -1.082238699276881455e+01 3.297983349948605675e-02 1.816035062973346270e-01 3.632070125946692540e-01
-2.653306613226453337e+00 -1.071248792604968791e+01 3.297983349948528653e-02 1.816035062973325176e-01 3.632070125946650352e-01
-2.621242484969940278e+00 -1.060258885972888798e+01 3.297983349948353793e-02 1.816035062973276881e-01 3.632070125946553762e-01
-2.589178356713427220e+00 -1.049268979399856860e+01 3.297983349947956888e-02 1.816035062973167524e-01 3.632070125946335049e-01
-2.557114228456914162e+00 -1.038279072913854151e+01 3.297983349947070791e-02 1.816035062972923553e-01 3.632070125945847106e-01
-2.525050100200401104e+00 -1.027289166555377697e+01 3.297983349945110554e-02 1.816035062972383984e-01 3.632070125944767969e-01
-2.492985971943888046e+00 -1.016299260382687031e+01 3.297983349940825093e-02 1.816035062971204095e-01 3.632070125942408190e-01
-2.460921843687374988e+00 -1.005309354479080142e+01 3.297983349931560976e-02 1.816035062968653357e-01 3.632070125937306715e-01
-2.428857715430861930e+00 -9.943194489629266997e+00 3.297983349911756679e-02 1.816035062963200775e-01 3.632070125926401549e-01
-2.396793587174348872e+00 -9.833295440013987587e+00 3.297983349869895719e-02 1.816035062951675549e-01 3.632070125903351099e-01
-2.364729458917835814e+00 -9.723396398291249909e+00 3.297983349782401818e-02 1.816035062927586208e-01 3.632070125855172416e-01
-2.332665330661322756e+00 -9.613497367733598864e+00 3.297983349601592978e-02 1.816035062877804918e-01 3.632070125755609835e-01
-2.300601202404809698e+00 -9.503598352876847954e+00 3.297983349232155859e-02 1.816035062776089615e-01 3.632070125552179229e-01
-2.268537074148296639e+00 -9.393699359967998319e+00 3.297983348485842431e-02 1.816035062570610925e-01 3.632070125141221850e-01
-2.236472945891783581e+00 -9.283800397556067452e+00 3.297983346995277121e-02 1.816035062160220870e-01 3.632070124320441740e-01
-2.204408817635270523e+00 -9.173901477265363980e+00 3.297983344052105026e-02 1.816035061349891844e-01 3.632070122699783687e-01
-2.172344689378757465e+00 -9.064002614799589352e+00 3.297983338306953449e-02 1.816035059768107418e-01 3.632070119536214836e-01
-2.140280561122244407e+00 -8.954103831235178390e+00 3.297983327220469635e-02 1.816035056715720464e-01 3.632070113431440928e-01
-2.108216432865731349e+00 -8.844205154673440816e+00 3.297983306072072712e-02 1.816035050893036185e-01 3.632070101786072369e-01
-2.076152304609218291e+00 -8.734306622333200210e+00 3.297983266193792867e-02 1.816035039913545535e-01 3.632070079827091069e-01
-2.044088176352705677e+00 -8.624408283178329526e+00 3.297983191865499347e-02 1.816035019449101784e-01 3.632070038898203568e-01
-2.012024048096192619e+00 -8.514510201187253102e+00 3.297983054930840596e-02 1.816034981747554622e-01 3.632069963495109244e-01
-1.979959919839679561e+00 -8.404612459383601575e+00 3.297982805588515337e-02 1.816034913097354375e-01 3.632069826194708750e-01
-1.947895791583166503e+00 -8.294715164757150205e+00 3.297982356860551523e-02 1.816034789551277118e-01 3.632069579102554235e-01
-1.915831663326653445e+00 -8.184818454211383099e+00 3.297981558764746801e-02 1.816034569815438982e-01 3.632069139630877963e-01
-1.883767535070140386e+00 -8.074922501675969144e+00 3.297980155980008432e-02 1.816034183593472073e-01 3.632068367186944147e-01
-1.851703406813627328e+00 -7.965027526517728163e+00 3.297977719462515805e-02 1.816033512758648272e-01 3.632067025517296543e-01
-1.819639278557114270e+00 -7.855133803369595213e+00 3.297973537617816808e-02 1.816032361390571837e-01 3.632064722781143673e-01
-1.787575150300601212e+00 -7.745241673471216615e+00 3.297966445720780515e-02 1.816030408809494734e-01 3.632060817618989468e-01
-1.755511022044088154e+00 -7.635351557574366232e+00 3.297954562662130940e-02 1.816027137094082811e-01 3.632054274188165621e-01
-1.723446893787575540e+00 -7.525463970408524439e+00 3.297934891080309822e-02 1.816021720982518850e-01 3.632043441965037700e-01
-1.691382765531062482e+00 -7.415579536624244739e+00 3.297902719811986877e-02 1.816012863338800076e-01 3.632025726677600153e-01
-1.659318637274549424e+00 -7.305699008032081387e+00 3.297850745805792905e-02 1.815998553360049506e-01 3.631997106720099011e-01
-1.627254509018036366e+00 -7.195823281831596141e+00 3.297767805982670941e-02 1.815975717343894236e-01 3.631951434687788471e-01
-1.595190380761523308e+00 -7.085953419377994500e+00 3.297637078427190227e-02 1.815939723236206504e-01 3.631879446472413009e-01
-1.563126252505010250e+00 -6.976090664864407209e+00 3.297433578220473893e-02 1.815883690719335142e-01 3.631767381438670284e-01
-1.531062124248497192e+00 -6.866236463108987387e+00 3.297120739126838118e-02 1.815797549047480641e-01 3.631595098094961283e-01
-1.498997995991984133e+00 -6.756392475433088407e+00 3.296645843144887372e-02 1.815666776461167531e-01 3.631333552922335062e-01
-1.466933867735471075e+00 -6.646560592407803725e+00 3.295934042952608500e-02 1.815470749682464302e-01 3.630941499364928604e-01
-1.434869739478958017e+00 -6.536742942041795068e+00 3.294880727482788624e-02 1.815180632191404908e-01 3.630361264382809816e-01
-1.402805611222444959e+00 -6.426941891797106621e+00 3.293342020756405419e-02 1.814756738727371643e-01 3.629513477454743287e-01
-1.370741482965931901e+00 -6.317160042667724795e+00 3.291123293023816981e-02 1.814145334041299129e-01 3.628290668082598258e-01
-1.338677354709418843e+00 -6.207400213456300442e+00 3.287965715961752022e-02 1.813274859463328004e-01 3.626549718926656007e-01
-1.306613226452906229e+00 -6.097665413357584718e+00 3.283531122909134903e-02 1.812051633621165614e-01 3.624103267242331228e-01
-1.274549098196393171e+00 -5.987958801023001598e+00 3.277385748311866659e-02 1.810355144249842230e-01 3.620710288499684459e-01
-1.242484969939880113e+00 -5.878283628458838450e+00 3.268983815560693590e-02 1.808033134530640518e-01 3.616066269061281035e-01
-1.210420841683367055e+00 -5.768643168417527889e+00 3.257652402972271988e-02 1.804896784575858171e-01 3.609793569151716341e-01
-1.178356713426853997e+00 -5.659040624390207164e+00 3.242579509071987637e-02 1.800716387739054181e-01 3.601432775478108361e-01
-1.146292585170340939e+00 -5.549479022905082104e+00 3.222807704544130430e-02 1.795218010310761780e-01 3.590436020621523561e-01
-1.114228456913827880e+00 -5.439961088578471049e+00 3.197236121629468131e-02 1.788081687627684491e-01 3.576163375255368981e-01
-1.082164328657314822e+00 -5.330489103241545124e+00 3.164633697053118033e-02 1.778941735148489300e-01 3.557883470296978601e-01
-1.050100200400801764e+00 -5.221064751452793473e+00 3.123666447665831430e-02 1.767389727158622803e-01 3.534779454317245606e-01
-1.018036072144288706e+00 -5.111688955768689091e+00 3.072941020574308443e-02 1.752980610438777398e-01 3.505961220877554796e-01
-9.859719438877756481e-01 -5.002361706235986638e+00 3.011065748696646963e-02 1.735242273775234878e-01 3.470484547550469756e-01
-9.539078156312625900e-01 -4.893081889630116699e+00 2.936728933556417842e-02 1.713688692136473846e-01 3.427377384272947691e-01
-9.218436873747499760e-01 -4.783847124928266581e+00 2.848792115292201471e-02 1.687836519125060775e-01 3.375673038250121549e-01
-8.897795591182369179e-01 -4.674653612299793259e+00 2.746393808539938572e-02 1.657224730849723437e-01 3.314449461699446875e-01
-8.577154308617238598e-01 -4.565496003446006590e+00 2.629056809590219965e-02 1.621436649884977765e-01 3.242873299769955531e-01
-8.256513026052108017e-01 -4.456367301354620558e+00 2.496790027781389462e-02 1.580123421692555541e-01 3.160246843385111082e-01
-7.935871743486977437e-01 -4.347258797389224938e+00 2.350174231996129612e-02 1.533027798833448974e-01 3.066055597666897947e-01
-7.615230460921846856e-01 -4.238160053063474209e+00 2.190420509516215544e-02 1.480006928874393890e-01 2.960013857748787780e-01
-7.294589178356716275e-01 -4.129058932827065931e+00 2.019390931915883425e-02 1.421052754796908735e-01 2.842105509593817469e-01
-6.973947895791585694e-01 -4.019941692715032211e+00 1.839573106488324658e-02 1.356308632461035724e-01 2.712617264922071447e-01
-6.653306613226455113e-01 -3.910793127812295822e+00 1.654003963702943558e-02 1.286080854263426110e-01 2.572161708526852220e-01
-6.332665330661324532e-01 -3.801596779222034872e+00 1.466143053794036893e-02 1.210843942791157979e-01 2.421687885582315958e-01
-6.012024048096193951e-01 -3.692335198690804177e+00 1.279701311238088703e-02 1.131238839166198717e-01 2.262477678332397435e-01
-5.691382765531063370e-01 -3.582990266355696285e+00 1.098436992478261411e-02 1.048063448689181831e-01 2.096126897378363663e-01
-5.370741482965932789e-01 -3.473543554382476639e+00 9.259354674912031666e-03 9.622554065793567646e-02 1.924510813158713529e-01
-5.050100200400806649e-01 -3.363976726717668786e+00 7.653929131947479272e-03 8.748673689164249145e-02 1.749734737832849829e-01
-4.729458917835676068e-01 -3.254271962946257535e+00 6.194250251675363812e-03 7.870355933295115902e-02 1.574071186659023180e-01
-4.408817635270545487e-01 -3.144412392488765029e+00 4.899202338140578976e-03 6.999430218339618148e-02 1.399886043667923630e-01
-4.088176352705414907e-01 -3.034382524226990618e+00 3.779525840560374501e-03 6.147784837289260729e-02 1.229556967457852146e-01
-3.767535070140284326e-01 -2.924168656227082774e+00 2.837628646554184349e-03 5.326939690435948671e-02 1.065387938087189734e-01
-3.446893787575153745e-01 -2.813759250600686990e+00 2.068086175031288738e-03 4.547621548712347389e-02 9.095243097424694778e-02
-3.126252505010023164e-01 -2.703145259729476724e+00 1.458754717565152520e-03 3.819364760749033999e-02 7.638729521498067998e-02
-2.805611222444892583e-01 -2.592320392040345922e+00 9.923508370383244195e-04 3.150160054724718967e-02 6.300320109449437933e-02
-2.484969939879762002e-01 -2.481281308166957356e+00 6.482994257684715532e-04 2.546172472100960427e-02 5.092344944201920853e-02
-2.164328657314631421e-01 -2.370027741524528331e+00 4.046320156843772296e-04 2.011546707596861133e-02 4.023093415193722266e-02
-1.843687374749500840e-01 -2.258562540869974100e+00 2.397278543395874278e-04 1.548314743001523615e-02 3.096629486003047230e-02
-1.523046092184370259e-01 -2.146891636096873057e+00 1.337302146035504067e-04 1.156417807730192315e-02 2.312835615460384631e-02
-1.202404809619239678e-01 -2.035023932084460085e+00 6.953141124097196254e-05 8.338549708490797935e-03 1.667709941698159587e-02
-8.817635270541135384e-02 -1.922971138641941025e+00 3.329060751709007546e-05 5.769801341215317035e-03 1.153960268243063407e-02
-5.611222444889829575e-02 -1.810747547242449018e+00 1.451614407134642220e-05 3.810005783636872829e-03 7.620011567273745658e-03
-2.404809619238523766e-02 -1.698369767139794151e+00 5.797676215699337718e-06 2.407836417969322351e-03 4.815672835938644702e-03
8.016032064127820433e-03 -1.585856434473229104e+00 2.305328148952346899e-06 1.518330711324890076e-03 3.036661422649780152e-03
4.008016032064087852e-02 -1.473227908022751720e+00 1.180713583346631098e-06 1.086606452836826791e-03 2.173212905673653581e-03
7.214428857715393661e-02 -1.360505964383835753e+00 9.304030502960760978e-07 9.645740253065474912e-04 1.929148050613094982e-03
1.042084168336669947e-01 -1.247713503563468773e+00 9.026269133762245615e-07 9.500667941656652576e-04 1.900133588331330515e-03
1.362725450901800528e-01 -1.134874273505556808e+00 8.912575186226194007e-07 9.440643614831667431e-04 1.888128722966333486e-03
1.683366733466931109e-01 -1.022012619038506820e+00 8.759940152561485374e-07 9.359455193846213418e-04 1.871891038769242684e-03
2.004008016032061690e-01 -9.091532574497778185e-01 8.808396078112897404e-07 9.385305577397518723e-04 1.877061115479503745e-03
2.324649298597192271e-01 -7.963210796038853179e-01 9.179237153688684288e-07 9.580833551256740747e-04 1.916166710251348149e-03
2.645290581162322852e-01 -6.835409725061581954e-01 9.805567028967360345e-07 9.902306311646473860e-04 1.980461262329294772e-03
2.965931863727453432e-01 -5.708376567285825542e-01 1.055382026570769666e-06 1.027317880001496833e-03 2.054635760002993666e-03
3.286573146292584013e-01 -4.582355303689930603e-01 1.134329075162013897e-06 1.065048860457591326e-03 2.130097720915182652e-03
3.607214428857714594e-01 -3.457585103642560331e-01 1.218391097042805289e-06 1.103807545291662353e-03 2.207615090583324707e-03
3.927855711422845175e-01 -2.334298621033544241e-01 1.313788792174145764e-06 1.146206260746357106e-03 2.292412521492714211e-03
4.248496993987975756e-01 -1.212720093895782447e-01 1.425326949988968315e-06 1.193870575057852769e-03 2.387741150115705539e-03
4.569138276553106337e-01 -9.306318804616943441e-03 1.551960639371853999e-06 1.245777122671569296e-03 2.491554245343138591e-03
4.889779559118236918e-01 1.024471447203825492e-01 1.687219607238010534e-06 1.298930177968781645e-03 2.597860355937563290e-03
5.210420841683358617e-01 2.139698910343511562e-01 1.824053974187514190e-06 1.350575423361284957e-03 2.701150846722569915e-03
5.531062124248489198e-01 3.252453029400393381e-01 1.961369447106964378e-06 1.400489002851134247e-03 2.800978005702268493e-03
5.851703406813619779e-01 4.362589521979117757e-01 2.108739522327721529e-06 1.452149965508976390e-03 2.904299931017952779e-03
6.172344689378750360e-01 5.469989228801649395e-01 2.286436021098307011e-06 1.512096564739933303e-03 3.024193129479866606e-03
6.492985971943880941e-01 6.574561288852988072e-01 2.519450473197772446e-06 1.587277692528239617e-03 3.174555385056479235e-03
6.813627254509011522e-01 7.676246104958238670e-01 2.826017929774075301e-06 1.681076419968490204e-03 3.362152839936980407e-03
7.134268537074142102e-01 8.775017938830300679e-01 3.203085555537757177e-06 1.789716613192646622e-03 3.579433226385293244e-03
7.454909819639272683e-01 9.870886975320515289e-01 3.613414325766806831e-06 1.900898294429980004e-03 3.801796588859960007e-03
7.775551102204403264e-01 1.096390070700828945e+00 3.981990441209388770e-06 1.995492530983112699e-03 3.990985061966225399e-03
8.096192384769533845e-01 1.205414451184982694e+00 4.213333973957488858e-06 2.052640731827537479e-03 4.105281463655074958e-03
8.416833667334664426e-01 1.314174132713208154e+00 4.245611121719763343e-06 2.060488078519204670e-03 4.120976157038409339e-03
8.737474949899795007e-01 1.422685036060140185e+00 4.160765004994839921e-06 2.039795334094780983e-03 4.079590668189561967e-03
9.058116232464925588e-01 1.530966482205157186e+00 4.370047495258060980e-06 2.090465856037371749e-03 4.180931712074743498e-03
9.378757515030056169e-01 1.639040870326916810e+00 5.889120654677212833e-06 2.426751049176081605e-03 4.853502098352163209e-03
9.699398797595186750e-01 1.746933267834966941e+00 1.070481035837623856e-05 3.271820648870631208e-03 6.543641297741262415e-03
1.002004008016031733e+00 1.854670923740432853e+00 2.221673440241907834e-05 4.713463100780473578e-03 9.426926201560947155e-03
1.034068136272544791e+00 1.962282720222000343e+00 4.571358671294323788e-05 6.761182345784147972e-03 1.352236469156829594e-02
1.066132264529057849e+00 2.069798580055808301e+00 8.882006808397134242e-05 9.424439934763833779e-03 1.884887986952766756e-02
1.098196392785570907e+00 2.177248849504207495e+00 1.618318753501052560e-04 1.272131578690291129e-02 2.544263157380582258e-02
1.130260521042083965e+00 2.284663677212614097e+00 2.778484675605912913e-04 1.666878722524801210e-02 3.333757445049602419e-02
1.162324649298597024e+00 2.392072409620565221e+00 4.526208500040642996e-04 2.127488777888297822e-02 4.254977555776595644e-02
1.194388777555110082e+00 2.499503022386632800e+00 7.040560488752529078e-04 2.653405451255523573e-02 5.306810902511047146e-02
1.226452905811623140e+00 2.606981605444914418e+00 1.051359576928386982e-03 3.242467543289195148e-02 6.484935086578390295e-02
1.258517034068136198e+00 2.714531916686711455e+00 1.513846883243632861e-03 3.890818529877271281e-02 7.781637059754542562e-02
1.290581162324649256e+00 2.822175016062579367e+00 2.109506792868486285e-03 4.592936743379431863e-02 9.185873486758863726e-02
1.322645290581162314e+00 2.929928988317289651e+00 2.853445362888831858e-03 5.341765029359520772e-02 1.068353005871904154e-01
1.354709418837674484e+00 3.037808758803031584e+00 3.756369101077833891e-03 6.128922499981406813e-02 1.225784499996281363e-01
1.386773547094187542e+00 3.145826003061175768e+00 4.823276088485377484e-03 6.944980985204622648e-02 1.388996197040924530e-01
1.418837675350700600e+00 3.253989147302629004e+00 6.052509701660268270e-03 7.779787723106761088e-02 1.555957544621352218e-01
1.450901803607213658e+00 3.362303453710622225e+00 7.435293830928164753e-03 8.622814987536357723e-02 1.724562997507271545e-01
1.482965931863726716e+00 3.470771181765658131e+00 8.955815918625464542e-03 9.463517273522284445e-02 1.892703454704456889e-01
1.515030060120239774e+00 3.579391814643584802e+00 1.059186264971648250e-02 1.029167753561900239e-01 2.058335507123800479e-01
1.547094188376752832e+00 3.688162338219392655e+00 1.231595176544596389e-02 1.109772578749626676e-01 2.219545157499253352e-01
1.579158316633265891e+00 3.797077559339438579e+00 1.409685086873190690e-02 1.187301598951669285e-01 2.374603197903338569e-01
1.611222444889778949e+00 3.906130449786417991e+00 1.590133703992219205e-02 1.261005037258860206e-01 2.522010074517720413e-01
1.643286573146292007e+00 4.015312502707065079e+00 1.769603356609934786e-02 1.330264393498500897e-01 2.660528786997001793e-01
1.675350701402805065e+00 4.124614089129774896e+00 1.944916289356104708e-02 1.394602556055345999e-01 2.789205112110691998e-01
1.707414829659318123e+00 4.234024803477269394e+00 2.113207583673116369e-02 1.453687581178678412e-01 2.907375162357356824e-01
1.739478957915831181e+00 4.343533788575541621e+00 2.272045160353949877e-02 1.507330474830901046e-01 3.014660949661802092e-01
1.771543086172344239e+00 4.453130032467463195e+00 2.419510547903358511e-02 1.555477594793109875e-01 3.110955189586219749e-01
1.803607214428857297e+00 4.562802631251924979e+00 2.554238491734998201e-02 1.598198514495304534e-01 3.196397028990609068e-01
1.835671342685370355e+00 4.672541014088539058e+00 2.675417485768275330e-02 1.635670347523691948e-01 3.271340695047383895e-01
1.867735470941883413e+00 4.782335128346733910e+00 2.782756517559752812e-02 1.668159619928426540e-01 3.336319239856853081e-01
1.899799599198396471e+00 4.892175584563941193e+00 2.876425488156948360e-02 1.696002797213774782e-01 3.392005594427549564e-01
1.931863727454909530e+00 5.002053762354925937e+00 2.956977829557889265e-02 1.719586528662599423e-01 3.439173057325198846e-01
1.963927855711422588e+00 5.111961879644956852e+00 3.025263877737437157e-02 1.739328570954158937e-01 3.478657141908317874e-01
1.995991983967935646e+00 5.221893028562392125e+00 3.082342759300693222e-02 1.755660206105011945e-01 3.511320412210023889e-01
2.028056112224448704e+00 5.331841182016503033e+00 3.129399168357149819e-02 1.769010788083879848e-01 3.538021576167759696e-01
2.060120240480961762e+00 5.441801175412836145e+00 3.167669715883548315e-02 1.779794852190428323e-01 3.559589704380856645e-01
2.092184368737474820e+00 5.551768668141725982e+00 3.198381772549731272e-02 1.788402016480000190e-01 3.576804032960000379e-01
2.124248496993987878e+00 5.661740089444838198e+00 3.222706094808893557e-02 1.795189709977442483e-01 3.590379419954884965e-01
2.156312625250500048e+00 5.771712573055041595e+00 3.241723158308521674e-02 1.800478591460759892e-01 3.600957182921519784e-01
2.188376753507013106e+00 5.881683884654558270e+00 3.256402094523495189e-02 1.804550385698192594e-01 3.609100771396385188e-01
2.220440881763526164e+00 5.991652345744142849e+00 3.267590452381477495e-02 1.807647767785935944e-01 3.615295535571871888e-01
2.252505010020039222e+00 6.101616756999239222e+00 3.276012660024292533e-02 1.809975872774080008e-01 3.619951745548160016e-01
2.284569138276552280e+00 6.211576323641669894e+00 3.282274988112070246e-02 1.811704994780350686e-01 3.623409989560701372e-01
2.316633266533065338e+00 6.321530584807090847e+00 3.286874946795033392e-02 1.812974061258194880e-01 3.625948122516389760e-01
2.348697394789578397e+00 6.431479348363561499e+00 3.290213313300079795e-02 1.813894515483212844e-01 3.627789030966425687e-01
2.380761523046091455e+00 6.541422632153837569e+00 3.292607322358380439e-02 1.814554304053306866e-01 3.629108608106613731e-01
2.412825651302604513e+00 6.651360612206794976e+00 3.294303905670922794e-02 1.815021736969263666e-01 3.630043473938527332e-01
2.444889779559117571e+00 6.761293578099603963e+00 3.295492201509869074e-02 1.815349057759930995e-01 3.630698115519861990e-01
2.476953907815630629e+00 6.871221895355514420e+00 3.296314847386361963e-02 1.815575624254291975e-01 3.631151248508583951e-01
2.509018036072143687e+00 6.981145974531685283e+00 3.296877805436195658e-02 1.815730653328349598e-01 3.631461306656699195e-01
2.541082164328656745e+00 7.091066246484067470e+00 3.297258649071412723e-02 1.815835523683632657e-01 3.631671047367265315e-01
2.573146292585169803e+00 7.200983143185705870e+00 3.297513364303582273e-02 1.815905659527383698e-01 3.631811319054767395e-01
2.605210420841682861e+00 7.310897083413928854e+00 3.297681797631176609e-02 1.815952036159318994e-01 3.631904072318637988e-01
2.637274549098195919e+00 7.420808462602296096e+00 3.297791923899596328e-02 1.815982357816175452e-01 3.631964715632350904e-01
2.669338677354708977e+00 7.530717646166579904e+00 3.297863121636798039e-02 1.816001960802024473e-01 3.632003921604048946e-01
2.701402805611222036e+00 7.640624965652337508e+00 3.297908638705643325e-02 1.816014492977862660e-01 3.632028985955725320e-01
2.733466933867735094e+00 7.750530717107323220e+00 3.297937414922041260e-02 1.816022415864419204e-01 3.632044831728838408e-01
2.765531062124248152e+00 7.860435161148465077e+00 3.297955406160381353e-02 1.816027369331305319e-01 3.632054738662610638e-01
2.797595190380761210e+00 7.970338524264901636e+00 3.297966530426324483e-02 1.816030432131114924e-01 3.632060864262229849e-01
2.829659318637274268e+00 8.080241000971058796e+00 3.297973333075087526e-02 1.816032305074743725e-01 3.632064610149487449e-01
2.861723446893787326e+00 8.190142756493642651e+00 3.297977447348495600e-02 1.816033437838768250e-01 3.632066875677536499e-01
2.893787575150300384e+00 8.300043929741132587e+00 3.297979908438101321e-02 1.816034115438942276e-01 3.632068230877884552e-01
2.925851703406813442e+00 8.409944636362476800e+00 3.297981364535704230e-02 1.816034516339296856e-01 3.632069032678593712e-01
2.957915831663326500e+00 8.519844971752101870e+00 3.297982216636356073e-02 1.816034750944033049e-01 3.632069501888066099e-01
2.989979959919838670e+00 8.629745013901132467e+00 3.297982709851372124e-02 1.816034886738515375e-01 3.632069773477030750e-01
3.022044088176351728e+00 8.739644826029698166e+00 3.297982992231068139e-02 1.816034964484733727e-01 3.632069928969467454e-01
3.054108216432864786e+00 8.849544458963126914e+00 3.297983152145803759e-02 1.816035008513273152e-01 3.632070017026546305e-01
3.086172344689377844e+00 8.959443953236368330e+00 3.297983241724915943e-02 1.816035033176650049e-01 3.632070066353300097e-01
3.118236472945890903e+00 9.069343340926874220e+00 3.297983291360496311e-02 1.816035046842570111e-01 3.632070093685140222e-01
3.150300601202403961e+00 9.179242647227388474e+00 3.297983318565693434e-02 1.816035054332843512e-01 3.632070108665687025e-01
3.182364729458917019e+00 9.289141891777452642e+00 3.297983333315521182e-02 1.816035058393840884e-01 3.632070116787681768e-01
3.214428857715430077e+00 9.399041089776726920e+00 3.297983341225983051e-02 1.816035060571789539e-01 3.632070121143579078e-01
3.246492985971943135e+00 9.508940252905231816e+00 3.297983345422604573e-02 1.816035061727224731e-01 3.632070123454449462e-01
3.278557114228456193e+00 9.618839390075736517e+00 3.297983347624941497e-02 1.816035062333583305e-01 3.632070124667166611e-01
3.310621242484969251e+00 9.728738508042704680e+00 3.297983348768231127e-02 1.816035062648359566e-01 3.632070125296719132e-01
3.342685370741482309e+00 9.838637611890327150e+00 3.297983349355342042e-02 1.816035062810005818e-01 3.632070125620011636e-01
3.374749498997995367e+00 9.948536705420000459e+00 3.297983349653589580e-02 1.816035062892120966e-01 3.632070125784241932e-01
3.406813627254508425e+00 1.005843579145527578e+01 3.297983349803464831e-02 1.816035062933385458e-01 3.632070125866770915e-01
3.438877755511021483e+00 1.016833487207972908e+01 3.297983349877969816e-02 1.816035062953898493e-01 3.632070125907796987e-01
3.470941883767534542e+00 1.027823394882097041e+01 3.297983349914607176e-02 1.816035062963985702e-01 3.632070125927971405e-01
3.503006012024047600e+00 1.038813302279186246e+01 3.297983349932430419e-02 1.816035062968892888e-01 3.632070125937785776e-01
3.535070140280560658e+00 1.049803209479799548e+01 3.297983349941008280e-02 1.816035062971254610e-01 3.632070125942509220e-01
3.567134268537073716e+00 1.060793116541887215e+01 3.297983349945091125e-02 1.816035062972378711e-01 3.632070125944757422e-01
3.599198396793586774e+00 1.071783023506877619e+01 3.297983349947013892e-02 1.816035062972908010e-01 3.632070125945816019e-01
3.631262525050099832e+00 1.082772930404203748e+01 3.297983349947909704e-02 1.816035062973154757e-01 3.632070125946309513e-01
3.663326653306612890e+00 1.093762837254649867e+01 3.297983349948322568e-02 1.816035062973268277e-01 3.632070125946536554e-01
3.695390781563125948e+00 1.104752744072802884e+01 3.297983349948510612e-02 1.816035062973320180e-01 3.632070125946640360e-01
3.727454909819639006e+00 1.115742650868838126e+01 3.297983349948595960e-02 1.816035062973343495e-01 3.632070125946686989e-01
3.759519038076152064e+00 1.126732557649811461e+01 3.297983349948634124e-02 1.816035062973354042e-01 3.632070125946708083e-01
3.791583166332665122e+00 1.137722464420586554e+01 3.297983349948650084e-02 1.816035062973358483e-01 3.632070125946716965e-01
3.823647294589177292e+00 1.148712371184494785e+01 3.297983349948658410e-02 1.816035062973360703e-01 3.632070125946721406e-01
3.855711422845690350e+00 1.159702277943806870e+01 3.297983349948660492e-02 1.816035062973361258e-01 3.632070125946722516e-01
3.887775551102203409e+00 1.170692184700058647e+01 3.297983349948662574e-02 1.816035062973361813e-01 3.632070125946723627e-01
3.919839679358716467e+00 1.181682091454284844e+01 3.297983349948662574e-02 1.816035062973361813e-01 3.632070125946723627e-01
3.951903807615229525e+00 1.192671998207177886e+01 3.297983349948663268e-02 1.816035062973362091e-01 3.632070125946724182e-01
3.983967935871742583e+00 1.203661904959198026e+01 3.297983349948663268e-02 1.816035062973362091e-01 3.632070125946724182e-01
