# X mu var std 2std
-1.731812249505963575e+00 -2.330389363526995439e+00 4.584742019354935000e-02 2.141201069342843211e-01 4.282402138685686421e-01
-1.722269269759409083e+00 -2.348266391232097128e+00 4.584691256685689831e-02 2.141189215526196621e-01 4.282378431052393242e-01
-1.712726290012854813e+00 -2.315889491384434340e+00 4.584632032131307627e-02 2.141175385654175700e-01 4.282350771308351400e-01
-1.703183310266300321e+00 -2.241375370361303965e+00 4.584579902182174538e-02 2.141163212410995553e-01 4.282326424821991107e-01
-1.693640330519745829e+00 -2.139777700496227286e+00 4.584546150128573916e-02 2.141155330686817237e-01 4.282310661373634475e-01
-1.684097350773191559e+00 -2.030986583876912555e+00 4.584533911169902387e-02 2.141152472658101602e-01 4.282304945316203204e-01
-1.674554371026637067e+00 -1.936806177890292746e+00 4.584537837198948002e-02 2.141153389460677681e-01 4.282306778921355361e-01
-1.665011391280082576e+00 -1.877155172954026341e+00 4.584548365470397790e-02 2.141155848010694862e-01 4.282311696021389724e-01
-1.655468411533528306e+00 -1.864612646275897845e+00 4.584559127534125478e-02 2.141158361152702139e-01 4.282316722305404277e-01
-1.645925431786973814e+00 -1.897360368880766535e+00 4.584572179822936355e-02 2.141161409100896529e-01 4.282322818201793058e-01
-1.636382452040419322e+00 -1.954444607986834059e+00 4.584595046740274488e-02 2.141166748933925057e-01 4.282333497867850114e-01
-1.626839472293865052e+00 -2.002522652123326807e+00 4.584630075643320035e-02 2.141174928781700570e-01 4.282349857563401141e-01
-1.617296492547310560e+00 -2.016745731603657443e+00 4.584669361503219270e-02 2.141184102664509259e-01 4.282368205329018518e-01
-1.607753512800756068e+00 -1.993339117374297587e+00 4.584705082667263343e-02 2.141192444099143388e-01 4.282384888198286776e-01
-1.598210533054201798e+00 -1.933296090482881979e+00 4.584741994858786140e-02 2.141201063622654444e-01 4.282402127245308887e-01
-1.588667553307647307e+00 -1.825438705743595014e+00 4.584798300157195278e-02 2.141214211646559062e-01 4.282428423293118125e-01
-1.579124573561092815e+00 -1.666523490979655353e+00 4.584890669166061944e-02 2.141235780843870895e-01 4.282471561687741790e-01
-1.569581593814538545e+00 -1.488539565161861589e+00 4.585011206059031591e-02 2.141263927230604436e-01 4.282527854461208872e-01
-1.560038614067984053e+00 -1.338903935106166676e+00 4.585125633838599279e-02 2.141290646745228621e-01 4.282581293490457242e-01
-1.550495634321429561e+00 -1.246248557340295493e+00 4.585195696612627547e-02 2.141307006622970854e-01 4.282614013245941709e-01
-1.540952654574875291e+00 -1.221587339368066738e+00 4.585204342499767105e-02 2.141309025456103465e-01 4.282618050912206931e-01
-1.531409674828320799e+00 -1.271990585480112568e+00 4.585163393935649118e-02 2.141299463861990882e-01 4.282598927723981763e-01
-1.521866695081766307e+00 -1.392545782570731250e+00 4.585100559518600488e-02 2.141284791782400998e-01 4.282569583564801996e-01
-1.512323715335211816e+00 -1.537849493462867478e+00 4.585042410663728307e-02 2.141271213710147503e-01 4.282542427420295006e-01
-1.502780735588657546e+00 -1.616412044437638418e+00 4.585003747325606255e-02 2.141262185563833909e-01 4.282524371127667817e-01
-1.493237755842103054e+00 -1.546626429379912349e+00 4.584982161790013278e-02 2.141257145181309773e-01 4.282514290362619547e-01
-1.483694776095548562e+00 -1.331837693471060735e+00 4.584971619334225063e-02 2.141254683435444284e-01 4.282509366870888567e-01
-1.474151796348994292e+00 -1.067104771830809540e+00 4.584978654543566540e-02 2.141256326212153116e-01 4.282512652424306232e-01
-1.464608816602439800e+00 -8.566171583212354168e-01 4.585005264820765647e-02 2.141262539909752904e-01 4.282525079819505809e-01
-1.455065836855885308e+00 -7.205105210561526530e-01 4.585044039892464951e-02 2.141271594145045531e-01 4.282543188290091063e-01
-1.445522857109331039e+00 -5.868604015503597893e-01 4.585094636530053641e-02 2.141283408736464611e-01 4.282566817472929221e-01
-1.435979877362776547e+00 -3.770103851942920858e-01 4.585164091742906234e-02 2.141299626802121714e-01 4.282599253604243428e-01
-1.426436897616222055e+00 -9.655666222809888843e-02 4.585264545068198222e-02 2.141323082831780023e-01 4.282646165663560045e-01
-1.416893917869667785e+00 1.606840176845278911e-01 4.585412126203662619e-02 2.141357542822698024e-01 4.282715085645396047e-01
-1.407350938123113293e+00 2.981265452040964270e-01 4.585620876144379243e-02 2.141406284698067208e-01 4.282812569396134417e-01
-1.397807958376558801e+00 2.956811711220688199e-01 4.585896527828221825e-02 2.141470646034687453e-01 4.282941292069374906e-01
-1.388264978630004531e+00 2.028889991619253763e-01 4.586230938646763261e-02 2.141548724322368258e-01 4.283097448644736516e-01
-1.378721998883450039e+00 8.121065524756421183e-02 4.586600193665273106e-02 2.141634934732171702e-01 4.283269869464343405e-01
-1.369179019136895548e+00 -3.144442658554713610e-02 4.586969907201024488e-02 2.141721248715860448e-01 4.283442497431720897e-01
-1.359636039390341278e+00 -1.211138823937274456e-01 4.587305988285683006e-02 2.141799707789148743e-01 4.283599415578297487e-01
-1.350093059643786786e+00 -1.860568405553628679e-01 4.587581833198337705e-02 2.141864102411340509e-01 4.283728204822681018e-01
-1.340550079897232294e+00 -2.278712120113874917e-01 4.587777856844912905e-02 2.141909861979470198e-01 4.283819723958940395e-01
-1.331007100150678024e+00 -2.480331792423338122e-01 4.587880333407989841e-02 2.141933783618903131e-01 4.283867567237806262e-01
-1.321464120404123532e+00 -2.476812998099922059e-01 4.587884363879222993e-02 2.141934724467396689e-01 4.283869448934793378e-01
-1.311921140657569040e+00 -2.281907126016786691e-01 4.587796523169480195e-02 2.141914219377022699e-01 4.283828438754045398e-01
-1.302378160911014549e+00 -1.914032090289721211e-01 4.587632742216356252e-02 2.141875986656640307e-01 4.283751973313280614e-01
-1.292835181164460279e+00 -1.394678133329281255e-01 4.587413000911445132e-02 2.141824689583964325e-01 4.283649379167928650e-01
-1.283292201417905787e+00 -7.460652770686060364e-02 4.587156662816646580e-02 2.141764847693753415e-01 4.283529695387506830e-01
-1.273749221671351295e+00 9.279729016835602806e-04 4.586880316663186075e-02 2.141700333067907414e-01 4.283400666135814827e-01
-1.264206241924797025e+00 8.463721328559015156e-02 4.586597583171295872e-02 2.141634325269207995e-01 4.283268650538415989e-01
-1.254663262178242533e+00 1.734323591390818375e-01 4.586319573803129129e-02 2.141569418394633495e-01 4.283138836789266990e-01
-1.245120282431688041e+00 2.633733864134586433e-01 4.586055204747903347e-02 2.141507694300420483e-01 4.283015388600840967e-01
-1.235577302685133771e+00 3.496925136271085144e-01 4.585811244077146048e-02 2.141450733516217508e-01 4.282901467032435017e-01
-1.226034322938579280e+00 4.272297744740358727e-01 4.585592269344753585e-02 2.141399605245306315e-01 4.282799210490612629e-01
-1.216491343192024788e+00 4.912729236768762497e-01 4.585400707566097966e-02 2.141354876606420543e-01 4.282709753212841086e-01
-1.206948363445470518e+00 5.385994209327564786e-01 4.585237025795828314e-02 2.141316657058415507e-01 4.282633314116831014e-01
-1.197405383698916026e+00 5.683446359961619176e-01 4.585100064957729760e-02 2.141284676300124756e-01 4.282569352600249513e-01
-1.187862403952361534e+00 5.823053934576338797e-01 4.584987484320519197e-02 2.141258388032728499e-01 4.282516776065456998e-01
-1.178319424205807264e+00 5.845081174184296735e-01 4.584896265452302611e-02 2.141237087632358038e-01 4.282474175264716076e-01
-1.168776444459252772e+00 5.802221569137848700e-01 4.584823188777373965e-02 2.141220023439294740e-01 4.282440046878589479e-01
-1.159233464712698281e+00 5.748419916847344879e-01 4.584765185863474285e-02 2.141206479035469845e-01 4.282412958070939690e-01
-1.149690484966144011e+00 5.730377490800155904e-01 4.584719524705179600e-02 2.141195816525237883e-01 4.282391633050475765e-01
-1.140147505219589519e+00 5.783480538831993201e-01 4.584683862861171910e-02 2.141187488955876572e-01 4.282374977911753144e-01
-1.130604525473035027e+00 5.931572513891816278e-01 4.584656237436539328e-02 2.141181037987339164e-01 4.282362075974678328e-01
-1.121061545726480757e+00 6.188896180913139311e-01 4.584635042196621990e-02 2.141176088554283818e-01 4.282352177108567637e-01
-1.111518565979926265e+00 6.562625520892368947e-01 4.584619008111838478e-02 2.141172344327246790e-01 4.282344688654493581e-01
-1.101975586233371773e+00 7.055005592299887773e-01 4.584607183512027367e-02 2.141169583081178329e-01 4.282339166162356658e-01
-1.092432606486817281e+00 7.664673204815022345e-01 4.584598906211555247e-02 2.141167650187989213e-01 4.282335300375978426e-01
-1.082889626740263012e+00 8.387052996566928265e-01 4.584593762784820725e-02 2.141166449107780312e-01 4.282332898215560624e-01
-1.073346646993708520e+00 9.213843700008303994e-01 4.584591532308395639e-02 2.141165928252267703e-01 4.282331856504535406e-01
-1.063803667247154028e+00 1.013161606440287965e+00 4.584592112114436319e-02 2.141166063647197970e-01 4.282332127294395940e-01
-1.054260687500599758e+00 1.111950832479870588e+00 4.584595424181039935e-02 2.141166837072963902e-01 4.282333674145927804e-01
-1.044717707754045266e+00 1.214597693617172736e+00 4.584601306721931141e-02 2.141168210748966572e-01 4.282336421497933143e-01
-1.035174728007490774e+00 1.316459680000691357e+00 4.584609410460992879e-02 2.141170103112079448e-01 4.282340206224158896e-01
-1.025631748260936504e+00 1.410912738098025976e+00 4.584619149324183768e-02 2.141172377302720531e-01 4.282344754605441062e-01
-1.016088768514382012e+00 1.488873197402517556e+00 4.584629810872756228e-02 2.141174866953363953e-01 4.282349733906727907e-01
-1.006545788767827521e+00 1.538577438147950671e+00 4.584640995286770604e-02 2.141177478698758074e-01 4.282354957397516149e-01
-9.970028090212731398e-01 1.546122601519624773e+00 4.584653466127119187e-02 2.141180390842191417e-01 4.282360781684382833e-01
-9.874598292747187589e-01 1.497518511236902494e+00 4.584669943847866080e-02 2.141184238651094307e-01 4.282368477302188614e-01
-9.779168495281643780e-01 1.382814967522214999e+00 4.584694554929345106e-02 2.141189985715734045e-01 4.282379971431468091e-01
-9.683738697816098862e-01 1.201693821239875337e+00 4.584730228321565876e-02 2.141198315972055455e-01 4.282396631944110910e-01
-9.588308900350555053e-01 9.679826560362065901e-01 4.584776220787868672e-02 2.141209055834546182e-01 4.282418111669092364e-01
-9.492879102885010134e-01 7.097904888357302600e-01 4.584828950629542960e-02 2.141221368898961475e-01 4.282442737797922949e-01
-9.397449305419466326e-01 4.644976562240088480e-01 4.584884473853263059e-02 2.141234334175795562e-01 4.282468668351591123e-01
-9.302019507953922517e-01 2.723256561627764860e-01 4.584936723574832562e-02 2.141246534982562955e-01 4.282493069965125909e-01
-9.206589710488377598e-01 1.745070541618525262e-01 4.584969619581030775e-02 2.141254216477116723e-01 4.282508432954233446e-01
-9.111159913022833789e-01 2.217850561072685078e-01 4.584951037956031678e-02 2.141249877514539712e-01 4.282499755029079425e-01
-9.015730115557289981e-01 4.983210716098549486e-01 4.584852313409415459e-02 2.141226824371816884e-01 4.282453648743633767e-01
-8.920300318091745062e-01 1.058081192563910200e+00 4.584724657328930614e-02 2.141197015066322873e-01 4.282394030132645746e-01
-8.824870520626201253e-01 1.231659876322840352e+00 4.584796447190062074e-02 2.141213778955773084e-01 4.282427557911546168e-01
-8.729440723160657445e-01 8.174931136000325171e-01 4.585075336017112313e-02 2.141278901968894088e-01 4.282557803937788177e-01
-8.634010925695112526e-01 6.809247778620979297e-01 4.585166499598129081e-02 2.141300189043593427e-01 4.282600378087186854e-01
-8.538581128229568717e-01 1.004415484021961680e+00 4.584911649005236206e-02 2.141240679840833716e-01 4.282481359681667432e-01
-8.443151330764023799e-01 1.532818790429645306e+00 4.584658551228243395e-02 2.141181578294620858e-01 4.282363156589241715e-01
-8.347721533298479990e-01 1.472118710420608156e+00 4.584633437849456455e-02 2.141175713912675804e-01 4.282351427825351609e-01
-8.252291735832936181e-01 1.191087800967906229e+00 4.584696737284243290e-02 2.141190495328298138e-01 4.282380990656596276e-01
-8.156861938367391263e-01 9.766126900241658415e-01 4.584775651704461885e-02 2.141208922946208348e-01 4.282417845892416697e-01
-8.061432140901847454e-01 8.558951984140064084e-01 4.584841389401170947e-02 2.141224273494294894e-01 4.282448546988589788e-01
-7.966002343436303645e-01 8.169709463785927994e-01 4.584874920261319819e-02 2.141232103313725210e-01 4.282464206627450420e-01
-7.870572545970758727e-01 8.416954776341423194e-01 4.584873629397884232e-02 2.141231801883645702e-01 4.282463603767291405e-01
-7.775142748505214918e-01 9.116878389115365966e-01 4.584848583794639415e-02 2.141225953465593357e-01 4.282451906931186714e-01
-7.679712951039671109e-01 1.010314924681441795e+00 4.584813277538066917e-02 2.141217709047369966e-01 4.282435418094739932e-01
-7.584283153574126191e-01 1.122275094733277800e+00 4.584777287886363656e-02 2.141209305015827624e-01 4.282418610031655248e-01
-7.488853356108582382e-01 1.233563669261770634e+00 4.584745625754953896e-02 2.141201911486853293e-01 4.282403822973706586e-01
-7.393423558643037463e-01 1.332523511114063419e+00 4.584720119932757937e-02 2.141195955519428484e-01 4.282391911038856969e-01
-7.297993761177493655e-01 1.411000107617863764e+00 4.584700664840980766e-02 2.141191412471332711e-01 4.282382824942665422e-01
-7.202563963711949846e-01 1.464588101839005230e+00 4.584686048300451455e-02 2.141187999289285160e-01 4.282375998578570320e-01
-7.107134166246404927e-01 1.491922561631501942e+00 4.584674610706272052e-02 2.141185328435227242e-01 4.282370656870454484e-01
-7.011704368780861119e-01 1.493634363879059235e+00 4.584664769719002525e-02 2.141183030410759303e-01 4.282366060821518605e-01
-6.916274571315317310e-01 1.471509333241481254e+00 4.584655334389744347e-02 2.141180827111466567e-01 4.282361654222933134e-01
-6.820844773849772391e-01 1.428003750888798384e+00 4.584645615559409387e-02 2.141178557607797683e-01 4.282357115215595367e-01
-6.725414976384228583e-01 1.366011343066123596e+00 4.584635400373353320e-02 2.141176172194467764e-01 4.282352344388935528e-01
-6.629985178918684774e-01 1.288729427508495951e+00 4.584624851342254670e-02 2.141173708820060806e-01 4.282347417640121612e-01
-6.534555381453139855e-01 1.199531592361259946e+00 4.584614369574208093e-02 2.141171261149889538e-01 4.282342522299779075e-01
-6.439125583987596046e-01 1.101822831662029767e+00 4.584604452770196792e-02 2.141168945405802493e-01 4.282337890811604986e-01
-6.343695786522051128e-01 9.988904777896836507e-01 4.584595573064165902e-02 2.141166871839783881e-01 4.282333743679567761e-01
-6.248265989056507319e-01 8.937720364648489291e-01 4.584588090555111878e-02 2.141165124542035725e-01 4.282330249084071450e-01
-6.152836191590963510e-01 7.891544122170768283e-01 4.584582207939883608e-02 2.141163750846694080e-01 4.282327501693388161e-01
-6.057406394125418592e-01 6.873101683771052350e-01 4.584577963494904790e-02 2.141162759692710749e-01 4.282325519385421497e-01
-5.961976596659874783e-01 5.900701768502838451e-01 4.584575253964064123e-02 2.141162126968451651e-01 4.282324253936903302e-01
-5.866546799194330974e-01 4.988283562380482206e-01 4.584573875328550735e-02 2.141161805032153753e-01 4.282323610064307506e-01
-5.771117001728786056e-01 4.145720926430809250e-01 4.584573568708269486e-02 2.141161733430772263e-01 4.282323466861544525e-01
-5.675687204263242247e-01 3.379308100737548060e-01 4.584574061130387845e-02 2.141161848420242153e-01 4.282323696840484306e-01
-5.580257406797697328e-01 2.692349484615637056e-01 4.584575095390980987e-02 2.141162089938774549e-01 4.282324179877549097e-01
-5.484827609332153520e-01 2.085783066763171600e-01 4.584576447732616883e-02 2.141162405734935714e-01 4.282324811469871428e-01
-5.389397811866609711e-01 1.558781046094570577e-01 4.584577935131151083e-02 2.141162753069264235e-01 4.282325506138528470e-01
-5.293968014401064792e-01 1.109288461033473006e-01 4.584579415294106480e-02 2.141163098713899093e-01 4.282326197427798187e-01
-5.198538216935520984e-01 7.344775676073189707e-02 4.584580782460243725e-02 2.141163417971697902e-01 4.282326835943395804e-01
-5.103108419469977175e-01 4.311097445706701947e-02 4.584581961410778145e-02 2.141163693277741420e-01 4.282327386555482840e-01
-5.007678622004432256e-01 1.958067644713112898e-02 4.584582901271293948e-02 2.141163912751962439e-01 4.282327825503924879e-01
-4.912248824538888448e-01 2.523941326652900941e-03 4.584583569975034245e-02 2.141164068906218632e-01 4.282328137812437263e-01
-4.816819027073344084e-01 -8.375560676783910807e-03 4.584583949760405452e-02 2.141164157592874984e-01 4.282328315185749967e-01
-4.721389229607799720e-01 -1.341188356023170769e-02 4.584584033772859391e-02 2.141164177211280495e-01 4.282328354422560990e-01
-4.625959432142255912e-01 -1.285602162149657168e-02 4.584583823681549763e-02 2.141164128151214208e-01 4.282328256302428415e-01
-4.530529634676711548e-01 -6.959037337298079606e-03 4.584583328150549503e-02 2.141164012435887443e-01 4.282328024871774885e-01
-4.435099837211167184e-01 4.041764389297819449e-03 4.584582561981432464e-02 2.141163833521721183e-01 4.282327667043442365e-01
-4.339670039745623376e-01 1.991438529993905249e-02 4.584581545741349407e-02 2.141163596211496656e-01 4.282327192422993312e-01
-4.244240242280079012e-01 4.042212362172681317e-02 4.584580305692866065e-02 2.141163306637974828e-01 4.282326613275949656e-01
-4.148810444814534648e-01 6.531271611980460357e-02 4.584578873842311275e-02 2.141162972275186538e-01 4.282325944550373076e-01
-4.053380647348990284e-01 9.430737562402868868e-02 4.584577287921953737e-02 2.141162601934274712e-01 4.282325203868549424e-01
-3.957950849883446476e-01 1.270905190099400617e-01 4.584575591122896226e-02 2.141162205701122589e-01 4.282324411402245179e-01
-3.862521052417902112e-01 1.633010266874606042e-01 4.584573831408179229e-02 2.141161794775952865e-01 4.282323589551905729e-01
-3.767091254952357748e-01 2.025258848992681493e-01 4.584572060268811422e-02 2.141161381182840884e-01 4.282322762365681768e-01
-3.671661457486813385e-01 2.442970060952203148e-01 4.584570330847529546e-02 2.141160977331580673e-01 4.282321954663161345e-01
-3.576231660021269576e-01 2.880918758627264431e-01 4.584568695448740239e-02 2.141160595436208680e-01 4.282321190872417360e-01
-3.480801862555725212e-01 3.333384259467713218e-01 4.584567202571832728e-02 2.141160246822229885e-01 4.282320493644459769e-01
-3.385372065090180849e-01 3.794241897586430046e-01 4.584565893730510600e-02 2.141159941183869153e-01 4.282319882367738306e-01
-3.289942267624636485e-01 4.257093901899344779e-01 4.584564800424355963e-02 2.141159685876874441e-01 4.282319371753748882e-01
-3.194512470159092676e-01 4.715431913584586798e-01 4.584563941678336529e-02 2.141159485343942515e-01 4.282318970687885029e-01
-3.099082672693548313e-01 5.162819811562664452e-01 4.584563322536611141e-02 2.141159340762992247e-01 4.282318681525984494e-01
-3.003652875228003949e-01 5.593083055770218248e-01 4.584562933782731359e-02 2.141159249981824941e-01 4.282318499963649883e-01
-2.908223077762460140e-01 6.000489990707027488e-01 4.584562752978239147e-02 2.141159207760655880e-01 4.282318415521311761e-01
-2.812793280296915777e-01 6.379911696280544664e-01 4.584562746706207642e-02 2.141159206296021356e-01 4.282318412592042711e-01
-2.717363482831371413e-01 6.726949891351532429e-01 4.584562873725017695e-02 2.141159235957245943e-01 4.282318471914491886e-01
-2.621933685365827049e-01 7.038026604125000585e-01 4.584563088621990828e-02 2.141159286139634743e-01 4.282318572279269486e-01
-2.526503887900283241e-01 7.310434088648605222e-01 4.584563345526253969e-02 2.141159346131495667e-01 4.282318692262991333e-01
-2.431074090434738877e-01 7.542347961957762692e-01 4.584563601489689832e-02 2.141159405903654278e-01 4.282318811807308556e-01
-2.335644292969194513e-01 7.732810019106250987e-01 4.584563819248314853e-02 2.141159456754287427e-01 4.282318913508574854e-01
-2.240214495503650427e-01 7.881689148469026573e-01 4.584563969200483591e-02 2.141159491770868450e-01 4.282318983541736901e-01
-2.144784698038106063e-01 7.989629045998352108e-01 4.584564030553326536e-02 2.141159506097882192e-01 4.282319012195764385e-01
-2.049354900572561977e-01 8.057990190502677397e-01 4.584563991676730149e-02 2.141159497019484159e-01 4.282318994038968318e-01
-1.953925103107017891e-01 8.088791253863814035e-01 4.584563849759789450e-02 2.141159463879276081e-01 4.282318927758552163e-01
-1.858495305641473527e-01 8.084652401548935163e-01 4.584563609892929742e-02 2.141159407865964870e-01 4.282318815731929740e-01
-1.763065508175929441e-01 8.048740421827453861e-01 4.584563283709462006e-02 2.141159331696140256e-01 4.282318663392280511e-01
-1.667635710710385077e-01 7.984713809498640291e-01 4.584562887722925389e-02 2.141159239226014532e-01 4.282318478452029065e-01
-1.572205913244840991e-01 7.896665103470581482e-01 4.584562441497376517e-02 2.141159135024152393e-01 4.282318270048304787e-01
-1.476776115779296628e-01 7.789057964706131987e-01 4.584561965788561816e-02 2.141159023937400652e-01 4.282318047874801303e-01
-1.381346318313752541e-01 7.666657485959582630e-01 4.584561480792379712e-02 2.141158910681871808e-01 4.282317821363743615e-01
-1.285916520848208178e-01 7.534453704207324520e-01 4.584561004629095909e-02 2.141158799488981357e-01 4.282317598977962714e-01
-1.190486723382664092e-01 7.397579845097639328e-01 4.584560552173747028e-02 2.141158693832324877e-01 4.282317387664649755e-01
-1.095056925917119867e-01 7.261228110057540430e-01 4.584560134313872548e-02 2.141158596254343904e-01 4.282317192508687809e-01
-9.996271284515756417e-02 7.130566569804970278e-01 4.584559757677375558e-02 2.141158508302777597e-01 4.282317016605555193e-01
-9.041973309860314167e-02 7.010660838269953121e-01 4.584559424831071567e-02 2.141158430577025651e-01 4.282316861154051302e-01
-8.087675335204871918e-02 6.906403688658522277e-01 4.584559134911056488e-02 2.141158362875351662e-01 4.282316725750703323e-01
-7.133377360549429669e-02 6.822454762810037376e-01 4.584558884615350105e-02 2.141158304426683534e-01 4.282316608853367068e-01
-6.179079385893988113e-02 6.763191204930458778e-01 4.584558669471203857e-02 2.141158254186552035e-01 4.282316508373104069e-01
-5.224781411238545864e-02 6.732668625551130326e-01 4.584558485284376955e-02 2.141158211175525627e-01 4.282316422351051255e-01
-4.270483436583103615e-02 6.734590458556533044e-01 4.584558329683037503e-02 2.141158174839737915e-01 4.282316349679475831e-01
-3.316185461927661365e-02 6.772282657553514440e-01 4.584558203679752614e-02 2.141158145415642255e-01 4.282316290831284511e-01
-2.361887487272219116e-02 6.848669883886266962e-01 4.584558113185403794e-02 2.141158124283539244e-01 4.282316248567078487e-01
-1.407589512616777214e-02 6.966248918871791318e-01 4.584558070413141673e-02 2.141158114295425297e-01 4.282316228590850593e-01
-4.532915379613350511e-03 7.127055008875613495e-01 4.584558095104165898e-02 2.141158120061235903e-01 4.282316240122471807e-01
5.010064366941071115e-03 7.332617231059963547e-01 4.584558215487809230e-02 2.141158148173041842e-01 4.282316296346083684e-01
1.455304411349549187e-02 7.583899755904823792e-01 4.584558468856468616e-02 2.141158207339305675e-01 4.282316414678611349e-01
2.409602386004991437e-02 7.881227091234737081e-01 4.584558901595661706e-02 2.141158308391899745e-01 4.282316616783799490e-01
3.363900360660433686e-02 8.224193034223830079e-01 4.584559568470310265e-02 2.141158464119437832e-01 4.282316928238875664e-01
4.318198335315875935e-02 8.611555131532493412e-01 4.584560530946031609e-02 2.141158688875262062e-01 4.282317377750524123e-01
5.272496309971317491e-02 9.041118914053392075e-01 4.584561854341104997e-02 2.141158997912370188e-01 4.282317995824740375e-01
6.226794284626759740e-02 9.509618921763280941e-01 4.584563603686897526e-02 2.141159406416742739e-01 4.282318812833485477e-01
7.181092259282202683e-02 1.001260635708993929e+00 4.584565838344811795e-02 2.141159928250295774e-01 4.282319856500591548e-01
8.135390233937643545e-02 1.054435577983109384e+00 4.584568605693051940e-02 2.141160574476620726e-01 4.282321148953241452e-01
9.089688208593085794e-02 1.109780516444680121e+00 4.584571934533138854e-02 2.141161351821281866e-01 4.282322703642563733e-01
1.004398618324852804e-01 1.166454442366474664e+00 4.584575829211166159e-02 2.141162261299027758e-01 4.282324522598055516e-01
1.099828415790397029e-01 1.223486675969911452e+00 4.584580265710552771e-02 2.141163297301388047e-01 4.282326594602776093e-01
1.195258213255941254e-01 1.279789468186198098e+00 4.584585191067569454e-02 2.141164447460205955e-01 4.282328894920411910e-01
1.290688010721485479e-01 1.334178814845362160e+00 4.584590527361052242e-02 2.141165693579329676e-01 4.282331387158659353e-01
1.386117808187029565e-01 1.385403602749737173e+00 4.584596181277934140e-02 2.141167013868356395e-01 4.282334027736712789e-01
1.481547605652573929e-01 1.432182369542663425e+00 4.584602059904636928e-02 2.141168386630214748e-01 4.282336773260429497e-01
1.576977403118118015e-01 1.473245843684052980e+00 4.584608092861340578e-02 2.141169795429904987e-01 4.282339590859809975e-01
1.672407200583662379e-01 1.507381947313804371e+00 4.584614259935558545e-02 2.141171235547395246e-01 4.282342471094790493e-01
1.767836998049206465e-01 1.533478094037022288e+00 4.584620621822674269e-02 2.141172721156019698e-01 4.282345442312039396e-01
1.863266795514750829e-01 1.550553707949887450e+00 4.584627349865556811e-02 2.141174292267109258e-01 4.282348584534218516e-01
1.958696592980294915e-01 1.557774803380287398e+00 4.584634750029222688e-02 2.141176020328366680e-01 4.282352040656733361e-01
2.054126390445839279e-01 1.554443722488435320e+00 4.584643278089068491e-02 2.141178011770406009e-01 4.282356023540812018e-01
2.149556187911383365e-01 1.539962609585117992e+00 4.584653547123436479e-02 2.141180409756131831e-01 4.282360819512263661e-01
2.244985985376927728e-01 1.513780308919292938e+00 4.584666332529207383e-02 2.141183395351553553e-01 4.282366790703107107e-01
2.340415782842471815e-01 1.475348656509602119e+00 4.584682580257132267e-02 2.141187189448211792e-01 4.282374378896423583e-01
2.435845580308016178e-01 1.424131438782671344e+00 4.584703418626306232e-02 2.141192055521014270e-01 4.282384111042028541e-01
2.531275377773560264e-01 1.359717794679152991e+00 4.584730164701687066e-02 2.141198301115916636e-01 4.282396602231833271e-01
2.626705175239104628e-01 1.282076001355051176e+00 4.584764307897053193e-02 2.141206274018702116e-01 4.282412548037404232e-01
2.722134972704648437e-01 1.191929016519370776e+00 4.584807449780978900e-02 2.141216348195804919e-01 4.282432696391609839e-01
2.817564770170192801e-01 1.091145057163780852e+00 4.584861176659087156e-02 2.141228894037040531e-01 4.282457788074081062e-01
2.912994567635737164e-01 9.829598802364118981e-01 4.584926834579398924e-02 2.141244225813440094e-01 4.282488451626880188e-01
3.008424365101281528e-01 8.718555988520595434e-01 4.585005175671995337e-02 2.141262519092882177e-01 4.282525038185764354e-01
3.103854162566825337e-01 7.630509285831201804e-01 4.585095883647648252e-02 2.141283699944415975e-01 4.282567399888831949e-01
3.199283960032369700e-01 6.617473701629432714e-01 4.585197080757330568e-02 2.141307329823846362e-01 4.282614659647692723e-01
3.294713757497914064e-01 5.723939282489394209e-01 4.585305020704655982e-02 2.141332533892075229e-01 4.282665067784150459e-01
3.390143554963458428e-01 4.981936568975111612e-01 4.585414197457295810e-02 2.141358026453609176e-01 4.282716052907218351e-01
3.485573352429002236e-01 4.409141001139000871e-01 4.585518000571526392e-02 2.141382263999477009e-01 4.282764527998954018e-01
3.581003149894546600e-01 4.009026873673144920e-01 4.585609840298120882e-02 2.141403707921073207e-01 4.282807415842146415e-01
3.676432947360090964e-01 3.771500500305149384e-01 4.585684424693903249e-02 2.141421122687899303e-01 4.282842245375798607e-01
3.771862744825634772e-01 3.672920288960641599e-01 4.585738738345617599e-02 2.141433804334287039e-01 4.282867608668574078e-01
3.867292542291179136e-01 3.675152640404415472e-01 4.585772439264895056e-02 2.141441673094295339e-01 4.282883346188590679e-01
3.962722339756723500e-01 3.723619425236814884e-01 4.585787954944170464e-02 2.141445295809391025e-01 4.282890591618782050e-01
4.058152137222267863e-01 3.744571394313742640e-01 4.585791293706972804e-02 2.141446075367524349e-01 4.282892150735048697e-01
4.153581934687811672e-01 3.644173263798953233e-01 4.585794841397704963e-02 2.141446903707328597e-01 4.282893807414657195e-01
4.249011732153356036e-01 3.318314840886384953e-01 4.585822387778672876e-02 2.141453335419353232e-01 4.282906670838706464e-01
4.344441529618900399e-01 2.683928977091729617e-01 4.585914103075766635e-02 2.141474749576974812e-01 4.282949499153949624e-01
4.439871327084444763e-01 1.716718458124126823e-01 4.586126451886356203e-02 2.141524329043766883e-01 4.283048658087533767e-01
4.535301124549988572e-01 4.635001427231566495e-02 4.586521533648695026e-02 2.141616570175131629e-01 4.283233140350263257e-01
4.630730922015532935e-01 -9.328902660261184643e-02 4.587141700387515481e-02 2.141761354676919860e-01 4.283522709353839719e-01
4.726160719481077299e-01 -2.229792117310056554e-01 4.587965577185135202e-02 2.141953682315548002e-01 4.283907364631096004e-01
4.821590516946621108e-01 -3.215910849550847050e-01 4.588852696223455485e-02 2.142160754057327032e-01 4.284321508114654065e-01
4.917020314412165471e-01 -3.797596900543753762e-01 4.589527240411966219e-02 2.142318193082429489e-01 4.284636386164858979e-01
5.012450111877709835e-01 -3.951532326710565091e-01 4.589685758122937637e-02 2.142355189533924620e-01 4.284710379067849240e-01
5.107879909343253644e-01 -3.717694328806437909e-01 4.589227414832428020e-02 2.142248215037750592e-01 4.284496430075501183e-01
5.203309706808798563e-01 -3.305583099782409828e-01 4.588402244555767756e-02 2.142055611919486957e-01 4.284111223838973914e-01
5.298739504274342371e-01 -3.155664915556699590e-01 4.587631958864689385e-02 2.141875803790847521e-01 4.283751607581695042e-01
5.394169301739886180e-01 -3.587101956329956653e-01 4.587141279981565151e-02 2.141761256532007940e-01 4.283522513064015880e-01
5.489599099205431099e-01 -4.465468082134331773e-01 4.586846151558373469e-02 2.141692356889376703e-01 4.283384713778753405e-01
5.585028896670974907e-01 -5.617671814753446569e-01 4.586553923723537401e-02 2.141624132223844956e-01 4.283248264447689913e-01
5.680458694136519826e-01 -7.096859974240974367e-01 4.586159972577508182e-02 2.141532155391907277e-01 4.283064310783814554e-01
5.775888491602063635e-01 -8.842482198677897864e-01 4.585698555256954162e-02 2.141424422027766450e-01 4.282848844055532900e-01
5.871318289067607443e-01 -1.033062953579288346e+00 4.585263671773072425e-02 2.141322878916926131e-01 4.282645757833852262e-01
5.966748086533152362e-01 -1.123654582929570989e+00 4.584905006966952246e-02 2.141239128861359142e-01 4.282478257722718284e-01
6.062177883998696171e-01 -1.239234750358968462e+00 4.584676462718981216e-02 2.141185760908889679e-01 4.282371521817779358e-01
6.157607681464239979e-01 -1.367961268633948180e+00 4.584707280576029442e-02 2.141192957343179271e-01 4.282385914686358541e-01
6.253037478929784898e-01 -1.242381093159314887e+00 4.585325577834483551e-02 2.141337333965502021e-01 4.282674667931004042e-01
6.348467276395328707e-01 -8.943243725917425779e-01 4.586809632383003626e-02 2.141683831097158930e-01 4.283367662194317860e-01
6.443897073860872515e-01 -6.759613703292899345e-01 4.588874208355083611e-02 2.142165775180595866e-01 4.284331550361191732e-01
6.539326871326417434e-01 -6.099117432642320313e-01 4.590680085704791635e-02 2.142587241095398609e-01 4.285174482190797218e-01
6.634756668791961243e-01 -5.779562538295464069e-01 4.591335813085688916e-02 2.142740257960747130e-01 4.285480515921494260e-01
6.730186466257506162e-01 -5.280714556166370421e-01 4.590755788059284331e-02 2.142604907130403469e-01 4.285209814260806938e-01
6.825616263723049970e-01 -4.773242059007989369e-01 4.590276087595396293e-02 2.142492960920851230e-01 4.284985921841702461e-01
6.921046061188593779e-01 -5.387372911587140489e-01 4.592330288727126952e-02 2.142972302370501347e-01 4.285944604741002695e-01
7.016475858654138698e-01 -7.325749564208410280e-01 4.599021417105794707e-02 2.144532913504895166e-01 4.289065827009790333e-01
7.111905656119682506e-01 -9.192240092803330986e-01 4.610349947845372026e-02 2.147172547292222622e-01 4.294345094584445244e-01
7.207335453585226315e-01 -1.042657761259677685e+00 4.623468353639593326e-02 2.150225186728030313e-01 4.300450373456060627e-01
7.302765251050771234e-01 -1.107186354150556440e+00 4.633817015493784525e-02 2.152630255174767526e-01 4.305260510349535052e-01
7.398195048516315042e-01 -1.124688409720196569e+00 4.637579461909992901e-02 2.153503996260511533e-01 4.307007992521023065e-01
7.493624845981858851e-01 -1.102470484414423080e+00 4.633782202920542354e-02 2.152622169104588257e-01 4.305244338209176513e-01
7.589054643447403770e-01 -1.045459646149333288e+00 4.624637356808674465e-02 2.150497002278467240e-01 4.300994004556934480e-01
7.684484440912947578e-01 -9.658962675317455115e-01 4.614112584334217892e-02 2.148048552601690697e-01 4.296097105203381394e-01
7.779914238378492497e-01 -8.981875170271633735e-01 4.605892334676727623e-02 2.146134276944648145e-01 4.292268553889296290e-01
7.875344035844036306e-01 -8.842059804568733750e-01 4.601967464787283524e-02 2.145219677512604783e-01 4.290439355025209567e-01
7.970773833309580114e-01 -9.197124957139012347e-01 4.602332171322963406e-02 2.145304680301370059e-01 4.290609360602740119e-01
8.066203630775125033e-01 -9.716407369098885027e-01 4.605526706817941046e-02 2.146049092359711419e-01 4.292098184719422838e-01
8.161633428240668842e-01 -1.016795716032139252e+00 4.609513560420463313e-02 2.146977773620505625e-01 4.293955547241011250e-01
8.257063225706212650e-01 -1.045428243754501052e+00 4.612487340030610450e-02 2.147670212120708910e-01 4.295340424241417820e-01
8.352493023171757569e-01 -1.055848319521071499e+00 4.613387659647685823e-02 2.147879805679937526e-01 4.295759611359875052e-01
8.447922820637301378e-01 -1.049457229762675414e+00 4.612019997291816331e-02 2.147561407106166054e-01 4.295122814212332107e-01
8.543352618102845186e-01 -1.028469464153065838e+00 4.608844826108839110e-02 2.146822029444648561e-01 4.293644058889297122e-01
8.638782415568390105e-01 -9.953792750431369463e-01 4.604620686704501836e-02 2.145837991718969884e-01 4.291675983437939768e-01
8.734212213033933914e-01 -9.532907611402012815e-01 4.600093835242430318e-02 2.144782934294850729e-01 4.289565868589701458e-01
8.829642010499478832e-01 -9.070285977026338875e-01 4.595829907870750686e-02 2.143788680787066525e-01 4.287577361574133050e-01
8.925071807965022641e-01 -8.659281805046376013e-01 4.592176799739828424e-02 2.142936489898809027e-01 4.285872979797618054e-01
9.020501605430566450e-01 -8.518311032284817674e-01 4.589298767802622858e-02 2.142264868731834082e-01 4.284529737463668164e-01
9.115931402896111369e-01 -9.196741450910316251e-01 4.587231036828053055e-02 2.141782210409838294e-01 4.283564420819676588e-01
9.211361200361655177e-01 -1.143406443108450077e+00 4.585938969637640139e-02 2.141480555512386696e-01 4.282961111024773393e-01
9.306790997827198986e-01 -1.322580832789828076e+00 4.585344812037744217e-02 2.141341825126886200e-01 4.282683650253772401e-01
9.402220795292743905e-01 -1.153891612012173162e+00 4.585345649299207155e-02 2.141342020626132159e-01 4.282684041252264318e-01
9.497650592758287713e-01 -8.975487096846525015e-01 4.585861976371851528e-02 2.141462578793253413e-01 4.282925157586506826e-01
9.593080390223831522e-01 -6.618143424457521018e-01 4.586702075334833650e-02 2.141658720556296747e-01 4.283317441112593493e-01
9.688510187689376441e-01 -5.746879922361092241e-01 4.587422841190440248e-02 2.141826986754635231e-01 4.283653973509270463e-01
9.783939985154920249e-01 -6.097391877850075748e-01 4.587596585813937672e-02 2.141867546281500945e-01 4.283735092563001889e-01
9.879369782620465168e-01 -7.397147136606272433e-01 4.587299327494387402e-02 2.141798152836627001e-01 4.283596305673254001e-01
9.974799580086008977e-01 -9.038447385811032575e-01 4.586941982551633046e-02 2.141714729498686853e-01 4.283429458997373707e-01
1.007022937755155390e+00 -9.829970009665482955e-01 4.586742868233704279e-02 2.141668244204434357e-01 4.283336488408868714e-01
1.016565917501709659e+00 -9.606920721746103897e-01 4.586657670694906097e-02 2.141648353650735526e-01 4.283296707301471051e-01
1.026108897248264151e+00 -9.058664594389884694e-01 4.586574919420843832e-02 2.141629034034803203e-01 4.283258068069606406e-01
1.035651876994818643e+00 -8.549937220512653369e-01 4.586437601279009374e-02 2.141596974521352281e-01 4.283193949042704562e-01
1.045194856741372913e+00 -8.120712055878595015e-01 4.586260694318664705e-02 2.141555671543157735e-01 4.283111343086315470e-01
1.054737836487927405e+00 -7.815199409871806946e-01 4.586086298631034119e-02 2.141514954099325019e-01 4.283029908198650038e-01
1.064280816234481897e+00 -7.736635134057453511e-01 4.585938339786703455e-02 2.141480408452690887e-01 4.282960816905381773e-01
1.073823795981036167e+00 -7.981124783195987504e-01 4.585814711074832212e-02 2.141451543013484227e-01 4.282903086026968453e-01
1.083366775727590658e+00 -8.602501197175665970e-01 4.585702672601413288e-02 2.141425383384023828e-01 4.282850766768047657e-01
1.092909755474145150e+00 -9.608774507965257561e-01 4.585592423783335647e-02 2.141399641305502810e-01 4.282799282611005620e-01
1.102452735220699420e+00 -1.094337299593550306e+00 4.585481065893051017e-02 2.141373639954748942e-01 4.282747279909497884e-01
1.111995714967253912e+00 -1.244795871436823909e+00 4.585370688176914483e-02 2.141347867156785656e-01 4.282695734313571312e-01
1.121538694713808404e+00 -1.384648333893039096e+00 4.585265364836762364e-02 2.141323274248136954e-01 4.282646548496273908e-01
1.131081674460362896e+00 -1.479426353658011228e+00 4.585168698820352856e-02 2.141300702568500192e-01 4.282601405137000383e-01
1.140624654206917166e+00 -1.499305303107521636e+00 4.585081875898896347e-02 2.141280429065491597e-01 4.282560858130983195e-01
1.150167633953471658e+00 -1.431549830057167849e+00 4.585003669420711914e-02 2.141262167372484926e-01 4.282524334744969852e-01
1.159710613700026149e+00 -1.286959296082931470e+00 4.584933706498334205e-02 2.141245830468406219e-01 4.282491660936812439e-01
1.169253593446580419e+00 -1.097247083651685884e+00 4.584875528330675104e-02 2.141232245304248993e-01 4.282464490608497987e-01
1.178796573193134911e+00 -9.044625724371740949e-01 4.584833600281138649e-02 2.141222454646209417e-01 4.282444909292418833e-01
1.188339552939689403e+00 -7.463713697656881862e-01 4.584806705782180913e-02 2.141216174463050625e-01 4.282432348926101251e-01
1.197882532686243673e+00 -6.443376765915889148e-01 4.584787715143442965e-02 2.141211739913510548e-01 4.282423479827021096e-01
1.207425512432798165e+00 -5.998403034357973063e-01 4.584770356384351708e-02 2.141207686420061318e-01 4.282415372840122636e-01
1.216968492179352657e+00 -6.000007058666203541e-01 4.584753279807292359e-02 2.141203698812257361e-01 4.282407397624514722e-01
1.226511471925906926e+00 -6.267319183377906278e-01 4.584738142687932311e-02 2.141200164087405655e-01 4.282400328174811310e-01
1.236054451672461418e+00 -6.638893053941190558e-01 4.584726541673179306e-02 2.141197455087498203e-01 4.282394910174996405e-01
1.245597431419015910e+00 -7.003849905077035309e-01 4.584718936421950525e-02 2.141195679152643472e-01 4.282391358305286944e-01
1.255140411165570180e+00 -7.301984835981674138e-01 4.584714985909600637e-02 2.141194756650968700e-01 4.282389513301937400e-01
1.264683390912124672e+00 -7.510134150967251454e-01 4.584714093199018792e-02 2.141194548190102909e-01 4.282389096380205817e-01
1.274226370658679164e+00 -7.627075958692931534e-01 4.584715710323164495e-02 2.141194925812025251e-01 4.282389851624050503e-01
1.283769350405233434e+00 -7.662155969070023609e-01 4.584719430808262969e-02 2.141195794598957924e-01 4.282391589197915849e-01
1.293312330151787926e+00 -7.628343683696394706e-01 4.584724983022441663e-02 2.141197091120395080e-01 4.282394182240790159e-01
1.302855309898342417e+00 -7.538661246227137402e-01 4.584732195509539504e-02 2.141198775338137295e-01 4.282397550676274589e-01
1.312398289644896687e+00 -7.404691657473732036e-01 4.584740963202359881e-02 2.141200822716626817e-01 4.282401645433253634e-01
1.321941269391451179e+00 -7.236186533821882261e-01 4.584751222078922717e-02 2.141203218304821021e-01 4.282406436609642042e-01
1.331484249138005671e+00 -7.041169583025279621e-01 4.584762932024185472e-02 2.141205952734156204e-01 4.282411905468312407e-01
1.341027228884560163e+00 -6.826212024752209562e-01 4.584776065760864244e-02 2.141209019633735777e-01 4.282418039267471555e-01
1.350570208631114433e+00 -6.596727498159926650e-01 4.584790601814926758e-02 2.141212413987675089e-01 4.282424827975350179e-01
1.360113188377668925e+00 -6.357226384351324366e-01 4.584806520038978844e-02 2.141216131089755115e-01 4.282432262179510229e-01
1.369656168124223417e+00 -6.111514161894824326e-01 4.584823798733859979e-02 2.141220165871286496e-01 4.282440331742572992e-01
1.379199147870777686e+00 -5.862837388208768097e-01 4.584842412778081938e-02 2.141224512464323937e-01 4.282449024928647874e-01
1.388742127617332178e+00 -5.613987241950635365e-01 4.584862332410106350e-02 2.141229163917329481e-01 4.282458327834658962e-01
1.398285107363886670e+00 -5.367371298352465736e-01 4.584883522448834209e-02 2.141234112013171431e-01 4.282468224026342862e-01
1.407828087110440940e+00 -5.125062819580159523e-01 4.584905941818225722e-02 2.141239347158142015e-01 4.282478694316284029e-01
1.417371066856995432e+00 -4.888834908925092648e-01 4.584929543287812742e-02 2.141244858321395550e-01 4.282489716642791100e-01
1.426914046603549924e+00 -4.660185041536608619e-01 4.584954273368009592e-02 2.141250633010533255e-01 4.282501266021066511e-01
1.436457026350104194e+00 -4.440353950002251526e-01 4.584980072316732075e-02 2.141256657273184483e-01 4.282513314546368965e-01
1.446000006096658685e+00 -4.230341632194825063e-01 4.585006874226611739e-02 2.141262915717407067e-01 4.282525831434814134e-01
1.455542985843213177e+00 -4.030922319425835898e-01 4.585034607172221166e-02 2.141269391546103684e-01 4.282538783092207368e-01
1.465085965589767447e+00 -3.842659540455830580e-01 4.585063193404777943e-02 2.141276066602524342e-01 4.282552133205048683e-01
1.474628945336321939e+00 -3.665921892989965070e-01 4.585092549588059424e-02 2.141282921425391450e-01 4.282565842850782900e-01
1.484171925082876431e+00 -3.500899751228414569e-01 4.585122587073625633e-02 2.141289935313203940e-01 4.282579870626407881e-01
1.493714904829430701e+00 -3.347622867495787524e-01 4.585153212216098312e-02 2.141297086397891403e-01 4.282594172795782805e-01
1.503257884575985193e+00 -3.205978646323883741e-01 4.585184326730363386e-02 2.141304351728255118e-01 4.282608703456510235e-01
1.512800864322539685e+00 -3.075730763036199633e-01 4.585215828092476659e-02 2.141311707363614258e-01 4.282623414727228517e-01
1.522343844069093954e+00 -2.956537750975509748e-01 4.585247609985192846e-02 2.141319128477862654e-01 4.282638256955725309e-01
1.531886823815648446e+00 -2.847971178482706645e-01 4.585279562787651642e-02 2.141326589473836473e-01 4.282653178947672945e-01
1.541429803562202938e+00 -2.749533066520679636e-01 4.585311574107295979e-02 2.141334064107535684e-01 4.282668128215071368e-01
1.550972783308757430e+00 -2.660672249550148916e-01 4.585343529350607850e-02 2.141341525621405228e-01 4.282683051242810457e-01
1.560515763055311700e+00 -2.580799446576902412e-01 4.585375312328029973e-02 2.141348946885591187e-01 4.282697893771182374e-01
1.570058742801866192e+00 -2.509300878415119396e-01 4.585406805887454196e-02 2.141356300545860514e-01 4.282712601091721027e-01
1.579601722548420684e+00 -2.445550335178552359e-01 4.585437892569964313e-02 2.141363559176714115e-01 4.282727118353428231e-01
1.589144702294974953e+00 -2.388919660371029430e-01 4.585468455281081074e-02 2.141370695438106764e-01 4.282741390876213528e-01
1.598687682041529445e+00 -2.338787671925670608e-01 4.585498377970557288e-02 2.141377682234163193e-01 4.282755364468326387e-01
1.608230661788083937e+00 -2.294547584564716747e-01 4.585527546313751535e-02 2.141384492872251966e-01 4.282768985744503931e-01
1.617773641534638207e+00 -2.255613031498935328e-01 4.585555848387703332e-02 2.141391101220816995e-01 4.282782202441633990e-01
1.627316621281192699e+00 -2.221422807110891018e-01 4.585583175335289363e-02 2.141397481864422414e-01 4.282794963728844828e-01
1.636859601027747191e+00 -2.191444466781680145e-01 4.585609422011110992e-02 2.141403610254524470e-01 4.282807220509048940e-01
1.646402580774301461e+00 -2.165176926694800663e-01 4.585634487603146986e-02 2.141409462854581558e-01 4.282818925709163116e-01
1.655945560520855953e+00 -2.142152206700878025e-01 4.585658276224597457e-02 2.141415017278200938e-01 4.282830034556401877e-01
1.665488540267410444e+00 -2.121936454575847897e-01 4.585680697470799483e-02 2.141420252419127535e-01 4.282840504838255069e-01
1.675031520013964714e+00 -2.104130381608722011e-01 4.585701666936556342e-02 2.141425148571987069e-01 4.282850297143974139e-01
1.684574499760519206e+00 -2.088369228618918161e-01 4.585721106689725352e-02 2.141429687542816540e-01 4.282859375085633080e-01
1.694117479507073698e+00 -2.074322369222427742e-01 4.585738945697415136e-02 2.141433852748530486e-01 4.282867705497060973e-01
1.703660459253627968e+00 -2.061692644294967902e-01 4.585755120201697593e-02 2.141437629304598078e-01 4.282875258609196156e-01
1.713203439000182460e+00 -2.050215508727479818e-01 4.585769574042252578e-02 2.141441004100335388e-01 4.282882008200670776e-01
1.722746418746736952e+00 -2.039658059198401485e-01 4.585782258923948307e-02 2.141443965861341003e-01 4.282887931722682007e-01
