# X Y attrib
1.037873030795353202e-01 5.679476246249719473e-01 9.984584618585501392e-01
2.681775622888884492e+00 -7.956042038723019905e-02 9.998016630793428172e-01
1.592758556381441259e+00 -4.514328776659287112e-01 9.998836739272919383e-01
-6.453452012098157553e-01 5.757118069478918132e-01 9.998040454369960806e-01
-5.284194308475242963e-01 6.338146930987521577e-01 9.998739594649432849e-01
2.304193094232628525e+00 -2.352731566565330334e-01 9.998653990723916918e-01
-1.197541863801114381e+00 -3.220389315250225537e-01 9.998426968894460476e-01
5.374911912882875953e-01 2.820512674900082506e-01 9.997723833977297803e-01
2.870561496088985365e+00 -7.261144691361384740e-02 9.998814878699811004e-01
-2.609547365656839091e+00 -2.007197576014727036e-01 9.998576598299250273e-01
-1.231533211695806429e+00 -4.645466831979957467e-01 9.998411786049113958e-01
1.934798034620598628e+00 -1.320290277788573330e-01 9.991901860996337259e-01
7.570982277614763944e-01 2.545214918116076586e-01 9.998219291510215267e-01
-2.996827132984343667e+00 -1.192202372585084991e-01 9.998888214562432486e-01
2.652997397132997648e+00 3.721300413744575708e-02 9.998494120131394824e-01
-4.704208430030414334e-01 7.506036386304850705e-01 9.998882386229150931e-01
-9.210633591087349359e-01 2.846472950607946695e-01 9.992305676818755700e-01
2.218710506383088976e+00 -1.859279343080944003e-01 9.998367552705910155e-01
-2.027925125983506049e+00 -3.835117364991849076e-01 9.998560322371601305e-01
2.878517525580397418e-01 8.814865912182059393e-01 9.998499939483284082e-01
1.641679014454405561e+00 -5.203929914926609390e-01 9.998526730676562391e-01
9.350727480414198212e-01 -1.389488973557914675e-01 9.998879200669477108e-01
3.462405568705380077e-01 8.654364632971957016e-01 9.998589961896169331e-01
-1.930516400579139979e+00 -4.392198310516534643e-01 9.998651626546958271e-01
-6.195258070210258872e-01 3.493735191051708933e-01 9.998504964144449003e-01
-1.016688873423512440e-01 1.090717737520942698e+00 9.998578718248940511e-01
2.734439046529114847e+00 -6.951287265705226315e-02 9.998478144448451621e-01
3.455593186509098302e-02 1.272982649783296338e+00 9.989242555542415802e-01
-1.608999914387673424e+00 -5.507101950851009953e-01 9.998523306679065747e-01
2.507674834223578841e+00 -6.742430127902067361e-02 9.998543503575541003e-01
2.498446332395037217e+00 -1.305910574607677122e-02 9.998420538688562731e-01
6.959206118370144800e-01 4.568986807180019372e-01 9.998473996505181649e-01
2.709526560007585516e+00 1.845237118218993611e-01 9.995575600551246387e-01
-1.469215081665984801e+00 -6.503675912192559139e-01 9.998642058708844260e-01
-2.984691099300578188e-01 9.811371098251121525e-01 9.998702600916377081e-01
2.835106682558961921e+00 -8.179048673652053458e-02 9.998263792456355548e-01
-1.563774011030168110e+00 -5.301427059013322785e-01 9.998114669389667197e-01
2.070055168014430791e+00 -4.185576058095967777e-01 9.998188131915588528e-01
-2.391779834778229308e+00 -1.527888244447457855e-01 9.998606539835792617e-01
-2.680397432106374822e+00 -3.370269747077589417e-02 9.998493713819961437e-01
-9.271291321248269490e-01 -9.787613045027807046e-02 9.998375415543527822e-01
1.791601244104238155e+00 -2.400672054813473011e-01 9.993763407288018819e-01
-2.239649942280557582e+00 -2.832123666327109879e-01 9.998400998088252667e-01
2.063836873858511112e-01 1.223200142758373410e+00 9.959305799141587867e-01
-2.240359345892076970e+00 -3.147136588018894510e-01 9.998648829445826447e-01
1.747743546338084819e+00 -5.191272705770039186e-01 9.998683129470306019e-01
1.546616236195020200e+00 -3.408920796053442892e-01 9.998321561274610136e-01
-3.864049829017810467e-01 9.343900387864852997e-01 9.998068155036395899e-01
-2.720220729829840867e+00 -1.759259074024374092e-01 9.998587062787291924e-01
-4.875455999645206262e-01 6.261647680362562030e-01 9.998199071734107379e-01
2.269595131255627507e+00 -3.146485759416161598e-01 9.998499050028925028e-01
-4.018938401490101953e-01 4.420810577932074992e-01 9.996928725703827512e-01
8.607612610182311386e-01 2.261217195616422870e-01 9.998508773564188656e-01
4.100986529303756178e-01 1.052382032058028383e+00 9.974984941241460401e-01
2.057127306292457547e+00 -4.204354379398641539e-01 9.998505717116137337e-01
1.098866703504999265e-01 8.609923804171578654e-01 9.998538747453465936e-01
6.208512432949668813e-01 3.640497427249524964e-01 9.998324962757011436e-01
-2.487025423734992025e+00 -9.307106717122551331e-02 9.998419127748787716e-01
3.500830563843013721e-01 8.911049751627431181e-01 9.998633743221647663e-01
-4.978313576176929267e-01 6.524926918011489940e-01 9.998583907441775942e-01
-1.189121016507842965e+00 -2.623675690741069655e-01 9.998560039739864402e-01
-9.668503356451099151e-01 -1.441028926042967062e-01 9.998713467573567826e-01
-6.930518680972177492e-01 3.885619526275148616e-01 9.998529190277425371e-01
1.740190890761574849e-01 1.052308256258433605e+00 9.998376285619225978e-01
-2.859720416474434757e+00 -3.132419619350471779e-02 9.998331292903862577e-01
-1.859768091680370494e+00 -3.036132433876410630e-01 9.998281271041962182e-01
2.774055867444204182e+00 -7.893264934904618835e-02 9.998660842394057058e-01
1.283426752290677264e-01 9.092033792346408960e-01 9.998219227037610235e-01
2.991520086562400316e+00 -2.679629607747607833e-01 9.998495995690614979e-01
2.329572911047129935e+00 -2.801354264733783572e-01 9.998298629395511172e-01
2.757868859567929931e+00 1.033154092750352138e-01 9.998606227991339024e-01
-1.888842495099965380e+00 -4.657640055065632168e-01 9.998331008618758231e-01
-2.068711521575752776e+00 -3.086958921665269306e-01 9.998221068709168824e-01
6.067137019411141807e-01 3.372569539045489062e-01 9.998606028802660139e-01
3.978845938640267477e-01 8.387363085464996093e-01 9.998515894835756646e-01
1.766275838183375413e+00 -4.343867940920055348e-01 9.998518708834652768e-01
-1.272402293331216683e+00 -5.248285458759291977e-01 9.998287794278789553e-01
-3.321384883303020175e-01 1.028609083072257624e+00 9.997155769020142912e-01
1.131929747216831039e+00 1.178194346804264936e-01 9.974847697832524007e-01
-2.106911850643825801e+00 -1.858702267822279763e-01 9.998245531577659717e-01
-2.282084865364384374e+00 -3.131171205713061401e-01 9.998400738165802437e-01
2.067704902250717680e+00 -3.768968659116612718e-01 9.998651053494691521e-01
-7.707973372202050477e-01 4.259952185643997580e-01 9.998074893963236898e-01
6.680020771917862810e-01 3.478217754237531434e-01 9.998413716213969682e-01
2.464246964619355218e+00 -8.184011555530620874e-02 9.998398632421393595e-01
-1.901704068342094267e+00 -6.387791486114378081e-01 9.998526672743633936e-01
-2.699285822019701353e+00 -2.155389720242989471e-01 9.998541655617688706e-01
-1.764403955222568321e+00 -6.512143710217335180e-01 9.998591556948084325e-01
-1.524094747702648966e+00 -4.481584785062536214e-01 9.998272146402455984e-01
8.433810710906977093e-01 2.040621227819559014e-01 9.998369324193738805e-01
-5.993558401382932388e-01 5.868201266743290345e-01 9.998409213569722231e-01
-2.284942166612964343e+00 -3.082458025376849653e-03 9.993675230201881643e-01
-1.018382081107575221e+00 -1.961199242961630951e-01 9.998389874845829972e-01
1.791731663303024469e+00 -3.624820050368245949e-01 9.998354392061498119e-01
2.637233145862898809e+00 1.622861142083379393e-01 9.992241403953054935e-01
4.592921746528189075e-01 6.338564756349173157e-01 9.998659866660823958e-01
-1.158796376522461813e-01 6.921212533999252514e-01 9.997689169327009795e-01
-4.051019851914094971e-02 1.274420903413515660e+00 9.987729209079985182e-01
2.608753335381716276e+00 -2.130041245745259437e-01 9.998299990079920763e-01
-1.124190722682465893e+00 -3.493315029987309472e-01 9.998548886369528210e-01
6.017826382048552247e-01 6.004300247061818974e-01 9.998107988834170623e-01
1.167248142853180681e+00 -2.819125018519395010e-01 9.998510103827680240e-01
-2.728973023358945760e+00 -1.236821685502195040e-01 9.998103953277023281e-01
7.604140557616236862e-01 1.808771737081728004e-01 9.998384655720612413e-01
-1.117793815490938591e+00 -4.025548941028215255e-01 9.998280440722159268e-01
6.974843788357842911e-02 1.180471661806387074e+00 9.997168136477544431e-01
2.238154557322348914e+00 -3.508751632635864759e-02 9.996640449167231157e-01
-1.895044069490204208e+00 -4.262047028759780587e-01 9.998404652897722178e-01
2.860990110276055098e+00 -2.008394179444201316e-02 9.998441834317225441e-01
-1.225667115830496812e+00 -2.969888741154598222e-01 9.998847919960633934e-01
-6.410454415866508882e-01 5.895653011211449135e-01 9.998255426599557127e-01
1.912793318099428319e+00 -4.164151059712499769e-01 9.998603514112280877e-01
-6.359304051306997607e-01 5.850205220241769810e-01 9.998548526090058619e-01
2.344950715555278897e+00 -1.211318037415694965e-01 9.998349600722639119e-01
2.398870472163110001e+00 -3.344706426066276217e-01 9.998461208499761499e-01
2.884271082444083589e+00 -6.051555990105098037e-02 9.998505081315959275e-01
1.874660973693860200e+00 -6.239430518156838801e-01 9.998487961801834079e-01
-4.227464184474212239e-01 8.442121187786820746e-01 9.998596239710395572e-01
-2.561453315447103307e+00 -6.457620455645590729e-02 9.998487509805564777e-01
-2.405664380627469789e+00 -2.047487399707178801e-01 9.998495716360541463e-01
-1.536792225640655651e+00 -3.040958313127929968e-01 9.995958932835233846e-01
-1.589937132080293969e+00 -4.767599341221869236e-01 9.998341062634554799e-01
2.049821063507410557e+00 -1.477860865410471902e-01 9.996204535438378835e-01
-1.362366576071400992e-01 8.126389855640829829e-01 9.998417212289381073e-01
2.599452326059709328e+00 6.063777264472570983e-02 9.998410915521185327e-01
-2.347834514706347520e+00 -1.875451449607999366e-01 9.998541214914968833e-01
2.732440174096906205e+00 -1.132045096059986627e-02 9.997933130659241163e-01
-9.380976032958940891e-01 5.320614387641005305e-02 9.998243973315582567e-01
-2.480430148140948532e-01 5.604087381121604095e-01 9.993144270486036262e-01
-2.850628162314558178e+00 -3.026876599927467715e-01 9.997996088029666995e-01
-1.528673542503676375e+00 -4.388632703349432673e-01 9.997877917182576013e-01
-2.870642225814927784e+00 4.262794638038049089e-02 9.998728607463180929e-01
-1.365533412552921932e+00 -4.926067479097390733e-01 9.998354741267689860e-01
2.872709344557990541e+00 1.607187596200743140e-01 9.998329494719271349e-01
7.191011061535590443e-02 9.128062209907008562e-01 9.998358314548598802e-01
2.082681901023109461e+00 -5.511369782546143847e-01 9.998868322055760594e-01
-9.456262532478536542e-01 -9.345067822843806937e-02 9.998328986518532080e-01
-1.898109772908413317e+00 -4.894142011478971321e-01 9.998536988716474339e-01
-2.435274122594533797e+00 -3.037944294098089415e-01 9.998342699099797004e-01
-2.467707272544531705e+00 1.060032765968532686e-02 9.998484623313655950e-01
1.660352289656449543e+00 -6.434410661697198552e-01 9.998451897492440787e-01
8.873091183652066505e-01 4.020785802796800201e-03 9.998135898010928058e-01
-1.108629824867512159e+00 -2.649064839562873530e-01 9.998779615849772151e-01
7.005727237319878675e-01 2.943644328277113531e-01 9.998438934173707882e-01
9.130983890819837079e-01 -3.294325715174838132e-02 9.998709554900528929e-01
2.129782736557458200e+00 -2.306220004875070284e-01 9.998552249894556709e-01
-2.703197689735366449e+00 -2.449887692624767022e-01 9.998536889929823257e-01
-2.652690215265010032e-01 1.164135346465435372e+00 9.966977723146656087e-01
4.228583639963554575e-01 8.421762341600197432e-01 9.998560968886885947e-01
-2.706202796340937411e+00 -6.057878838123312293e-02 9.998425475434310483e-01
-2.480900769672794048e+00 -1.991883033755932897e-01 9.998401890417456528e-01
1.765975684070336449e+00 -5.729078774387715844e-01 9.998268578309604804e-01
-2.901306105831959581e+00 -1.194494773400323340e-01 9.998610348049338237e-01
-2.281562538124800810e+00 -2.164216536971450000e-01 9.998240079964084703e-01
2.064376194748565929e+00 -2.771151103022849171e-01 9.998536145135842323e-01
-1.835714283146134829e+00 -4.451328992169857335e-01 9.997987339953920971e-01
2.874507724146121213e+00 -2.320495385622132756e-01 9.998478272893577268e-01
-2.498228654434019980e+00 4.076483681001397130e-02 9.996121192820275336e-01
1.826805403119648119e+00 -1.928966599355069755e-01 9.993902080329241100e-01
-9.039543446754283451e-01 5.498622925313849386e-02 9.998466200854246866e-01
-2.689968981306193996e+00 1.291678361748950510e-01 9.998286064441640475e-01
-2.909180346682741281e+00 -2.900716436707178603e-01 9.997254722402381111e-01
1.917509425807854662e+00 -2.460840834094863427e-01 9.998193553599484806e-01
1.390283044052161188e+00 -5.234796941338724086e-01 9.998251241397175804e-01
-2.473517636161391309e+00 -6.796038886721507410e-02 9.998556584714121120e-01
-2.197867920878060488e-01 6.016803082981241335e-01 9.994799854667228978e-01
-5.882529557635294282e-01 8.428621715925288527e-01 9.991064618551519505e-01
-1.246623751656350310e+00 -3.839901518134289926e-01 9.998427316327788139e-01
-1.542379541280505251e-01 1.001385708702314803e+00 9.998270102580743002e-01
-2.901751048687639667e+00 2.086313112207024423e-01 9.997833094859279734e-01
1.555694129475079457e+00 -7.281847738370839096e-01 9.998497381404096718e-01
-2.061847331850978904e-01 8.652860656617304969e-01 9.998355580623098371e-01
1.346882429582009877e+00 -1.611420524088328365e-01 9.994185031651702245e-01
1.323895151498008183e+00 -2.137592412404408226e-01 9.998523335778617405e-01
-1.480786955597788390e+00 -4.707417009983794198e-01 9.998498570206549863e-01
-1.630604301098964592e+00 -1.828438441414952376e-01 9.974097649860302894e-01
1.690234793323329932e+00 -4.055416644963774075e-01 9.998723119660059000e-01
2.848892820272681092e+00 -4.131056733108511014e-02 9.998704382744204588e-01
2.281442087907843863e+00 -2.943029164965925704e-01 9.998772882559558983e-01
-3.088908188513794784e-02 8.925760395611127551e-01 9.998431084767339661e-01
2.716736850055685437e-01 9.215360111014024858e-01 9.998482889987725386e-01
2.229654647229784459e+00 -1.186780104810720160e-01 9.998347423857227856e-01
-2.467047528515648569e+00 -2.499636419572279222e-01 9.998411011563539397e-01
-2.956632092261167521e+00 -9.043575042087258209e-02 9.998600630358479568e-01
-1.887048689259211098e+00 -4.414079455890206893e-01 9.998657879235909318e-01
-1.876307556780802299e+00 -4.325896620930649306e-01 9.998313298517825798e-01
8.272544993957797743e-01 3.243979646995852617e-01 9.997947537139976193e-01
-1.902067546830468636e+00 -5.015034966492840640e-01 9.998582968149708483e-01
8.683291345893611179e-01 7.087526101799913880e-02 9.998062316943150396e-01
-2.161090765126706614e+00 -9.632529623020980036e-02 9.991454095406732128e-01
2.641893244580936440e+00 -1.685223230903078184e-02 9.998738045553916542e-01
-2.530553976870250743e+00 -2.562211332823566279e-01 9.998259085206846475e-01
-2.503509236147534178e+00 -1.664538304404554747e-01 9.998329668775153278e-01
-5.445151422408134323e-02 9.399540226262335096e-01 9.998599583471373675e-01
-4.251534317495009319e-01 5.576753788475075080e-01 9.998244922386078093e-01
-1.311181868276983131e+00 -1.079716173019019398e-01 9.986665568036207086e-01
2.598723721720595847e+00 -3.681368741298004510e-01 9.998175012939711781e-01
1.498937197346468686e+00 -2.348324527174802945e-01 9.996479695900589713e-01
2.146165350998449739e+00 -3.941176110638388019e-01 9.998749206745329854e-01
2.598633588690206331e+00 -2.911421468115454325e-01 9.998191452123773582e-01
-1.366114838012988386e-02 7.769773403990963834e-01 9.998391030573835492e-01
-1.022472839155159408e+00 -3.915521346779249345e-02 9.998348799932853526e-01
1.617707637432200585e+00 -4.674137333775756908e-01 9.998524190149953306e-01
-2.357458694949208677e+00 -4.197471124458498903e-02 9.997206341756577075e-01
-1.853326813346642732e+00 -7.809019651161702713e-01 9.998032906259329833e-01
1.347725489373956975e+00 -3.353356824282500148e-01 9.998678320323479696e-01
1.616924514767622334e+00 -3.136141891748314148e-01 9.998377541092038356e-01
1.762683364242205286e+00 -5.317572297092468814e-01 9.998607926953277936e-01
2.268004826188345646e-01 1.118810892760025100e+00 9.995055193392081705e-01
-1.326447370298729389e+00 -3.396075992310900182e-01 9.998584889144356280e-01
2.620323254912300115e+00 4.590710413144427626e-02 9.998811349739655796e-01
-2.195631429280793245e+00 -4.409346741967714589e-01 9.997810279044956339e-01
-2.917555732142042224e+00 1.846693875355316372e-01 9.998434189840273989e-01
-2.020113549059123326e+00 -5.668405551486902505e-01 9.998886477093099634e-01
2.069224263458177226e+00 -4.998967626924704089e-01 9.998542991639127742e-01
-1.659879833255657244e+00 -3.245954166140191388e-01 9.998277894478990735e-01
-3.819138114278839424e-01 1.003752508987720837e+00 9.983000851343007964e-01
-1.731868756414499666e+00 -1.037800438556611970e-01 9.927213132663550432e-01
-2.513147821902275147e-01 9.480396648956183059e-01 9.998570513034485963e-01
2.754191265022337909e+00 8.069592320147460363e-02 9.998181547015727588e-01
-2.948758182181500764e+00 1.112125865761042359e-01 9.998428982200071591e-01
-1.727247696252833586e+00 -1.182956046135918982e-02 9.966003139876755679e-01
-2.000080886364583144e+00 -1.516863246421490397e-01 9.991856934456304629e-01
4.374841356550689397e-01 8.748273989015515895e-01 9.997633017249049070e-01
-3.265429196716573834e-01 9.270187913904217591e-01 9.998004416941808081e-01
2.794065584260122748e+00 2.681555467103691193e-01 9.990865940534621181e-01
-1.049193088771486204e+00 7.286586723998420001e-02 9.996779193906468741e-01
-1.484611447067051282e+00 -2.793312479213883037e-01 9.996524603744535442e-01
-4.224549161425454891e-01 6.689894999513020801e-01 9.998195640837107545e-01
-2.105574416268491955e+00 -1.710841797485318505e-01 9.994987843828033736e-01
-5.652205441112405637e-01 6.925918358733325064e-01 9.998089825886633530e-01
5.729410901832050484e-01 5.198141820730833862e-01 9.998497377343582571e-01
-2.727655471152059086e+00 -1.165857299627992422e-01 9.998560819821663559e-01
2.223221362755682051e+00 -1.932540483971934564e-01 9.998058789800833290e-01
2.636144432436775098e+00 -1.933074539055916474e-02 9.998448484731361496e-01
7.024873966415157156e-03 1.041980740261160721e+00 9.998653826783411303e-01
-2.567706491583307660e+00 -3.815856211117685248e-01 9.998405109128049029e-01
-1.862934148235609211e+00 -4.601069884599436888e-01 9.998436944035730134e-01
-8.550348723027374476e-01 4.973238255412716358e-01 9.968236405368894326e-01
-8.663730157375884033e-01 1.625271044543741272e-01 9.998776130273245855e-01
-7.176430101942079531e-01 1.905873287944365446e-01 9.998608510218969236e-01
-2.259395286332013697e+00 -4.035165980429870070e-01 9.998285446246742980e-01
-1.092802503681279847e+00 -1.175328886128428757e-01 9.998430979185251033e-01
-1.906538815829595057e+00 -1.912753985647491217e-01 9.991942817056574944e-01
-5.591559632412121950e-01 5.039752831930411903e-01 9.998366653040056118e-01
2.045514158296889207e+00 -3.165744108368543919e-01 9.998658357639410577e-01
2.667530066784934206e+00 5.433328355333523485e-02 9.998293624722267570e-01
-6.969142104906236312e-01 3.384892194641481167e-01 9.998447153087360872e-01
2.315635185151935893e+00 -2.909342897190019261e-01 9.998787035911311794e-01
-1.722888409509609975e+00 -3.091661781060462966e-01 9.996735620774354070e-01
-2.961450480319664624e+00 1.948451025346039645e-01 9.998269282084532028e-01
-2.047761132887798041e+00 -2.478224898341937210e-01 9.998368479082593296e-01
1.543410235704367750e-02 1.115972450052675313e+00 9.997889005464228873e-01
-1.946552955255657968e+00 -4.740306034580048511e-01 9.998386786035492468e-01
2.928505978803210397e+00 1.070240536878616228e-01 9.998539066042987367e-01
-1.321344997305637925e-01 1.166397922421874789e+00 9.997167904416656148e-01
2.816178946774561709e+00 1.499518433220007052e-01 9.998443626047641697e-01
3.795929026610909141e-01 7.382246776185141801e-01 9.998506715584171145e-01
-6.093675674584293489e-01 4.936365121504025510e-01 9.998552837948561089e-01
-2.686540156773546961e+00 1.131511483550965425e-01 9.997862431416806306e-01
-1.821734458382112232e+00 -6.983418049834412278e-01 9.998572105364497142e-01
-1.449782714657141147e+00 -3.928782855636751559e-01 9.998378899303791423e-01
1.097712411913239094e+00 -1.448268978515519501e-01 9.998521978722968440e-01
1.508130117128168024e+00 -3.893509744096209091e-01 9.998079811296002317e-01
5.052259242930743355e-01 9.201478649020102818e-01 9.958057716995609709e-01
-1.005505042790123316e+00 -1.805139809334415160e-02 9.998533573134478214e-01
-2.332180076617163422e+00 -1.054568714863939605e-01 9.998373345361738496e-01
2.228480030405034285e+00 -3.620698829702656552e-01 9.998386403760303187e-01
-1.489063379700491074e+00 -3.509434117242110074e-01 9.998132253536106129e-01
-1.863220568132160748e+00 -3.006624909680509772e-01 9.997810000507246775e-01
-1.849192279448417464e+00 -5.237628916116321420e-01 9.998420798238378815e-01
-8.580670343714005277e-01 2.026645204359882602e-01 9.998136238020575162e-01
-2.376639746192908298e+00 -4.058664632363568336e-01 9.998569695798043000e-01
-4.176982621079203817e-01 8.192309687502916660e-01 9.998268780480498163e-01
2.182254554607012231e+00 -2.930393144512705716e-01 9.998449997604632600e-01
-1.058962975891814651e+00 -1.691940495782562892e-01 9.998127428859260313e-01
2.738684529545663437e+00 6.399024526847854610e-02 9.998098113440926360e-01
-3.904855844949182142e-01 6.382875894182625798e-01 9.998464196626122291e-01
2.955754640752898510e+00 -1.634129587510498374e-04 9.998754675341048337e-01
1.843031961977153799e+00 -4.309532295828366610e-01 9.998341529583788523e-01
-6.869274465062451540e-01 4.558582732646636604e-01 9.998701411158518182e-01
3.418937029196884581e-01 9.868369019679876786e-01 9.997934919944955201e-01
-4.962029413078141715e-01 3.419920968902364633e-01 9.996889205343657547e-01
5.065041231021023549e-01 5.659142481484151777e-01 9.998327640011797079e-01
-2.032903404746377429e+00 -2.387776751250935692e-01 9.998293122969162949e-01
1.560024755972513333e-01 8.664570999260504669e-01 9.998135370126682853e-01
-2.302032708000743000e-01 1.040646532989781159e+00 9.998231127509756844e-01
2.682617457765026359e+00 -5.689149478000554011e-02 9.998742311790136394e-01
1.948738045571305477e+00 -3.440542675169190878e-01 9.998634952871278125e-01
-1.149367411398170891e+00 -1.187487521871069263e-01 9.998739235061392394e-01
2.792382111647871312e+00 4.846971348377188127e-02 9.998536061747582693e-01
2.078007107179586477e+00 -3.907165451162510905e-01 9.998578572707637058e-01
-1.386449809622992690e+00 -3.611340356971551313e-01 9.998606076455556213e-01
8.549325237986602488e-01 3.718457712362401302e-01 9.990300684601832737e-01
8.089631559855510190e-01 1.672439543611470569e-01 9.998228088464390373e-01
-1.005937265836436501e+00 3.004902847007992830e-02 9.998955809479141976e-01
-5.169495925714544526e-01 7.242602940621557517e-01 9.998264597200829940e-01
-7.455297333075883159e-01 3.715920809642974665e-01 9.998175174507933916e-01
-1.628652472080569735e+00 -3.773702587571527989e-01 9.998340650139707630e-01
-1.816248984913122921e+00 -2.783973301237850917e-01 9.993758899345658309e-01
1.362145033624258872e+00 -4.233371332739458426e-01 9.998888647165486976e-01
1.493426495438230361e-01 1.138819448838283677e+00 9.998367480419599884e-01
-2.195101363739671463e+00 -4.024696074036893112e-02 9.991692402780111282e-01
-3.009506022693324567e-01 9.602867976907766279e-01 9.998286237554226963e-01
-2.544401796183736408e+00 2.938728440756144256e-02 9.998323553169455868e-01
-2.263915291870506330e-01 1.062255333251372003e+00 9.998815380828997013e-01
8.114056979883619292e-01 1.514822737308658684e-01 9.998580739155809027e-01
-2.585683947920899506e+00 -1.426697635053363611e-01 9.998676778639513651e-01
-2.050260858321644175e+00 -5.240905344787918363e-01 9.998311173285784337e-01
2.602109534260948820e+00 -9.813118645516533123e-02 9.998281086463315370e-01
3.649881264909624612e-01 7.329073830701792192e-01 9.998426889244875770e-01
1.893774858985775467e+00 -4.263078786480457572e-01 9.998125089098430784e-01
5.058324729881418236e-01 5.238116722782298895e-01 9.998346378803432133e-01
1.573482915211914523e+00 -3.767058357455977391e-01 9.998338453832783523e-01
6.420335769019827055e-01 4.361011315307670166e-01 9.998560540163722310e-01
2.616429357846288717e+00 -5.952807764834890103e-02 9.998289714393227001e-01
2.047003364017250249e+00 -4.017546300654532554e-01 9.998485256588881542e-01
-2.618845363780993196e+00 -1.476136485199880111e-01 9.998071349959190002e-01
-5.879527886896696032e-01 6.260214011172289261e-01 9.998386185865489884e-01
-4.105785956916503388e-01 5.776469992343465920e-01 9.998542103632488409e-01
1.717722696046811492e+00 -2.225553111685726060e-01 9.989534494210030591e-01
-2.570075351642899797e+00 2.203248147914343424e-01 9.978698558834920851e-01
2.479915390681258991e+00 -3.946776483414800030e-01 9.998421350068665836e-01
-1.833545259583395648e-01 1.121820983417132434e+00 9.998393470392955562e-01
5.164220635153515815e-02 7.275704257093733585e-01 9.998645955249479966e-01
1.859183988338366511e-01 9.332921134690171927e-01 9.998515788683070005e-01
-4.132991590175976171e-01 9.762349933935808854e-01 9.993735932442366909e-01
1.654627027682010976e+00 -2.985622962965065463e-01 9.998427075628145699e-01
-9.534569086230284540e-01 -3.058919798766892434e-02 9.998555276535794345e-01
-2.567713776956045635e+00 -8.358909754166893302e-02 9.998818379808434020e-01
-2.366672986306132209e+00 -6.831139652976797594e-03 9.994127879420303673e-01
-2.820202771835499611e+00 2.833724002197023917e-01 9.983709524360832033e-01
-1.668348694430772383e-01 1.172355913375301206e+00 9.987648330616304415e-01
6.036175037497653051e-01 5.674561971860595522e-01 9.998427415705959387e-01
6.958351636956932040e-01 4.464330041507902913e-01 9.998331440749091970e-01
-2.642028853347057726e+00 -7.868581049616904521e-02 9.998067892905830867e-01
-1.593168120638728924e+00 -3.227523515432493828e-01 9.997687162702196817e-01
6.545770464631344154e-01 5.038010692351477804e-01 9.998724455816866419e-01
7.789151502683266948e-01 8.536822491590967399e-02 9.998675122508271507e-01
-1.140182696460625422e-01 1.114440642997659214e+00 9.998375126707833571e-01
-1.738565267281798832e+00 -5.451355984332885152e-01 9.998708069760582351e-01
9.187156454049008047e-01 2.256397005530476063e-01 9.997544722281083152e-01
2.555410644849415824e+00 -3.240303916798453754e-01 9.998232932249465632e-01
1.943887484372182506e+00 -5.161060829146554285e-01 9.998435071143214614e-01
1.148481650226687023e+00 -4.298392817273127831e-01 9.998659580166611160e-01
-1.666082290157387957e+00 -3.261783424380092500e-01 9.998574563293127770e-01
2.529998984009415253e+00 -4.299007515044718231e-01 9.997739589261909199e-01
2.918248337290215488e+00 1.255898351674209490e-01 9.998490353778735074e-01
7.118847225278988056e-01 4.387597132148456924e-01 9.997969718133141726e-01
-1.332650393458855609e+00 -2.492475666991738614e-01 9.998196813821506046e-01
2.966747644513588966e+00 -5.961592564433021088e-03 9.998441811294659365e-01
-4.248424361117457693e-01 6.379035562155230821e-01 9.998047162677364819e-01
2.169990853485060711e+00 -5.142854871636468594e-01 9.998556465271452032e-01
1.360865997869975530e-02 9.048892619314303776e-01 9.998534727096077823e-01
1.847182892765149020e+00 -5.853947950951483570e-01 9.998576048861761434e-01
2.511399400306539853e+00 1.014326328186363479e-01 9.994443588428861824e-01
-1.044922810537788793e+00 -1.939832455177569609e-02 9.998674288605632343e-01
-1.371432143114263091e+00 -3.924374679043898806e-01 9.998421312261277505e-01
9.354484067872697040e-01 3.316507737845351134e-01 9.973319292854041507e-01
-1.001557159356526228e+00 5.294751246835871505e-02 9.998578032404370486e-01
2.082196787380736325e+00 -1.974048880975264042e-01 9.998697312195526932e-01
-3.141714742068231203e-01 9.233297728658945713e-01 9.998591422838764009e-01
2.865563810415343582e+00 -8.667970382017539666e-02 9.998516886541600757e-01
2.978410290401488858e+00 -7.999153179289164584e-02 9.998452001544591017e-01
2.027567725583251601e+00 -1.035195981786533048e-01 9.986151040310997651e-01
1.689894457450868082e+00 -5.083874963920245182e-01 9.998370104619274112e-01
7.570774316679917959e-01 2.788590122862150689e-01 9.998433952794335555e-01
2.116167302199875699e+00 -4.634743721608263201e-01 9.998401954817407455e-01
-1.382610888000003202e+00 -4.426363342737721362e-02 9.894492960649982072e-01
-1.046003529992101333e+00 2.404907215790486746e-02 9.998512565168017341e-01
2.908460861832208977e+00 -1.354131559323467071e-01 9.998611317502974494e-01
2.703849803661952933e-01 9.346312981673937648e-01 9.998416340941821412e-01
-2.850019280071447891e+00 9.580161126287366213e-02 9.998557459715166074e-01
-2.595162071984622010e+00 3.832688602277785350e-02 9.998600191165856188e-01
1.754364777629056071e-01 1.026731187862286010e+00 9.998582247422981295e-01
-2.099015357666126125e+00 -3.156180861194991527e-01 9.998464121706530650e-01
-8.777125324983137133e-02 5.128421273820389370e-01 9.969498006066452866e-01
-2.414204205516841562e+00 -2.309517272630420837e-02 9.998168982421853368e-01
-2.259906836162555166e+00 -1.657693932041463536e-01 9.998371083985334584e-01
-1.176787721260609043e+00 -1.753687162743075567e-02 9.985605157250483366e-01
-2.099859809204925654e+00 -3.395391525445648484e-01 9.998220169755659414e-01
-2.176164047963577097e+00 -2.513688261004055624e-01 9.998454354643137032e-01
-2.822329633958586825e-01 9.350847676657864094e-01 9.998022279028551118e-01
-2.204391165803383679e+00 -3.684453480644808709e-01 9.998767880390054819e-01
-2.757330972723265994e+00 9.916427072920769303e-02 9.998296748304895676e-01
-1.545074595178924870e+00 -2.119892140979532380e-01 9.987329102583180074e-01
2.947976202306207938e+00 5.419651703315012115e-02 9.998561452130587668e-01
-6.891755129465346741e-01 4.801962844399608188e-01 9.998193817424082530e-01
1.360712865092166268e+00 -3.048414584050571641e-01 9.998554554380497672e-01
-2.111606384496029776e-01 8.193794360775951136e-01 9.998484338198383448e-01
2.179501854553199003e+00 -5.068180783388613886e-01 9.998588203379469297e-01
-1.419074555780774682e+00 -4.520640771969672844e-01 9.998959708257425527e-01
1.504681114925987551e-01 9.265579572644715434e-01 9.998596641566049881e-01
-3.391905679104985083e-01 7.706439791993371369e-01 9.998749943764035919e-01
9.932641963822410602e-01 -3.373099151065156454e-02 9.998207782381020037e-01
-1.272383233415945947e+00 -5.271773939336473758e-01 9.998452040477803227e-01
2.343861696471543077e+00 -9.580029256097899459e-02 9.998411838156923137e-01
1.636828756510718463e+00 -5.654994932621009163e-01 9.998385617211952292e-01
4.719367392685986928e-01 9.333609786655751028e-01 9.984526469108658819e-01
-9.662874554060731924e-01 -3.625440006931808512e-02 9.998347561441406350e-01
2.501798673909236825e+00 -6.568930107849892119e-02 9.998541052710375743e-01
-1.822690987736819368e+00 -4.724204879897518916e-01 9.998663603922683940e-01
1.450373865205099477e+00 -1.058257238381946075e-01 9.990377078082269824e-01
-8.313527828686781973e-01 5.022251797388875838e-01 9.987853845318468426e-01
1.813521816796982655e+00 -5.543930355217202566e-01 9.998538086605288644e-01
-1.112126170190504748e+00 6.314821014673441257e-02 9.986246971989397592e-01
-4.008169154451177718e-01 8.992115200112933415e-01 9.998515143942897643e-01
-2.939213526142388844e+00 -1.235230287584056924e-01 9.998612854437656239e-01
7.984301466204763997e-01 1.402760361026478553e-01 9.998574475023809249e-01
3.911292824668493040e-01 8.816113679001004177e-01 9.998226907061058544e-01
5.365377459838596153e-01 5.997212848577760935e-01 9.998573488355930738e-01
-1.698864347846208211e+00 -4.803863889707227774e-01 9.998422669553310715e-01
-4.546244183583123544e-01 7.256200955052669599e-01 9.998538135478947098e-01
1.291521171416857072e+00 -8.960915125862467523e-02 9.993564398813031824e-01
-7.006699946850121208e-01 3.615728969303627638e-01 9.998524733871327896e-01
-2.784736423363590063e+00 -7.465233952445411714e-02 9.998674090896182420e-01
2.918120505229307327e+00 -2.811259816921662588e-02 9.997909009860825869e-01
1.750224939237698507e+00 -6.845560280074032278e-01 9.998356378923594079e-01
-1.338506369303667620e+00 -3.328675012430067914e-01 9.997887564370842028e-01
-2.051157085384720524e-01 1.018860551557966287e+00 9.998639133672214685e-01
-2.116805035310395766e+00 -5.500497771306116501e-01 9.998490693266982587e-01
1.835080059335385982e+00 -4.862493447649037792e-01 9.998696461576859207e-01
8.593623939743668672e-01 1.831648285363449147e-01 9.998422201149085309e-01
1.350111179273511652e+00 -3.564630514128563910e-01 9.998349146712754987e-01
-2.822954950273937058e-01 1.011401140767031137e+00 9.998442219527250430e-01
-2.288295290070798238e+00 -3.152755294134333974e-01 9.998099641108401103e-01
-1.326660297361620833e+00 -8.656476877301810813e-02 9.986032292950868250e-01
-1.305624936197323782e+00 1.129770880189506777e-01 9.807324640843408936e-01
-2.337133716517957538e+00 4.127232880244591229e-02 9.984788143965451779e-01
1.987231534142508416e+00 1.204152144274583947e-01 9.982059620142716971e-01
3.632779421315568413e-02 6.204161762728714891e-01 9.992657276767482610e-01
-2.525667081570417416e+00 -1.183716422599125906e-01 9.998328592257476055e-01
-2.054224411256013738e-01 1.200372002947278638e+00 9.984533631746177473e-01
2.273854850425639285e+00 3.432501401819201270e-01 9.953072898988950534e-01
-2.114981647764879291e+00 -1.992519848038831753e-03 9.940011520475435791e-01
1.127678261526165571e+00 2.453797217664437369e-01 9.904289684295484175e-01
-2.499144378841291925e+00 2.913522989064878388e-01 9.789287580433980729e-01
2.432851351306456245e+00 1.552499797903537093e-01 9.991277549466816010e-01
-2.443643973200726904e+00 -7.090680654898715574e-01 9.984619208739855534e-01
-2.438154486712091895e-01 1.243939501155330252e+00 9.981201064863999273e-01
-2.553244770812979958e+00 2.907959620480342622e-01 9.955751742053920994e-01
-1.558908590721527654e+00 -2.703992054425232716e-01 9.993456959400986994e-01
-2.969850457645557107e+00 2.882642465816149802e-01 9.989322844568191417e-01
1.749301180719924353e-01 1.248049817831309305e+00 9.989627211028179188e-01
2.781268680374604507e+00 2.091225993058838384e-01 9.993081233989642431e-01
2.727326588095579041e+00 -2.180515254634278755e-01 9.998550671644853560e-01
8.363392722855822470e-01 2.488443639002690944e-02 9.998361202960687200e-01
-6.123322063575167284e-01 5.082067072190046275e-01 9.998543199722662589e-01
2.098707170513268494e+00 2.381726997114670397e-01 9.788068829412753802e-01
-9.664817202966879961e-02 1.178234458710087473e+00 9.997522737694130024e-01
1.565736875023558738e+00 -7.802943229884991005e-01 9.997853318130285327e-01
-1.210602575354302379e+00 4.533530228818349883e-02 9.982659647777304412e-01
1.428240145809033912e+00 5.383143311334981362e-02 9.973963632142716085e-01
2.563560102891432990e+00 -2.012698608494156716e-02 9.998490488529467868e-01
-3.030181036327004307e-01 8.987644722517087459e-01 9.998467857767062705e-01
-2.156079124980339934e+00 -9.490546855965149575e-01 9.925868856401069973e-01
-7.181558228615871897e-01 -5.594494818990858320e-02 9.993004496683334237e-01
1.546289683210717136e+00 1.466328796830875802e-01 9.918837757053261539e-01
-1.834454020185188883e+00 -8.408557376048406695e-01 9.996572106123891022e-01
-1.975252095278826392e+00 -3.772914135693885562e-01 9.998183278551554531e-01
6.305220367258987935e-01 7.113292589734925286e-01 9.986487911801531503e-01
7.688136320283200931e-02 1.134387871275176263e+00 9.998144631193667253e-01
-1.342305316420286054e+00 -4.976117286017007757e-01 9.998502377012578046e-01
-2.270348202195336285e+00 2.133418923793759525e-01 9.903365522983227365e-01
-2.514203683096432940e+00 -5.998273446261856989e-01 9.979072413409857401e-01
-5.152579874615756950e-01 3.024241957864233221e-01 9.996963068839549438e-01
1.338243173395348151e+00 -8.511738178238856811e-01 9.994238023028569895e-01
-1.865503198440450205e-01 4.811917453753133955e-01 9.982061271125386437e-01
3.441548943547245720e-01 9.244906893984516927e-01 9.998622930084305471e-01
-1.253366297954056519e+00 -4.038761830105670469e-01 9.998486417137645299e-01
1.635626520520990113e+00 -1.972031819872031022e-01 9.990298457284180200e-01
-2.490614019338098117e+00 -3.130686468430057268e-01 9.998061865007774607e-01
-1.448222912077237190e+00 -7.772693556059104836e-01 9.998419503583574341e-01
2.206187639464309846e-01 1.260198392597075667e+00 9.963447841679257122e-01
-2.247835510739206732e+00 -1.751003563122726092e-01 9.998248299823931928e-01
2.036036640643562379e+00 -6.573901876631613739e-01 9.998634304665795502e-01
9.198683995150949144e-01 -1.631251312838482015e-01 9.998755312915625915e-01
1.275154525401684502e+00 -8.160077272976442586e-01 9.990890302041476323e-01
1.866083155931901771e+00 -5.708774226283401809e-01 9.998519251150427278e-01
1.985310959684698062e+00 -5.937524869358794533e-01 9.998699137781494883e-01
-2.130841023920800659e+00 -7.177854609332081637e-01 9.996726230839400040e-01
6.335310359273322867e-01 2.834984346197435556e-01 9.998178728534549142e-01
-1.369990293173255935e+00 -9.735355504731995069e-01 9.982930382083524679e-01
1.461764181042594757e+00 -1.858246254462834202e-01 9.993582107113923030e-01
2.055292171096708032e+00 -4.533740218099269192e-01 9.998585478035839635e-01
-4.986943986650409499e-01 9.585931107378797833e-01 9.971903012699260271e-01
1.594942728169220558e+00 -8.099381321697207703e-01 9.996328472961096834e-01
-8.342508680208302607e-01 4.131859662867340965e-01 9.993107435450240272e-01
-1.635942842793717045e+00 -4.950139368482919799e-01 9.998700611303548147e-01
-1.682908864146394734e+00 -6.757913892467746209e-01 9.998316335424829449e-01
1.066242245975358216e+00 1.226956757670230047e-01 9.992457923253481589e-01
5.975939975511526114e-01 7.199610025598648377e-01 9.986337379347636212e-01
1.099305211022150175e+00 -2.020869766140291901e-01 9.998497253968519072e-01
4.102277504980440526e-01 8.573978900760899080e-01 9.998102417936693964e-01
-1.984354962482745011e+00 -4.705225835362210063e-01 9.998696105060049799e-01
-2.925471823650696468e+00 4.478834947379071174e-01 9.976634165246969221e-01
-2.860981536874371400e+00 5.318785910199030909e-01 9.881018303361467359e-01
2.942889204627717525e+00 4.998920198559808625e-02 9.998299998844103476e-01
-2.034477287070457052e+00 -5.460149413081047953e-01 9.998388471956553003e-01
-1.111774193590187032e+00 -7.740777457146110763e-01 9.966855278074074898e-01
2.246176382742214095e+00 -8.372153822158789893e-01 9.922431058109754121e-01
-1.104495083381930254e+00 -1.920533691832586598e-01 9.998571664468263176e-01
2.296654014399069688e+00 -1.680173397772497523e-01 9.998605194725581624e-01
-8.045924969735991361e-01 -4.609522421792617841e-01 9.968155889477295917e-01
-6.192047916192850998e-01 -4.474945312627465199e-02 9.966578648251843697e-01
-2.449504128316753793e+00 -4.352482182361936403e-01 9.998501775907857603e-01
-1.192324672933576801e+00 -9.729602343044576607e-01 9.983780140324038932e-01
-1.632955357810887298e+00 -3.793058334682086752e-01 9.998304254940002522e-01
1.372722165216361034e+00 -5.596190802936140685e-01 9.998387632289946758e-01
-4.646606869799692063e-01 6.650065936399323085e-01 9.998411283947817862e-01
1.830593841620096640e+00 -2.074670041719217650e-02 9.989588195571446061e-01
-4.817076835646245669e-01 5.486613771077641921e-01 9.998474203624252432e-01
7.663504040756974334e-02 7.319949546227997317e-01 9.998227825121411838e-01
-9.221984254874131537e-01 -4.931041803027240711e-01 9.985332646031913617e-01
1.448370694624392385e+00 -8.737580584116355631e-01 9.986347171097376130e-01
-2.063091210308505730e+00 -5.328746754556941134e-01 9.998716331853357842e-01
2.338316634482636047e+00 -1.961383928601843074e-01 9.998664694078621684e-01
-1.452787064170694808e+00 -9.966402677426176027e-01 9.990131892040637895e-01
-4.424109836171616905e-01 9.359939131950816282e-01 9.993796005095527679e-01
-2.741867541364639393e+00 3.676879593640558497e-01 9.989987211693598379e-01
-1.407927094106309340e-02 7.934141289692333565e-01 9.997750498701579724e-01
-5.526708664934298909e-02 5.721891731749786381e-01 9.979673583626941236e-01
2.968871942213329618e+00 -5.698256558825365303e-02 9.998656385999623586e-01
2.569581911865045143e+00 2.612038688167293010e-01 9.939532564090699518e-01
-1.699101392709537750e+00 -3.880175743619558304e-01 9.998552963139375471e-01
-2.438416594854264652e-01 1.175022617937108382e+00 9.975342736574337454e-01
1.544829579325902813e+00 -2.537451674163939686e-01 9.997593877621598901e-01
-2.447302945307955113e+00 1.430661319211701255e-01 9.988200125371745619e-01
-2.368878446441499364e+00 -3.773780713162055989e-02 9.997417024567457622e-01
1.464298501463474622e+00 -1.090653524361058224e-01 9.987848212596565078e-01
3.243738619911118448e-01 9.042236813401505202e-01 9.998673205093603356e-01
-2.259898726233955379e+00 -1.068833879226902539e-01 9.998252165991401430e-01
-9.344658925372661962e-01 -1.907076266696976496e-01 9.998295707808589894e-01
-4.935663979761755193e-01 4.020477522123866443e-01 9.998750987010991409e-01
9.895045134987574542e-01 -2.042341176202211450e-01 9.998406254793862358e-01
8.263347301518839672e-01 -3.200078940207427003e-01 9.983268999079463191e-01
-1.985335641973764886e+00 -9.589744197278600168e-01 9.990321947185965001e-01
1.438847319373215861e+00 1.811635357841456795e-02 9.978798036914520164e-01
2.551237139938971055e-01 4.644875536720758369e-01 9.990492274951832119e-01
2.670932332677057985e+00 4.516799917503719897e-01 7.802004911228089812e-01
2.114207851380880854e+00 5.274548854284111243e-02 9.978533793024791931e-01
2.521149873844912292e-01 8.537428585320183672e-01 9.998511326554193612e-01
-2.718368725105735351e+00 -4.074696624810241197e-01 9.992616564488461250e-01
-1.358262675903435523e+00 -7.909328510597819495e-01 9.991688540412643205e-01
-2.754552707529661859e+00 2.559533927378310203e-01 9.988546032431475652e-01
1.634732092090438016e+00 3.359674562340275727e-02 9.975515124068032868e-01
-8.717254914806669142e-01 3.477825873870097340e-01 9.990628955699734082e-01
2.608996358500952795e+00 -4.921900767386939712e-01 9.992883598644266563e-01
-2.579374944202260878e+00 2.572926132038042546e-01 9.974152624372207843e-01
7.656720139631039146e-01 1.014269569787034087e-01 9.998250656090941213e-01
-1.809705679409228773e+00 -5.874387649413201906e-01 9.998476411545141884e-01
-2.954153007429596300e+00 3.182868426109273230e-01 9.990306059381854897e-01
-2.334938024983106875e+00 -1.043042665779356781e-01 9.998281027400911514e-01
-2.841528318539299214e+00 4.994873571240678878e-01 8.920682389596498174e-01
8.835217083048529929e-02 1.054679335555760655e+00 9.998232336160742806e-01
1.588368265808719926e+00 -4.282906397782384467e-01 9.998335410743477425e-01
7.528214423294303792e-01 8.847288319194346329e-02 9.998309621545919956e-01
3.839028177986136825e-02 6.047082992139407587e-01 9.993188363968747989e-01
-2.123547492379923352e+00 -3.782819612481973515e-01 9.998282963484060870e-01
2.184765808648583274e+00 -6.824872689882277577e-01 9.990919368266292233e-01
-2.214751622874625347e+00 -4.373116708513786755e-01 9.998631966357276468e-01
-2.775151348585174205e+00 3.486382857688328230e-01 9.981518766106308727e-01
2.553424787151923780e+00 8.201995679421925090e-02 9.998167187446826976e-01
-2.802327430513139817e+00 -6.564004009079797974e-01 9.900394236174262508e-01
8.035889571922743002e-01 5.965081404593703951e-01 9.981960592307886904e-01
1.807444745260208485e+00 -2.675492933856311595e-01 9.998261510821950804e-01
-2.497554949219551901e+00 -4.512366913058367679e-01 9.998261613052201735e-01
5.209979499235215528e-01 1.517971750505440198e-01 9.991881689432176028e-01
2.213953265723073827e+00 -2.831641033384930672e-01 9.998580657848920028e-01
1.044964091328463240e+00 -7.177846431875409827e-01 9.986122716518044395e-01
-2.648732570263403474e+00 -4.321674493602856160e-02 9.998435223566024543e-01
2.452238975865284942e+00 4.641768417589893225e-01 9.181388659531803942e-01
-2.648841118866535282e+00 3.398962031762806646e-01 9.976368470381624665e-01
2.001820039270253204e+00 -4.835994890058716855e-01 9.998033140332723834e-01
2.317406662100561121e+00 1.624302038943010729e-01 9.980057081493974858e-01
-5.408446436488372200e-01 2.362794700857744346e-01 9.992669679385485226e-01
2.721752655040390323e+00 -2.265788136316246870e-01 9.998644868529513730e-01
2.750377315037748183e+00 -5.285010039164417250e-01 9.987059167886382927e-01
8.270836633526235104e-01 4.970846131210739927e-01 9.979660303613957506e-01
1.332180491528216493e+00 3.313500015878556582e-02 9.980122266740268921e-01
-4.582455123806887798e-01 4.880467702307140776e-01 9.998364205433297736e-01
2.001091589073810795e+00 1.453388945436939750e-01 9.848272970456937170e-01
1.035469269012176063e+00 -4.851033224791359011e-01 9.991675995716557956e-01
-1.715881445647620351e+00 1.455635483905823868e-01 9.947926151745484225e-01
-8.392610793413091130e-02 6.306361735370624721e-01 9.995545676835900784e-01
-1.613925190090019335e+00 -8.042924912220441591e-01 9.998259927957617865e-01
1.775354709999321656e+00 -2.925768478055941202e-01 9.998215573311782789e-01
-9.806730121279740864e-01 -4.160563321433206063e-01 9.994944332002363430e-01
2.744371005147547393e+00 -6.731549993457930370e-02 9.998646213884456735e-01
1.897659563460784682e+00 -8.481046980814963554e-01 9.995196472822722722e-01
-1.123167908199141474e+00 -3.409522918874285935e-02 9.997766210878934467e-01
-2.451014899182346163e+00 -5.163958765850309440e-01 9.998092901571901114e-01
