# X Y attrib
2.173716192603771802e-01 2.086387818266644822e-01 9.982878534124127734e-01
5.616697730295941327e+00 -6.816551228230527393e-01 4.868198076854533926e-04
3.335865719780146676e+00 -1.957618466368019894e-01 9.989114105025383994e-01
-2.734494471934103110e+00 -4.092344267680286252e-01 4.478531877631812064e-04
-3.505447349848006766e+00 2.711708949955215497e-01 4.429202572465723727e-04
2.340135739672792425e+00 7.310395467750115950e-01 9.987619085441844513e-01
-4.182852136835629508e+00 7.347954349572600741e-01 1.377460626988293371e-03
-1.351607828766789865e+00 -8.667043703994018466e-01 3.548675931389575757e-04
1.483489547473826775e+00 9.594454568950121498e-01 9.969018229368420414e-01
-1.106719067976453807e+00 -9.747700575349951269e-01 2.354001212480705870e-03
-6.252210696488884167e+00 -9.985182683532492498e-02 4.919935085520694105e-04
4.825890731529041133e+00 -1.047304859504619046e+00 4.100247084797565135e-04
4.837393434324017250e+00 -1.032381878915456852e+00 4.255405361309878799e-04
-2.508125814455873126e+00 -5.461559831834796874e-01 4.943801437201102416e-04
1.125718918613673125e+00 9.903933919429216415e-01 9.987785175190274645e-01
6.012089938527255484e+00 -2.812301007540313202e-01 4.181692238335768638e-04
4.336576865564968131e+00 -1.010905011541654908e+00 4.256150480932338327e-04
-5.465423222094749178e+00 7.119101184900488155e-01 4.949855809751842802e-04
-2.579317127010259281e+00 -5.814883104347506881e-01 4.401068247999843919e-04
-2.664894409346845183e+00 -3.830363767559651356e-01 4.104928214174686976e-04
4.052231527829361468e+00 -7.542869709469229855e-01 9.926902707509119850e-01
1.585662820254204242e+00 9.655370363222816055e-01 9.961565968534877857e-01
-4.894881409513216042e+00 1.018551520706905134e+00 4.872404391420398473e-04
-6.276540070041450647e+00 -6.156496262850623402e-02 3.757259919628382983e-04
5.556424755217244993e+00 -7.041498725936847780e-01 3.903281093562019442e-04
-4.505034343392204654e+00 9.781003898342112146e-01 4.247416838084992091e-04
-9.852471096492489977e-01 -7.800079964934623078e-01 3.654122743909491073e-04
-1.929070588311159185e+00 -9.299967224461248572e-01 4.659218166660390476e-04
4.646856418197067740e+00 -9.864025103750149182e-01 4.263475364718674067e-04
-8.972160871747307809e-01 -7.912135362890515555e-01 4.941705817594964183e-04
4.131212992020437014e+00 -8.109328327817567628e-01 9.372583514474855382e-03
2.737606938167814974e+00 3.366448318876549273e-01 9.967554721566861398e-01
-4.784938480937038996e+00 9.428981589609839453e-01 4.452013101549885470e-04
1.211199235627348436e+00 9.611124602149928586e-01 9.986923317207311301e-01
-4.652619580669172805e+00 9.515264351029206757e-01 4.565157886403685070e-04
-5.308863175288157876e+00 8.460805626355502040e-01 3.919724730033605263e-04
4.162047992429386056e+00 -8.311221869862116529e-01 1.727320300651144459e-03
-4.475435638745315359e-01 -4.242263765342874082e-01 4.192616426521672502e-04
-4.247276451879959502e+00 8.673688775436175780e-01 4.346732429449269835e-04
6.028753007728564484e-01 5.554896113084126785e-01 9.970446966667713129e-01
1.111945631387034616e+00 9.088089547578211969e-01 9.986940960421492042e-01
3.438324487574995203e+00 -3.204386384808073363e-01 9.963569220280712457e-01
1.958411783879295598e+00 9.047423628635012927e-01 9.971976939550600827e-01
7.251645265595465517e-01 6.628586985973713430e-01 9.982977519995437365e-01
-4.043264094462690750e+00 8.351247513587973792e-01 3.847252012074946627e-04
-3.259923490182783379e+00 1.123587143213876094e-01 4.309223533805455072e-04
7.608475428078076419e-02 2.498421108460183865e-02 9.966559068364199137e-01
-1.297531816031028740e+00 -1.059462663988833819e+00 2.228309138131132766e-03
-2.129348197155858102e-01 -2.477399950426260322e-01 4.287005838507027683e-04
5.726995746843298818e+00 -6.050544164802595937e-01 4.610919383847926750e-04
5.046681994356875478e+00 -9.485146376538131641e-01 4.445808861882799058e-04
7.237377445687975808e-02 1.092748841337499582e-01 9.981795024172157582e-01
4.030053719132597578e+00 -8.268324497074253099e-01 3.625930906559671381e-03
4.118199783286145887e+00 -8.656440710504196279e-01 2.891059945224016322e-03
-3.369881540444613854e+00 1.796811487082884407e-01 5.658448034958077832e-04
-5.289744765916797320e+00 8.842875789768607220e-01 4.130732376927446852e-04
-4.302357546151132084e-01 -4.545808994354959554e-01 3.444192988035322069e-04
4.762350462284469899e+00 -9.682394491907990730e-01 3.933393736830300314e-04
-4.429607204730253045e+00 1.026217912084466999e+00 4.758426996123778252e-04
-3.377195699593172229e+00 2.166931076044297522e-01 4.732968658062298279e-04
5.252061891192532528e+00 -7.661858613882485125e-01 4.804862536035821113e-04
-4.661325186483868954e+00 9.977285205221366748e-01 3.091745949601650695e-04
5.232733762160407309e+00 -9.112359363753848029e-01 5.308181069090249938e-04
-3.332632263084361224e+00 1.811840517919226790e-01 3.852589682370778927e-04
1.457532721085919469e+00 8.960277540922920725e-01 9.923268806376139839e-01
5.674819157084169063e+00 -5.650292972976063144e-01 3.668255521140155158e-04
-3.077116871403457132e+00 -7.405021775843020904e-02 4.357309228346493046e-04
-6.251122420531691759e-01 -6.123354383985988303e-01 5.485081056884607642e-04
5.937833550713710551e+00 -3.007107739379200062e-01 4.465117764629805762e-04
-3.275160629951346714e+00 4.064335051230433260e-02 4.132140966191909107e-04
-3.786482423375201467e+00 6.287802209004582643e-01 4.472875688049232894e-04
2.361803828015673901e+00 7.713054628406288415e-01 9.989686610935053501e-01
4.335513405573147239e+00 -9.918655020553970303e-01 4.183211613340025625e-04
-5.866461609833866220e-01 -5.456803330063235702e-01 3.872311518286923929e-04
-5.009331971962329710e+00 9.549678803082616296e-01 3.701275495860085812e-04
1.543753127186658247e+00 9.980220113507882740e-01 9.982533061372032002e-01
-5.234195747218685746e+00 8.204058421262256928e-01 4.590539202099711675e-04
-5.613811254270888895e+00 6.611253508156839098e-01 4.270123146170859071e-04
-1.941774713608291236e+00 -8.970851628024567592e-01 2.940311839664287242e-04
5.095351955026909962e+00 -8.687864921139903940e-01 4.423687219764300331e-04
3.752320871093472121e+00 -6.056842547895828766e-01 9.938162317958486591e-01
-1.454847144580643459e+00 -9.422990929016524797e-01 3.610981242334036930e-04
-5.117955969464251353e+00 9.319700267045891717e-01 4.512356058969654925e-04
-4.690711870187602273e+00 1.083366663089676774e+00 3.796149053759203000e-04
4.322489840747749668e-01 4.290051746720148773e-01 9.983870543730359870e-01
9.178724748688704693e-02 2.238209002812324711e-03 1.225257708863692349e-03
4.441927607318607585e-02 5.811831733939491762e-02 9.976180546164503671e-01
-4.692197641637188887e+00 9.864079929579503414e-01 3.584626689055253005e-04
3.660465523689799383e+00 -5.127720160156573614e-01 9.968348382810555686e-01
1.207015657286120813e+00 8.612361742796922348e-01 9.961099341273054186e-01
3.239225470368646498e+00 -1.080208998389650538e-01 9.984650503611665062e-01
-5.106458815847805255e-01 -5.613959179123411136e-01 1.220389430346036476e-03
-5.347503343201742254e+00 7.838276323074828689e-01 5.133897989665418523e-04
1.287900224466453025e+00 9.349573598577365363e-01 9.977879235605988661e-01
-8.092847037298174229e-01 -6.919964288836726318e-01 3.315651999370303389e-04
-6.202404912823477723e+00 1.676237300263147822e-01 4.009241559824754564e-04
-5.697216973984062349e+00 4.511926205028329862e-01 4.052367428623797991e-04
-1.021113116759043926e+00 -8.916174259944574798e-01 2.433300695035055337e-03
4.753428927317226993e+00 -1.001683051177582939e+00 4.478613029300767211e-04
-8.417244904900815783e-01 -7.390686248091599131e-01 4.111141996913162929e-04
1.802774169406374583e+00 1.015028504214559035e+00 9.988670249694553416e-01
8.589086101954253039e-01 7.025964848479656633e-01 9.949753905690759126e-01
-3.264970517485845658e+00 1.144810110688988802e-01 3.725585106240712307e-04
-2.567224026164431017e+00 -4.957913775712057824e-01 3.881211493039394438e-04
-6.220040253333045221e+00 1.317887519022657022e-02 4.226872061718745356e-04
-4.663461205963512768e+00 9.797031683777288613e-01 3.413281061353128413e-04
3.663727825510445513e-01 4.398890695198843792e-01 9.988818741235427900e-01
1.853476685291735038e+00 8.797538535921050062e-01 9.967478909568641132e-01
-4.456513113777944568e+00 9.060950652880432887e-01 5.666364172324382968e-04
2.405068378559096942e+00 7.124657006832278983e-01 9.989622773580516535e-01
1.326571361464774057e+00 8.932592201025509882e-01 9.952629971824146216e-01
5.825075502616156697e+00 -4.429086716420386205e-01 3.639688369592784085e-04
4.308437355298229576e+00 -9.935984350324001957e-01 4.965433826899162207e-04
2.301461042003820623e-01 1.630893261113734449e-01 9.950591471285032963e-01
1.300307803271705254e+00 9.716781990770231303e-01 9.986942541948141683e-01
-5.208813866997928699e+00 8.973763343748645260e-01 4.422865857467054933e-04
5.712099448734125673e+00 -5.402451181447501805e-01 4.057438457746086278e-04
4.964985029235601033e+00 -8.941287900627719054e-01 3.497824739917097933e-04
7.332122387221220450e-01 6.687166552247136853e-01 9.983449251088697407e-01
-2.739262931033307868e+00 -4.189176487631557921e-01 4.727346419457417260e-04
1.751624875814012938e+00 9.939686750170311225e-01 9.985042685125014028e-01
-1.042655557212251338e+00 -8.935818615965168688e-01 1.097419678382169535e-03
1.598850746141040169e+00 1.002538210255129680e+00 9.983741683563839286e-01
-1.301490910262811163e+00 -1.032854085113158238e+00 2.305039593764999454e-03
-2.490489233126844226e+00 -6.736626624588417656e-01 6.383245373030463571e-04
-1.282465574032802813e+00 -1.025433423883093331e+00 1.427690763193761349e-03
4.395522019280470261e+00 -9.380316847204051012e-01 4.007982740793837617e-04
4.256716089046062024e+00 -1.016721705154830735e+00 4.990838664873845478e-04
-2.696990239764911923e+00 -4.484902940800135629e-01 4.236454247555463282e-04
-2.024966607722335610e+00 -9.366498288978568620e-01 4.473970459719211340e-04
-2.024194581541927107e-01 -2.644140690962574203e-01 3.790786089025724383e-04
-1.451524438247266957e+00 -9.776013522608644202e-01 4.765838138120928971e-04
-2.151521614518783210e+00 -8.306544206407788788e-01 4.000404330405877076e-04
3.644647278840293936e-01 2.814164221309010672e-01 9.947933688876626768e-01
-5.065692939027973907e+00 9.725971564191265850e-01 4.400095010521276259e-04
-5.989384434477885044e+00 2.583867573862403955e-01 3.463630082646578694e-04
-3.895089182802507377e+00 7.777025365495378040e-01 3.768238428621006235e-04
5.809969022540249384e+00 -4.641148245838278563e-01 3.940623932007669044e-04
3.279271642685767318e+00 -2.002353171858183289e-01 9.953854546453424490e-01
2.688002704277998589e-01 1.788722601151129243e-01 9.955294523149695873e-01
-4.745724674700575463e+00 1.060342502520914776e+00 4.739344385476705829e-04
6.265425018007158897e+00 -1.056513377458697875e-02 3.935465043092582424e-04
4.879046095564968155e+00 -9.526247014642319488e-01 4.166966428826103562e-04
5.776067032521780220e+00 -4.887243214630012655e-01 3.600812192808112251e-04
8.141179645403306964e-01 6.479760171324937534e-01 9.949304070660680566e-01
-2.535480104766639986e+00 -5.953506048377292803e-01 4.872613503629632603e-04
-3.955982470929510608e+00 6.868921078544295566e-01 5.541656977681958885e-04
3.529300190274692994e+00 -3.345641335762181701e-01 9.987771626445456352e-01
-4.332699279052631525e+00 9.218304981120832853e-01 4.761548163195470154e-04
1.270698205900314903e+00 9.957407026642237646e-01 9.987683452879543289e-01
2.991299166423782907e+00 8.265218887243494517e-02 9.961931625207601781e-01
8.333275447065231489e-01 7.473759744563157614e-01 9.987056178633512138e-01
3.699279464966696906e+00 -4.847647830013868675e-01 9.987367402475773037e-01
5.369107724186411801e+00 -8.053805030878352644e-01 4.238962455770683329e-04
-5.267040677686614103e+00 8.957106090150900313e-01 4.372550034915955765e-04
-4.818979176793583008e+00 1.013694268225771022e+00 4.248707960861939715e-04
-4.853116796329456584e+00 9.695881211838034419e-01 3.755519066210220814e-04
-2.664913131426770221e+00 -4.312393298125369312e-01 4.277487650857388882e-04
6.459416617217597079e-01 6.028432226355480150e-01 9.981860947381334670e-01
-6.956292232752643301e-01 -5.561867864028531283e-01 3.632118420359222192e-04
-6.346396321848013500e-01 -5.894173298671879779e-01 4.592081314775954787e-04
2.370708118824099486e+00 7.358714367560015290e-01 9.988619489613884683e-01
-4.412705861162613097e+00 9.660682032253827822e-01 4.088708720877815266e-04
-4.779587365264800880e+00 9.339041740618583276e-01 3.724236297109793058e-04
-4.515681559731030248e+00 9.800302846289261627e-01 4.361697958215797824e-04
4.330591020468302688e+00 -9.128120044109083731e-01 4.375802794955756855e-04
-1.614354168011713497e+00 -9.741096197382691502e-01 3.404688998961261700e-04
1.399060278858958561e+00 1.073701680677752179e+00 9.988938295081567498e-01
5.161106773786075408e+00 -1.002504249169974493e+00 3.935083618485355514e-04
-3.982919686936897019e+00 8.087556386508313322e-01 4.756568901574283735e-04
-5.653371005597453092e+00 5.576418081689702433e-01 4.751162608557152659e-04
-2.971263211139156368e+00 -2.089037235104977408e-01 4.143830700690623076e-04
-1.504102038156464261e+00 -1.045030342372438747e+00 1.217051836639802603e-03
4.509886974699695017e-01 3.193032599978463115e-01 9.944391222880695214e-01
-3.695359002461330089e+00 5.626667582663748002e-01 3.738721652341523436e-04
3.238541539397651547e+00 -1.509605482832694912e-01 9.955569252662145319e-01
1.473300061930681082e+00 1.030745714233332722e+00 9.987674899092716663e-01
3.504912594214417254e+00 -2.894680306008469151e-01 9.987211005377478745e-01
-3.842071515441367602e+00 6.370995060691796441e-01 4.767026863050219995e-04
-3.192056575171621002e+00 5.172881337089053205e-02 4.966844610157931982e-04
1.766373184743484259e+00 9.172302828095563187e-01 9.963542509026587224e-01
-1.255287936176400443e+00 -1.011130355449241458e+00 1.566566387091417436e-03
5.814729477613637343e+00 -4.592735197009650827e-01 4.437111577572357222e-04
3.313349725452281902e+00 -2.191847075706079839e-01 9.956861370665605060e-01
-4.136958314343871734e+00 8.695436398039344539e-01 3.385163624895876858e-04
-4.785571683005889199e+00 9.780819614521244487e-01 5.066966435117187945e-04
-2.132894443036695620e+00 -9.329080023894540385e-01 8.672950305434584109e-04
3.752594020424668386e+00 -5.223585866460165317e-01 9.988056388064467939e-01
1.320562265669704693e+00 9.370489135008065462e-01 9.962437151038753269e-01
-3.550073166444127182e+00 3.747022721516655164e-01 4.666209811867376000e-04
-5.921600598124465265e+00 3.653138759727151408e-01 3.245756507411202388e-04
1.610199505573239875e-01 9.356576569288148348e-02 9.935367295212061967e-01
5.523408184564253531e+00 -7.304838018523284182e-01 4.101092684958017364e-04
9.619392811603848514e-01 7.900805126753879248e-01 9.978561122919714643e-01
5.695595431346134774e+00 -5.805199433166871037e-01 3.797434684421734379e-04
-2.426977455659624638e-01 -2.967056497668147386e-01 4.423101787490287201e-04
6.167460291893108959e+00 -1.312193924201949247e-01 4.252154052984656878e-04
-8.484436137546413903e-02 -1.237786259013319567e-01 6.124253672378875525e-04
4.120100948954526388e+00 -8.377422847539746087e-01 2.496126488412762912e-03
-2.811317680626995497e+00 -3.702586405613009779e-01 4.826058762251531358e-04
-5.430942787880435496e+00 7.326323058070531857e-01 4.573195055967168676e-04
2.781693068761359910e+00 3.936553253551156040e-01 9.988305228293493654e-01
-4.755006155405108181e+00 9.942297872957975846e-01 3.250863515862229013e-04
3.890125572154525813e+00 -6.535851561241664553e-01 9.969173268333375582e-01
5.463760208975379840e+00 -7.852443499685358708e-01 3.661887020080059640e-04
-1.979640950974243196e+00 -9.273716714795231519e-01 4.061183285083592043e-04
-2.354499543742023526e+00 -6.865656693461085203e-01 5.357288560724881438e-04
1.260370610161505311e+00 9.602745025326094863e-01 9.985992799003470255e-01
2.444678793669254446e+00 6.303406339158820204e-01 9.986752019447381334e-01
-5.715547734686126979e+00 5.280746689474083988e-01 4.454438252632818220e-04
1.592607474178090676e+00 1.060459899600880052e+00 9.989777196483422550e-01
-4.077828471304226099e+00 7.349711989588355587e-01 4.017875929286311276e-04
-5.265735880296102067e+00 8.693644193114870022e-01 4.504364002314406763e-04
-2.341101892649624983e+00 -8.218501658454738790e-01 8.781036345149267983e-04
-1.079153805408498812e+00 -8.729095880217231374e-01 3.584594091140343619e-04
-1.322084471519789695e+00 -9.681837223796198044e-01 3.651004024034281087e-04
2.802809948170345677e+00 3.096473214147684727e-01 9.985311673820576051e-01
1.460807867029423335e-01 2.064443803660475918e-01 9.986015621600861092e-01
-1.964806980227063349e+00 -9.537704301952661945e-01 4.897382462377165022e-04
-3.907100762312518683e-01 -4.058247739079373084e-01 3.863122018692488396e-04
5.873366761740612674e-01 6.359693369609908942e-01 9.987997223961985194e-01
4.208159894949652369e+00 -8.561046199437953863e-01 7.938771987966522243e-04
-1.908933478116808580e+00 -9.509968370801131776e-01 3.971142780767219745e-04
3.558621026407791987e+00 -4.437467222295705671e-01 9.940218980236583679e-01
1.897665535002463599e+00 8.889102526801558879e-01 9.959199110112708642e-01
4.687579943254938541e+00 -9.852060228398152875e-01 4.096306142814510839e-04
-1.122793113697659884e+00 -7.326804103743536078e-01 3.771373026271391594e-04
-3.968971017959554093e+00 7.051520201184531267e-01 4.451267462783176868e-04
-5.112272094789538812e+00 8.831799110205900138e-01 4.844882577138167452e-04
7.207963252011824196e-01 5.469322659323627711e-01 9.938920323281967839e-01
5.992043674957537647e+00 -3.154100751308959727e-01 3.752326311841733156e-04
-2.567031204559786062e+00 -5.549119992946913715e-01 5.484959991134191401e-04
-1.342602433270564610e+00 -9.697026508717107030e-01 3.400598546885629024e-04
4.006144957317872013e+00 -8.033981491170751887e-01 3.230728200902843825e-03
-1.331889525968658283e+00 -9.968028112166769095e-01 1.213025884477819498e-03
4.911253294012395187e+00 -9.515564545526432605e-01 3.823511243681066460e-04
-5.904613822017731550e+00 3.626072359582155347e-01 4.487742607474452111e-04
5.024182568174069274e+00 -9.355500579885903667e-01 3.641225953832102707e-04
-2.625044235939666404e+00 -4.738918187121857750e-01 4.380750283678321814e-04
6.040803229045209832e+00 -2.573344912388303429e-01 3.634176120309114046e-04
3.425648173923583784e+00 -3.334754038500640783e-01 9.956024613373025689e-01
3.926280761952080312e+00 -7.310869818036829226e-01 2.601926672044654887e-02
-3.176632317585044163e-01 -3.092883840441184029e-01 3.569261791819165687e-04
-2.482020098347503367e+00 -6.996998332220251138e-01 4.277595018458682421e-04
-2.210128688305048605e+00 -8.262427828700581456e-01 3.240539129758574399e-04
4.856444578568636317e+00 -9.540477482609707183e-01 3.872428795594120014e-04
-8.853980283505435978e-01 -7.199311933157044319e-01 4.018927099288646036e-04
-6.244498001355649919e+00 1.078723446688281337e-02 3.224626188163645006e-04
1.495357090225044594e+00 1.018521537480310712e+00 9.988643568508904780e-01
1.739369343513336830e+00 8.904266921027608195e-01 9.946495414070971597e-01
1.283451384013493346e+00 9.657987229387156036e-01 9.985812942391236735e-01
-5.216329804053543739e+00 8.538198893533061051e-01 4.198111708446516542e-04
-3.910784815423472782e+00 7.620375019309932885e-01 3.570463979657285914e-04
3.431695637125299569e+00 -2.157905929080771168e-01 9.986979811093021908e-01
1.134793464748224956e+00 9.171530176184550243e-01 9.986262529554409406e-01
2.337799723092501836e+00 6.162663287579162041e-01 9.953461789441687690e-01
-5.364695278881225882e+00 7.048161921367049887e-01 4.766836800171040853e-04
7.724238208365958869e-01 6.355576816101820015e-01 9.934384630848885900e-01
-3.033150974228176810e+00 -1.264155301397270337e-01 3.536144163502995394e-04
-3.503710427870416311e+00 3.445068085036598893e-01 3.903517443726000615e-04
-4.836789100038034306e+00 9.584146618970704745e-01 3.972520216100918736e-04
-5.038411696787933103e+00 9.169631333743747392e-01 4.780928526478725026e-04
-3.218650110777727669e+00 2.076668942140671298e-02 4.690410277443958758e-04
3.091862449232511523e+00 -6.341666721864744338e-02 9.944801830802098008e-01
1.186045885813215683e+00 9.365394494967592687e-01 9.986758231579461187e-01
4.620628587054458336e-01 5.337882112930475431e-01 9.988470379534667432e-01
-1.563527445039817998e+00 -1.007451323671960441e+00 4.212379094917856272e-04
-3.329956542542050535e+00 1.327101289792529393e-01 4.384598385798939854e-04
1.141211441006835692e+00 9.055851090064083175e-01 9.987337104385667352e-01
4.293135196192331193e+00 -9.533318034437961996e-01 4.532970458879971446e-04
-2.853333884588131752e-01 -2.111261487083240240e-01 4.181616625864139139e-04
-5.230850544454266782e+00 9.375633937131276907e-01 3.790248634162580814e-04
5.444280220604055032e+00 -6.681239573329572634e-01 4.982547018081662183e-04
-1.749413649017439454e-01 -2.288593611753197143e-01 3.571854256797245861e-04
-4.707855684677701547e+00 9.409098316062659562e-01 3.416936934115800636e-04
4.264265168456971011e+00 -9.310459099619997625e-01 3.665962336663791178e-04
-1.477746800200342214e+00 -1.021093721856973557e+00 7.398106072134561992e-04
-4.917293108830678605e+00 9.824114555155373241e-01 3.873515386212707657e-04
5.722809318210970275e+00 -5.146699879124883026e-01 4.432128013299724409e-04
-1.964747025909715283e+00 -8.603726635318850180e-01 3.327350236375592137e-04
-3.594487899248186125e+00 4.660514878040715736e-01 4.124494514742556121e-04
-5.195000754094829531e-01 -4.266461488080026676e-01 3.735885731928608529e-04
-5.970341661895725238e+00 2.605301327223789043e-01 4.082735597424318880e-04
-3.201646380577756190e+00 -2.351553771982375918e-02 4.749086788375326412e-04
1.926567870790682591e+00 9.941496621419595447e-01 9.987637073860995418e-01
-2.043583495184709165e+00 -9.013632763531784775e-01 3.748823725978600563e-04
-6.012259018469885419e+00 1.946047577985025590e-01 4.549909152850417746e-04
-2.859966491405106392e+00 -2.125155794998762060e-01 3.449241264681346094e-04
5.799243575631878755e+00 -4.202589501043071940e-01 3.427492325872959341e-04
2.670677392795807847e+00 2.938847062562679469e-01 9.955471568309528507e-01
1.423303857043871190e+00 9.963704845665510845e-01 9.989895378080482224e-01
-5.747935025973369250e+00 4.397019102269014157e-01 4.297316498062379885e-04
6.016588381841422972e+00 -3.351974489359829668e-01 4.211538897681427478e-04
6.011014444346889363e-01 5.479907424177220543e-01 9.974345897293086516e-01
1.506081834853540968e-01 1.164846209716887127e-01 9.971770846886672812e-01
3.908315422442212750e+00 -6.355477529281884363e-01 9.987224213294935149e-01
2.716191361551718586e+00 4.145082561978147284e-01 9.988117640867398839e-01
4.158025550691165861e+00 -8.228472045222831044e-01 1.557813498290240139e-03
-4.436430618145224436e+00 9.237803609784238645e-01 4.059048178271823949e-04
1.134124882583806837e+00 9.219698500736226432e-01 9.988520640153472074e-01
4.361958773345751439e+00 -9.621093969983000038e-01 4.741603737533538416e-04
-1.980514993496731435e+00 -9.185765355562622858e-01 4.583174487282052245e-04
-4.462823004478226885e+00 9.635877052873568216e-01 3.503172839531899546e-04
-3.975391812184041029e+00 7.601321292031827381e-01 3.900619871454996516e-04
-4.228494990772443174e+00 9.672715819012582816e-01 3.224009016111998465e-04
-9.370445415310371118e-01 -7.346080440666844513e-01 3.908916599347002385e-04
1.326864298860292557e+00 9.165552996300985189e-01 9.966722657074987834e-01
-5.100426195346877911e+00 9.277749462895796828e-01 3.528700119254925228e-04
-5.946550608634462165e+00 2.923198617259506471e-01 3.362506712076974557e-04
-5.168354025757338377e+00 9.357147398498739665e-01 4.845018408039560021e-04
-2.869300960348285301e+00 -2.060996882064163871e-01 4.138889347160803122e-04
-1.982369993120930651e+00 -8.936879886726631916e-01 3.971871066326806217e-04
3.477433703703795231e+00 -2.736695927232544734e-01 9.987846281226154810e-01
3.061511741629411532e+00 6.760481650886426830e-03 9.953783106665473612e-01
-4.901167538166079751e+00 1.026723621909527484e+00 3.813628047895821428e-04
-2.755935757343879189e-01 -1.671411430835187950e-01 3.653223131147461094e-04
1.858375871812912195e+00 1.071992346025728793e+00 9.989163006245661558e-01
4.304593857132022805e+00 -9.339813915455045246e-01 4.025940414059028371e-04
-1.401541705545939820e+00 -1.059537596816729987e+00 1.231227502181045114e-03
-2.321908875569543618e+00 -7.292998424703192040e-01 4.143897580470761528e-04
-1.044463106154982057e+00 -9.305261138404290477e-01 1.361504130024698833e-03
-7.319015722496118315e-01 -6.109562908743587650e-01 4.518039769846967269e-04
1.467276081454536474e+00 1.027062130824242026e+00 9.989319486621593969e-01
6.235798410780290624e+00 -2.073646726416314423e-02 5.476047155418260239e-04
1.912388794096422373e+00 9.627752813404261145e-01 9.987969339331547181e-01
1.702887358608154322e+00 1.030386561386966271e+00 9.988659142276349323e-01
4.336991637053495552e-01 3.988779090198708577e-01 9.967039424699437600e-01
-1.814855760920345951e+00 -9.970844902237243623e-01 5.812273721251806288e-04
4.460606532607517494e+00 -9.946039789755257710e-01 4.561636215265756382e-04
-4.231150379623358049e+00 8.647419738378174792e-01 4.695100985107142572e-04
3.340440238475256507e+00 -2.290237904028739613e-01 9.976261831859625229e-01
3.240010690403128280e+00 -1.413045533093458539e-01 9.970275816468153751e-01
-5.661564002182352340e+00 7.022887368964996213e-01 3.828529621385977832e-04
-5.555781395017387325e-01 -5.791178841965898272e-01 1.899972502228109783e-03
2.676590296903199828e+00 5.026301012301858107e-01 9.989372269147377414e-01
8.856324865599658480e-01 7.637030460166106538e-01 9.981353496477094467e-01
-1.747250932150098635e+00 -9.831544631202091544e-01 4.142417210865869054e-04
-2.857554430070208706e+00 -3.079112528611560040e-01 3.389974402771639634e-04
-5.667857882739228970e+00 5.511206374128068131e-01 3.423752837194939851e-04
-5.195986421526209043e+00 8.854547358695211701e-01 3.963034519199559150e-04
6.222525399338795893e+00 -3.108772276845827090e-02 3.112761141992558250e-04
1.642291266259448435e+00 1.031276949179697588e+00 9.988229374448027720e-01
3.698650823662385179e+00 -4.866903296823463787e-01 9.985108055676140681e-01
-6.076481298597929737e+00 2.033491019491179552e-01 4.324737257891968678e-04
-4.778493405652370463e+00 9.481704717552549289e-01 4.290207471576948264e-04
-1.316500449484402147e+00 -1.048262831953618024e+00 1.610243109343500968e-03
4.323619391778496635e+00 -8.664043684997344563e-01 6.050804940504892404e-04
-2.532293771837625052e+00 -5.460738279575008125e-01 3.738008903336052140e-04
-3.844711004014500499e+00 6.063186325640838037e-01 4.502867764485672707e-04
4.664032029867362539e+00 -1.006054606059396006e+00 3.664388519538747612e-04
2.173716192603771802e-01 -1.626072161970566476e-01 4.750896018573163085e-04
5.616697730295941327e+00 -7.001826727329300004e-01 3.496335307689323502e-04
3.335865719780146676e+00 -1.066046193452319546e+00 4.044250448471064748e-04
-2.734494471934103110e+00 -3.801709842204554768e-01 3.923510802861683230e-04
-3.505447349848006766e+00 3.232455719811899719e-01 4.566900047020888091e-04
2.340135739672792425e+00 -1.124841191933629414e+00 1.374841425022558291e-03
-4.182852136835629508e+00 8.465615554150631716e-01 4.460790258512895294e-04
-1.351607828766789865e+00 -9.265212532525231026e-01 3.625595599549496866e-04
1.483489547473826775e+00 -7.204445591658538151e-01 1.704868772310130787e-03
-1.106719067976453807e+00 -8.975188890114996765e-01 4.609816987491712728e-04
-6.252210696488884167e+00 1.791456716161857546e-02 4.241899653279401425e-04
4.825890731529041133e+00 -9.983375745021794145e-01 3.963420954671496963e-04
4.837393434324017250e+00 -9.752801281356211494e-01 4.530643730177601105e-04
-2.508125814455873126e+00 -6.100718274386960349e-01 4.008324288763127734e-04
1.125718918613673125e+00 -4.281827898010330258e-01 1.074646965701470027e-03
6.012089938527255484e+00 -2.724546161161136570e-01 3.414518453763298596e-04
4.336576865564968131e+00 -1.042655735453127397e+00 4.020315280470928817e-04
-5.465423222094749178e+00 7.150939146612705910e-01 4.914495703511721379e-04
-2.579317127010259281e+00 -4.666071880646017189e-01 4.153779000212892984e-04
-2.664894409346845183e+00 -4.662068211729728517e-01 3.041853923763827437e-04
4.052231527829361468e+00 -1.025381539589494073e+00 5.095814470740224955e-04
1.585662820254204242e+00 -7.747762995550326881e-01 1.444865015790711008e-03
-4.894881409513216042e+00 1.001893379766655823e+00 4.045976994186643990e-04
-6.276540070041450647e+00 2.438576265947222516e-02 3.696853597425821540e-04
5.556424755217244993e+00 -6.252465808386782342e-01 3.883404286960810063e-04
-4.505034343392204654e+00 9.429195612344000166e-01 4.036589552275504232e-04
-9.852471096492489977e-01 -8.253859927358850879e-01 3.868619901086517042e-04
-1.929070588311159185e+00 -9.241249700654294852e-01 3.776336432395930405e-04
4.646856418197067740e+00 -1.007473658403592598e+00 3.939557613122271051e-04
-8.972160871747307809e-01 -7.935747505554434644e-01 4.612169931747837036e-04
4.131212992020437014e+00 -1.086905651089692837e+00 4.681238543983606316e-04
2.737606938167814974e+00 -1.189628059346224731e+00 3.347677730080960389e-04
-4.784938480937038996e+00 9.325538092472059892e-01 4.153359880267146632e-04
1.211199235627348436e+00 -6.092000479466319618e-01 3.915098929301300185e-04
-4.652619580669172805e+00 1.007702007029223523e+00 4.273913181391921293e-04
-5.308863175288157876e+00 8.728203447676963211e-01 5.408136062304315372e-04
4.162047992429386056e+00 -8.985241714027241144e-01 6.570183538813896768e-04
-4.475435638745315359e-01 -4.879885980597434836e-01 5.121170453967517633e-04
-4.247276451879959502e+00 9.016211433077461201e-01 4.762496202028449052e-04
6.028753007728564484e-01 -2.619177110465670810e-01 3.595986531180329990e-04
1.111945631387034616e+00 -4.533176119315109887e-01 4.160689947816139235e-04
3.438324487574995203e+00 -9.584825888876375988e-01 1.332799258903141727e-03
1.958411783879295598e+00 -1.059671971571453986e+00 3.841592753694984905e-04
7.251645265595465517e-01 -1.459800452593339459e-01 1.493565215235072687e-03
-4.043264094462690750e+00 7.434310709960223473e-01 4.909093100801592341e-04
-3.259923490182783379e+00 9.511315636992422051e-02 4.796513051196801109e-04
7.608475428078076419e-02 -2.470934278977597043e-01 5.362971010935464354e-04
-1.297531816031028740e+00 -9.634526284617964675e-01 3.992657637019187550e-04
-2.129348197155858102e-01 -3.624642550442370714e-01 1.477085950613859491e-03
5.726995746843298818e+00 -5.320322149975114101e-01 4.185443240550524549e-04
5.046681994356875478e+00 -9.479078238430108660e-01 4.233465539768640649e-04
7.237377445687975808e-02 -2.600659610438080249e-01 5.586986214676936549e-04
4.030053719132597578e+00 -1.064688265231053865e+00 3.625689183206073441e-04
4.118199783286145887e+00 -1.106497672042688007e+00 3.886671087752511600e-04
-3.369881540444613854e+00 2.333550143564590562e-01 3.862627715391241568e-04
-5.289744765916797320e+00 8.511776364932084338e-01 3.871101187272969540e-04
-4.302357546151132084e-01 -5.220021056386856539e-01 2.681199066073562415e-03
4.762350462284469899e+00 -1.039797500171256939e+00 4.030690192361575204e-04
-4.429607204730253045e+00 1.033654212753264190e+00 3.619000424586756417e-04
-3.377195699593172229e+00 1.962671991311251141e-01 6.180100685127280433e-04
5.252061891192532528e+00 -8.121314855850171321e-01 3.614757831646392503e-04
-4.661325186483868954e+00 9.932855588793315649e-01 4.112840305061643141e-04
5.232733762160407309e+00 -9.190654337501412696e-01 4.306300104520180915e-04
-3.332632263084361224e+00 1.721765473313629502e-01 4.631171577085885162e-04
1.457532721085919469e+00 -6.677985088965854299e-01 2.300233389633102310e-03
5.674819157084169063e+00 -5.576418362357484781e-01 4.229857992590692643e-04
-3.077116871403457132e+00 -1.965848036823678591e-01 6.073602064353227602e-04
-6.251122420531691759e-01 -5.903367179526526343e-01 3.776940533043304381e-04
5.937833550713710551e+00 -3.137738213175450541e-01 3.713398099756282252e-04
-3.275160629951346714e+00 8.533680598809394169e-02 3.883000189623770303e-04
-3.786482423375201467e+00 6.388232113161880221e-01 3.987255909802862484e-04
2.361803828015673901e+00 -1.067747577658455072e+00 3.776512821182821493e-03
4.335513405573147239e+00 -9.921777318461586503e-01 4.655017910865540663e-04
-5.866461609833866220e-01 -5.815800860665796268e-01 5.493340148786760458e-04
-5.009331971962329710e+00 1.001097306454079572e+00 4.227123456475966458e-04
1.543753127186658247e+00 -7.817248109592132010e-01 5.125546004532382637e-04
-5.234195747218685746e+00 8.366748255509632859e-01 4.117590272264323031e-04
-5.613811254270888895e+00 5.365151984091078852e-01 4.483391583025097367e-04
-1.941774713608291236e+00 -9.202483617629618751e-01 4.179717993420603160e-04
5.095351955026909962e+00 -9.261765338608329845e-01 3.897267865537749269e-04
3.752320871093472121e+00 -9.326216158950756396e-01 7.354592694970160053e-04
-1.454847144580643459e+00 -9.780080683849096124e-01 4.249186790957227840e-04
-5.117955969464251353e+00 8.165960211021049409e-01 9.504975074267560126e-04
-4.690711870187602273e+00 9.754330665022243885e-01 3.878955255993239639e-04
4.322489840747749668e-01 -1.237210794987202156e-01 5.399642645651980735e-04
9.178724748688704693e-02 -2.313083075265806310e-01 4.934736337217850329e-04
4.441927607318607585e-02 -2.205104254245261464e-01 4.220955370628634638e-04
-4.692197641637188887e+00 9.508556164242147890e-01 4.230823672299775730e-04
3.660465523689799383e+00 -1.042625166780534629e+00 4.089790047185199698e-04
1.207015657286120813e+00 -4.700603261778817377e-01 1.580626699168594020e-03
3.239225470368646498e+00 -9.674439997123763790e-01 3.054943564043434857e-03
-5.106458815847805255e-01 -6.009188718403868368e-01 2.768437258217924801e-03
-5.347503343201742254e+00 7.713297880285194807e-01 4.541745932184017070e-04
1.287900224466453025e+00 -6.437967938346418340e-01 4.200893555759131238e-04
-8.092847037298174229e-01 -7.729687901331127042e-01 1.352709425438161162e-03
-6.202404912823477723e+00 7.925894988053337753e-02 3.704337145804927956e-04
-5.697216973984062349e+00 5.948126977479499811e-01 3.737640043255084383e-04
-1.021113116759043926e+00 -8.039081727272784361e-01 3.410534208432759338e-04
4.753428927317226993e+00 -9.450815567004828832e-01 3.638188299674679268e-04
-8.417244904900815783e-01 -7.087267847911807861e-01 4.261751044343475001e-04
1.802774169406374583e+00 -9.899548532182290694e-01 4.787027372449321615e-04
8.589086101954253039e-01 -3.338394699658788212e-01 4.312977255808111195e-04
-3.264970517485845658e+00 1.325692656119937807e-01 4.032835320069928157e-04
-2.567224026164431017e+00 -5.732863200925283342e-01 5.050565588398227626e-04
-6.220040253333045221e+00 5.621633199286359128e-02 4.119584624265667941e-04
-4.663461205963512768e+00 1.052314490778575751e+00 4.873843008326687746e-04
3.663727825510445513e-01 -9.059918194149069182e-02 8.662636353075936794e-04
1.853476685291735038e+00 -1.042275067474544459e+00 5.018499717483599059e-04
-4.456513113777944568e+00 9.882907204111116561e-01 4.403731032092687478e-04
2.405068378559096942e+00 -1.205999568312754233e+00 4.205525107167577652e-04
1.326571361464774057e+00 -7.084960545904923634e-01 3.816203644594777294e-04
5.825075502616156697e+00 -3.741909785009214229e-01 3.427228829801421306e-04
4.308437355298229576e+00 -1.133396668441629229e+00 8.516097631086345758e-04
2.301461042003820623e-01 -1.711629439501170524e-01 4.166965191532161130e-04
1.300307803271705254e+00 -6.438788797384646934e-01 3.789619443785505453e-04
-5.208813866997928699e+00 8.448535039173066252e-01 4.111656204313335447e-04
5.712099448734125673e+00 -5.008569871545373031e-01 3.767342126329502978e-04
4.964985029235601033e+00 -9.592247559946404101e-01 4.173629700864335524e-04
7.332122387221220450e-01 -2.441530314928142820e-01 4.767355134886449371e-04
-2.739262931033307868e+00 -3.782508819722082416e-01 4.096011660020636006e-04
1.751624875814012938e+00 -9.395274042729939712e-01 4.597406964782397047e-04
-1.042655557212251338e+00 -8.890047632943604006e-01 1.256643152281448949e-03
1.598850746141040169e+00 -8.700735066640203907e-01 5.272936885325966820e-04
-1.301490910262811163e+00 -1.009978967582155329e+00 1.064817419544183269e-03
-2.490489233126844226e+00 -5.593861314404864338e-01 4.926769663450433160e-04
-1.282465574032802813e+00 -9.393578901815005100e-01 5.344947350455333873e-04
4.395522019280470261e+00 -1.148713376039702361e+00 1.659158573744835483e-03
4.256716089046062024e+00 -1.075741753958117775e+00 4.726156774834129170e-04
-2.696990239764911923e+00 -4.885121388372601903e-01 4.443000816627926423e-04
-2.024966607722335610e+00 -9.048893415077572389e-01 3.880426578432722698e-04
-2.024194581541927107e-01 -4.542418402406556144e-01 1.898734664857596594e-02
-1.451524438247266957e+00 -1.008398829413097886e+00 4.028724965184627663e-04
-2.151521614518783210e+00 -8.163856672797751290e-01 4.504903786210995927e-04
3.644647278840293936e-01 -1.908186973587777946e-01 3.867961009750552634e-04
-5.065692939027973907e+00 8.697715817532537530e-01 4.033331642903045279e-04
-5.989384434477885044e+00 3.385694116796553743e-01 5.367488199847177989e-04
-3.895089182802507377e+00 7.404464344086255645e-01 3.919956994209937407e-04
5.809969022540249384e+00 -5.039583496589878919e-01 4.004777515106786056e-04
3.279271642685767318e+00 -1.063562124498979244e+00 3.465802721460588135e-04
2.688002704277998589e-01 -1.864028322879767996e-01 4.119956858411674022e-04
-4.745724674700575463e+00 9.816463819864950091e-01 4.671643461350665199e-04
6.265425018007158897e+00 -4.868238621830853208e-02 4.101850870508989095e-04
4.879046095564968155e+00 -9.990201172006007990e-01 3.925158251774420745e-04
5.776067032521780220e+00 -4.819277642027076092e-01 4.010982046027800453e-04
8.141179645403306964e-01 -2.477326271247641543e-01 6.817165178691284022e-04
-2.535480104766639986e+00 -5.757156599141948217e-01 3.808901321230491487e-04
-3.955982470929510608e+00 7.486474052453666594e-01 4.037583687994815060e-04
3.529300190274692994e+00 -9.888653444240588231e-01 4.122859697616171196e-04
-4.332699279052631525e+00 9.051147845579987639e-01 4.405673271471270951e-04
1.270698205900314903e+00 -4.676780351895334364e-01 1.622331613235311783e-03
2.991299166423782907e+00 -9.830168943800445813e-01 3.470234516289924867e-03
8.333275447065231489e-01 -2.220866189979278926e-01 9.106869007902248158e-04
3.699279464966696906e+00 -9.743314945644164782e-01 3.882103731478541938e-04
5.369107724186411801e+00 -8.240865297120579802e-01 4.308280908589356257e-04
-5.267040677686614103e+00 8.119768018330960624e-01 4.756694588185253437e-04
-4.818979176793583008e+00 9.336887676027284533e-01 5.303859673866992549e-04
-4.853116796329456584e+00 9.293698172408079161e-01 3.886805379946373638e-04
-2.664913131426770221e+00 -5.004145162593931495e-01 3.624615597318884001e-04
6.459416617217597079e-01 -1.440801329368312789e-01 7.897652138209045568e-04
-6.956292232752643301e-01 -7.245602917303674007e-01 1.808154644172376650e-03
-6.346396321848013500e-01 -6.952934956655580923e-01 2.009536388874798817e-03
2.370708118824099486e+00 -1.231707104411056353e+00 3.307593918210443283e-04
-4.412705861162613097e+00 9.124387100352169266e-01 4.254346143191244122e-04
-4.779587365264800880e+00 9.461878588173723292e-01 4.046880103673561151e-04
-4.515681559731030248e+00 8.420024195951945067e-01 2.925380040154212848e-03
4.330591020468302688e+00 -1.060353717173533994e+00 5.947212765107033183e-04
-1.614354168011713497e+00 -1.010612694375793597e+00 4.340593213855035905e-04
1.399060278858958561e+00 -6.636775780153674198e-01 8.750475481042569673e-04
5.161106773786075408e+00 -8.810916043259167107e-01 4.820757849029325744e-04
-3.982919686936897019e+00 7.412556076126992632e-01 4.819934422755609059e-04
-5.653371005597453092e+00 4.987560918714682989e-01 4.097871537731645020e-04
-2.971263211139156368e+00 -1.364246143299238101e-01 4.108418204884841806e-04
-1.504102038156464261e+00 -9.919478267132422200e-01 3.663750047293453348e-04
4.509886974699695017e-01 -1.652126747784226635e-01 4.260379558750227846e-04
-3.695359002461330089e+00 5.476287764156529958e-01 4.844613473456184632e-04
3.238541539397651547e+00 -1.025542171512564993e+00 6.965559871056521690e-04
1.473300061930681082e+00 -7.666082893304329016e-01 4.300912089390969938e-04
3.504912594214417254e+00 -1.036141036231463364e+00 4.468155789382970253e-04
-3.842071515441367602e+00 5.326080529318613088e-01 5.240667324826856236e-04
-3.192056575171621002e+00 3.481427724167385218e-02 4.741322508639505369e-04
1.766373184743484259e+00 -8.878577610702580447e-01 1.682885239329122776e-03
-1.255287936176400443e+00 -9.925791554918561577e-01 1.872207316707806112e-03
5.814729477613637343e+00 -5.265849831560880379e-01 3.938648904813912160e-04
3.313349725452281902e+00 -9.700024466274314028e-01 1.056941944961823461e-03
-4.136958314343871734e+00 9.250125158076303311e-01 3.612618244117678386e-04
-4.785571683005889199e+00 9.746149006771231971e-01 4.635844942499491939e-04
-2.132894443036695620e+00 -8.816394295756433408e-01 4.066670663078727002e-04
3.752594020424668386e+00 -1.043821933322572004e+00 4.487702090332364407e-04
1.320562265669704693e+00 -5.767635725437527672e-01 1.686189777562559743e-03
-3.550073166444127182e+00 3.935725752570894409e-01 3.277219156367518053e-04
-5.921600598124465265e+00 3.708241277557167703e-01 4.146888876640116017e-04
1.610199505573239875e-01 -1.468376375027010128e-01 5.790926710156704552e-04
5.523408184564253531e+00 -6.630894640642431836e-01 4.281328151527573193e-04
9.619392811603848514e-01 -4.175782363307699585e-01 4.977687995158829645e-04
5.695595431346134774e+00 -5.397391601840546560e-01 2.999968463449616349e-04
-2.426977455659624638e-01 -3.437126395896584752e-01 4.756172398309054710e-04
6.167460291893108959e+00 -1.003563708342317812e-01 3.254210164860993240e-04
-8.484436137546413903e-02 -2.857337959239639735e-01 6.347551530319157833e-04
4.120100948954526388e+00 -1.040818101704368281e+00 3.982687929015656558e-04
-2.811317680626995497e+00 -3.534517667989116041e-01 5.014964666069742340e-04
-5.430942787880435496e+00 7.002629044014806459e-01 5.506432137226160680e-04
2.781693068761359910e+00 -1.083698104606914070e+00 1.328119687620855222e-03
-4.755006155405108181e+00 9.903663415819292659e-01 4.496244035285779333e-04
3.890125572154525813e+00 -1.015586658743160120e+00 4.766758494195272550e-04
5.463760208975379840e+00 -7.621812910017861098e-01 3.259809992183362393e-04
-1.979640950974243196e+00 -9.480595270942493435e-01 5.288507678611815196e-04
-2.354499543742023526e+00 -7.820466152167757645e-01 5.718080686862072595e-04
1.260370610161505311e+00 -5.575179960160527859e-01 5.499697064562355034e-04
2.444678793669254446e+00 -1.185763809410568026e+00 4.201822765945746195e-04
-5.715547734686126979e+00 6.048119808681623466e-01 3.954021610968550329e-04
1.592607474178090676e+00 -7.835088697468812757e-01 1.789962096290430684e-03
-4.077828471304226099e+00 7.513847865239753343e-01 4.392523728642256080e-04
-5.265735880296102067e+00 8.861006499122212610e-01 4.403027619801554594e-04
-2.341101892649624983e+00 -7.202014660580541294e-01 3.447687954937356789e-04
-1.079153805408498812e+00 -8.149899829889039049e-01 3.062086094876222435e-04
-1.322084471519789695e+00 -8.856725578175133062e-01 4.205004435221807628e-04
2.802809948170345677e+00 -1.171864925685341285e+00 4.153743167299741006e-04
1.460807867029423335e-01 -2.019609652650828646e-01 4.682917434959249481e-04
-1.964806980227063349e+00 -9.651097026528137057e-01 5.936733110147949383e-04
-3.907100762312518683e-01 -4.929418493353528996e-01 1.674769907488455039e-03
5.873366761740612674e-01 -1.743212634355797985e-01 4.135581639849479217e-04
4.208159894949652369e+00 -1.092476950593211926e+00 3.642105477958965457e-04
-1.908933478116808580e+00 -9.410088419835999085e-01 4.798890295362207990e-04
3.558621026407791987e+00 -9.994716847491570411e-01 3.241472333000453509e-04
1.897665535002463599e+00 -1.016637595070280398e+00 5.870077279904304833e-04
4.687579943254938541e+00 -1.085910604228419896e+00 4.018829276537055320e-04
-1.122793113697659884e+00 -8.713004927874041794e-01 4.155351458948177367e-04
-3.968971017959554093e+00 6.641537523519803754e-01 4.034203854638536901e-04
-5.112272094789538812e+00 9.376492702872508689e-01 4.022253914429492678e-04
7.207963252011824196e-01 -1.375427103754750524e-01 1.578794751077866251e-03
5.992043674957537647e+00 -3.739268162624084235e-01 4.647712951460077849e-04
-2.567031204559786062e+00 -5.072959549834844539e-01 3.919074696936833478e-04
-1.342602433270564610e+00 -9.973907366678735897e-01 8.885105646992164400e-04
4.006144957317872013e+00 -1.064832238999322112e+00 4.377844556495128934e-04
-1.331889525968658283e+00 -8.711857364545250171e-01 3.630917456719526346e-04
4.911253294012395187e+00 -1.107390621950671949e+00 3.604380629830712126e-04
-5.904613822017731550e+00 3.435732714598847548e-01 3.610289141450807589e-04
5.024182568174069274e+00 -9.475477448995567320e-01 4.427525085105310791e-04
-2.625044235939666404e+00 -4.797316618456179960e-01 4.607703633558823779e-04
6.040803229045209832e+00 -2.459640088538537772e-01 4.171273805944760121e-04
3.425648173923583784e+00 -9.300479721780003928e-01 8.642154564294900069e-04
3.926280761952080312e+00 -1.004040373527033569e+00 3.935766246829995292e-04
-3.176632317585044163e-01 -5.120185704455560982e-01 5.638057546796708744e-03
-2.482020098347503367e+00 -5.919038055734319181e-01 3.492532785418663282e-04
-2.210128688305048605e+00 -7.413253827402196405e-01 3.956366634209790051e-04
4.856444578568636317e+00 -1.010652543683842719e+00 4.226716099909735912e-04
-8.853980283505435978e-01 -8.720393698523156711e-01 3.360025665666732664e-03
-6.244498001355649919e+00 3.273273992290752499e-02 5.524465301949713168e-04
1.495357090225044594e+00 -6.686162910812080140e-01 2.560685429245505504e-03
1.739369343513336830e+00 -9.908522054019570646e-01 3.634179347771798632e-04
1.283451384013493346e+00 -5.566097173420689881e-01 1.091748929414276250e-03
-5.216329804053543739e+00 8.591318292469944939e-01 3.805087293431508658e-04
-3.910784815423472782e+00 6.657984906435621131e-01 4.707388716684052124e-04
3.431695637125299569e+00 -1.057809844289853585e+00 4.424216240327346911e-04
1.134793464748224956e+00 -4.439873996786668497e-01 1.021780855599014291e-03
2.337799723092501836e+00 -1.233277401433219733e+00 3.679372496861715706e-04
-5.364695278881225882e+00 8.476536347320928755e-01 3.890154787785341677e-04
7.724238208365958869e-01 -2.919655626842120322e-01 3.908008511713594274e-04
-3.033150974228176810e+00 -6.053521327486302561e-02 4.374280941706882426e-04
-3.503710427870416311e+00 3.372903008918717860e-01 3.015046379536118312e-04
-4.836789100038034306e+00 9.559322003014411040e-01 5.140533644683582641e-04
-5.038411696787933103e+00 9.296392867926045467e-01 5.293924150941648268e-04
-3.218650110777727669e+00 5.593461152700947986e-02 4.759443140030657454e-04
3.091862449232511523e+00 -1.163301392800854650e+00 4.278923457859970330e-04
1.186045885813215683e+00 -4.938662008771146916e-01 6.900453035075359686e-04
4.620628587054458336e-01 -7.191309614224598856e-02 1.243226248091004174e-03
-1.563527445039817998e+00 -1.042503474857082280e+00 1.340737543511251028e-03
-3.329956542542050535e+00 2.547566370663877366e-01 3.790857732815934686e-04
1.141211441006835692e+00 -4.733122055947104334e-01 3.612390193495903590e-04
4.293135196192331193e+00 -1.052626504322382361e+00 3.976488587669165854e-04
-2.853333884588131752e-01 -4.114081120413873860e-01 1.663283068694971362e-03
-5.230850544454266782e+00 8.637550828089454180e-01 4.817988170636104250e-04
5.444280220604055032e+00 -6.601478982995134803e-01 4.095134202990292167e-04
-1.749413649017439454e-01 -3.586893810960460893e-01 1.797473932327740571e-03
-4.707855684677701547e+00 9.895645376242523383e-01 4.984318878008305986e-04
4.264265168456971011e+00 -1.062937732805484314e+00 5.531922757396236104e-04
-1.477746800200342214e+00 -1.025289912369284906e+00 1.026847541390299998e-03
-4.917293108830678605e+00 9.386877929302590573e-01 4.469658205139253183e-04
5.722809318210970275e+00 -5.819254417773971344e-01 3.195838222684083303e-04
-1.964747025909715283e+00 -9.039711667719513288e-01 4.307592520342105186e-04
-3.594487899248186125e+00 3.449198894491967704e-01 5.157515239858911915e-04
-5.195000754094829531e-01 -6.237565886632651102e-01 2.346164278264467433e-03
-5.970341661895725238e+00 3.291852526394735690e-01 4.100582797617006591e-04
-3.201646380577756190e+00 1.668604077090928006e-01 5.153825323546093896e-04
1.926567870790682591e+00 -1.061881707972383682e+00 3.847204669458489739e-04
-2.043583495184709165e+00 -8.956630398854307229e-01 4.872143414159342892e-04
-6.012259018469885419e+00 2.735634374969702076e-01 3.908528648434025313e-04
-2.859966491405106392e+00 -2.250565280743718199e-01 3.950396542876642193e-04
5.799243575631878755e+00 -4.856770800529507937e-01 3.588150080746898012e-04
2.670677392795807847e+00 -1.092533423657710445e+00 2.160191280978276344e-03
1.423303857043871190e+00 -6.865275387437388410e-01 5.165791901812037679e-04
-5.747935025973369250e+00 5.238975549795812370e-01 3.701669800250420280e-04
6.016588381841422972e+00 -2.422601373978387485e-01 3.511818025271807209e-04
6.011014444346889363e-01 -2.479968956223710386e-01 5.388164880666120949e-04
1.506081834853540968e-01 -2.043952623023851944e-01 4.816174255413317663e-04
3.908315422442212750e+00 -1.025113222671889091e+00 5.206496307343909131e-04
2.716191361551718586e+00 -1.163716176336313524e+00 4.591825343856313223e-04
4.158025550691165861e+00 -1.012879407411884980e+00 3.918150736828556087e-04
-4.436430618145224436e+00 1.037283163527736640e+00 3.925007445646382423e-04
1.134124882583806837e+00 -4.696034446072591129e-01 4.474638070833696405e-04
4.361958773345751439e+00 -1.026340152067757527e+00 4.593319486421736553e-04
-1.980514993496731435e+00 -9.273518134836812310e-01 4.310524346461154510e-04
-4.462823004478226885e+00 9.981674994303737503e-01 4.514324022565124254e-04
-3.975391812184041029e+00 7.183173751266190843e-01 4.594802226932499204e-04
-4.228494990772443174e+00 7.996240556842804104e-01 5.072633589655019476e-04
-9.370445415310371118e-01 -9.214420504782756538e-01 1.764549939102283589e-03
1.326864298860292557e+00 -6.429456556009381929e-01 4.384539545426735800e-04
-5.100426195346877911e+00 9.785733385481704127e-01 4.552043274297938504e-04
-5.946550608634462165e+00 2.731544251688767799e-01 4.407541558595844231e-04
-5.168354025757338377e+00 8.978070016410933940e-01 4.375628157873303844e-04
-2.869300960348285301e+00 -2.896644730774481924e-01 3.661035104296954195e-04
-1.982369993120930651e+00 -9.032450992625794539e-01 4.369233896103374049e-04
3.477433703703795231e+00 -9.902675986519627882e-01 5.343058465882933932e-04
3.061511741629411532e+00 -1.122221084401298752e+00 3.960879104132519388e-04
-4.901167538166079751e+00 8.798268717217661017e-01 1.041060093967486255e-03
-2.755935757343879189e-01 -4.025371289686355825e-01 2.203616938585972653e-03
1.858375871812912195e+00 -1.023276310712487147e+00 3.989982229994292699e-04
4.304593857132022805e+00 -1.049457165294143568e+00 4.525540928547501789e-04
-1.401541705545939820e+00 -1.006871751569771378e+00 6.971451971296442401e-04
-2.321908875569543618e+00 -7.565757442977089076e-01 4.336338538272212196e-04
-1.044463106154982057e+00 -9.031714362367929683e-01 1.002645398441740464e-03
-7.319015722496118315e-01 -7.988581344586905830e-01 3.362492220274313024e-03
1.467276081454536474e+00 -7.277786995296110506e-01 4.594833717888011397e-04
6.235798410780290624e+00 1.412009538151769855e-02 3.991644668524411206e-04
1.912388794096422373e+00 -1.039658692433810927e+00 3.665856129502499108e-04
1.702887358608154322e+00 -8.332949946259544660e-01 1.885755202096662999e-03
4.336991637053495552e-01 -1.199411556136961432e-01 4.896696295522569818e-04
-1.814855760920345951e+00 -9.942117550959949090e-01 4.360871559366555567e-04
4.460606532607517494e+00 -1.040153281235629334e+00 4.316590841062250042e-04
-4.231150379623358049e+00 8.746108887498309503e-01 3.463158915839599072e-04
3.340440238475256507e+00 -9.712159977839395220e-01 9.451457363521178351e-04
3.240010690403128280e+00 -1.057975883490964275e+00 3.691824774664731685e-04
-5.661564002182352340e+00 6.095389763515118853e-01 4.355038871134273753e-04
-5.555781395017387325e-01 -6.833569673425011759e-01 8.990378726606244181e-03
2.676590296903199828e+00 -1.189722257930366789e+00 3.740277909213181600e-04
8.856324865599658480e-01 -3.576974321412410562e-01 4.315605185597034188e-04
-1.747250932150098635e+00 -1.032212835595612610e+00 1.282376550784502427e-03
-2.857554430070208706e+00 -3.262486058462782390e-01 4.186113950000390732e-04
-5.667857882739228970e+00 5.028570869050326131e-01 4.336774485954202930e-04
-5.195986421526209043e+00 9.183039954243823466e-01 4.929825934338137984e-04
6.222525399338795893e+00 -2.988163075615289654e-02 3.204454800680150029e-04
1.642291266259448435e+00 -9.028061977304726593e-01 4.639227490696063859e-04
3.698650823662385179e+00 -1.031005646551690358e+00 3.986913045225731278e-04
-6.076481298597929737e+00 1.926194177102611149e-01 3.470189247664267826e-04
-4.778493405652370463e+00 9.978809488946115414e-01 5.754936475964811610e-04
-1.316500449484402147e+00 -9.597598898114829691e-01 4.679428822714905658e-04
4.323619391778496635e+00 -1.065762976967928433e+00 5.259735212607620936e-04
-2.532293771837625052e+00 -5.712651260092417305e-01 5.156660259837459901e-04
-3.844711004014500499e+00 5.895888060945233544e-01 4.671010187930997658e-04
4.664032029867362539e+00 -9.759248417399685183e-01 3.211487249055050303e-04
2.173716192603771802e-01 -2.207541281408887279e+00 4.493344708020284030e-04
5.616697730295941327e+00 -3.191359521688613921e+00 3.875364535703499096e-04
3.335865719780146676e+00 -2.606601897021295411e+00 3.878291027902060510e-04
-2.734494471934103110e+00 -1.717922215380305762e+00 3.703466783959882239e-04
-3.505447349848006766e+00 -2.031689002188710180e+00 3.755423513199860459e-04
2.340135739672792425e+00 -2.810597837678031841e+00 3.306325826270165935e-04
-4.182852136835629508e+00 -1.926580710709050015e+00 9.448805689996920285e-04
-1.351607828766789865e+00 -2.242144121790659916e+00 9.974494384103961275e-01
1.483489547473826775e+00 -2.366609954068967792e+00 8.698451619267744562e-04
-1.106719067976453807e+00 -2.454070449734700343e+00 9.982487753669804231e-01
-6.252210696488884167e+00 -1.511824435858867277e+00 4.573212208143022893e-04
4.825890731529041133e+00 -2.801281224256722879e+00 1.777755100233514201e-03
4.837393434324017250e+00 -2.925534725982109396e+00 4.107073781445200471e-04
-2.508125814455873126e+00 -1.663788846518019282e+00 4.399374313502439886e-04
1.125718918613673125e+00 -2.141502875478185075e+00 8.078413352515485335e-04
6.012089938527255484e+00 -3.193111908666154797e+00 4.351882516001310099e-04
4.336576865564968131e+00 -2.659094416283074302e+00 3.628099840465191447e-04
-5.465423222094749178e+00 -1.312430987782284619e+00 4.060834644037355817e-04
-2.579317127010259281e+00 -1.707432806633723654e+00 5.153356620902262977e-04
-2.664894409346845183e+00 -1.687359952668565644e+00 4.645076976107167144e-04
4.052231527829361468e+00 -2.512395299826099215e+00 4.466400472092558116e-04
1.585662820254204242e+00 -2.426328544445221169e+00 8.119281979118232783e-04
-4.894881409513216042e+00 -1.591029000735914689e+00 4.780386471519581810e-04
-6.276540070041450647e+00 -1.516642516689378661e+00 4.000446950939942517e-04
5.556424755217244993e+00 -3.256914140419962855e+00 4.880665259518845826e-04
-4.505034343392204654e+00 -1.858943915625174803e+00 3.987974716884964185e-04
-9.852471096492489977e-01 -2.400563156560141298e+00 6.945293897228738134e-01
-1.929070588311159185e+00 -1.912010728713780638e+00 8.079004798038141519e-04
4.646856418197067740e+00 -2.812739420545772084e+00 4.175490117296754141e-04
-8.972160871747307809e-01 -2.452579633392326208e+00 8.145783994842440172e-04
4.131212992020437014e+00 -2.510632295349201293e+00 4.504455992105756905e-04
2.737606938167814974e+00 -2.731085318848117893e+00 6.037242499048580194e-04
-4.784938480937038996e+00 -1.676733705963860288e+00 2.662482429492249903e-04
1.211199235627348436e+00 -2.210157780627667989e+00 4.231979411858346118e-04
-4.652619580669172805e+00 -1.739651060881568068e+00 4.948879882854218763e-04
-5.308863175288157876e+00 -1.318646520777653874e+00 4.086083084245100815e-04
4.162047992429386056e+00 -2.450125791348118920e+00 1.191330630066625819e-03
-4.475435638745315359e-01 -2.376529266127723972e+00 6.496444125967105977e-04
-4.247276451879959502e+00 -2.033829980573642171e+00 3.453660108963937589e-04
6.028753007728564484e-01 -1.964737104327870743e+00 9.726142548018022792e-04
1.111945631387034616e+00 -2.199303725393013664e+00 4.237520443869396036e-04
3.438324487574995203e+00 -2.500736944816702501e+00 4.956736010281658986e-04
1.958411783879295598e+00 -2.809797179713775517e+00 3.405119725489450704e-04
7.251645265595465517e-01 -2.065223874559732664e+00 6.086608899573644387e-04
-4.043264094462690750e+00 -2.056660303566678394e+00 4.699903499937944083e-04
-3.259923490182783379e+00 -1.950734731176477332e+00 3.531241641937150097e-04
7.608475428078076419e-02 -2.177838701770886676e+00 8.549661235209779237e-04
-1.297531816031028740e+00 -2.257545769770085808e+00 9.958094049331005504e-01
-2.129348197155858102e-01 -2.316566686851695422e+00 8.964468436372321916e-04
5.726995746843298818e+00 -3.170784066984089655e+00 4.076082588647750521e-04
5.046681994356875478e+00 -3.036133853953514539e+00 3.702013849961963967e-04
7.237377445687975808e-02 -2.262794534720100614e+00 3.976685921760761346e-04
4.030053719132597578e+00 -2.405974338699880199e+00 7.396523022492321924e-04
4.118199783286145887e+00 -2.475885793442034188e+00 6.023637506614073480e-04
-3.369881540444613854e+00 -2.027504102952083276e+00 4.407024350768356797e-04
-5.289744765916797320e+00 -1.416379251619183766e+00 3.986747141576592909e-04
-4.302357546151132084e-01 -2.359810450260741987e+00 1.952642387223520702e-03
4.762350462284469899e+00 -2.750423096943440449e+00 1.130927766548854661e-03
-4.429607204730253045e+00 -1.742446715390354672e+00 1.827623197506701973e-03
-3.377195699593172229e+00 -1.962120424913317507e+00 3.924468169691053927e-04
5.252061891192532528e+00 -3.111040584028732514e+00 5.191469422539409483e-04
-4.661325186483868954e+00 -1.654124700922094515e+00 1.179683774379450050e-03
5.232733762160407309e+00 -3.149868831095026245e+00 4.528930073933106295e-04
-3.332632263084361224e+00 -1.973399005590727562e+00 4.373585438199819892e-04
1.457532721085919469e+00 -2.298262251183690541e+00 8.175800624701433589e-04
5.674819157084169063e+00 -3.344472315414248609e+00 4.553618690375033562e-04
-3.077116871403457132e+00 -1.789390503182847647e+00 5.341466805689110055e-04
-6.251122420531691759e-01 -2.439137092469359835e+00 4.777861335018918423e-04
5.937833550713710551e+00 -3.243827551100988860e+00 3.747082124621808961e-04
-3.275160629951346714e+00 -1.918812154416308147e+00 3.944136771083910369e-04
-3.786482423375201467e+00 -2.066688254945578063e+00 3.872493513970350510e-04
2.361803828015673901e+00 -2.847042888637438818e+00 3.918977712140164142e-04
4.335513405573147239e+00 -2.539133783332824912e+00 7.677335747104148270e-04
-5.866461609833866220e-01 -2.457757209012736865e+00 4.326962344756728651e-04
-5.009331971962329710e+00 -1.486405569868040732e+00 4.060758885504681115e-04
1.543753127186658247e+00 -2.423256736557046764e+00 5.487718642772369988e-04
-5.234195747218685746e+00 -1.329385629839921812e+00 5.316884988848699341e-04
-5.613811254270888895e+00 -1.282908058885931180e+00 4.441019540067947004e-04
-1.941774713608291236e+00 -1.831955827823975591e+00 5.302651873684986793e-04
5.095351955026909962e+00 -3.156107060711875523e+00 4.014346145661725753e-04
3.752320871093472121e+00 -2.379836808476294419e+00 6.986536852521821805e-04
-1.454847144580643459e+00 -2.162530160568356230e+00 9.980378570786088144e-01
-5.117955969464251353e+00 -1.443127157397319893e+00 4.350216785890134935e-04
-4.690711870187602273e+00 -1.636114173290651674e+00 9.157558355724623256e-04
4.322489840747749668e-01 -2.126707229548185474e+00 3.986112668975502261e-04
9.178724748688704693e-02 -2.223673698843509960e+00 4.481457961362372844e-04
4.441927607318607585e-02 -2.172251857886998039e+00 1.613305627188871359e-03
-4.692197641637188887e+00 -1.697605684070931042e+00 3.953721180087884052e-04
3.660465523689799383e+00 -2.393469756487923927e+00 6.105838929719263749e-04
1.207015657286120813e+00 -2.304599809737654326e+00 3.807984267751105944e-04
3.239225470368646498e+00 -2.654633157470443816e+00 3.428394720005724719e-04
-5.106458815847805255e-01 -2.435607999156590431e+00 4.413828542169591406e-04
-5.347503343201742254e+00 -1.307877684213682556e+00 3.808022788231026990e-04
1.287900224466453025e+00 -2.251141072628822126e+00 5.141157996451285348e-04
-8.092847037298174229e-01 -2.489950045763824171e+00 5.217347594243807373e-04
-6.202404912823477723e+00 -1.578225838697056904e+00 4.061149079459931374e-04
-5.697216973984062349e+00 -1.384226944750419852e+00 4.140021995790044845e-04
-1.021113116759043926e+00 -2.404478811807934768e+00 9.974511415277377280e-01
4.753428927317226993e+00 -2.865270428598847730e+00 2.998467438758277317e-04
-8.417244904900815783e-01 -2.496715489606611271e+00 6.146828877182933725e-04
1.802774169406374583e+00 -2.576655619252775420e+00 5.830479388481880519e-04
8.589086101954253039e-01 -2.106373503222681798e+00 4.554924472170929976e-04
-3.264970517485845658e+00 -1.953036669779059098e+00 3.339355403323099759e-04
-2.567224026164431017e+00 -1.608507290468662365e+00 7.852965203099359758e-04
-6.220040253333045221e+00 -1.508843328263529182e+00 5.043731891510056398e-04
-4.663461205963512768e+00 -1.725732821609838652e+00 3.388832502948477287e-04
3.663727825510445513e-01 -2.031073718133313388e+00 1.671976304798482391e-03
1.853476685291735038e+00 -2.567961299237639938e+00 1.498485854845004817e-03
-4.456513113777944568e+00 -1.891466964579979981e+00 4.567017941959599227e-04
2.405068378559096942e+00 -2.780219563190791554e+00 4.436632162368926062e-04
1.326571361464774057e+00 -2.250414588441020936e+00 8.463124215744253229e-04
5.825075502616156697e+00 -3.184370552088368722e+00 4.129090458766420443e-04
4.308437355298229576e+00 -2.433648880128271408e+00 2.705769466509359584e-03
2.301461042003820623e-01 -2.144054157081815681e+00 5.874926558978432051e-04
1.300307803271705254e+00 -2.322679651670501944e+00 4.004912708675253475e-04
-5.208813866997928699e+00 -1.430857048225502970e+00 3.501419212725442485e-04
5.712099448734125673e+00 -3.294381524763764002e+00 2.859297259554530114e-04
4.964985029235601033e+00 -3.017285311233984135e+00 4.516677330020573778e-04
7.332122387221220450e-01 -2.037919280552708656e+00 8.404648398231959801e-04
-2.739262931033307868e+00 -1.687596936950297444e+00 3.757530609959307375e-04
1.751624875814012938e+00 -2.458536335621435143e+00 1.144830300174107252e-03
-1.042655557212251338e+00 -2.429298155384279401e+00 9.973963018678574377e-01
1.598850746141040169e+00 -2.480935773314125736e+00 4.224433948956616831e-04
-1.301490910262811163e+00 -2.191026730355762897e+00 9.922337953344753103e-01
-2.490489233126844226e+00 -1.662593588488065377e+00 5.595914171169946065e-04
-1.282465574032802813e+00 -2.265928232113246565e+00 9.960428551010390708e-01
4.395522019280470261e+00 -2.667437244520511008e+00 4.699478154432875114e-04
4.256716089046062024e+00 -2.607964930972999973e+00 3.833122856098513265e-04
-2.696990239764911923e+00 -1.625130171438176729e+00 7.179535227872061191e-04
-2.024966607722335610e+00 -1.679920270043036679e+00 2.288006802157308874e-03
-2.024194581541927107e-01 -2.390868678042248785e+00 3.697177363244819482e-04
-1.451524438247266957e+00 -2.201142565203828116e+00 9.984268699592844243e-01
-2.151521614518783210e+00 -1.721736154153255871e+00 5.362859663685139167e-04
3.644647278840293936e-01 -2.140356609361024898e+00 4.581684279552085512e-04
-5.065692939027973907e+00 -1.410773117287312806e+00 6.493825813665671893e-04
-5.989384434477885044e+00 -1.432998225522563729e+00 3.512137022842336015e-04
-3.895089182802507377e+00 -2.119945530738277739e+00 3.104315700677850879e-04
5.809969022540249384e+00 -3.262745516384848887e+00 3.667803995748662857e-04
3.279271642685767318e+00 -2.607673803428196990e+00 4.260357563149168997e-04
2.688002704277998589e-01 -2.213132311368088967e+00 3.365507918068408192e-04
-4.745724674700575463e+00 -1.681740494801077235e+00 4.578919505011161124e-04
6.265425018007158897e+00 -2.946727686542500280e+00 1.118767654678177450e-03
4.879046095564968155e+00 -2.902392544488068271e+00 6.205154637668479269e-04
5.776067032521780220e+00 -3.235603170984605370e+00 3.603585191319910513e-04
8.141179645403306964e-01 -1.993127920574614631e+00 2.709352071307693198e-03
-2.535480104766639986e+00 -1.778630418346347053e+00 3.751751875166516731e-04
-3.955982470929510608e+00 -2.134835763058684499e+00 3.785036962149008664e-04
3.529300190274692994e+00 -2.372727030519747871e+00 2.064837123479470061e-03
-4.332699279052631525e+00 -1.917726664220108734e+00 4.436162741286014130e-04
1.270698205900314903e+00 -2.202502325184632515e+00 7.555195502248805922e-04
2.991299166423782907e+00 -2.761343378997775488e+00 3.888373459013466323e-04
8.333275447065231489e-01 -2.013239280863030167e+00 9.813561999559420636e-04
3.699279464966696906e+00 -2.418550293920138206e+00 4.918340243790409079e-04
5.369107724186411801e+00 -3.195315927592513816e+00 3.355237731888521964e-04
-5.267040677686614103e+00 -1.333075524556775360e+00 4.505636120352944770e-04
-4.818979176793583008e+00 -1.636106268973539501e+00 3.847205884344425189e-04
-4.853116796329456584e+00 -1.635704000886035958e+00 3.268454463800761641e-04
-2.664913131426770221e+00 -1.720831369594724602e+00 4.930343278628628858e-04
6.459416617217597079e-01 -2.028848094170378147e+00 1.097381741735571322e-03
-6.956292232752643301e-01 -2.455174279682220906e+00 5.250328690898827802e-04
-6.346396321848013500e-01 -2.438808144383866949e+00 5.351885767803928962e-04
2.370708118824099486e+00 -2.819802884146378918e+00 3.688871920482929387e-04
-4.412705861162613097e+00 -1.902089121029062246e+00 4.043990091556095949e-04
-4.779587365264800880e+00 -1.742917893739087232e+00 3.891289460769661499e-04
-4.515681559731030248e+00 -1.911986662654026947e+00 4.602227621808432727e-04
4.330591020468302688e+00 -2.628545758198018945e+00 3.321979338249107946e-04
-1.614354168011713497e+00 -1.967957791619080909e+00 9.969762205788933462e-01
1.399060278858958561e+00 -2.417147128511837550e+00 3.850322297851494001e-04
5.161106773786075408e+00 -3.242272283677708256e+00 3.013709133708168827e-04
-3.982919686936897019e+00 -1.997595388958349538e+00 6.765552320391072377e-04
-5.653371005597453092e+00 -1.312098928352600113e+00 4.190094313775448768e-04
-2.971263211139156368e+00 -1.853127079293438229e+00 3.904186965209770861e-04
-1.504102038156464261e+00 -2.055567070462677837e+00 9.952862431537115029e-01
4.509886974699695017e-01 -2.060047980996543959e+00 1.004094405312645939e-03
-3.695359002461330089e+00 -2.008668185436990328e+00 5.176731853879357583e-04
3.238541539397651547e+00 -2.548877162112845873e+00 6.322404523181947853e-04
1.473300061930681082e+00 -2.366376121917941777e+00 5.473551163830157667e-04
3.504912594214417254e+00 -2.489731373447858775e+00 3.994975837093899191e-04
-3.842071515441367602e+00 -2.008775121980962641e+00 4.321885595427606120e-04
-3.192056575171621002e+00 -1.990181549287143969e+00 3.587721167266265604e-04
1.766373184743484259e+00 -2.583626821965156140e+00 6.169220427966689863e-04
-1.255287936176400443e+00 -2.227348797674396419e+00 9.958282277788624848e-01
5.814729477613637343e+00 -3.137349883213669255e+00 5.302751840652201792e-04
3.313349725452281902e+00 -2.532029965166353591e+00 8.736380290648474659e-04
-4.136958314343871734e+00 -2.086320319520719835e+00 3.609857688208876233e-04
-4.785571683005889199e+00 -1.606527251132330303e+00 5.210526461613318363e-04
-2.132894443036695620e+00 -1.694342724292613234e+00 7.950933279366897109e-04
3.752594020424668386e+00 -2.479426876752926390e+00 4.119774974846818162e-04
1.320562265669704693e+00 -2.247328502143091544e+00 7.141572821268147350e-04
-3.550073166444127182e+00 -2.102267431958980914e+00 3.441527113036707162e-04
-5.921600598124465265e+00 -1.453971161063162709e+00 3.972945831835305685e-04
1.610199505573239875e-01 -2.098716766021586189e+00 1.668363702693373505e-03
5.523408184564253531e+00 -3.121463693899851233e+00 7.604259755783725466e-04
9.619392811603848514e-01 -2.028669503051030443e+00 1.231951447987941674e-03
5.695595431346134774e+00 -3.109959173433485269e+00 1.585290680531712629e-03
-2.426977455659624638e-01 -2.345544431913638039e+00 5.179757817021633402e-04
6.167460291893108959e+00 -3.023567490000889091e+00 4.895044030141858064e-04
-8.484436137546413903e-02 -2.374924616562730684e+00 3.719022004038677809e-04
4.120100948954526388e+00 -2.439039127695115550e+00 6.481979477883032317e-04
-2.811317680626995497e+00 -1.772969402670043326e+00 4.049776401171994219e-04
-5.430942787880435496e+00 -1.350968141665516153e+00 3.848446249990278636e-04
2.781693068761359910e+00 -2.767694298495860572e+00 4.751498955382421553e-04
-4.755006155405108181e+00 -1.677511295679734449e+00 3.201386061257405040e-04
3.890125572154525813e+00 -2.339377813353207269e+00 8.614548614198845296e-04
5.463760208975379840e+00 -3.131570871241798670e+00 6.373320364052152166e-04
-1.979640950974243196e+00 -1.898097659897997280e+00 5.235450955014877292e-04
-2.354499543742023526e+00 -1.533511039708136181e+00 2.413166528222135312e-03
1.260370610161505311e+00 -2.250161086657851417e+00 3.544139617707425111e-04
2.444678793669254446e+00 -2.781063573697719615e+00 4.238778739615626460e-04
-5.715547734686126979e+00 -1.291370606733162285e+00 4.809577683487025975e-04
1.592607474178090676e+00 -2.348163511927791269e+00 1.315871390092979761e-03
-4.077828471304226099e+00 -2.016187721706452773e+00 3.790925632062858435e-04
-5.265735880296102067e+00 -1.343061170595678533e+00 3.277991611933291213e-04
-2.341101892649624983e+00 -1.710482277882462432e+00 4.190967012960927448e-04
-1.079153805408498812e+00 -2.395733443738509827e+00 9.986335776589991831e-01
-1.322084471519789695e+00 -2.280725883653192732e+00 9.975542670877800555e-01
2.802809948170345677e+00 -2.824572397233455767e+00 4.138909434829989042e-04
1.460807867029423335e-01 -2.206948356158987323e+00 4.211962638917627006e-04
-1.964806980227063349e+00 -1.845039046221172097e+00 5.077611414540209337e-04
-3.907100762312518683e-01 -2.332189229350531967e+00 1.580700635541399009e-03
5.873366761740612674e-01 -2.034269047898563443e+00 6.608312480863335562e-04
4.208159894949652369e+00 -2.501975318824877892e+00 4.997489701786378934e-04
-1.908933478116808580e+00 -1.850463227895820628e+00 6.344647690497280364e-04
3.558621026407791987e+00 -2.471728906077641508e+00 4.778541127937789242e-04
1.897665535002463599e+00 -2.578032320803504529e+00 2.359871396688486243e-03
4.687579943254938541e+00 -2.829995607272615121e+00 3.839483287843953297e-04
-1.122793113697659884e+00 -2.341446376542150709e+00 9.983598017193083818e-01
-3.968971017959554093e+00 -2.065895328904983508e+00 5.103018444566069685e-04
-5.112272094789538812e+00 -1.374172066466466724e+00 5.078030948527009194e-04
7.207963252011824196e-01 -1.994806241633315880e+00 1.233849489819160246e-03
5.992043674957537647e+00 -3.159484980111431085e+00 4.895165033175624941e-04
-2.567031204559786062e+00 -1.692545871819842729e+00 4.196545695663219939e-04
-1.342602433270564610e+00 -2.249545402655547033e+00 9.966894870152742669e-01
4.006144957317872013e+00 -2.444381398004407568e+00 4.677906252865327756e-04
-1.331889525968658283e+00 -2.230170689875844658e+00 9.940789804793037643e-01
4.911253294012395187e+00 -2.960990348761019852e+00 4.390366525664761866e-04
-5.904613822017731550e+00 -1.306295659891478111e+00 5.706858765765719915e-04
5.024182568174069274e+00 -3.084177158909290117e+00 3.693180691583154577e-04
-2.625044235939666404e+00 -1.712833315653553568e+00 4.342845306602236130e-04
6.040803229045209832e+00 -3.143934818767995409e+00 3.106905829286315483e-04
3.425648173923583784e+00 -2.429198810870548897e+00 1.163698675195823633e-03
3.926280761952080312e+00 -2.322005447872477202e+00 1.097517405970422320e-03
-3.176632317585044163e-01 -2.364681300543173936e+00 6.215993621981382583e-04
-2.482020098347503367e+00 -1.729741425474044192e+00 3.823644263202317754e-04
-2.210128688305048605e+00 -1.739094962619305740e+00 4.877238057597528304e-04
4.856444578568636317e+00 -2.921504928068022977e+00 5.152087092297005398e-04
-8.853980283505435978e-01 -2.472719296370880837e+00 7.868861080119086493e-04
-6.244498001355649919e+00 -1.499979416792957210e+00 4.048517794562936888e-04
1.495357090225044594e+00 -2.339849575991083341e+00 9.821322911651875903e-04
1.739369343513336830e+00 -2.582195046878984712e+00 4.325134723931098562e-04
1.283451384013493346e+00 -2.317817915850271859e+00 3.111815004573066732e-04
-5.216329804053543739e+00 -1.381727881900422839e+00 5.201924796473253801e-04
-3.910784815423472782e+00 -2.147293954341796596e+00 3.067447613426086566e-04
3.431695637125299569e+00 -2.429319963853577846e+00 1.063566964407901575e-03
1.134793464748224956e+00 -2.159514733431460609e+00 6.723050858372805290e-04
2.337799723092501836e+00 -2.856043043809299409e+00 3.555476771234974119e-04
-5.364695278881225882e+00 -1.394833360506763764e+00 4.668724523751106902e-04
7.724238208365958869e-01 -2.128702101472464303e+00 3.606088044283990018e-04
-3.033150974228176810e+00 -1.830507104597402845e+00 3.549496654181393917e-04
-3.503710427870416311e+00 -1.997080885794558780e+00 4.877170721498804502e-04
-4.836789100038034306e+00 -1.634186507463353477e+00 4.301457083734632359e-04
-5.038411696787933103e+00 -1.386532560888554144e+00 8.494852808324188185e-04
-3.218650110777727669e+00 -1.911008842521915163e+00 4.208068671587645226e-04
3.091862449232511523e+00 -2.592948746878693367e+00 1.098309569207428374e-03
1.186045885813215683e+00 -2.215119370031868318e+00 2.892948493496876397e-04
4.620628587054458336e-01 -2.052036504052087817e+00 8.433764305846441767e-04
-1.563527445039817998e+00 -2.064196752969595039e+00 9.982817327993867007e-01
-3.329956542542050535e+00 -1.991630962944525685e+00 3.366796045546996971e-04
1.141211441006835692e+00 -2.219755488710076996e+00 3.939633911826121771e-04
4.293135196192331193e+00 -2.613610015255798835e+00 4.488968158880250617e-04
-2.853333884588131752e-01 -2.333337888072339883e+00 1.500105193290997632e-03
-5.230850544454266782e+00 -1.327031267516915358e+00 5.223086853428858230e-04
5.444280220604055032e+00 -3.192970334031381086e+00 4.336671290538528841e-04
-1.749413649017439454e-01 -2.379910130964417725e+00 4.405797752751591996e-04
-4.707855684677701547e+00 -1.705556076722233971e+00 4.036195890751450807e-04
4.264265168456971011e+00 -2.591296266707895590e+00 4.727779413601503294e-04
-1.477746800200342214e+00 -2.189845981568188105e+00 9.984568479393632900e-01
-4.917293108830678605e+00 -1.547504532786328602e+00 4.272338652924110268e-04
5.722809318210970275e+00 -3.301487726729189998e+00 4.704536669974426462e-04
-1.964747025909715283e+00 -1.815654382885596663e+00 5.799803125983681029e-04
-3.594487899248186125e+00 -2.140387271064272401e+00 3.880713486239928791e-04
-5.195000754094829531e-01 -2.503633331337680179e+00 4.409657279241347913e-04
-5.970341661895725238e+00 -1.310652504077087999e+00 5.267156148029345560e-04
-3.201646380577756190e+00 -1.847449434675667357e+00 5.850452960822479865e-04
1.926567870790682591e+00 -2.798663879602841131e+00 3.840358430791717607e-04
-2.043583495184709165e+00 -1.764639443001481345e+00 6.237456456806875042e-04
-6.012259018469885419e+00 -1.361182029442793651e+00 4.871618477808582716e-04
-2.859966491405106392e+00 -1.710039686238646661e+00 4.883906976860285295e-04
5.799243575631878755e+00 -3.271971061558999416e+00 3.937083212491379060e-04
2.670677392795807847e+00 -2.845863035399054386e+00 4.079704297966070081e-04
1.423303857043871190e+00 -2.319691642512413665e+00 5.934467236996599556e-04
-5.747935025973369250e+00 -1.231536516233155520e+00 7.687036886422743106e-04
6.016588381841422972e+00 -3.056137542016050368e+00 7.121418508580426706e-04
6.011014444346889363e-01 -2.049766865760824341e+00 7.378963299151417932e-04
1.506081834853540968e-01 -2.164347369450946967e+00 8.935445012180381246e-04
3.908315422442212750e+00 -2.367785942519180509e+00 9.241113577694045180e-04
2.716191361551718586e+00 -2.770717970865557600e+00 5.008031358254273714e-04
4.158025550691165861e+00 -2.449949655395235570e+00 1.031158238017879395e-03
-4.436430618145224436e+00 -1.929515798607392307e+00 2.696588280923167087e-04
1.134124882583806837e+00 -2.088749968977969385e+00 9.211140416197351145e-04
4.361958773345751439e+00 -2.527282136439680471e+00 1.971761139950469442e-03
-1.980514993496731435e+00 -1.863199195131276520e+00 6.611791750298353721e-04
-4.462823004478226885e+00 -1.913908159964128552e+00 4.054416284173849522e-04
-3.975391812184041029e+00 -2.038200661721194962e+00 4.531022353793991717e-04
-4.228494990772443174e+00 -1.923043684175599788e+00 6.974888776755822908e-04
-9.370445415310371118e-01 -2.315331651754477527e+00 9.926949109975247154e-01
1.326864298860292557e+00 -2.254622925720986437e+00 7.284271608013572798e-04
-5.100426195346877911e+00 -1.385294507405599562e+00 6.987635012281678349e-04
-5.946550608634462165e+00 -1.317730634538458068e+00 4.345664467519027782e-04
-5.168354025757338377e+00 -1.355747754568328300e+00 5.120770487218157495e-04
-2.869300960348285301e+00 -1.711926159063865915e+00 5.092904362811823214e-04
-1.982369993120930651e+00 -1.799440546995891399e+00 7.651507068003479900e-04
3.477433703703795231e+00 -2.338520013949413556e+00 1.532558064089922442e-03
3.061511741629411532e+00 -2.591229981138711391e+00 1.214191009580944426e-03
-4.901167538166079751e+00 -1.542954811453078889e+00 3.662111250307255404e-04
-2.755935757343879189e-01 -2.451675024501096978e+00 4.313238584195131561e-04
1.858375871812912195e+00 -2.589045094687470794e+00 7.970890116767140234e-04
4.304593857132022805e+00 -2.519174049964622242e+00 1.269940740867663660e-03
-1.401541705545939820e+00 -2.166065322377268121e+00 9.966583194220017816e-01
-2.321908875569543618e+00 -1.569113165050832537e+00 5.677274033630187559e-03
-1.044463106154982057e+00 -2.342120611966340693e+00 9.984341946446598781e-01
-7.319015722496118315e-01 -2.421503742133521708e+00 6.915808314188500155e-04
1.467276081454536474e+00 -2.418080281207610316e+00 3.151049334611995831e-04
6.235798410780290624e+00 -3.072735122862070956e+00 3.038673005766571338e-04
1.912388794096422373e+00 -2.695794530522220178e+00 3.900823912247530973e-04
1.702887358608154322e+00 -2.603705158544113551e+00 4.242257396704186357e-04
4.336991637053495552e-01 -2.021478849885506968e+00 1.504554553710226502e-03
-1.814855760920345951e+00 -1.856027565716085848e+00 8.294463836403134869e-04
4.460606532607517494e+00 -2.655293441298443913e+00 5.718517428656722532e-04
-4.231150379623358049e+00 -2.041927505253043229e+00 3.904944675039232881e-04
3.340440238475256507e+00 -2.503592563053399278e+00 9.357511072150044183e-04
3.240010690403128280e+00 -2.595412147390069979e+00 4.561613129263498295e-04
-5.661564002182352340e+00 -1.362646683741508324e+00 4.244023235309614004e-04
-5.555781395017387325e-01 -2.384809869400840832e+00 1.169015284660366054e-03
2.676590296903199828e+00 -2.848029374822490745e+00 4.315101504382620203e-04
8.856324865599658480e-01 -2.147765253697811794e+00 4.427331938124393009e-04
-1.747250932150098635e+00 -1.911182003596190615e+00 1.775022889145714752e-03
-2.857554430070208706e+00 -1.718735001590374623e+00 4.877196809511014520e-04
-5.667857882739228970e+00 -1.335277053152668980e+00 5.499317638313832657e-04
-5.195986421526209043e+00 -1.370760923714288371e+00 4.143305779177528501e-04
6.222525399338795893e+00 -2.992073553233137062e+00 8.703610690231663571e-04
1.642291266259448435e+00 -2.488784944351299266e+00 5.082761384940130212e-04
3.698650823662385179e+00 -2.407143719989803365e+00 3.585442634419023816e-04
-6.076481298597929737e+00 -1.378864064969610892e+00 4.246069324788698967e-04
-4.778493405652370463e+00 -1.661415844673181708e+00 4.196062380175254419e-04
-1.316500449484402147e+00 -2.180736541354796554e+00 9.889239630255931557e-01
4.323619391778496635e+00 -2.541617704976486092e+00 7.013477364892524565e-04
-2.532293771837625052e+00 -1.669925523357318475e+00 4.689449894071199827e-04
-3.844711004014500499e+00 -2.149803250995736104e+00 4.010850500414690420e-04
4.664032029867362539e+00 -2.864679152578479826e+00 5.264906917057659164e-04
