# X Y attrib
2.173716192603771802e-01 2.086387818266644822e-01 4.316997943582165896e-04
5.616697730295941327e+00 -6.816551228230527393e-01 4.728795653859023179e-04
3.335865719780146676e+00 -1.957618466368019894e-01 3.249510860795625043e-04
-2.734494471934103110e+00 -4.092344267680286252e-01 3.701155182113543239e-04
-3.505447349848006766e+00 2.711708949955215497e-01 1.844242029231354810e-03
2.340135739672792425e+00 7.310395467750115950e-01 4.376245956457084393e-04
-4.182852136835629508e+00 7.347954349572600741e-01 2.996271778816468351e-03
-1.351607828766789865e+00 -8.667043703994018466e-01 4.163152492685064446e-04
1.483489547473826775e+00 9.594454568950121498e-01 8.988283202540763581e-04
-1.106719067976453807e+00 -9.747700575349951269e-01 1.612618338502868221e-03
-6.252210696488884167e+00 -9.985182683532492498e-02 4.567924347098056143e-04
4.825890731529041133e+00 -1.047304859504619046e+00 4.136705595770350874e-04
4.837393434324017250e+00 -1.032381878915456852e+00 4.405966697900041344e-04
-2.508125814455873126e+00 -5.461559831834796874e-01 4.526582178846587628e-04
1.125718918613673125e+00 9.903933919429216415e-01 3.685956962570712480e-04
6.012089938527255484e+00 -2.812301007540313202e-01 3.736221733357251084e-04
4.336576865564968131e+00 -1.010905011541654908e+00 4.302956687699157744e-04
-5.465423222094749178e+00 7.119101184900488155e-01 4.275070775701873458e-04
-2.579317127010259281e+00 -5.814883104347506881e-01 8.432265082003025667e-04
-2.664894409346845183e+00 -3.830363767559651356e-01 4.007259575312043876e-04
4.052231527829361468e+00 -7.542869709469229855e-01 3.583749002025443512e-04
1.585662820254204242e+00 9.655370363222816055e-01 8.749064145406114205e-04
-4.894881409513216042e+00 1.018551520706905134e+00 4.197560662566111162e-04
-6.276540070041450647e+00 -6.156496262850623402e-02 4.716350175861784783e-04
5.556424755217244993e+00 -7.041498725936847780e-01 4.775869038498820962e-04
-4.505034343392204654e+00 9.781003898342112146e-01 3.591514865691027079e-04
-9.852471096492489977e-01 -7.800079964934623078e-01 3.794211518693638304e-04
-1.929070588311159185e+00 -9.299967224461248572e-01 4.035188776941213830e-04
4.646856418197067740e+00 -9.864025103750149182e-01 3.450189185406298919e-04
-8.972160871747307809e-01 -7.912135362890515555e-01 5.410045085666974210e-04
4.131212992020437014e+00 -8.109328327817567628e-01 5.562857917820233054e-04
2.737606938167814974e+00 3.366448318876549273e-01 9.385911507730142038e-04
-4.784938480937038996e+00 9.428981589609839453e-01 6.420420115833960295e-04
1.211199235627348436e+00 9.611124602149928586e-01 3.747160812863981668e-04
-4.652619580669172805e+00 9.515264351029206757e-01 4.384752364963470476e-04
-5.308863175288157876e+00 8.460805626355502040e-01 5.093368172946517594e-04
4.162047992429386056e+00 -8.311221869862116529e-01 4.700934427588627628e-04
-4.475435638745315359e-01 -4.242263765342874082e-01 2.862056005150161739e-04
-4.247276451879959502e+00 8.673688775436175780e-01 3.888686627613960616e-04
6.028753007728564484e-01 5.554896113084126785e-01 7.039272420133790885e-04
1.111945631387034616e+00 9.088089547578211969e-01 4.122090212138059635e-04
3.438324487574995203e+00 -3.204386384808073363e-01 7.316775604592894600e-04
1.958411783879295598e+00 9.047423628635012927e-01 1.009516626652477754e-03
7.251645265595465517e-01 6.628586985973713430e-01 4.402919311801396047e-04
-4.043264094462690750e+00 8.351247513587973792e-01 3.477624132975467349e-04
-3.259923490182783379e+00 1.123587143213876094e-01 3.725492827503985209e-04
7.608475428078076419e-02 2.498421108460183865e-02 3.652052220573930464e-04
-1.297531816031028740e+00 -1.059462663988833819e+00 2.783034435459886234e-03
-2.129348197155858102e-01 -2.477399950426260322e-01 3.997366900954910421e-04
5.726995746843298818e+00 -6.050544164802595937e-01 5.379357100904753712e-04
5.046681994356875478e+00 -9.485146376538131641e-01 4.160095320800908780e-04
7.237377445687975808e-02 1.092748841337499582e-01 2.973672382551576692e-04
4.030053719132597578e+00 -8.268324497074253099e-01 4.296700886260579875e-04
4.118199783286145887e+00 -8.656440710504196279e-01 4.420941071831574498e-04
-3.369881540444613854e+00 1.796811487082884407e-01 4.202904751297962681e-04
-5.289744765916797320e+00 8.842875789768607220e-01 3.418443174019073849e-04
-4.302357546151132084e-01 -4.545808994354959554e-01 4.416340382642188270e-04
4.762350462284469899e+00 -9.682394491907990730e-01 3.295366958915759825e-04
-4.429607204730253045e+00 1.026217912084466999e+00 5.710084676788011954e-04
-3.377195699593172229e+00 2.166931076044297522e-01 4.665006346600295635e-04
5.252061891192532528e+00 -7.661858613882485125e-01 4.675216080046254723e-04
-4.661325186483868954e+00 9.977285205221366748e-01 3.592188485342933551e-04
5.232733762160407309e+00 -9.112359363753848029e-01 4.695044274831884786e-04
-3.332632263084361224e+00 1.811840517919226790e-01 3.815750221295790851e-04
1.457532721085919469e+00 8.960277540922920725e-01 2.071928854156321852e-03
5.674819157084169063e+00 -5.650292972976063144e-01 4.586767529879429779e-04
-3.077116871403457132e+00 -7.405021775843020904e-02 4.048659835502007773e-04
-6.251122420531691759e-01 -6.123354383985988303e-01 6.937264528818731487e-04
5.937833550713710551e+00 -3.007107739379200062e-01 3.852710824811512134e-04
-3.275160629951346714e+00 4.064335051230433260e-02 8.741782494264976628e-04
-3.786482423375201467e+00 6.287802209004582643e-01 4.286167686509017617e-04
2.361803828015673901e+00 7.713054628406288415e-01 3.547196319200772766e-04
4.335513405573147239e+00 -9.918655020553970303e-01 4.774380875008752572e-04
-5.866461609833866220e-01 -5.456803330063235702e-01 2.998056740223735525e-04
-5.009331971962329710e+00 9.549678803082616296e-01 3.661044710751072163e-04
1.543753127186658247e+00 9.980220113507882740e-01 5.935813340838907949e-04
-5.234195747218685746e+00 8.204058421262256928e-01 5.020763390794499110e-04
-5.613811254270888895e+00 6.611253508156839098e-01 3.544824481804017386e-04
-1.941774713608291236e+00 -8.970851628024567592e-01 4.206498406666084192e-04
5.095351955026909962e+00 -8.687864921139903940e-01 4.905075519778949759e-04
3.752320871093472121e+00 -6.056842547895828766e-01 9.524436624074232669e-04
-1.454847144580643459e+00 -9.422990929016524797e-01 4.929298511948495458e-04
-5.117955969464251353e+00 9.319700267045891717e-01 4.061807116859382808e-04
-4.690711870187602273e+00 1.083366663089676774e+00 4.296042665965510302e-04
4.322489840747749668e-01 4.290051746720148773e-01 5.255414266689545366e-04
9.178724748688704693e-02 2.238209002812324711e-03 3.504141745259424815e-04
4.441927607318607585e-02 5.811831733939491762e-02 3.257199762733950011e-04
-4.692197641637188887e+00 9.864079929579503414e-01 3.852231703431753507e-04
3.660465523689799383e+00 -5.127720160156573614e-01 4.539759863880800644e-04
1.207015657286120813e+00 8.612361742796922348e-01 8.630231772557469530e-04
3.239225470368646498e+00 -1.080208998389650538e-01 4.675981478132352890e-04
-5.106458815847805255e-01 -5.613959179123411136e-01 1.383567219640382965e-03
-5.347503343201742254e+00 7.838276323074828689e-01 4.911888142305598616e-04
1.287900224466453025e+00 9.349573598577365363e-01 5.529041043795911289e-04
-8.092847037298174229e-01 -6.919964288836726318e-01 3.204144336498188929e-04
-6.202404912823477723e+00 1.676237300263147822e-01 4.178460906492180958e-04
-5.697216973984062349e+00 4.511926205028329862e-01 4.488926046632037278e-04
-1.021113116759043926e+00 -8.916174259944574798e-01 2.000728518900122318e-03
4.753428927317226993e+00 -1.001683051177582939e+00 3.911254528155874688e-04
-8.417244904900815783e-01 -7.390686248091599131e-01 4.347643712389867359e-04
1.802774169406374583e+00 1.015028504214559035e+00 4.359738886078895633e-04
8.589086101954253039e-01 7.025964848479656633e-01 1.036151236928892000e-03
-3.264970517485845658e+00 1.144810110688988802e-01 4.037197712740596216e-04
-2.567224026164431017e+00 -4.957913775712057824e-01 3.334255815115111312e-04
-6.220040253333045221e+00 1.317887519022657022e-02 4.445756227426862534e-04
-4.663461205963512768e+00 9.797031683777288613e-01 4.009668302371443833e-04
3.663727825510445513e-01 4.398890695198843792e-01 3.237692734450330111e-04
1.853476685291735038e+00 8.797538535921050062e-01 9.308715141141872020e-04
-4.456513113777944568e+00 9.060950652880432887e-01 7.246639569736721374e-04
2.405068378559096942e+00 7.124657006832278983e-01 3.907850834932721849e-04
1.326571361464774057e+00 8.932592201025509882e-01 1.832951553629050788e-03
5.825075502616156697e+00 -4.429086716420386205e-01 4.164042561499553519e-04
4.308437355298229576e+00 -9.935984350324001957e-01 4.855614230577005473e-04
2.301461042003820623e-01 1.630893261113734449e-01 6.549193354837091812e-04
1.300307803271705254e+00 9.716781990770231303e-01 3.346332606610062676e-04
-5.208813866997928699e+00 8.973763343748645260e-01 3.734336240913400766e-04
5.712099448734125673e+00 -5.402451181447501805e-01 3.192448054711783572e-04
4.964985029235601033e+00 -8.941287900627719054e-01 3.948243290680336181e-04
7.332122387221220450e-01 6.687166552247136853e-01 4.466952265615528215e-04
-2.739262931033307868e+00 -4.189176487631557921e-01 3.993838670044184622e-04
1.751624875814012938e+00 9.939686750170311225e-01 4.750586449945928282e-04
-1.042655557212251338e+00 -8.935818615965168688e-01 9.400011819792534855e-04
1.598850746141040169e+00 1.002538210255129680e+00 4.561366313429076930e-04
-1.301490910262811163e+00 -1.032854085113158238e+00 1.699806787694407850e-03
-2.490489233126844226e+00 -6.736626624588417656e-01 9.823906257131948851e-04
-1.282465574032802813e+00 -1.025433423883093331e+00 2.666979094117334463e-03
4.395522019280470261e+00 -9.380316847204051012e-01 3.900591732689145160e-04
4.256716089046062024e+00 -1.016721705154830735e+00 6.359007534228931996e-04
-2.696990239764911923e+00 -4.484902940800135629e-01 4.748972589224174728e-04
-2.024966607722335610e+00 -9.366498288978568620e-01 6.368447652698729870e-04
-2.024194581541927107e-01 -2.644140690962574203e-01 3.399698737407831997e-04
-1.451524438247266957e+00 -9.776013522608644202e-01 3.716102141602833399e-04
-2.151521614518783210e+00 -8.306544206407788788e-01 3.589542511592662150e-04
3.644647278840293936e-01 2.814164221309010672e-01 6.494315873030803103e-04
-5.065692939027973907e+00 9.725971564191265850e-01 3.773993460906514136e-04
-5.989384434477885044e+00 2.583867573862403955e-01 4.149240739587168095e-04
-3.895089182802507377e+00 7.777025365495378040e-01 3.426458392076936628e-04
5.809969022540249384e+00 -4.641148245838278563e-01 4.475507729285091831e-04
3.279271642685767318e+00 -2.002353171858183289e-01 1.293034450125804665e-03
2.688002704277998589e-01 1.788722601151129243e-01 6.499471487280996090e-04
-4.745724674700575463e+00 1.060342502520914776e+00 3.924970397142334816e-04
6.265425018007158897e+00 -1.056513377458697875e-02 3.118052272012683383e-04
4.879046095564968155e+00 -9.526247014642319488e-01 4.620001369667062685e-04
5.776067032521780220e+00 -4.887243214630012655e-01 4.503081184582556954e-04
8.141179645403306964e-01 6.479760171324937534e-01 1.558422467860955118e-03
-2.535480104766639986e+00 -5.953506048377292803e-01 3.828787537138703579e-04
-3.955982470929510608e+00 6.868921078544295566e-01 3.998722067671512618e-04
3.529300190274692994e+00 -3.345641335762181701e-01 3.675418192981324129e-04
-4.332699279052631525e+00 9.218304981120832853e-01 3.554506938797999112e-04
1.270698205900314903e+00 9.957407026642237646e-01 3.953018916887496683e-04
2.991299166423782907e+00 8.265218887243494517e-02 1.122947917697685646e-03
8.333275447065231489e-01 7.473759744563157614e-01 4.778093254485455462e-04
3.699279464966696906e+00 -4.847647830013868675e-01 4.174880731879195223e-04
5.369107724186411801e+00 -8.053805030878352644e-01 4.806143646011099674e-04
-5.267040677686614103e+00 8.957106090150900313e-01 3.979745412268980917e-04
-4.818979176793583008e+00 1.013694268225771022e+00 4.646572822529212239e-04
-4.853116796329456584e+00 9.695881211838034419e-01 3.739649462209018835e-04
-2.664913131426770221e+00 -4.312393298125369312e-01 4.741100146731741603e-04
6.459416617217597079e-01 6.028432226355480150e-01 4.384805768252425626e-04
-6.956292232752643301e-01 -5.561867864028531283e-01 3.421582085554921164e-04
-6.346396321848013500e-01 -5.894173298671879779e-01 3.616803983533274495e-04
2.370708118824099486e+00 7.358714367560015290e-01 4.725614447070358758e-04
-4.412705861162613097e+00 9.660682032253827822e-01 4.024632415314525927e-04
-4.779587365264800880e+00 9.339041740618583276e-01 7.204396451295624199e-04
-4.515681559731030248e+00 9.800302846289261627e-01 3.787531971846402629e-04
4.330591020468302688e+00 -9.128120044109083731e-01 4.408931524388433223e-04
-1.614354168011713497e+00 -9.741096197382691502e-01 5.037893575615996159e-04
1.399060278858958561e+00 1.073701680677752179e+00 3.110762122073998468e-04
5.161106773786075408e+00 -1.002504249169974493e+00 7.048233123651829113e-04
-3.982919686936897019e+00 8.087556386508313322e-01 4.508501060314757357e-04
-5.653371005597453092e+00 5.576418081689702433e-01 4.292048888084728717e-04
-2.971263211139156368e+00 -2.089037235104977408e-01 4.987579218075875731e-04
-1.504102038156464261e+00 -1.045030342372438747e+00 1.296217476517348048e-03
4.509886974699695017e-01 3.193032599978463115e-01 1.103734070292299203e-03
-3.695359002461330089e+00 5.626667582663748002e-01 3.037465878851104673e-04
3.238541539397651547e+00 -1.509605482832694912e-01 1.130807382989438723e-03
1.473300061930681082e+00 1.030745714233332722e+00 4.801046431122085842e-04
3.504912594214417254e+00 -2.894680306008469151e-01 4.524163165124859523e-04
-3.842071515441367602e+00 6.370995060691796441e-01 4.156410129544753970e-04
-3.192056575171621002e+00 5.172881337089053205e-02 4.323987635141011347e-04
1.766373184743484259e+00 9.172302828095563187e-01 9.798836740004220665e-04
-1.255287936176400443e+00 -1.011130355449241458e+00 1.612992470221103749e-03
5.814729477613637343e+00 -4.592735197009650827e-01 4.603697701246160117e-04
3.313349725452281902e+00 -2.191847075706079839e-01 1.295299423588379406e-03
-4.136958314343871734e+00 8.695436398039344539e-01 3.598050609084242342e-04
-4.785571683005889199e+00 9.780819614521244487e-01 5.053831374814069920e-04
-2.132894443036695620e+00 -9.329080023894540385e-01 1.734921825490175510e-03
3.752594020424668386e+00 -5.223585866460165317e-01 3.452477484947947053e-04
1.320562265669704693e+00 9.370489135008065462e-01 1.018177460751485243e-03
-3.550073166444127182e+00 3.747022721516655164e-01 4.099916306603680703e-04
-5.921600598124465265e+00 3.653138759727151408e-01 4.458393396183647469e-04
1.610199505573239875e-01 9.356576569288148348e-02 4.088292452892864260e-04
5.523408184564253531e+00 -7.304838018523284182e-01 4.474657293344663821e-04
9.619392811603848514e-01 7.900805126753879248e-01 6.389006091586193516e-04
5.695595431346134774e+00 -5.805199433166871037e-01 4.262857270779202117e-04
-2.426977455659624638e-01 -2.967056497668147386e-01 4.161337812333224537e-04
6.167460291893108959e+00 -1.312193924201949247e-01 4.634812327547024099e-04
-8.484436137546413903e-02 -1.237786259013319567e-01 3.919875072486194096e-04
4.120100948954526388e+00 -8.377422847539746087e-01 5.032137043608904360e-04
-2.811317680626995497e+00 -3.702586405613009779e-01 6.467248540177525633e-04
-5.430942787880435496e+00 7.326323058070531857e-01 4.975030396520443944e-04
2.781693068761359910e+00 3.936553253551156040e-01 4.192189111906956603e-04
-4.755006155405108181e+00 9.942297872957975846e-01 3.766247016758385172e-04
3.890125572154525813e+00 -6.535851561241664553e-01 3.964327400749441464e-04
5.463760208975379840e+00 -7.852443499685358708e-01 5.004222195284450513e-04
-1.979640950974243196e+00 -9.273716714795231519e-01 3.880237037962553596e-04
-2.354499543742023526e+00 -6.865656693461085203e-01 4.400656817403788396e-04
1.260370610161505311e+00 9.602745025326094863e-01 5.204039491373202908e-04
2.444678793669254446e+00 6.303406339158820204e-01 4.469443037388939628e-04
-5.715547734686126979e+00 5.280746689474083988e-01 3.980667466602328623e-04
1.592607474178090676e+00 1.060459899600880052e+00 3.359175230120295483e-04
-4.077828471304226099e+00 7.349711989588355587e-01 6.934101728503069741e-04
-5.265735880296102067e+00 8.693644193114870022e-01 3.929211339135434632e-04
-2.341101892649624983e+00 -8.218501658454738790e-01 2.241983962115111449e-03
-1.079153805408498812e+00 -8.729095880217231374e-01 4.757466117081705892e-04
-1.322084471519789695e+00 -9.681837223796198044e-01 3.617635756046327770e-04
2.802809948170345677e+00 3.096473214147684727e-01 4.587907169084768006e-04
1.460807867029423335e-01 2.064443803660475918e-01 3.589830278988902852e-04
-1.964806980227063349e+00 -9.537704301952661945e-01 7.232920055036589973e-04
-3.907100762312518683e-01 -4.058247739079373084e-01 4.080260828170863318e-04
5.873366761740612674e-01 6.359693369609908942e-01 3.335946995935256255e-04
4.208159894949652369e+00 -8.561046199437953863e-01 3.739632822241878646e-04
-1.908933478116808580e+00 -9.509968370801131776e-01 4.616822094065529047e-04
3.558621026407791987e+00 -4.437467222295705671e-01 1.145412751482869371e-03
1.897665535002463599e+00 8.889102526801558879e-01 1.253794931616155446e-03
4.687579943254938541e+00 -9.852060228398152875e-01 5.168846094238459211e-04
-1.122793113697659884e+00 -7.326804103743536078e-01 3.715926557969151606e-04
-3.968971017959554093e+00 7.051520201184531267e-01 4.295345301804452524e-04
-5.112272094789538812e+00 8.831799110205900138e-01 4.654403863584262793e-04
7.207963252011824196e-01 5.469322659323627711e-01 1.509537159827298129e-03
5.992043674957537647e+00 -3.154100751308959727e-01 5.228906172750535843e-04
-2.567031204559786062e+00 -5.549119992946913715e-01 4.312790242982989571e-04
-1.342602433270564610e+00 -9.697026508717107030e-01 4.959812822330959912e-04
4.006144957317872013e+00 -8.033981491170751887e-01 4.944110595572047016e-04
-1.331889525968658283e+00 -9.968028112166769095e-01 7.939508427830416779e-04
4.911253294012395187e+00 -9.515564545526432605e-01 3.418693589397412812e-04
-5.904613822017731550e+00 3.626072359582155347e-01 3.800877062640879928e-04
5.024182568174069274e+00 -9.355500579885903667e-01 3.464842958874525449e-04
-2.625044235939666404e+00 -4.738918187121857750e-01 3.923885125995723515e-04
6.040803229045209832e+00 -2.573344912388303429e-01 4.476046797129839151e-04
3.425648173923583784e+00 -3.334754038500640783e-01 1.698638961035019070e-03
3.926280761952080312e+00 -7.310869818036829226e-01 5.546166302272571716e-04
-3.176632317585044163e-01 -3.092883840441184029e-01 3.293600377733175186e-04
-2.482020098347503367e+00 -6.996998332220251138e-01 2.198226721867874676e-03
-2.210128688305048605e+00 -8.262427828700581456e-01 4.949872984343343290e-04
4.856444578568636317e+00 -9.540477482609707183e-01 4.669515983198434944e-04
-8.853980283505435978e-01 -7.199311933157044319e-01 2.957984516001741426e-04
-6.244498001355649919e+00 1.078723446688281337e-02 4.385994828847244141e-04
1.495357090225044594e+00 1.018521537480310712e+00 3.585233165225631198e-04
1.739369343513336830e+00 8.904266921027608195e-01 1.835826345308280271e-03
1.283451384013493346e+00 9.657987229387156036e-01 4.229908201806164441e-04
-5.216329804053543739e+00 8.538198893533061051e-01 4.447428512913576969e-04
-3.910784815423472782e+00 7.620375019309932885e-01 4.438835102355237049e-04
3.431695637125299569e+00 -2.157905929080771168e-01 5.511752499034552367e-04
1.134793464748224956e+00 9.171530176184550243e-01 4.019533741241162138e-04
2.337799723092501836e+00 6.162663287579162041e-01 1.522386694285788504e-03
-5.364695278881225882e+00 7.048161921367049887e-01 6.527694546349515226e-04
7.724238208365958869e-01 6.355576816101820015e-01 1.165231209241698266e-03
-3.033150974228176810e+00 -1.264155301397270337e-01 3.558865877360092487e-04
-3.503710427870416311e+00 3.445068085036598893e-01 3.946017346038309566e-04
-4.836789100038034306e+00 9.584146618970704745e-01 3.981907661982316861e-04
-5.038411696787933103e+00 9.169631333743747392e-01 4.983061190085573584e-04
-3.218650110777727669e+00 2.076668942140671298e-02 7.934782019206329052e-04
3.091862449232511523e+00 -6.341666721864744338e-02 2.583407451907557620e-03
1.186045885813215683e+00 9.365394494967592687e-01 4.212189599356821090e-04
4.620628587054458336e-01 5.337882112930475431e-01 3.384347802773604434e-04
-1.563527445039817998e+00 -1.007451323671960441e+00 4.184115865473018742e-04
-3.329956542542050535e+00 1.327101289792529393e-01 6.201949215949694111e-04
1.141211441006835692e+00 9.055851090064083175e-01 4.155946955617430554e-04
4.293135196192331193e+00 -9.533318034437961996e-01 5.287310249293329613e-04
-2.853333884588131752e-01 -2.111261487083240240e-01 4.302085764787481046e-04
-5.230850544454266782e+00 9.375633937131276907e-01 4.448659982584472219e-04
5.444280220604055032e+00 -6.681239573329572634e-01 4.209928149819572698e-04
-1.749413649017439454e-01 -2.288593611753197143e-01 3.277369199785055065e-04
-4.707855684677701547e+00 9.409098316062659562e-01 5.873136530031512325e-04
4.264265168456971011e+00 -9.310459099619997625e-01 4.962167906094618573e-04
-1.477746800200342214e+00 -1.021093721856973557e+00 7.901443907452436726e-04
-4.917293108830678605e+00 9.824114555155373241e-01 4.470904278946023769e-04
5.722809318210970275e+00 -5.146699879124883026e-01 4.400440519819451193e-04
-1.964747025909715283e+00 -8.603726635318850180e-01 4.034369999912978478e-04
-3.594487899248186125e+00 4.660514878040715736e-01 3.690724382247382012e-04
-5.195000754094829531e-01 -4.266461488080026676e-01 3.949128682269247926e-04
-5.970341661895725238e+00 2.605301327223789043e-01 3.620941404017077089e-04
-3.201646380577756190e+00 -2.351553771982375918e-02 1.482187809422184704e-03
1.926567870790682591e+00 9.941496621419595447e-01 4.758339319299421748e-04
-2.043583495184709165e+00 -9.013632763531784775e-01 5.225177441584372487e-04
-6.012259018469885419e+00 1.946047577985025590e-01 4.638862356888927155e-04
-2.859966491405106392e+00 -2.125155794998762060e-01 5.226802343685060239e-04
5.799243575631878755e+00 -4.202589501043071940e-01 3.632321933008239774e-04
2.670677392795807847e+00 2.938847062562679469e-01 1.712408835184135942e-03
1.423303857043871190e+00 9.963704845665510845e-01 3.157692256758604099e-04
-5.747935025973369250e+00 4.397019102269014157e-01 4.083138576502910559e-04
6.016588381841422972e+00 -3.351974489359829668e-01 7.892820600614193624e-04
6.011014444346889363e-01 5.479907424177220543e-01 5.805112812550610422e-04
1.506081834853540968e-01 1.164846209716887127e-01 3.829972942008346933e-04
3.908315422442212750e+00 -6.355477529281884363e-01 2.973529991165432102e-04
2.716191361551718586e+00 4.145082561978147284e-01 3.922727906590461433e-04
4.158025550691165861e+00 -8.228472045222831044e-01 4.384870987919052034e-04
-4.436430618145224436e+00 9.237803609784238645e-01 4.139330307767484008e-04
1.134124882583806837e+00 9.219698500736226432e-01 3.427965532476555627e-04
4.361958773345751439e+00 -9.621093969983000038e-01 4.419371185474389491e-04
-1.980514993496731435e+00 -9.185765355562622858e-01 5.015424504830521234e-04
-4.462823004478226885e+00 9.635877052873568216e-01 4.089941423253483192e-04
-3.975391812184041029e+00 7.601321292031827381e-01 4.275776340917454219e-04
-4.228494990772443174e+00 9.672715819012582816e-01 3.997259652188244893e-04
-9.370445415310371118e-01 -7.346080440666844513e-01 3.572910162683699299e-04
1.326864298860292557e+00 9.165552996300985189e-01 1.042863446297197108e-03
-5.100426195346877911e+00 9.277749462895796828e-01 3.795502264582106193e-04
-5.946550608634462165e+00 2.923198617259506471e-01 3.262717718082856788e-04
-5.168354025757338377e+00 9.357147398498739665e-01 4.215540064755227915e-04
-2.869300960348285301e+00 -2.060996882064163871e-01 4.010353633274968302e-04
-1.982369993120930651e+00 -8.936879886726631916e-01 4.682583790557398552e-04
3.477433703703795231e+00 -2.736695927232544734e-01 4.600159585236945859e-04
3.061511741629411532e+00 6.760481650886426830e-03 1.560929073797083641e-03
-4.901167538166079751e+00 1.026723621909527484e+00 4.770191480325938543e-04
-2.755935757343879189e-01 -1.671411430835187950e-01 3.359208695118838495e-04
1.858375871812912195e+00 1.071992346025728793e+00 4.089156455469107241e-04
4.304593857132022805e+00 -9.339813915455045246e-01 3.689746022225365361e-04
-1.401541705545939820e+00 -1.059537596816729987e+00 2.005894943338414581e-03
-2.321908875569543618e+00 -7.292998424703192040e-01 3.723798339238845842e-04
-1.044463106154982057e+00 -9.305261138404290477e-01 2.468749073212148700e-03
-7.319015722496118315e-01 -6.109562908743587650e-01 3.453845729948608811e-04
1.467276081454536474e+00 1.027062130824242026e+00 3.343682611624466841e-04
6.235798410780290624e+00 -2.073646726416314423e-02 3.896857247422465427e-04
1.912388794096422373e+00 9.627752813404261145e-01 4.391326071800979308e-04
1.702887358608154322e+00 1.030386561386966271e+00 4.093932216523644605e-04
4.336991637053495552e-01 3.988779090198708577e-01 8.767820166912969945e-04
-1.814855760920345951e+00 -9.970844902237243623e-01 6.051685693633089991e-04
4.460606532607517494e+00 -9.946039789755257710e-01 4.781275773911644058e-04
-4.231150379623358049e+00 8.647419738378174792e-01 3.860873840987604118e-04
3.340440238475256507e+00 -2.290237904028739613e-01 5.013899766925476731e-04
3.240010690403128280e+00 -1.413045533093458539e-01 6.581694752269523063e-04
-5.661564002182352340e+00 7.022887368964996213e-01 4.148715716238063193e-04
-5.555781395017387325e-01 -5.791178841965898272e-01 1.013831539723817048e-03
2.676590296903199828e+00 5.026301012301858107e-01 3.810961498013455207e-04
8.856324865599658480e-01 7.637030460166106538e-01 6.149786091865593442e-04
-1.747250932150098635e+00 -9.831544631202091544e-01 4.970067789383155734e-04
-2.857554430070208706e+00 -3.079112528611560040e-01 5.258409060146095482e-04
-5.667857882739228970e+00 5.511206374128068131e-01 4.341199001346382762e-04
-5.195986421526209043e+00 8.854547358695211701e-01 4.416681209368915643e-04
6.222525399338795893e+00 -3.108772276845827090e-02 3.608819888226672099e-04
1.642291266259448435e+00 1.031276949179697588e+00 4.204533127535055965e-04
3.698650823662385179e+00 -4.866903296823463787e-01 4.574495152973980850e-04
-6.076481298597929737e+00 2.033491019491179552e-01 4.428502434996962672e-04
-4.778493405652370463e+00 9.481704717552549289e-01 5.939183993548665871e-04
-1.316500449484402147e+00 -1.048262831953618024e+00 2.629665455544864631e-03
4.323619391778496635e+00 -8.664043684997344563e-01 3.776741849785124230e-04
-2.532293771837625052e+00 -5.460738279575008125e-01 4.681523648703294249e-04
-3.844711004014500499e+00 6.063186325640838037e-01 4.521657784304606935e-04
4.664032029867362539e+00 -1.006054606059396006e+00 4.027484281433563532e-04
2.173716192603771802e-01 -1.626072161970566476e-01 9.988788163366947755e-04
5.616697730295941327e+00 -7.001826727329300004e-01 6.968415208755259979e-04
3.335865719780146676e+00 -1.066046193452319546e+00 2.202826180655911414e-03
-2.734494471934103110e+00 -3.801709842204554768e-01 3.664983030162532432e-04
-3.505447349848006766e+00 3.232455719811899719e-01 4.748544729355295285e-04
2.340135739672792425e+00 -1.124841191933629414e+00 5.279522262789732500e-04
-4.182852136835629508e+00 8.465615554150631716e-01 3.953935057311222501e-04
-1.351607828766789865e+00 -9.265212532525231026e-01 3.964510678570323603e-04
1.483489547473826775e+00 -7.204445591658538151e-01 5.127265999279974947e-04
-1.106719067976453807e+00 -8.975188890114996765e-01 4.537268547464337327e-04
-6.252210696488884167e+00 1.791456716161857546e-02 6.512651464352434269e-04
4.825890731529041133e+00 -9.983375745021794145e-01 4.017939448407123492e-04
4.837393434324017250e+00 -9.752801281356211494e-01 4.154293144585275051e-04
-2.508125814455873126e+00 -6.100718274386960349e-01 4.316469714226064654e-04
1.125718918613673125e+00 -4.281827898010330258e-01 4.752280396667564358e-04
6.012089938527255484e+00 -2.724546161161136570e-01 4.203323512698489152e-04
4.336576865564968131e+00 -1.042655735453127397e+00 4.951675310321098028e-04
-5.465423222094749178e+00 7.150939146612705910e-01 3.423566966701511332e-04
-2.579317127010259281e+00 -4.666071880646017189e-01 3.910969267785299611e-04
-2.664894409346845183e+00 -4.662068211729728517e-01 3.627299959709518189e-04
4.052231527829361468e+00 -1.025381539589494073e+00 8.302598037581989613e-04
1.585662820254204242e+00 -7.747762995550326881e-01 4.700693747451915178e-04
-4.894881409513216042e+00 1.001893379766655823e+00 3.729795403206908125e-04
-6.276540070041450647e+00 2.438576265947222516e-02 4.687511079073508591e-04
5.556424755217244993e+00 -6.252465808386782342e-01 4.274537133366976011e-04
-4.505034343392204654e+00 9.429195612344000166e-01 4.067361980063649292e-04
-9.852471096492489977e-01 -8.253859927358850879e-01 4.219450596596736988e-04
-1.929070588311159185e+00 -9.241249700654294852e-01 4.088444231799943061e-04
4.646856418197067740e+00 -1.007473658403592598e+00 4.069313833597193193e-04
-8.972160871747307809e-01 -7.935747505554434644e-01 7.884565198380803384e-04
4.131212992020437014e+00 -1.086905651089692837e+00 2.493657732325420175e-03
2.737606938167814974e+00 -1.189628059346224731e+00 1.295550379264075354e-03
-4.784938480937038996e+00 9.325538092472059892e-01 6.561458779838380984e-04
1.211199235627348436e+00 -6.092000479466319618e-01 1.880155084880538036e-03
-4.652619580669172805e+00 1.007702007029223523e+00 4.917904108627306438e-04
-5.308863175288157876e+00 8.728203447676963211e-01 4.225767518937209783e-04
4.162047992429386056e+00 -8.985241714027241144e-01 3.986168058883967800e-04
-4.475435638745315359e-01 -4.879885980597434836e-01 1.018520839468122809e-03
-4.247276451879959502e+00 9.016211433077461201e-01 5.362280597156846842e-04
6.028753007728564484e-01 -2.619177110465670810e-01 2.829609822336091873e-03
1.111945631387034616e+00 -4.533176119315109887e-01 4.090631423234963415e-04
3.438324487574995203e+00 -9.584825888876375988e-01 4.905701329532625088e-04
1.958411783879295598e+00 -1.059671971571453986e+00 6.503754038743038120e-04
7.251645265595465517e-01 -1.459800452593339459e-01 5.073103516227937815e-04
-4.043264094462690750e+00 7.434310709960223473e-01 4.771030640487720258e-04
-3.259923490182783379e+00 9.511315636992422051e-02 5.314450639618871833e-04
7.608475428078076419e-02 -2.470934278977597043e-01 2.007318025766679712e-03
-1.297531816031028740e+00 -9.634526284617964675e-01 4.955660526809441526e-04
-2.129348197155858102e-01 -3.624642550442370714e-01 1.711763360190741642e-03
5.726995746843298818e+00 -5.320322149975114101e-01 5.000760852978264337e-04
5.046681994356875478e+00 -9.479078238430108660e-01 5.222161559386278304e-04
7.237377445687975808e-02 -2.600659610438080249e-01 1.816897621789909534e-03
4.030053719132597578e+00 -1.064688265231053865e+00 1.584223514152186159e-03
4.118199783286145887e+00 -1.106497672042688007e+00 2.711679224582502594e-03
-3.369881540444613854e+00 2.333550143564590562e-01 3.830277337598304334e-04
-5.289744765916797320e+00 8.511776364932084338e-01 3.418249210260686840e-04
-4.302357546151132084e-01 -5.220021056386856539e-01 1.879174838622181412e-03
4.762350462284469899e+00 -1.039797500171256939e+00 4.722800076204430658e-04
-4.429607204730253045e+00 1.033654212753264190e+00 3.673494571723017474e-04
-3.377195699593172229e+00 1.962671991311251141e-01 5.028883444161275085e-04
5.252061891192532528e+00 -8.121314855850171321e-01 4.406416607186831326e-04
-4.661325186483868954e+00 9.932855588793315649e-01 3.283739690767068149e-04
5.232733762160407309e+00 -9.190654337501412696e-01 5.662432623171320114e-04
-3.332632263084361224e+00 1.721765473313629502e-01 3.097825205370067646e-04
1.457532721085919469e+00 -6.677985088965854299e-01 4.542491569466640465e-04
5.674819157084169063e+00 -5.576418362357484781e-01 3.823660245219145872e-04
-3.077116871403457132e+00 -1.965848036823678591e-01 2.151381313610381540e-03
-6.251122420531691759e-01 -5.903367179526526343e-01 3.747362404775019776e-04
5.937833550713710551e+00 -3.137738213175450541e-01 3.987274863179751812e-04
-3.275160629951346714e+00 8.533680598809394169e-02 6.243100363097768991e-04
-3.786482423375201467e+00 6.388232113161880221e-01 4.199035674898646785e-04
2.361803828015673901e+00 -1.067747577658455072e+00 4.622170378116960583e-04
4.335513405573147239e+00 -9.921777318461586503e-01 3.966288515136360757e-04
-5.866461609833866220e-01 -5.815800860665796268e-01 6.751506916995017246e-04
-5.009331971962329710e+00 1.001097306454079572e+00 4.328780110714113504e-04
1.543753127186658247e+00 -7.817248109592132010e-01 3.487525698696118106e-04
-5.234195747218685746e+00 8.366748255509632859e-01 3.731763504760711989e-04
-5.613811254270888895e+00 5.365151984091078852e-01 5.376561509849702575e-04
-1.941774713608291236e+00 -9.202483617629618751e-01 4.171136374037772094e-04
5.095351955026909962e+00 -9.261765338608329845e-01 4.048544198976861304e-04
3.752320871093472121e+00 -9.326216158950756396e-01 4.309046195159364550e-04
-1.454847144580643459e+00 -9.780080683849096124e-01 3.995681511983457750e-04
-5.117955969464251353e+00 8.165960211021049409e-01 1.535086085616465265e-03
-4.690711870187602273e+00 9.754330665022243885e-01 4.708912764261990709e-04
4.322489840747749668e-01 -1.237210794987202156e-01 5.531826206168967853e-04
9.178724748688704693e-02 -2.313083075265806310e-01 1.841544777102394450e-03
4.441927607318607585e-02 -2.205104254245261464e-01 1.453402280002505029e-03
-4.692197641637188887e+00 9.508556164242147890e-01 4.235650964705906180e-04
3.660465523689799383e+00 -1.042625166780534629e+00 1.375615281074937801e-03
1.207015657286120813e+00 -4.700603261778817377e-01 3.863561567123191456e-04
3.239225470368646498e+00 -9.674439997123763790e-01 4.670378783568915684e-04
-5.106458815847805255e-01 -6.009188718403868368e-01 3.107573163899260676e-03
-5.347503343201742254e+00 7.713297880285194807e-01 3.831682579621852242e-04
1.287900224466453025e+00 -6.437967938346418340e-01 2.184670402717318795e-03
-8.092847037298174229e-01 -7.729687901331127042e-01 1.664360376151606319e-03
-6.202404912823477723e+00 7.925894988053337753e-02 4.735741791400755385e-04
-5.697216973984062349e+00 5.948126977479499811e-01 4.841617308602777221e-04
-1.021113116759043926e+00 -8.039081727272784361e-01 4.553232027876391564e-04
4.753428927317226993e+00 -9.450815567004828832e-01 5.187220630602344413e-04
-8.417244904900815783e-01 -7.087267847911807861e-01 3.712706410386474448e-04
1.802774169406374583e+00 -9.899548532182290694e-01 1.263597509721419787e-03
8.589086101954253039e-01 -3.338394699658788212e-01 1.569033651026711332e-03
-3.264970517485845658e+00 1.325692656119937807e-01 4.230810720358371582e-04
-2.567224026164431017e+00 -5.732863200925283342e-01 5.793210477066055306e-04
-6.220040253333045221e+00 5.621633199286359128e-02 4.880790406593419283e-04
-4.663461205963512768e+00 1.052314490778575751e+00 3.935333751015985464e-04
3.663727825510445513e-01 -9.059918194149069182e-02 4.869246000520630665e-04
1.853476685291735038e+00 -1.042275067474544459e+00 2.822632227903720901e-03
-4.456513113777944568e+00 9.882907204111116561e-01 3.601639699624405947e-04
2.405068378559096942e+00 -1.205999568312754233e+00 1.425713919826163915e-03
1.326571361464774057e+00 -7.084960545904923634e-01 1.907578147496018488e-03
5.825075502616156697e+00 -3.741909785009214229e-01 3.513382862009661683e-04
4.308437355298229576e+00 -1.133396668441629229e+00 2.790505694229103006e-03
2.301461042003820623e-01 -1.711629439501170524e-01 8.875268314136288339e-04
1.300307803271705254e+00 -6.438788797384646934e-01 1.681614874494530070e-03
-5.208813866997928699e+00 8.448535039173066252e-01 4.044222270832426567e-04
5.712099448734125673e+00 -5.008569871545373031e-01 3.712051309799438447e-04
4.964985029235601033e+00 -9.592247559946404101e-01 3.564900656722267140e-04
7.332122387221220450e-01 -2.441530314928142820e-01 1.503803612320149833e-03
-2.739262931033307868e+00 -3.782508819722082416e-01 4.107796083734607177e-04
1.751624875814012938e+00 -9.395274042729939712e-01 3.879650449127797023e-04
-1.042655557212251338e+00 -8.890047632943604006e-01 1.304816338900797491e-03
1.598850746141040169e+00 -8.700735066640203907e-01 2.015183836030648174e-03
-1.301490910262811163e+00 -1.009978967582155329e+00 1.665454322165018644e-03
-2.490489233126844226e+00 -5.593861314404864338e-01 3.973811235457794374e-04
-1.282465574032802813e+00 -9.393578901815005100e-01 4.776985908017948351e-04
4.395522019280470261e+00 -1.148713376039702361e+00 4.211680774270191129e-03
4.256716089046062024e+00 -1.075741753958117775e+00 9.097411687931926828e-04
-2.696990239764911923e+00 -4.885121388372601903e-01 9.512028027937066785e-04
-2.024966607722335610e+00 -9.048893415077572389e-01 5.133963390389978875e-04
-2.024194581541927107e-01 -4.542418402406556144e-01 1.980941088661044604e-03
-1.451524438247266957e+00 -1.008398829413097886e+00 6.511252440336466000e-04
-2.151521614518783210e+00 -8.163856672797751290e-01 4.855182127197046936e-04
3.644647278840293936e-01 -1.908186973587777946e-01 1.503279130692064319e-03
-5.065692939027973907e+00 8.697715817532537530e-01 6.068904874298369561e-04
-5.989384434477885044e+00 3.385694116796553743e-01 4.662558892655683553e-04
-3.895089182802507377e+00 7.404464344086255645e-01 3.223859171542740334e-04
5.809969022540249384e+00 -5.039583496589878919e-01 5.083046541845080007e-04
3.279271642685767318e+00 -1.063562124498979244e+00 8.501103788115133572e-04
2.688002704277998589e-01 -1.864028322879767996e-01 2.415732122027224125e-03
-4.745724674700575463e+00 9.816463819864950091e-01 5.682399229152014074e-04
6.265425018007158897e+00 -4.868238621830853208e-02 4.609275875669336655e-04
4.879046095564968155e+00 -9.990201172006007990e-01 3.756891936939370973e-04
5.776067032521780220e+00 -4.819277642027076092e-01 3.864095642573414191e-04
8.141179645403306964e-01 -2.477326271247641543e-01 4.215031630312791704e-04
-2.535480104766639986e+00 -5.757156599141948217e-01 4.903600112534338548e-04
-3.955982470929510608e+00 7.486474052453666594e-01 4.713512289799537121e-04
3.529300190274692994e+00 -9.888653444240588231e-01 4.423435613301527052e-04
-4.332699279052631525e+00 9.051147845579987639e-01 4.331931146356022915e-04
1.270698205900314903e+00 -4.676780351895334364e-01 4.380289795298516272e-04
2.991299166423782907e+00 -9.830168943800445813e-01 3.792532045512715059e-04
8.333275447065231489e-01 -2.220866189979278926e-01 3.949155834226119482e-04
3.699279464966696906e+00 -9.743314945644164782e-01 4.272611693974106097e-04
5.369107724186411801e+00 -8.240865297120579802e-01 4.594032354740215131e-04
-5.267040677686614103e+00 8.119768018330960624e-01 4.683045675082100835e-04
-4.818979176793583008e+00 9.336887676027284533e-01 7.516940206137678708e-04
-4.853116796329456584e+00 9.293698172408079161e-01 4.390080695143462196e-04
-2.664913131426770221e+00 -5.004145162593931495e-01 4.856243610722317224e-04
6.459416617217597079e-01 -1.440801329368312789e-01 3.290341016620284805e-04
-6.956292232752643301e-01 -7.245602917303674007e-01 2.032349514289380748e-03
-6.346396321848013500e-01 -6.952934956655580923e-01 1.592590314098025431e-03
2.370708118824099486e+00 -1.231707104411056353e+00 2.192045833655868400e-03
-4.412705861162613097e+00 9.124387100352169266e-01 5.951381690017168566e-04
-4.779587365264800880e+00 9.461878588173723292e-01 5.798909059606274872e-04
-4.515681559731030248e+00 8.420024195951945067e-01 2.401450337192861592e-03
4.330591020468302688e+00 -1.060353717173533994e+00 1.008654982198690974e-03
-1.614354168011713497e+00 -1.010612694375793597e+00 5.055399152424764784e-04
1.399060278858958561e+00 -6.636775780153674198e-01 5.178903132108590669e-04
5.161106773786075408e+00 -8.810916043259167107e-01 5.081172857981767783e-04
-3.982919686936897019e+00 7.412556076126992632e-01 3.288707338690761723e-04
-5.653371005597453092e+00 4.987560918714682989e-01 4.276078190929414637e-04
-2.971263211139156368e+00 -1.364246143299238101e-01 3.680247361850338852e-04
-1.504102038156464261e+00 -9.919478267132422200e-01 4.493257776777522037e-04
4.509886974699695017e-01 -1.652126747784226635e-01 2.184566542143649617e-03
-3.695359002461330089e+00 5.476287764156529958e-01 3.553899016904441617e-04
3.238541539397651547e+00 -1.025542171512564993e+00 5.178972283331306336e-04
1.473300061930681082e+00 -7.666082893304329016e-01 2.870054211714651374e-03
3.504912594214417254e+00 -1.036141036231463364e+00 1.145187415022737732e-03
-3.842071515441367602e+00 5.326080529318613088e-01 1.735782200983408685e-03
-3.192056575171621002e+00 3.481427724167385218e-02 4.436903975503108158e-04
1.766373184743484259e+00 -8.878577610702580447e-01 3.401483055612250549e-04
-1.255287936176400443e+00 -9.925791554918561577e-01 1.067409627462890089e-03
5.814729477613637343e+00 -5.265849831560880379e-01 6.351734792613348808e-04
3.313349725452281902e+00 -9.700024466274314028e-01 3.888766117435173012e-04
-4.136958314343871734e+00 9.250125158076303311e-01 4.312801728439662760e-04
-4.785571683005889199e+00 9.746149006771231971e-01 3.430537675659656584e-04
-2.132894443036695620e+00 -8.816394295756433408e-01 5.101675133759772099e-04
3.752594020424668386e+00 -1.043821933322572004e+00 1.883074574246195506e-03
1.320562265669704693e+00 -5.767635725437527672e-01 4.978746809941194231e-04
-3.550073166444127182e+00 3.935725752570894409e-01 5.366229308219121153e-04
-5.921600598124465265e+00 3.708241277557167703e-01 4.134677666276484519e-04
1.610199505573239875e-01 -1.468376375027010128e-01 5.786803874105929000e-04
5.523408184564253531e+00 -6.630894640642431836e-01 3.353306441857327003e-04
9.619392811603848514e-01 -4.175782363307699585e-01 2.245152685528962414e-03
5.695595431346134774e+00 -5.397391601840546560e-01 4.661101148758503088e-04
-2.426977455659624638e-01 -3.437126395896584752e-01 5.517883225437231719e-04
6.167460291893108959e+00 -1.003563708342317812e-01 3.911784551991967507e-04
-8.484436137546413903e-02 -2.857337959239639735e-01 1.192132841975659160e-03
4.120100948954526388e+00 -1.040818101704368281e+00 1.159689449219568867e-03
-2.811317680626995497e+00 -3.534517667989116041e-01 5.587011157791255339e-04
-5.430942787880435496e+00 7.002629044014806459e-01 5.405442135351196066e-04
2.781693068761359910e+00 -1.083698104606914070e+00 4.025177214055682801e-04
-4.755006155405108181e+00 9.903663415819292659e-01 3.909207065850058417e-04
3.890125572154525813e+00 -1.015586658743160120e+00 6.390588037387511921e-04
5.463760208975379840e+00 -7.621812910017861098e-01 5.192185466616270999e-04
-1.979640950974243196e+00 -9.480595270942493435e-01 6.282514513918397315e-04
-2.354499543742023526e+00 -7.820466152167757645e-01 1.544669789871038618e-03
1.260370610161505311e+00 -5.575179960160527859e-01 3.393493959758167177e-04
2.444678793669254446e+00 -1.185763809410568026e+00 7.649336977641113316e-04
-5.715547734686126979e+00 6.048119808681623466e-01 4.164717402505135739e-04
1.592607474178090676e+00 -7.835088697468812757e-01 4.064021118843149532e-04
-4.077828471304226099e+00 7.513847865239753343e-01 4.580541830420824701e-04
-5.265735880296102067e+00 8.861006499122212610e-01 3.603212059884855815e-04
-2.341101892649624983e+00 -7.202014660580541294e-01 3.450850772751196463e-04
-1.079153805408498812e+00 -8.149899829889039049e-01 3.414221845443696115e-04
-1.322084471519789695e+00 -8.856725578175133062e-01 3.011427332695552211e-04
2.802809948170345677e+00 -1.171864925685341285e+00 1.119288539408879509e-03
1.460807867029423335e-01 -2.019609652650828646e-01 1.045858035471418975e-03
-1.964806980227063349e+00 -9.651097026528137057e-01 8.676080355010848920e-04
-3.907100762312518683e-01 -4.929418493353528996e-01 2.082763399722696411e-03
5.873366761740612674e-01 -1.743212634355797985e-01 6.848509128816114263e-04
4.208159894949652369e+00 -1.092476950593211926e+00 1.118627347341345432e-03
-1.908933478116808580e+00 -9.410088419835999085e-01 3.165977129862284386e-04
3.558621026407791987e+00 -9.994716847491570411e-01 4.707193000849127875e-04
1.897665535002463599e+00 -1.016637595070280398e+00 4.719021756614352227e-04
4.687579943254938541e+00 -1.085910604228419896e+00 8.026364633645420663e-04
-1.122793113697659884e+00 -8.713004927874041794e-01 4.883147545415359152e-04
-3.968971017959554093e+00 6.641537523519803754e-01 7.314622379068292171e-04
-5.112272094789538812e+00 9.376492702872508689e-01 3.806949947379462541e-04
7.207963252011824196e-01 -1.375427103754750524e-01 3.849462044234103252e-04
5.992043674957537647e+00 -3.739268162624084235e-01 9.966701392512386428e-04
-2.567031204559786062e+00 -5.072959549834844539e-01 4.682998599265892291e-04
-1.342602433270564610e+00 -9.973907366678735897e-01 6.240303332036236826e-04
4.006144957317872013e+00 -1.064832238999322112e+00 1.870280137210798485e-03
-1.331889525968658283e+00 -8.711857364545250171e-01 3.210259182056725302e-04
4.911253294012395187e+00 -1.107390621950671949e+00 1.516956607694762427e-03
-5.904613822017731550e+00 3.435732714598847548e-01 3.785992576084740201e-04
5.024182568174069274e+00 -9.475477448995567320e-01 3.623578362558606747e-04
-2.625044235939666404e+00 -4.797316618456179960e-01 3.695607364276040706e-04
6.040803229045209832e+00 -2.459640088538537772e-01 3.745417931797927246e-04
3.425648173923583784e+00 -9.300479721780003928e-01 3.893146873546258330e-04
3.926280761952080312e+00 -1.004040373527033569e+00 7.657014378233183236e-04
-3.176632317585044163e-01 -5.120185704455560982e-01 2.306793393245552999e-03
-2.482020098347503367e+00 -5.919038055734319181e-01 5.792654767164359978e-04
-2.210128688305048605e+00 -7.413253827402196405e-01 3.813352471133126215e-04
4.856444578568636317e+00 -1.010652543683842719e+00 4.758562584429642736e-04
-8.853980283505435978e-01 -8.720393698523156711e-01 2.414302785156475974e-03
-6.244498001355649919e+00 3.273273992290752499e-02 4.397911874977861548e-04
1.495357090225044594e+00 -6.686162910812080140e-01 3.838487513758923335e-04
1.739369343513336830e+00 -9.908522054019570646e-01 1.480273323204134512e-03
1.283451384013493346e+00 -5.566097173420689881e-01 4.500892698646795733e-04
-5.216329804053543739e+00 8.591318292469944939e-01 5.125958977398299785e-04
-3.910784815423472782e+00 6.657984906435621131e-01 4.743958679460300032e-04
3.431695637125299569e+00 -1.057809844289853585e+00 1.716598794259612893e-03
1.134793464748224956e+00 -4.439873996786668497e-01 4.731498523947403148e-04
2.337799723092501836e+00 -1.233277401433219733e+00 1.835774563477149358e-03
-5.364695278881225882e+00 8.476536347320928755e-01 4.908188832919795595e-04
7.724238208365958869e-01 -2.919655626842120322e-01 1.854853520260305814e-03
-3.033150974228176810e+00 -6.053521327486302561e-02 4.252179855539341764e-04
-3.503710427870416311e+00 3.372903008918717860e-01 3.165789986931087652e-04
-4.836789100038034306e+00 9.559322003014411040e-01 5.381374084682102659e-04
-5.038411696787933103e+00 9.296392867926045467e-01 4.099735383193643993e-04
-3.218650110777727669e+00 5.593461152700947986e-02 3.863539255897082097e-04
3.091862449232511523e+00 -1.163301392800854650e+00 4.232887268735079610e-03
1.186045885813215683e+00 -4.938662008771146916e-01 3.350611076931680186e-04
4.620628587054458336e-01 -7.191309614224598856e-02 3.950992994017319695e-04
-1.563527445039817998e+00 -1.042503474857082280e+00 1.363425419911314194e-03
-3.329956542542050535e+00 2.547566370663877366e-01 3.224662086626747977e-04
1.141211441006835692e+00 -4.733122055947104334e-01 4.315920167817347583e-04
4.293135196192331193e+00 -1.052626504322382361e+00 8.422723175028913037e-04
-2.853333884588131752e-01 -4.114081120413873860e-01 1.750606402519275327e-03
-5.230850544454266782e+00 8.637550828089454180e-01 3.926565381591450845e-04
5.444280220604055032e+00 -6.601478982995134803e-01 4.170790128441443094e-04
-1.749413649017439454e-01 -3.586893810960460893e-01 1.046427640009776460e-03
-4.707855684677701547e+00 9.895645376242523383e-01 3.087308756732927277e-04
4.264265168456971011e+00 -1.062937732805484314e+00 1.049231948499175114e-03
-1.477746800200342214e+00 -1.025289912369284906e+00 6.642410592563984927e-04
-4.917293108830678605e+00 9.386877929302590573e-01 4.407915299061360625e-04
5.722809318210970275e+00 -5.819254417773971344e-01 5.094762451562420127e-04
-1.964747025909715283e+00 -9.039711667719513288e-01 4.790894219310577805e-04
-3.594487899248186125e+00 3.449198894491967704e-01 1.318882043203624876e-03
-5.195000754094829531e-01 -6.237565886632651102e-01 1.849049513904612837e-03
-5.970341661895725238e+00 3.291852526394735690e-01 3.716630009252358492e-04
-3.201646380577756190e+00 1.668604077090928006e-01 4.158414428325484815e-04
1.926567870790682591e+00 -1.061881707972383682e+00 1.098600460307973085e-03
-2.043583495184709165e+00 -8.956630398854307229e-01 3.751171267586405917e-04
-6.012259018469885419e+00 2.735634374969702076e-01 5.076777227752907878e-04
-2.859966491405106392e+00 -2.250565280743718199e-01 3.837694502459864407e-04
5.799243575631878755e+00 -4.856770800529507937e-01 5.147478204272820700e-04
2.670677392795807847e+00 -1.092533423657710445e+00 4.718460903832829927e-04
1.423303857043871190e+00 -6.865275387437388410e-01 3.957129282673891657e-04
-5.747935025973369250e+00 5.238975549795812370e-01 4.509907466651055753e-04
6.016588381841422972e+00 -2.422601373978387485e-01 4.764906608240899338e-04
6.011014444346889363e-01 -2.479968956223710386e-01 3.753234357075332234e-03
1.506081834853540968e-01 -2.043952623023851944e-01 1.169759499310239672e-03
3.908315422442212750e+00 -1.025113222671889091e+00 1.051951277860757377e-03
2.716191361551718586e+00 -1.163716176336313524e+00 7.140883859712331486e-04
4.158025550691165861e+00 -1.012879407411884980e+00 4.228529865615937946e-04
-4.436430618145224436e+00 1.037283163527736640e+00 3.472334903409145875e-04
1.134124882583806837e+00 -4.696034446072591129e-01 4.180910246878280002e-04
4.361958773345751439e+00 -1.026340152067757527e+00 4.375881082839287923e-04
-1.980514993496731435e+00 -9.273518134836812310e-01 4.249823968522623875e-04
-4.462823004478226885e+00 9.981674994303737503e-01 3.682127555196665000e-04
-3.975391812184041029e+00 7.183173751266190843e-01 3.498600910158005967e-04
-4.228494990772443174e+00 7.996240556842804104e-01 1.501120522678658052e-03
-9.370445415310371118e-01 -9.214420504782756538e-01 1.642432115913762839e-03
1.326864298860292557e+00 -6.429456556009381929e-01 1.005152417152165283e-03
-5.100426195346877911e+00 9.785733385481704127e-01 3.830945024055792177e-04
-5.946550608634462165e+00 2.731544251688767799e-01 5.359989549828930982e-04
-5.168354025757338377e+00 8.978070016410933940e-01 3.945795940171505090e-04
-2.869300960348285301e+00 -2.896644730774481924e-01 3.331467793734316620e-04
-1.982369993120930651e+00 -9.032450992625794539e-01 4.497116234450137585e-04
3.477433703703795231e+00 -9.902675986519627882e-01 4.915305184505927918e-04
3.061511741629411532e+00 -1.122221084401298752e+00 1.523778393693895564e-03
-4.901167538166079751e+00 8.798268717217661017e-01 1.551237186326801876e-03
-2.755935757343879189e-01 -4.025371289686355825e-01 2.137949389611583980e-03
1.858375871812912195e+00 -1.023276310712487147e+00 1.032988490808606306e-03
4.304593857132022805e+00 -1.049457165294143568e+00 8.429185343555402939e-04
-1.401541705545939820e+00 -1.006871751569771378e+00 7.628412703809827906e-04
-2.321908875569543618e+00 -7.565757442977089076e-01 5.192109406206607720e-04
-1.044463106154982057e+00 -9.031714362367929683e-01 1.925851329709785424e-03
-7.319015722496118315e-01 -7.988581344586905830e-01 3.464336700470516811e-03
1.467276081454536474e+00 -7.277786995296110506e-01 3.523759703840620449e-04
6.235798410780290624e+00 1.412009538151769855e-02 3.996810961680298492e-04
1.912388794096422373e+00 -1.039658692433810927e+00 1.026447487167148195e-03
1.702887358608154322e+00 -8.332949946259544660e-01 4.657079190632237918e-04
4.336991637053495552e-01 -1.199411556136961432e-01 3.537764451217711298e-04
-1.814855760920345951e+00 -9.942117550959949090e-01 4.898532432934582428e-04
4.460606532607517494e+00 -1.040153281235629334e+00 4.961390311219668076e-04
-4.231150379623358049e+00 8.746108887498309503e-01 3.478585235313139384e-04
3.340440238475256507e+00 -9.712159977839395220e-01 3.722347996369494705e-04
3.240010690403128280e+00 -1.057975883490964275e+00 7.805206603217869831e-04
-5.661564002182352340e+00 6.095389763515118853e-01 4.656202351850201988e-04
-5.555781395017387325e-01 -6.833569673425011759e-01 1.710200414447453181e-03
2.676590296903199828e+00 -1.189722257930366789e+00 1.574572715018265293e-03
8.856324865599658480e-01 -3.576974321412410562e-01 1.820540450129197419e-03
-1.747250932150098635e+00 -1.032212835595612610e+00 1.676274232792070943e-03
-2.857554430070208706e+00 -3.262486058462782390e-01 5.326503009748838682e-04
-5.667857882739228970e+00 5.028570869050326131e-01 5.219300124171208106e-04
-5.195986421526209043e+00 9.183039954243823466e-01 3.823850866062236090e-04
6.222525399338795893e+00 -2.988163075615289654e-02 4.417868000688262957e-04
1.642291266259448435e+00 -9.028061977304726593e-01 1.161245611865970636e-03
3.698650823662385179e+00 -1.031005646551690358e+00 1.526626493588112551e-03
-6.076481298597929737e+00 1.926194177102611149e-01 3.226422967664996041e-04
-4.778493405652370463e+00 9.978809488946115414e-01 4.166291317896230091e-04
-1.316500449484402147e+00 -9.597598898114829691e-01 3.973742107504787892e-04
4.323619391778496635e+00 -1.065762976967928433e+00 7.857852024365642556e-04
-2.532293771837625052e+00 -5.712651260092417305e-01 4.644671441885479118e-04
-3.844711004014500499e+00 5.895888060945233544e-01 6.367154977869979738e-04
4.664032029867362539e+00 -9.759248417399685183e-01 3.666152909631504773e-04
2.173716192603771802e-01 -2.207541281408887279e+00 9.986906553028064293e-01
5.616697730295941327e+00 -3.191359521688613921e+00 5.602702279271407852e-04
3.335865719780146676e+00 -2.606601897021295411e+00 5.393211434837023996e-04
-2.734494471934103110e+00 -1.717922215380305762e+00 4.900450439719994779e-04
-3.505447349848006766e+00 -2.031689002188710180e+00 4.361983892688259951e-04
2.340135739672792425e+00 -2.810597837678031841e+00 9.985918064550026729e-01
-4.182852136835629508e+00 -1.926580710709050015e+00 1.425734387203704111e-03
-1.351607828766789865e+00 -2.242144121790659916e+00 4.373298539774421196e-04
1.483489547473826775e+00 -2.366609954068967792e+00 9.976921050795266588e-01
-1.106719067976453807e+00 -2.454070449734700343e+00 9.469783568256510704e-04
-6.252210696488884167e+00 -1.511824435858867277e+00 4.701454130298047401e-04
4.825890731529041133e+00 -2.801281224256722879e+00 1.519321488284069988e-03
4.837393434324017250e+00 -2.925534725982109396e+00 4.083573193129209195e-04
-2.508125814455873126e+00 -1.663788846518019282e+00 6.257650275477642235e-04
1.125718918613673125e+00 -2.141502875478185075e+00 9.978147543598768765e-01
6.012089938527255484e+00 -3.193111908666154797e+00 3.863000798955974736e-04
4.336576865564968131e+00 -2.659094416283074302e+00 3.666175732674576099e-04
-5.465423222094749178e+00 -1.312430987782284619e+00 4.444225276421785741e-04
-2.579317127010259281e+00 -1.707432806633723654e+00 4.728273769737559675e-04
-2.664894409346845183e+00 -1.687359952668565644e+00 6.539166072223109990e-04
4.052231527829361468e+00 -2.512395299826099215e+00 4.335458839701956772e-04
1.585662820254204242e+00 -2.426328544445221169e+00 9.974941182137149198e-01
-4.894881409513216042e+00 -1.591029000735914689e+00 3.654130270643170210e-04
-6.276540070041450647e+00 -1.516642516689378661e+00 3.390857985654560950e-04
5.556424755217244993e+00 -3.256914140419962855e+00 4.197301613719115962e-04
-4.505034343392204654e+00 -1.858943915625174803e+00 4.373751362390287316e-04
-9.852471096492489977e-01 -2.400563156560141298e+00 3.043287311333874867e-01
-1.929070588311159185e+00 -1.912010728713780638e+00 4.351923964070499159e-04
4.646856418197067740e+00 -2.812739420545772084e+00 3.192575682597882745e-04
-8.972160871747307809e-01 -2.452579633392326208e+00 9.983002445765245536e-01
4.131212992020437014e+00 -2.510632295349201293e+00 4.358346765538670896e-04
2.737606938167814974e+00 -2.731085318848117893e+00 5.598255453960200275e-04
-4.784938480937038996e+00 -1.676733705963860288e+00 4.670036485870823848e-04
1.211199235627348436e+00 -2.210157780627667989e+00 9.981684257893913559e-01
-4.652619580669172805e+00 -1.739651060881568068e+00 4.938429194892309361e-04
-5.308863175288157876e+00 -1.318646520777653874e+00 4.410629258290962081e-04
4.162047992429386056e+00 -2.450125791348118920e+00 5.399789084874763142e-04
-4.475435638745315359e-01 -2.376529266127723972e+00 9.973212879197408398e-01
-4.247276451879959502e+00 -2.033829980573642171e+00 5.247674383935765257e-04
6.028753007728564484e-01 -1.964737104327870743e+00 9.952525613232082735e-01
1.111945631387034616e+00 -2.199303725393013664e+00 9.984507429714507554e-01
3.438324487574995203e+00 -2.500736944816702501e+00 4.912565500699632394e-04
1.958411783879295598e+00 -2.809797179713775517e+00 9.988574724007123207e-01
7.251645265595465517e-01 -2.065223874559732664e+00 9.983064100506467975e-01
-4.043264094462690750e+00 -2.056660303566678394e+00 4.877853819509005064e-04
-3.259923490182783379e+00 -1.950734731176477332e+00 5.456835031798259713e-04
7.608475428078076419e-02 -2.177838701770886676e+00 9.967173237339771452e-01
-1.297531816031028740e+00 -2.257545769770085808e+00 7.487903450466962306e-04
-2.129348197155858102e-01 -2.316566686851695422e+00 9.975563490633020391e-01
5.726995746843298818e+00 -3.170784066984089655e+00 4.385926776563302655e-04
5.046681994356875478e+00 -3.036133853953514539e+00 4.452739900779004601e-04
7.237377445687975808e-02 -2.262794534720100614e+00 9.985225537051580780e-01
4.030053719132597578e+00 -2.405974338699880199e+00 3.639269777198484812e-04
4.118199783286145887e+00 -2.475885793442034188e+00 4.194162914093355564e-04
-3.369881540444613854e+00 -2.027504102952083276e+00 4.394728544743031588e-04
-5.289744765916797320e+00 -1.416379251619183766e+00 4.667394127247066564e-04
-4.302357546151132084e-01 -2.359810450260741987e+00 9.955761688043466284e-01
4.762350462284469899e+00 -2.750423096943440449e+00 1.438628279691385459e-03
-4.429607204730253045e+00 -1.742446715390354672e+00 1.995116745071980145e-03
-3.377195699593172229e+00 -1.962120424913317507e+00 6.371441002042506829e-04
5.252061891192532528e+00 -3.111040584028732514e+00 4.665432831786885961e-04
-4.661325186483868954e+00 -1.654124700922094515e+00 1.825086195649804153e-03
5.232733762160407309e+00 -3.149868831095026245e+00 4.356770215779793491e-04
-3.332632263084361224e+00 -1.973399005590727562e+00 3.545589298995684147e-04
1.457532721085919469e+00 -2.298262251183690541e+00 9.946196987078551599e-01
5.674819157084169063e+00 -3.344472315414248609e+00 4.306856048751239339e-04
-3.077116871403457132e+00 -1.789390503182847647e+00 1.173582094775305279e-03
-6.251122420531691759e-01 -2.439137092469359835e+00 9.985237395298678376e-01
5.937833550713710551e+00 -3.243827551100988860e+00 4.167578370181425893e-04
-3.275160629951346714e+00 -1.918812154416308147e+00 8.067958080664898229e-04
-3.786482423375201467e+00 -2.066688254945578063e+00 4.699277257203457177e-04
2.361803828015673901e+00 -2.847042888637438818e+00 9.987397318282036363e-01
4.335513405573147239e+00 -2.539133783332824912e+00 4.003621120329234383e-04
-5.866461609833866220e-01 -2.457757209012736865e+00 9.987404243647569624e-01
-5.009331971962329710e+00 -1.486405569868040732e+00 3.790886001217364030e-04
1.543753127186658247e+00 -2.423256736557046764e+00 9.980808631832436273e-01
-5.234195747218685746e+00 -1.329385629839921812e+00 6.107720514853587140e-04
-5.613811254270888895e+00 -1.282908058885931180e+00 4.365202960935268416e-04
-1.941774713608291236e+00 -1.831955827823975591e+00 3.098642926586731472e-04
5.095351955026909962e+00 -3.156107060711875523e+00 4.081918555613799028e-04
3.752320871093472121e+00 -2.379836808476294419e+00 4.408795997209550579e-04
-1.454847144580643459e+00 -2.162530160568356230e+00 4.776995468556605759e-04
-5.117955969464251353e+00 -1.443127157397319893e+00 3.588682756902944666e-04
-4.690711870187602273e+00 -1.636114173290651674e+00 1.352216070075348570e-03
4.322489840747749668e-01 -2.126707229548185474e+00 9.986109983235667009e-01
9.178724748688704693e-02 -2.223673698843509960e+00 9.985033659317088528e-01
4.441927607318607585e-02 -2.172251857886998039e+00 9.954716165852329768e-01
-4.692197641637188887e+00 -1.697605684070931042e+00 4.860324887972778383e-04
3.660465523689799383e+00 -2.393469756487923927e+00 4.508052106194778905e-04
1.207015657286120813e+00 -2.304599809737654326e+00 9.987861616871024362e-01
3.239225470368646498e+00 -2.654633157470443816e+00 4.468513429853436937e-04
-5.106458815847805255e-01 -2.435607999156590431e+00 9.984988932075268275e-01
-5.347503343201742254e+00 -1.307877684213682556e+00 5.081734390211513569e-04
1.287900224466453025e+00 -2.251141072628822126e+00 9.979752732989738417e-01
-8.092847037298174229e-01 -2.489950045763824171e+00 9.986358655470534140e-01
-6.202404912823477723e+00 -1.578225838697056904e+00 3.427446076937662087e-04
-5.697216973984062349e+00 -1.384226944750419852e+00 4.136202288059328733e-04
-1.021113116759043926e+00 -2.404478811807934768e+00 1.713345156683164505e-03
4.753428927317226993e+00 -2.865270428598847730e+00 4.771568409560625551e-04
-8.417244904900815783e-01 -2.496715489606611271e+00 9.988057213804001355e-01
1.802774169406374583e+00 -2.576655619252775420e+00 9.978960066806232820e-01
8.589086101954253039e-01 -2.106373503222681798e+00 9.988482384350091392e-01
-3.264970517485845658e+00 -1.953036669779059098e+00 4.432638358717485541e-04
-2.567224026164431017e+00 -1.608507290468662365e+00 1.602814862218970631e-03
-6.220040253333045221e+00 -1.508843328263529182e+00 3.933721472619890213e-04
-4.663461205963512768e+00 -1.725732821609838652e+00 4.011680707396187307e-04
3.663727825510445513e-01 -2.031073718133313388e+00 9.945413198868682247e-01
1.853476685291735038e+00 -2.567961299237639938e+00 9.946889680326859162e-01
-4.456513113777944568e+00 -1.891466964579979981e+00 4.615634709812534674e-04
2.405068378559096942e+00 -2.780219563190791554e+00 9.969614240336753808e-01
1.326571361464774057e+00 -2.250414588441020936e+00 9.967291304845291577e-01
5.825075502616156697e+00 -3.184370552088368722e+00 3.097165387444622098e-04
4.308437355298229576e+00 -2.433648880128271408e+00 4.082386955539849850e-03
2.301461042003820623e-01 -2.144054157081815681e+00 9.976144551438353991e-01
1.300307803271705254e+00 -2.322679651670501944e+00 9.985963820766621257e-01
-5.208813866997928699e+00 -1.430857048225502970e+00 4.486078855622612806e-04
5.712099448734125673e+00 -3.294381524763764002e+00 3.347800609771834973e-04
4.964985029235601033e+00 -3.017285311233984135e+00 3.974238225077162800e-04
7.332122387221220450e-01 -2.037919280552708656e+00 9.975632904007124546e-01
-2.739262931033307868e+00 -1.687596936950297444e+00 5.723972566207381025e-04
1.751624875814012938e+00 -2.458536335621435143e+00 9.952788521556509282e-01
-1.042655557212251338e+00 -2.429298155384279401e+00 1.727068496268104308e-03
1.598850746141040169e+00 -2.480935773314125736e+00 9.986274578680308656e-01
-1.301490910262811163e+00 -2.191026730355762897e+00 1.390888469600616486e-03
-2.490489233126844226e+00 -1.662593588488065377e+00 5.409128534910957785e-04
-1.282465574032802813e+00 -2.265928232113246565e+00 6.623907407613757476e-04
4.395522019280470261e+00 -2.667437244520511008e+00 3.860442960644030748e-04
4.256716089046062024e+00 -2.607964930972999973e+00 4.561457212848013944e-04
-2.696990239764911923e+00 -1.625130171438176729e+00 1.498190581266725446e-03
-2.024966607722335610e+00 -1.679920270043036679e+00 7.100900860701994969e-04
-2.024194581541927107e-01 -2.390868678042248785e+00 9.986955603720852892e-01
-1.451524438247266957e+00 -2.201142565203828116e+00 5.426153735471189992e-04
-2.151521614518783210e+00 -1.721736154153255871e+00 6.206893691600192916e-04
3.644647278840293936e-01 -2.140356609361024898e+00 9.986267555105559079e-01
-5.065692939027973907e+00 -1.410773117287312806e+00 4.941894744830075932e-04
-5.989384434477885044e+00 -1.432998225522563729e+00 4.798683502162446701e-04
-3.895089182802507377e+00 -2.119945530738277739e+00 3.680933870462898758e-04
5.809969022540249384e+00 -3.262745516384848887e+00 4.148629894986219824e-04
3.279271642685767318e+00 -2.607673803428196990e+00 4.863965543209604401e-04
2.688002704277998589e-01 -2.213132311368088967e+00 9.989120629096074344e-01
-4.745724674700575463e+00 -1.681740494801077235e+00 5.019205293551857626e-04
6.265425018007158897e+00 -2.946727686542500280e+00 1.235238280298332119e-03
4.879046095564968155e+00 -2.902392544488068271e+00 5.900917300160314020e-04
5.776067032521780220e+00 -3.235603170984605370e+00 4.333806687258953249e-04
8.141179645403306964e-01 -1.993127920574614631e+00 9.942187887374727140e-01
-2.535480104766639986e+00 -1.778630418346347053e+00 4.567384422178463700e-04
-3.955982470929510608e+00 -2.134835763058684499e+00 4.055704262000696565e-04
3.529300190274692994e+00 -2.372727030519747871e+00 7.271161171432985156e-04
-4.332699279052631525e+00 -1.917726664220108734e+00 5.431368711183507921e-04
1.270698205900314903e+00 -2.202502325184632515e+00 9.974082695779618035e-01
2.991299166423782907e+00 -2.761343378997775488e+00 4.292254861547861711e-04
8.333275447065231489e-01 -2.013239280863030167e+00 9.962829051941509695e-01
3.699279464966696906e+00 -2.418550293920138206e+00 4.377975391549816428e-04
5.369107724186411801e+00 -3.195315927592513816e+00 3.452264855003693090e-04
-5.267040677686614103e+00 -1.333075524556775360e+00 4.821390551505274008e-04
-4.818979176793583008e+00 -1.636106268973539501e+00 4.264512319485765568e-04
-4.853116796329456584e+00 -1.635704000886035958e+00 3.694646184024798436e-04
-2.664913131426770221e+00 -1.720831369594724602e+00 3.934188609810722239e-04
6.459416617217597079e-01 -2.028848094170378147e+00 9.968729054562290859e-01
-6.956292232752643301e-01 -2.455174279682220906e+00 9.985189842441455355e-01
-6.346396321848013500e-01 -2.438808144383866949e+00 9.982171488438994489e-01
2.370708118824099486e+00 -2.819802884146378918e+00 9.988199694904822401e-01
-4.412705861162613097e+00 -1.902089121029062246e+00 4.925301392229628318e-04
-4.779587365264800880e+00 -1.742917893739087232e+00 5.126465681657311080e-04
-4.515681559731030248e+00 -1.911986662654026947e+00 3.367249942996148075e-04
4.330591020468302688e+00 -2.628545758198018945e+00 3.639822637690817166e-04
-1.614354168011713497e+00 -1.967957791619080909e+00 9.573079980278371461e-04
1.399060278858958561e+00 -2.417147128511837550e+00 9.989946110779778232e-01
5.161106773786075408e+00 -3.242272283677708256e+00 2.671376151818910245e-04
-3.982919686936897019e+00 -1.997595388958349538e+00 1.040441304268881163e-03
-5.653371005597453092e+00 -1.312098928352600113e+00 4.215824408593088469e-04
-2.971263211139156368e+00 -1.853127079293438229e+00 3.388028552100471203e-04
-1.504102038156464261e+00 -2.055567070462677837e+00 8.233836426176626561e-04
4.509886974699695017e-01 -2.060047980996543959e+00 9.972202805818747295e-01
-3.695359002461330089e+00 -2.008668185436990328e+00 1.510535791642715923e-03
3.238541539397651547e+00 -2.548877162112845873e+00 5.298103650472794305e-04
1.473300061930681082e+00 -2.366376121917941777e+00 9.978499995750788054e-01
3.504912594214417254e+00 -2.489731373447858775e+00 4.637998520657518674e-04
-3.842071515441367602e+00 -2.008775121980962641e+00 1.289314777700036919e-03
-3.192056575171621002e+00 -1.990181549287143969e+00 4.640193428039468809e-04
1.766373184743484259e+00 -2.583626821965156140e+00 9.982139005373691365e-01
-1.255287936176400443e+00 -2.227348797674396419e+00 1.067732784446058731e-03
5.814729477613637343e+00 -3.137349883213669255e+00 6.549032057300493981e-04
3.313349725452281902e+00 -2.532029965166353591e+00 4.949175627054787753e-04
-4.136958314343871734e+00 -2.086320319520719835e+00 3.750003810193829360e-04
-4.785571683005889199e+00 -1.606527251132330303e+00 5.673351519328146114e-04
-2.132894443036695620e+00 -1.694342724292613234e+00 9.072214175867916904e-04
3.752594020424668386e+00 -2.479426876752926390e+00 4.648671012471321988e-04
1.320562265669704693e+00 -2.247328502143091544e+00 9.972453524760820365e-01
-3.550073166444127182e+00 -2.102267431958980914e+00 3.417771608061238734e-04
-5.921600598124465265e+00 -1.453971161063162709e+00 4.778072391492018669e-04
1.610199505573239875e-01 -2.098716766021586189e+00 9.939923247917744620e-01
5.523408184564253531e+00 -3.121463693899851233e+00 1.138873920747525848e-03
9.619392811603848514e-01 -2.028669503051030443e+00 9.956293246925894680e-01
5.695595431346134774e+00 -3.109959173433485269e+00 1.773473051709041366e-03
-2.426977455659624638e-01 -2.345544431913638039e+00 9.984698791224568826e-01
6.167460291893108959e+00 -3.023567490000889091e+00 6.927602287119979637e-04
-8.484436137546413903e-02 -2.374924616562730684e+00 9.988302280596941252e-01
4.120100948954526388e+00 -2.439039127695115550e+00 3.723253084135101816e-04
-2.811317680626995497e+00 -1.772969402670043326e+00 4.755995992979484503e-04
-5.430942787880435496e+00 -1.350968141665516153e+00 4.989019329864696024e-04
2.781693068761359910e+00 -2.767694298495860572e+00 4.659326465892603343e-04
-4.755006155405108181e+00 -1.677511295679734449e+00 4.178209441039197787e-04
3.890125572154525813e+00 -2.339377813353207269e+00 4.706915644365131774e-04
5.463760208975379840e+00 -3.131570871241798670e+00 1.483890375458548662e-03
-1.979640950974243196e+00 -1.898097659897997280e+00 3.901908901067720919e-04
-2.354499543742023526e+00 -1.533511039708136181e+00 3.294393261544421164e-03
1.260370610161505311e+00 -2.250161086657851417e+00 9.986393242392945790e-01
2.444678793669254446e+00 -2.781063573697719615e+00 9.972988204017607661e-01
-5.715547734686126979e+00 -1.291370606733162285e+00 4.151470007171197108e-04
1.592607474178090676e+00 -2.348163511927791269e+00 9.949212877122750598e-01
-4.077828471304226099e+00 -2.016187721706452773e+00 5.020460023523056576e-04
-5.265735880296102067e+00 -1.343061170595678533e+00 3.844760766642815546e-04
-2.341101892649624983e+00 -1.710482277882462432e+00 4.825723788820755213e-04
-1.079153805408498812e+00 -2.395733443738509827e+00 6.716228033938615024e-04
-1.322084471519789695e+00 -2.280725883653192732e+00 5.158079216481962007e-04
2.802809948170345677e+00 -2.824572397233455767e+00 5.225149143921605866e-04
1.460807867029423335e-01 -2.206948356158987323e+00 9.985304008969523304e-01
-1.964806980227063349e+00 -1.845039046221172097e+00 3.683261270013889351e-04
-3.907100762312518683e-01 -2.332189229350531967e+00 9.959314473424948355e-01
5.873366761740612674e-01 -2.034269047898563443e+00 9.971598264498336972e-01
4.208159894949652369e+00 -2.501975318824877892e+00 4.369771283972838675e-04
-1.908933478116808580e+00 -1.850463227895820628e+00 4.563705228910632894e-04
3.558621026407791987e+00 -2.471728906077641508e+00 4.678238758352861555e-04
1.897665535002463599e+00 -2.578032320803504529e+00 9.926874588168995706e-01
4.687579943254938541e+00 -2.829995607272615121e+00 4.537421071290906262e-04
-1.122793113697659884e+00 -2.341446376542150709e+00 5.920751117480030617e-04
-3.968971017959554093e+00 -2.065895328904983508e+00 4.604989588815462079e-04
-5.112272094789538812e+00 -1.374172066466466724e+00 4.916655694307885084e-04
7.207963252011824196e-01 -1.994806241633315880e+00 9.958634941262114459e-01
5.992043674957537647e+00 -3.159484980111431085e+00 3.821622782525961127e-04
-2.567031204559786062e+00 -1.692545871819842729e+00 3.830415664629732426e-04
-1.342602433270564610e+00 -2.249545402655547033e+00 4.809798396890677119e-04
4.006144957317872013e+00 -2.444381398004407568e+00 3.973695501281931724e-04
-1.331889525968658283e+00 -2.230170689875844658e+00 9.622639486045485215e-04
4.911253294012395187e+00 -2.960990348761019852e+00 5.202023074563555047e-04
-5.904613822017731550e+00 -1.306295659891478111e+00 5.926347367264340679e-04
5.024182568174069274e+00 -3.084177158909290117e+00 4.962081916263647767e-04
-2.625044235939666404e+00 -1.712833315653553568e+00 4.531597380545540664e-04
6.040803229045209832e+00 -3.143934818767995409e+00 3.859568421200155011e-04
3.425648173923583784e+00 -2.429198810870548897e+00 6.122268810285002661e-04
3.926280761952080312e+00 -2.322005447872477202e+00 6.292394917283243702e-04
-3.176632317585044163e-01 -2.364681300543173936e+00 9.980893082860993193e-01
-2.482020098347503367e+00 -1.729741425474044192e+00 3.646446855999074268e-04
-2.210128688305048605e+00 -1.739094962619305740e+00 5.882327056586745618e-04
4.856444578568636317e+00 -2.921504928068022977e+00 3.862223463129621157e-04
-8.853980283505435978e-01 -2.472719296370880837e+00 9.984591027871142499e-01
-6.244498001355649919e+00 -1.499979416792957210e+00 3.850773882037155922e-04
1.495357090225044594e+00 -2.339849575991083341e+00 9.964548380696461871e-01
1.739369343513336830e+00 -2.582195046878984712e+00 9.986048439135286614e-01
1.283451384013493346e+00 -2.317817915850271859e+00 9.988030509579005622e-01
-5.216329804053543739e+00 -1.381727881900422839e+00 4.302180692234021907e-04
-3.910784815423472782e+00 -2.147293954341796596e+00 4.681677006445490166e-04
3.431695637125299569e+00 -2.429319963853577846e+00 5.955810346263988369e-04
1.134793464748224956e+00 -2.159514733431460609e+00 9.980159848602089268e-01
2.337799723092501836e+00 -2.856043043809299409e+00 9.987280891656463711e-01
-5.364695278881225882e+00 -1.394833360506763764e+00 4.970453582170366496e-04
7.724238208365958869e-01 -2.128702101472464303e+00 9.989003832936466099e-01
-3.033150974228176810e+00 -1.830507104597402845e+00 5.144583009291824787e-04
-3.503710427870416311e+00 -1.997080885794558780e+00 7.062689462706893233e-04
-4.836789100038034306e+00 -1.634186507463353477e+00 4.922684402994182600e-04
-5.038411696787933103e+00 -1.386532560888554144e+00 9.939894868856737325e-04
-3.218650110777727669e+00 -1.911008842521915163e+00 4.925056970011424187e-04
3.091862449232511523e+00 -2.592948746878693367e+00 1.192180983257412922e-03
1.186045885813215683e+00 -2.215119370031868318e+00 9.987656948931828982e-01
4.620628587054458336e-01 -2.052036504052087817e+00 9.965596835612807736e-01
-1.563527445039817998e+00 -2.064196752969595039e+00 5.237435260186808867e-04
-3.329956542542050535e+00 -1.991630962944525685e+00 4.010558675582085288e-04
1.141211441006835692e+00 -2.219755488710076996e+00 9.986918072468073948e-01
4.293135196192331193e+00 -2.613610015255798835e+00 3.872913953161210405e-04
-2.853333884588131752e-01 -2.333337888072339883e+00 9.964342319429573269e-01
-5.230850544454266782e+00 -1.327031267516915358e+00 5.991602374690373298e-04
5.444280220604055032e+00 -3.192970334031381086e+00 4.126930632651728864e-04
-1.749413649017439454e-01 -2.379910130964417725e+00 9.987486942598887696e-01
-4.707855684677701547e+00 -1.705556076722233971e+00 4.563239062392763449e-04
4.264265168456971011e+00 -2.591296266707895590e+00 4.805181291645682379e-04
-1.477746800200342214e+00 -2.189845981568188105e+00 5.190654611524484537e-04
-4.917293108830678605e+00 -1.547504532786328602e+00 3.729006716483379774e-04
5.722809318210970275e+00 -3.301487726729189998e+00 4.600149884740597291e-04
-1.964747025909715283e+00 -1.815654382885596663e+00 4.854980625857259957e-04
-3.594487899248186125e+00 -2.140387271064272401e+00 3.561998218090266146e-04
-5.195000754094829531e-01 -2.503633331337680179e+00 9.987694062714701504e-01
-5.970341661895725238e+00 -1.310652504077087999e+00 9.213819883212062125e-04
-3.201646380577756190e+00 -1.847449434675667357e+00 8.884127815937402405e-04
1.926567870790682591e+00 -2.798663879602841131e+00 9.987978393142011857e-01
-2.043583495184709165e+00 -1.764639443001481345e+00 5.241389353682403838e-04
-6.012259018469885419e+00 -1.361182029442793651e+00 4.828759490970886952e-04
-2.859966491405106392e+00 -1.710039686238646661e+00 1.075276518333059860e-03
5.799243575631878755e+00 -3.271971061558999416e+00 3.317197582402873568e-04
2.670677392795807847e+00 -2.845863035399054386e+00 7.736747478722171912e-04
1.423303857043871190e+00 -2.319691642512413665e+00 9.976995403132963292e-01
-5.747935025973369250e+00 -1.231536516233155520e+00 9.848265462049851648e-04
6.016588381841422972e+00 -3.056137542016050368e+00 9.855609531210529108e-04
6.011014444346889363e-01 -2.049766865760824341e+00 9.975952653833035644e-01
1.506081834853540968e-01 -2.164347369450946967e+00 9.973808520594023008e-01
3.908315422442212750e+00 -2.367785942519180509e+00 3.806713479861927193e-04
2.716191361551718586e+00 -2.770717970865557600e+00 6.650526846531678877e-04
4.158025550691165861e+00 -2.449949655395235570e+00 5.597139476888868780e-04
-4.436430618145224436e+00 -1.929515798607392307e+00 4.408400304036667948e-04
1.134124882583806837e+00 -2.088749968977969385e+00 9.959856987861289701e-01
4.361958773345751439e+00 -2.527282136439680471e+00 7.541938705687312606e-04
-1.980514993496731435e+00 -1.863199195131276520e+00 4.054329502093938654e-04
-4.462823004478226885e+00 -1.913908159964128552e+00 5.234052084924024949e-04
-3.975391812184041029e+00 -2.038200661721194962e+00 4.791008034813681806e-04
-4.228494990772443174e+00 -1.923043684175599788e+00 9.796737403475047883e-04
-9.370445415310371118e-01 -2.315331651754477527e+00 6.363087408496532517e-03
1.326864298860292557e+00 -2.254622925720986437e+00 9.968884230792008916e-01
-5.100426195346877911e+00 -1.385294507405599562e+00 6.618685917317306986e-04
-5.946550608634462165e+00 -1.317730634538458068e+00 5.806141657095701108e-04
-5.168354025757338377e+00 -1.355747754568328300e+00 4.582945052788681031e-04
-2.869300960348285301e+00 -1.711926159063865915e+00 8.213019386213786218e-04
-1.982369993120930651e+00 -1.799440546995891399e+00 5.830263077488543385e-04
3.477433703703795231e+00 -2.338520013949413556e+00 1.337499559766489477e-03
3.061511741629411532e+00 -2.591229981138711391e+00 1.007970621074153654e-03
-4.901167538166079751e+00 -1.542954811453078889e+00 4.169528418854415164e-04
-2.755935757343879189e-01 -2.451675024501096978e+00 9.986561652393828314e-01
1.858375871812912195e+00 -2.589045094687470794e+00 9.961603874740526665e-01
4.304593857132022805e+00 -2.519174049964622242e+00 4.887233116274889398e-04
-1.401541705545939820e+00 -2.166065322377268121e+00 8.169639935982964986e-04
-2.321908875569543618e+00 -1.569113165050832537e+00 2.166662647163708662e-03
-1.044463106154982057e+00 -2.342120611966340693e+00 5.920209431383905872e-04
-7.319015722496118315e-01 -2.421503742133521708e+00 9.981199287272042309e-01
1.467276081454536474e+00 -2.418080281207610316e+00 9.988839434023166763e-01
6.235798410780290624e+00 -3.072735122862070956e+00 4.050508462057263192e-04
1.912388794096422373e+00 -2.695794530522220178e+00 9.987713217096974017e-01
1.702887358608154322e+00 -2.603705158544113551e+00 9.987514673493227413e-01
4.336991637053495552e-01 -2.021478849885506968e+00 9.946870372124082538e-01
-1.814855760920345951e+00 -1.856027565716085848e+00 5.328372571720952321e-04
4.460606532607517494e+00 -2.655293441298443913e+00 4.966093221081446969e-04
-4.231150379623358049e+00 -2.041927505253043229e+00 4.309101207217213626e-04
3.340440238475256507e+00 -2.503592563053399278e+00 6.758042804736250206e-04
3.240010690403128280e+00 -2.595412147390069979e+00 3.989775127218250783e-04
-5.661564002182352340e+00 -1.362646683741508324e+00 4.756764581462444839e-04
-5.555781395017387325e-01 -2.384809869400840832e+00 9.957873351486811186e-01
2.676590296903199828e+00 -2.848029374822490745e+00 5.574991824586148772e-04
8.856324865599658480e-01 -2.147765253697811794e+00 9.986093158195986641e-01
-1.747250932150098635e+00 -1.911182003596190615e+00 6.140546487308512101e-04
-2.857554430070208706e+00 -1.718735001590374623e+00 6.856977584174292050e-04
-5.667857882739228970e+00 -1.335277053152668980e+00 3.718483048702655156e-04
-5.195986421526209043e+00 -1.370760923714288371e+00 5.189673575731492110e-04
6.222525399338795893e+00 -2.992073553233137062e+00 9.866775963651567335e-04
1.642291266259448435e+00 -2.488784944351299266e+00 9.981730545055739201e-01
3.698650823662385179e+00 -2.407143719989803365e+00 3.849818879131402085e-04
-6.076481298597929737e+00 -1.378864064969610892e+00 4.914801011866894295e-04
-4.778493405652370463e+00 -1.661415844673181708e+00 4.311788801601161743e-04
-1.316500449484402147e+00 -2.180736541354796554e+00 2.343491984797372186e-03
4.323619391778496635e+00 -2.541617704976486092e+00 4.520744380657796234e-04
-2.532293771837625052e+00 -1.669925523357318475e+00 5.642702873788630735e-04
-3.844711004014500499e+00 -2.149803250995736104e+00 3.881303068122514801e-04
4.664032029867362539e+00 -2.864679152578479826e+00 4.411015609313419608e-04
