# X Y attrib
2.173716192603771802e-01 2.086387818266644822e-01 3.361672576444169318e-04
5.616697730295941327e+00 -6.816551228230527393e-01 9.969250217664392677e-01
3.335865719780146676e+00 -1.957618466368019894e-01 5.362533844809557436e-04
-2.734494471934103110e+00 -4.092344267680286252e-01 9.983019415411489295e-01
-3.505447349848006766e+00 2.711708949955215497e-01 9.978858463725588379e-01
2.340135739672792425e+00 7.310395467750115950e-01 4.458809169355519618e-04
-4.182852136835629508e+00 7.347954349572600741e-01 9.951342696754871264e-01
-1.351607828766789865e+00 -8.667043703994018466e-01 9.988377334276852260e-01
1.483489547473826775e+00 9.594454568950121498e-01 1.145463624561861423e-03
-1.106719067976453807e+00 -9.747700575349951269e-01 9.959672488204436291e-01
-6.252210696488884167e+00 -9.985182683532492498e-02 9.961382028016415591e-01
4.825890731529041133e+00 -1.047304859504619046e+00 9.957044094349261076e-01
4.837393434324017250e+00 -1.032381878915456852e+00 9.976335069058029914e-01
-2.508125814455873126e+00 -5.461559831834796874e-01 9.987228349168085773e-01
1.125718918613673125e+00 9.903933919429216415e-01 3.117701632032660649e-04
6.012089938527255484e+00 -2.812301007540313202e-01 9.984678508278581610e-01
4.336576865564968131e+00 -1.010905011541654908e+00 9.977637496186108068e-01
-5.465423222094749178e+00 7.119101184900488155e-01 9.985516337126300046e-01
-2.579317127010259281e+00 -5.814883104347506881e-01 9.967589486913257524e-01
-2.664894409346845183e+00 -3.830363767559651356e-01 9.987330153879010464e-01
4.052231527829361468e+00 -7.542869709469229855e-01 3.404414652003872905e-03
1.585662820254204242e+00 9.655370363222816055e-01 8.473360548504643057e-04
-4.894881409513216042e+00 1.018551520706905134e+00 9.988084034505081421e-01
-6.276540070041450647e+00 -6.156496262850623402e-02 9.981138623032378421e-01
5.556424755217244993e+00 -7.041498725936847780e-01 9.979875870022661966e-01
-4.505034343392204654e+00 9.781003898342112146e-01 9.988365183906128264e-01
-9.852471096492489977e-01 -7.800079964934623078e-01 9.986989358871519729e-01
-1.929070588311159185e+00 -9.299967224461248572e-01 9.986430486727727596e-01
4.646856418197067740e+00 -9.864025103750149182e-01 9.988774490086711477e-01
-8.972160871747307809e-01 -7.912135362890515555e-01 9.985612129284667793e-01
4.131212992020437014e+00 -8.109328327817567628e-01 9.984957524058669653e-01
2.737606938167814974e+00 3.366448318876549273e-01 6.883820481785224476e-04
-4.784938480937038996e+00 9.428981589609839453e-01 9.980421794515208500e-01
1.211199235627348436e+00 9.611124602149928586e-01 4.076026413409693369e-04
-4.652619580669172805e+00 9.515264351029206757e-01 9.977772266412344715e-01
-5.308863175288157876e+00 8.460805626355502040e-01 9.988695116642943850e-01
4.162047992429386056e+00 -8.311221869862116529e-01 9.984546690449382922e-01
-4.475435638745315359e-01 -4.242263765342874082e-01 4.595697328844194972e-04
-4.247276451879959502e+00 8.673688775436175780e-01 9.982959893529664841e-01
6.028753007728564484e-01 5.554896113084126785e-01 4.631712486879741453e-04
1.111945631387034616e+00 9.088089547578211969e-01 4.890530969099079767e-04
3.438324487574995203e+00 -3.204386384808073363e-01 1.415764320986923367e-03
1.958411783879295598e+00 9.047423628635012927e-01 7.675149304401101148e-04
7.251645265595465517e-01 6.628586985973713430e-01 5.886637369569488196e-04
-4.043264094462690750e+00 8.351247513587973792e-01 9.985658412411482221e-01
-3.259923490182783379e+00 1.123587143213876094e-01 9.986592279693398133e-01
7.608475428078076419e-02 2.498421108460183865e-02 3.935440593211684320e-04
-1.297531816031028740e+00 -1.059462663988833819e+00 9.911433863438954273e-01
-2.129348197155858102e-01 -2.477399950426260322e-01 5.505467361328372604e-04
5.726995746843298818e+00 -6.050544164802595937e-01 9.971856340801997787e-01
5.046681994356875478e+00 -9.485146376538131641e-01 9.986482462748925704e-01
7.237377445687975808e-02 1.092748841337499582e-01 3.520246788622493901e-04
4.030053719132597578e+00 -8.268324497074253099e-01 9.978602694907942050e-01
4.118199783286145887e+00 -8.656440710504196279e-01 9.985684056425921939e-01
-3.369881540444613854e+00 1.796811487082884407e-01 9.981952069262786109e-01
-5.289744765916797320e+00 8.842875789768607220e-01 9.987625554003636275e-01
-4.302357546151132084e-01 -4.545808994354959554e-01 5.235401283346216485e-04
4.762350462284469899e+00 -9.682394491907990730e-01 9.987748092838535374e-01
-4.429607204730253045e+00 1.026217912084466999e+00 9.988084214220386281e-01
-3.377195699593172229e+00 2.166931076044297522e-01 9.987314056960598929e-01
5.252061891192532528e+00 -7.661858613882485125e-01 9.988869107964963856e-01
-4.661325186483868954e+00 9.977285205221366748e-01 9.989380175946337426e-01
5.232733762160407309e+00 -9.112359363753848029e-01 9.972922258133589679e-01
-3.332632263084361224e+00 1.811840517919226790e-01 9.987772067433785539e-01
1.457532721085919469e+00 8.960277540922920725e-01 1.889936197488812242e-03
5.674819157084169063e+00 -5.650292972976063144e-01 9.988074964372855025e-01
-3.077116871403457132e+00 -7.405021775843020904e-02 9.985892585068369964e-01
-6.251122420531691759e-01 -6.123354383985988303e-01 9.987420292975111025e-01
5.937833550713710551e+00 -3.007107739379200062e-01 9.990163202669322118e-01
-3.275160629951346714e+00 4.064335051230433260e-02 9.975400085820883556e-01
-3.786482423375201467e+00 6.287802209004582643e-01 9.988276575679204683e-01
2.361803828015673901e+00 7.713054628406288415e-01 3.728113732472825470e-04
4.335513405573147239e+00 -9.918655020553970303e-01 9.987096299203508387e-01
-5.866461609833866220e-01 -5.456803330063235702e-01 9.986867707368408675e-01
-5.009331971962329710e+00 9.549678803082616296e-01 9.988023365845258850e-01
1.543753127186658247e+00 9.980220113507882740e-01 3.780774604761989927e-04
-5.234195747218685746e+00 8.204058421262256928e-01 9.983227739341972162e-01
-5.613811254270888895e+00 6.611253508156839098e-01 9.989013578932813830e-01
-1.941774713608291236e+00 -8.970851628024567592e-01 9.986999990244341818e-01
5.095351955026909962e+00 -8.687864921139903940e-01 9.988970231563598645e-01
3.752320871093472121e+00 -6.056842547895828766e-01 4.866437882481140613e-03
-1.454847144580643459e+00 -9.422990929016524797e-01 9.987955214717750829e-01
-5.117955969464251353e+00 9.319700267045891717e-01 9.986852116167072024e-01
-4.690711870187602273e+00 1.083366663089676774e+00 9.988775204932749396e-01
4.322489840747749668e-01 4.290051746720148773e-01 3.445130947547779847e-04
9.178724748688704693e-02 2.238209002812324711e-03 3.692189441126980014e-04
4.441927607318607585e-02 5.811831733939491762e-02 3.393988371151050775e-04
-4.692197641637188887e+00 9.864079929579503414e-01 9.987372115139113715e-01
3.660465523689799383e+00 -5.127720160156573614e-01 2.537028591655197691e-03
1.207015657286120813e+00 8.612361742796922348e-01 1.253443954142660199e-03
3.239225470368646498e+00 -1.080208998389650538e-01 5.155424114345112619e-04
-5.106458815847805255e-01 -5.613959179123411136e-01 9.908049439411451553e-01
-5.347503343201742254e+00 7.838276323074828689e-01 9.983016288266411964e-01
1.287900224466453025e+00 9.349573598577365363e-01 6.996596935413794275e-04
-8.092847037298174229e-01 -6.919964288836726318e-01 9.987505491280868064e-01
-6.202404912823477723e+00 1.676237300263147822e-01 9.987994586836784761e-01
-5.697216973984062349e+00 4.511926205028329862e-01 9.971630480646962447e-01
-1.021113116759043926e+00 -8.916174259944574798e-01 9.977332419334372648e-01
4.753428927317226993e+00 -1.001683051177582939e+00 9.986449952927192175e-01
-8.417244904900815783e-01 -7.390686248091599131e-01 9.986675297077228786e-01
1.802774169406374583e+00 1.015028504214559035e+00 3.450960100422228354e-04
8.589086101954253039e-01 7.025964848479656633e-01 6.784173151970623048e-04
-3.264970517485845658e+00 1.144810110688988802e-01 9.986894022033422358e-01
-2.567224026164431017e+00 -4.957913775712057824e-01 9.988334406489250972e-01
-6.220040253333045221e+00 1.317887519022657022e-02 9.975861255422681095e-01
-4.663461205963512768e+00 9.797031683777288613e-01 9.985483097387952700e-01
3.663727825510445513e-01 4.398890695198843792e-01 2.967458621995702631e-04
1.853476685291735038e+00 8.797538535921050062e-01 1.369487488181520994e-03
-4.456513113777944568e+00 9.060950652880432887e-01 9.978506100496324915e-01
2.405068378559096942e+00 7.124657006832278983e-01 3.764215215647299831e-04
1.326571361464774057e+00 8.932592201025509882e-01 9.675221365548783642e-04
5.825075502616156697e+00 -4.429086716420386205e-01 9.986425972945768281e-01
4.308437355298229576e+00 -9.935984350324001957e-01 9.985089980965869971e-01
2.301461042003820623e-01 1.630893261113734449e-01 3.644693579048573586e-04
1.300307803271705254e+00 9.716781990770231303e-01 5.574924201975455223e-04
-5.208813866997928699e+00 8.973763343748645260e-01 9.987899471282228880e-01
5.712099448734125673e+00 -5.402451181447501805e-01 9.987436062182596386e-01
4.964985029235601033e+00 -8.941287900627719054e-01 9.987795296298440650e-01
7.332122387221220450e-01 6.687166552247136853e-01 4.589925437856904396e-04
-2.739262931033307868e+00 -4.189176487631557921e-01 9.982233792405090789e-01
1.751624875814012938e+00 9.939686750170311225e-01 4.510064072758545868e-04
-1.042655557212251338e+00 -8.935818615965168688e-01 9.981742619848779086e-01
1.598850746141040169e+00 1.002538210255129680e+00 4.986814589701749675e-04
-1.301490910262811163e+00 -1.032854085113158238e+00 9.950928749406821039e-01
-2.490489233126844226e+00 -6.736626624588417656e-01 9.966958555898666194e-01
-1.282465574032802813e+00 -1.025433423883093331e+00 9.957504845966098639e-01
4.395522019280470261e+00 -9.380316847204051012e-01 9.987160257846272593e-01
4.256716089046062024e+00 -1.016721705154830735e+00 9.981146495536173946e-01
-2.696990239764911923e+00 -4.484902940800135629e-01 9.981824766257660908e-01
-2.024966607722335610e+00 -9.366498288978568620e-01 9.981816548407845824e-01
-2.024194581541927107e-01 -2.644140690962574203e-01 2.109460709073409865e-03
-1.451524438247266957e+00 -9.776013522608644202e-01 9.986660550310234585e-01
-2.151521614518783210e+00 -8.306544206407788788e-01 9.987828934948909110e-01
3.644647278840293936e-01 2.814164221309010672e-01 4.296395089051998251e-04
-5.065692939027973907e+00 9.725971564191265850e-01 9.986220222289919901e-01
-5.989384434477885044e+00 2.583867573862403955e-01 9.985562288628816452e-01
-3.895089182802507377e+00 7.777025365495378040e-01 9.987960770929643628e-01
5.809969022540249384e+00 -4.641148245838278563e-01 9.985434215499088273e-01
3.279271642685767318e+00 -2.002353171858183289e-01 1.518420930218445384e-03
2.688002704277998589e-01 1.788722601151129243e-01 3.529912439696952309e-04
-4.745724674700575463e+00 1.060342502520914776e+00 9.987081043220559229e-01
6.265425018007158897e+00 -1.056513377458697875e-02 9.987164431248228835e-01
4.879046095564968155e+00 -9.526247014642319488e-01 9.987791512983055231e-01
5.776067032521780220e+00 -4.887243214630012655e-01 9.988591667921733475e-01
8.141179645403306964e-01 6.479760171324937534e-01 9.978310905309106978e-04
-2.535480104766639986e+00 -5.953506048377292803e-01 9.981419607411756711e-01
-3.955982470929510608e+00 6.868921078544295566e-01 9.982880524440960190e-01
3.529300190274692994e+00 -3.345641335762181701e-01 8.148610104954110214e-04
-4.332699279052631525e+00 9.218304981120832853e-01 9.987642019765979873e-01
1.270698205900314903e+00 9.957407026642237646e-01 3.568140918713878329e-04
2.991299166423782907e+00 8.265218887243494517e-02 8.085342920469220946e-04
8.333275447065231489e-01 7.473759744563157614e-01 5.117030339079277519e-04
3.699279464966696906e+00 -4.847647830013868675e-01 8.726995477174275114e-04
5.369107724186411801e+00 -8.053805030878352644e-01 9.985259606628138496e-01
-5.267040677686614103e+00 8.957106090150900313e-01 9.986816440540142725e-01
-4.818979176793583008e+00 1.013694268225771022e+00 9.987973144131028214e-01
-4.853116796329456584e+00 9.695881211838034419e-01 9.986443299355005632e-01
-2.664913131426770221e+00 -4.312393298125369312e-01 9.986672105752097961e-01
6.459416617217597079e-01 6.028432226355480150e-01 4.109685279339880294e-04
-6.956292232752643301e-01 -5.561867864028531283e-01 9.987256653651870320e-01
-6.346396321848013500e-01 -5.894173298671879779e-01 9.986325328686790348e-01
2.370708118824099486e+00 7.358714367560015290e-01 4.603719113742667452e-04
-4.412705861162613097e+00 9.660682032253827822e-01 9.988795115890480858e-01
-4.779587365264800880e+00 9.339041740618583276e-01 9.982916051252012091e-01
-4.515681559731030248e+00 9.800302846289261627e-01 9.986547657040358850e-01
4.330591020468302688e+00 -9.128120044109083731e-01 9.987189966952835229e-01
-1.614354168011713497e+00 -9.741096197382691502e-01 9.987094484887732992e-01
1.399060278858958561e+00 1.073701680677752179e+00 3.153970933832540131e-04
5.161106773786075408e+00 -1.002504249169974493e+00 9.944673137285859887e-01
-3.982919686936897019e+00 8.087556386508313322e-01 9.988047834121398516e-01
-5.653371005597453092e+00 5.576418081689702433e-01 9.984280820187113603e-01
-2.971263211139156368e+00 -2.089037235104977408e-01 9.976621197157671261e-01
-1.504102038156464261e+00 -1.045030342372438747e+00 9.959237890250545178e-01
4.509886974699695017e-01 3.193032599978463115e-01 5.463000930206472804e-04
-3.695359002461330089e+00 5.626667582663748002e-01 9.988468145557291011e-01
3.238541539397651547e+00 -1.509605482832694912e-01 1.581307573326626087e-03
1.473300061930681082e+00 1.030745714233332722e+00 4.284968652091692819e-04
3.504912594214417254e+00 -2.894680306008469151e-01 4.863657314311017714e-04
-3.842071515441367602e+00 6.370995060691796441e-01 9.985677984968828191e-01
-3.192056575171621002e+00 5.172881337089053205e-02 9.989332418454605067e-01
1.766373184743484259e+00 9.172302828095563187e-01 1.182875217045003180e-03
-1.255287936176400443e+00 -1.011130355449241458e+00 9.955436521326144206e-01
5.814729477613637343e+00 -4.592735197009650827e-01 9.986919089270920313e-01
3.313349725452281902e+00 -2.191847075706079839e-01 1.476694556260570558e-03
-4.136958314343871734e+00 8.695436398039344539e-01 9.988050291543615344e-01
-4.785571683005889199e+00 9.780819614521244487e-01 9.988122691015085541e-01
-2.132894443036695620e+00 -9.329080023894540385e-01 9.960718205069587494e-01
3.752594020424668386e+00 -5.223585866460165317e-01 8.242994202915469165e-04
1.320562265669704693e+00 9.370489135008065462e-01 6.905682816279603382e-04
-3.550073166444127182e+00 3.747022721516655164e-01 9.985351270407782920e-01
-5.921600598124465265e+00 3.653138759727151408e-01 9.987410490086250370e-01
1.610199505573239875e-01 9.356576569288148348e-02 3.884598746578760901e-04
5.523408184564253531e+00 -7.304838018523284182e-01 9.977763484980533004e-01
9.619392811603848514e-01 7.900805126753879248e-01 6.519092887054451797e-04
5.695595431346134774e+00 -5.805199433166871037e-01 9.983912874105939084e-01
-2.426977455659624638e-01 -2.967056497668147386e-01 1.416936595621652844e-03
6.167460291893108959e+00 -1.312193924201949247e-01 9.986238216096869902e-01
-8.484436137546413903e-02 -1.237786259013319567e-01 3.808345769000230120e-04
4.120100948954526388e+00 -8.377422847539746087e-01 9.985354007891462658e-01
-2.811317680626995497e+00 -3.702586405613009779e-01 9.974487053658319669e-01
-5.430942787880435496e+00 7.326323058070531857e-01 9.981968834266295998e-01
2.781693068761359910e+00 3.936553253551156040e-01 3.223503190727705940e-04
-4.755006155405108181e+00 9.942297872957975846e-01 9.988694879941452109e-01
3.890125572154525813e+00 -6.535851561241664553e-01 1.763527326621272106e-03
5.463760208975379840e+00 -7.852443499685358708e-01 9.969814121694775544e-01
-1.979640950974243196e+00 -9.273716714795231519e-01 9.984740091340252865e-01
-2.354499543742023526e+00 -6.865656693461085203e-01 9.987974127580474537e-01
1.260370610161505311e+00 9.602745025326094863e-01 5.509642956692370648e-04
2.444678793669254446e+00 6.303406339158820204e-01 4.800928845073893663e-04
-5.715547734686126979e+00 5.280746689474083988e-01 9.986351360697385271e-01
1.592607474178090676e+00 1.060459899600880052e+00 4.869137076215642682e-04
-4.077828471304226099e+00 7.349711989588355587e-01 9.972203632251442906e-01
-5.265735880296102067e+00 8.693644193114870022e-01 9.986961170666031062e-01
-2.341101892649624983e+00 -8.218501658454738790e-01 9.962275390582689960e-01
-1.079153805408498812e+00 -8.729095880217231374e-01 9.987158766479744543e-01
-1.322084471519789695e+00 -9.681837223796198044e-01 9.987296051927542218e-01
2.802809948170345677e+00 3.096473214147684727e-01 6.021021862524565758e-04
1.460807867029423335e-01 2.064443803660475918e-01 3.252003250405025871e-04
-1.964806980227063349e+00 -9.537704301952661945e-01 9.983484713039841862e-01
-3.907100762312518683e-01 -4.058247739079373084e-01 4.410452676333292792e-04
5.873366761740612674e-01 6.359693369609908942e-01 3.796396152913022581e-04
4.208159894949652369e+00 -8.561046199437953863e-01 9.987381258254183214e-01
-1.908933478116808580e+00 -9.509968370801131776e-01 9.985641227577218837e-01
3.558621026407791987e+00 -4.437467222295705671e-01 1.434520200852763350e-03
1.897665535002463599e+00 8.889102526801558879e-01 9.406242603635026067e-04
4.687579943254938541e+00 -9.852060228398152875e-01 9.988907197286738260e-01
-1.122793113697659884e+00 -7.326804103743536078e-01 9.986857938787274680e-01
-3.968971017959554093e+00 7.051520201184531267e-01 9.983946844567096468e-01
-5.112272094789538812e+00 8.831799110205900138e-01 9.980321217313249393e-01
7.207963252011824196e-01 5.469322659323627711e-01 1.376542318097157902e-03
5.992043674957537647e+00 -3.154100751308959727e-01 9.981471023065178194e-01
-2.567031204559786062e+00 -5.549119992946913715e-01 9.986479644919440402e-01
-1.342602433270564610e+00 -9.697026508717107030e-01 9.985174511416446963e-01
4.006144957317872013e+00 -8.033981491170751887e-01 9.962341298307998416e-01
-1.331889525968658283e+00 -9.968028112166769095e-01 9.968390894030114691e-01
4.911253294012395187e+00 -9.515564545526432605e-01 9.987711870003521675e-01
-5.904613822017731550e+00 3.626072359582155347e-01 9.987954865481611932e-01
5.024182568174069274e+00 -9.355500579885903667e-01 9.986838549116767716e-01
-2.625044235939666404e+00 -4.738918187121857750e-01 9.988132852197113554e-01
6.040803229045209832e+00 -2.573344912388303429e-01 9.984543629650003416e-01
3.425648173923583784e+00 -3.334754038500640783e-01 1.170475531696422815e-03
3.926280761952080312e+00 -7.310869818036829226e-01 7.732121567532697706e-03
-3.176632317585044163e-01 -3.092883840441184029e-01 3.833567478666026918e-04
-2.482020098347503367e+00 -6.996998332220251138e-01 9.967758021288596337e-01
-2.210128688305048605e+00 -8.262427828700581456e-01 9.985982417490952834e-01
4.856444578568636317e+00 -9.540477482609707183e-01 9.988460233086969842e-01
-8.853980283505435978e-01 -7.199311933157044319e-01 9.987559809036365976e-01
-6.244498001355649919e+00 1.078723446688281337e-02 9.982976373828011951e-01
1.495357090225044594e+00 1.018521537480310712e+00 3.710960765960450575e-04
1.739369343513336830e+00 8.904266921027608195e-01 1.681311210056483062e-03
1.283451384013493346e+00 9.657987229387156036e-01 5.624980651038389125e-04
-5.216329804053543739e+00 8.538198893533061051e-01 9.982722605536915594e-01
-3.910784815423472782e+00 7.620375019309932885e-01 9.990273721630676951e-01
3.431695637125299569e+00 -2.157905929080771168e-01 5.812238595908821590e-04
1.134793464748224956e+00 9.171530176184550243e-01 5.259929631885906006e-04
2.337799723092501836e+00 6.162663287579162041e-01 1.895049150233846192e-03
-5.364695278881225882e+00 7.048161921367049887e-01 9.974995795561232281e-01
7.724238208365958869e-01 6.355576816101820015e-01 6.265758912464353602e-04
-3.033150974228176810e+00 -1.264155301397270337e-01 9.984518543549671943e-01
-3.503710427870416311e+00 3.445068085036598893e-01 9.987376618708611042e-01
-4.836789100038034306e+00 9.584146618970704745e-01 9.983030786028012082e-01
-5.038411696787933103e+00 9.169631333743747392e-01 9.984461939672701902e-01
-3.218650110777727669e+00 2.076668942140671298e-02 9.982364361973953271e-01
3.091862449232511523e+00 -6.341666721864744338e-02 2.011837207596105497e-03
1.186045885813215683e+00 9.365394494967592687e-01 4.845689779707955456e-04
4.620628587054458336e-01 5.337882112930475431e-01 2.692198628199370374e-04
-1.563527445039817998e+00 -1.007451323671960441e+00 9.981888425711626933e-01
-3.329956542542050535e+00 1.327101289792529393e-01 9.974203576782831870e-01
1.141211441006835692e+00 9.055851090064083175e-01 7.811949279265949665e-04
4.293135196192331193e+00 -9.533318034437961996e-01 9.987234586404490910e-01
-2.853333884588131752e-01 -2.111261487083240240e-01 4.053323499109690161e-04
-5.230850544454266782e+00 9.375633937131276907e-01 9.988537771539610644e-01
5.444280220604055032e+00 -6.681239573329572634e-01 9.988766132721998980e-01
-1.749413649017439454e-01 -2.288593611753197143e-01 8.932741078526313392e-04
-4.707855684677701547e+00 9.409098316062659562e-01 9.980315341974372867e-01
4.264265168456971011e+00 -9.310459099619997625e-01 9.987735655075739016e-01
-1.477746800200342214e+00 -1.021093721856973557e+00 9.971139424622909031e-01
-4.917293108830678605e+00 9.824114555155373241e-01 9.987234884105092858e-01
5.722809318210970275e+00 -5.146699879124883026e-01 9.986352418043001888e-01
-1.964747025909715283e+00 -8.603726635318850180e-01 9.988241397094712593e-01
-3.594487899248186125e+00 4.660514878040715736e-01 9.986638071603453071e-01
-5.195000754094829531e-01 -4.266461488080026676e-01 6.105178471949709515e-04
-5.970341661895725238e+00 2.605301327223789043e-01 9.984362136746131045e-01
-3.201646380577756190e+00 -2.351553771982375918e-02 9.978639388023350376e-01
1.926567870790682591e+00 9.941496621419595447e-01 4.311021819639691680e-04
-2.043583495184709165e+00 -9.013632763531784775e-01 9.984072773950415369e-01
-6.012259018469885419e+00 1.946047577985025590e-01 9.974870746481091510e-01
-2.859966491405106392e+00 -2.125155794998762060e-01 9.988177579341420698e-01
5.799243575631878755e+00 -4.202589501043071940e-01 9.989188165549086618e-01
2.670677392795807847e+00 2.938847062562679469e-01 1.688530330271593863e-03
1.423303857043871190e+00 9.963704845665510845e-01 4.669477778178270197e-04
-5.747935025973369250e+00 4.397019102269014157e-01 9.979255463388129188e-01
6.016588381841422972e+00 -3.351974489359829668e-01 9.965376026596073356e-01
6.011014444346889363e-01 5.479907424177220543e-01 4.589987339159215919e-04
1.506081834853540968e-01 1.164846209716887127e-01 2.969459905475450943e-04
3.908315422442212750e+00 -6.355477529281884363e-01 7.773089632835180479e-04
2.716191361551718586e+00 4.145082561978147284e-01 4.306220236031509259e-04
4.158025550691165861e+00 -8.228472045222831044e-01 9.982192417160176134e-01
-4.436430618145224436e+00 9.237803609784238645e-01 9.983184846404150603e-01
1.134124882583806837e+00 9.219698500736226432e-01 4.277963057672000066e-04
4.361958773345751439e+00 -9.621093969983000038e-01 9.988045387954498366e-01
-1.980514993496731435e+00 -9.185765355562622858e-01 9.986869583855303434e-01
-4.462823004478226885e+00 9.635877052873568216e-01 9.987365189275515531e-01
-3.975391812184041029e+00 7.601321292031827381e-01 9.987833962821727196e-01
-4.228494990772443174e+00 9.672715819012582816e-01 9.987002716808783820e-01
-9.370445415310371118e-01 -7.346080440666844513e-01 9.990119093274278939e-01
1.326864298860292557e+00 9.165552996300985189e-01 1.485637090797889978e-03
-5.100426195346877911e+00 9.277749462895796828e-01 9.988968246332524670e-01
-5.946550608634462165e+00 2.923198617259506471e-01 9.983576187733770313e-01
-5.168354025757338377e+00 9.357147398498739665e-01 9.989017035846583514e-01
-2.869300960348285301e+00 -2.060996882064163871e-01 9.987009101879877893e-01
-1.982369993120930651e+00 -8.936879886726631916e-01 9.986547176579063656e-01
3.477433703703795231e+00 -2.736695927232544734e-01 5.347182379944388254e-04
3.061511741629411532e+00 6.760481650886426830e-03 9.798479701104499239e-04
-4.901167538166079751e+00 1.026723621909527484e+00 9.987229331687837997e-01
-2.755935757343879189e-01 -1.671411430835187950e-01 4.139680136636195705e-04
1.858375871812912195e+00 1.071992346025728793e+00 3.806961044072774492e-04
4.304593857132022805e+00 -9.339813915455045246e-01 9.985299268872002143e-01
-1.401541705545939820e+00 -1.059537596816729987e+00 9.957627808328913810e-01
-2.321908875569543618e+00 -7.292998424703192040e-01 9.989373634644435063e-01
-1.044463106154982057e+00 -9.305261138404290477e-01 9.956068060125683461e-01
-7.319015722496118315e-01 -6.109562908743587650e-01 9.988635910123397910e-01
1.467276081454536474e+00 1.027062130824242026e+00 3.534274709820407106e-04
6.235798410780290624e+00 -2.073646726416314423e-02 9.987857591742931307e-01
1.912388794096422373e+00 9.627752813404261145e-01 3.400182613833202983e-04
1.702887358608154322e+00 1.030386561386966271e+00 2.937549819835303722e-04
4.336991637053495552e-01 3.988779090198708577e-01 3.519472523919756155e-04
-1.814855760920345951e+00 -9.970844902237243623e-01 9.978876166791685876e-01
4.460606532607517494e+00 -9.946039789755257710e-01 9.987052118964027114e-01
-4.231150379623358049e+00 8.647419738378174792e-01 9.982302177248844055e-01
3.340440238475256507e+00 -2.290237904028739613e-01 1.159004198364835345e-03
3.240010690403128280e+00 -1.413045533093458539e-01 9.361576564938719211e-04
-5.661564002182352340e+00 7.022887368964996213e-01 9.988266130948889598e-01
-5.555781395017387325e-01 -5.791178841965898272e-01 9.986853841537344234e-01
2.676590296903199828e+00 5.026301012301858107e-01 3.504363948324227553e-04
8.856324865599658480e-01 7.637030460166106538e-01 3.794709586484904754e-04
-1.747250932150098635e+00 -9.831544631202091544e-01 9.988179786391645498e-01
-2.857554430070208706e+00 -3.079112528611560040e-01 9.983127537295162224e-01
-5.667857882739228970e+00 5.511206374128068131e-01 9.980712100978259560e-01
-5.195986421526209043e+00 8.854547358695211701e-01 9.984357662092084862e-01
6.222525399338795893e+00 -3.108772276845827090e-02 9.987930973834536763e-01
1.642291266259448435e+00 1.031276949179697588e+00 3.027901864220578507e-04
3.698650823662385179e+00 -4.866903296823463787e-01 9.671525505525460295e-04
-6.076481298597929737e+00 2.033491019491179552e-01 9.985533159846775586e-01
-4.778493405652370463e+00 9.481704717552549289e-01 9.985889803166432266e-01
-1.316500449484402147e+00 -1.048262831953618024e+00 9.942688884825706674e-01
4.323619391778496635e+00 -8.664043684997344563e-01 9.989000172224425933e-01
-2.532293771837625052e+00 -5.460738279575008125e-01 9.988420684040362207e-01
-3.844711004014500499e+00 6.063186325640838037e-01 9.979180740338419175e-01
4.664032029867362539e+00 -1.006054606059396006e+00 9.984905369300286493e-01
2.173716192603771802e-01 -1.626072161970566476e-01 2.120218827783814687e-03
5.616697730295941327e+00 -7.001826727329300004e-01 9.960809380032921156e-01
3.335865719780146676e+00 -1.066046193452319546e+00 9.954611581346650695e-01
-2.734494471934103110e+00 -3.801709842204554768e-01 9.987873990890417941e-01
-3.505447349848006766e+00 3.232455719811899719e-01 9.983871970832692844e-01
2.340135739672792425e+00 -1.124841191933629414e+00 9.976834620769031714e-01
-4.182852136835629508e+00 8.465615554150631716e-01 9.985812347543198131e-01
-1.351607828766789865e+00 -9.265212532525231026e-01 9.987084285299768771e-01
1.483489547473826775e+00 -7.204445591658538151e-01 1.449969031095699103e-03
-1.106719067976453807e+00 -8.975188890114996765e-01 9.986222935481703367e-01
-6.252210696488884167e+00 1.791456716161857546e-02 9.986191226479855798e-01
4.825890731529041133e+00 -9.983375745021794145e-01 9.984740751462245489e-01
4.837393434324017250e+00 -9.752801281356211494e-01 9.988491803977939121e-01
-2.508125814455873126e+00 -6.100718274386960349e-01 9.984883452453701125e-01
1.125718918613673125e+00 -4.281827898010330258e-01 5.526306435032005138e-04
6.012089938527255484e+00 -2.724546161161136570e-01 9.985606563373660149e-01
4.336576865564968131e+00 -1.042655735453127397e+00 9.969217326342142416e-01
-5.465423222094749178e+00 7.150939146612705910e-01 9.980924979150506138e-01
-2.579317127010259281e+00 -4.666071880646017189e-01 9.986133558962172474e-01
-2.664894409346845183e+00 -4.662068211729728517e-01 9.985424384565287914e-01
4.052231527829361468e+00 -1.025381539589494073e+00 9.974327935049562832e-01
1.585662820254204242e+00 -7.747762995550326881e-01 5.038701096151702516e-04
-4.894881409513216042e+00 1.001893379766655823e+00 9.986557584344004646e-01
-6.276540070041450647e+00 2.438576265947222516e-02 9.987447709241067395e-01
5.556424755217244993e+00 -6.252465808386782342e-01 9.986662454228619756e-01
-4.505034343392204654e+00 9.429195612344000166e-01 9.983918457784112244e-01
-9.852471096492489977e-01 -8.253859927358850879e-01 9.987022961175701097e-01
-1.929070588311159185e+00 -9.241249700654294852e-01 9.986254806990676469e-01
4.646856418197067740e+00 -1.007473658403592598e+00 9.985187663783282597e-01
-8.972160871747307809e-01 -7.935747505554434644e-01 9.983190358161510014e-01
4.131212992020437014e+00 -1.086905651089692837e+00 9.956979984487135393e-01
2.737606938167814974e+00 -1.189628059346224731e+00 9.967277899019852949e-01
-4.784938480937038996e+00 9.325538092472059892e-01 9.978630881665674357e-01
1.211199235627348436e+00 -6.092000479466319618e-01 1.800222781191174008e-03
-4.652619580669172805e+00 1.007702007029223523e+00 9.986511972180039942e-01
-5.308863175288157876e+00 8.728203447676963211e-01 9.987358120816081097e-01
4.162047992429386056e+00 -8.985241714027241144e-01 9.986618064228738323e-01
-4.475435638745315359e-01 -4.879885980597434836e-01 3.884633057064238500e-04
-4.247276451879959502e+00 9.016211433077461201e-01 9.988429022181032346e-01
6.028753007728564484e-01 -2.619177110465670810e-01 3.958536883623280794e-03
1.111945631387034616e+00 -4.533176119315109887e-01 6.438996620204897204e-04
3.438324487574995203e+00 -9.584825888876375988e-01 9.980826889493493725e-01
1.958411783879295598e+00 -1.059671971571453986e+00 4.714288341196210571e-04
7.251645265595465517e-01 -1.459800452593339459e-01 4.779298798297527116e-04
-4.043264094462690750e+00 7.434310709960223473e-01 9.979463487453440473e-01
-3.259923490182783379e+00 9.511315636992422051e-02 9.984873805233419608e-01
7.608475428078076419e-02 -2.470934278977597043e-01 2.439621150340294357e-03
-1.297531816031028740e+00 -9.634526284617964675e-01 9.986006696235234514e-01
-2.129348197155858102e-01 -3.624642550442370714e-01 1.524691141104242116e-03
5.726995746843298818e+00 -5.320322149975114101e-01 9.987412771557323543e-01
5.046681994356875478e+00 -9.479078238430108660e-01 9.983939463766946520e-01
7.237377445687975808e-02 -2.600659610438080249e-01 1.926729632283541568e-03
4.030053719132597578e+00 -1.064688265231053865e+00 9.947470683269179492e-01
4.118199783286145887e+00 -1.106497672042688007e+00 9.937717080047679952e-01
-3.369881540444613854e+00 2.333550143564590562e-01 9.989123380478945879e-01
-5.289744765916797320e+00 8.511776364932084338e-01 9.987830584900921904e-01
-4.302357546151132084e-01 -5.220021056386856539e-01 2.835391217250556994e-03
4.762350462284469899e+00 -1.039797500171256939e+00 9.967528280471494861e-01
-4.429607204730253045e+00 1.033654212753264190e+00 9.988634569465277835e-01
-3.377195699593172229e+00 1.962671991311251141e-01 9.984569236432423445e-01
5.252061891192532528e+00 -8.121314855850171321e-01 9.988298601402300081e-01
-4.661325186483868954e+00 9.932855588793315649e-01 9.987748800089979451e-01
5.232733762160407309e+00 -9.190654337501412696e-01 9.974883754930670143e-01
-3.332632263084361224e+00 1.721765473313629502e-01 9.986871018174579007e-01
1.457532721085919469e+00 -6.677985088965854299e-01 5.113139431795387041e-04
5.674819157084169063e+00 -5.576418362357484781e-01 9.986705133567407300e-01
-3.077116871403457132e+00 -1.965848036823678591e-01 9.971105792312314753e-01
-6.251122420531691759e-01 -5.903367179526526343e-01 9.984664795950665139e-01
5.937833550713710551e+00 -3.137738213175450541e-01 9.988630759246520663e-01
-3.275160629951346714e+00 8.533680598809394169e-02 9.980745834161347529e-01
-3.786482423375201467e+00 6.388232113161880221e-01 9.988686134038570197e-01
2.361803828015673901e+00 -1.067747577658455072e+00 9.974214854326258761e-01
4.335513405573147239e+00 -9.921777318461586503e-01 9.986527813512068308e-01
-5.866461609833866220e-01 -5.815800860665796268e-01 9.985554454212546283e-01
-5.009331971962329710e+00 1.001097306454079572e+00 9.988208469302293224e-01
1.543753127186658247e+00 -7.817248109592132010e-01 1.234875740389729205e-03
-5.234195747218685746e+00 8.366748255509632859e-01 9.977027767777620904e-01
-5.613811254270888895e+00 5.365151984091078852e-01 9.979375778076386982e-01
-1.941774713608291236e+00 -9.202483617629618751e-01 9.987755967813677360e-01
5.095351955026909962e+00 -9.261765338608329845e-01 9.987666233171846875e-01
3.752320871093472121e+00 -9.326216158950756396e-01 9.982885639582136372e-01
-1.454847144580643459e+00 -9.780080683849096124e-01 9.985989125076126793e-01
-5.117955969464251353e+00 8.165960211021049409e-01 9.978353469943614940e-01
-4.690711870187602273e+00 9.754330665022243885e-01 9.985617892813990482e-01
4.322489840747749668e-01 -1.237210794987202156e-01 1.572083044926571522e-03
9.178724748688704693e-02 -2.313083075265806310e-01 1.934242095624091841e-03
4.441927607318607585e-02 -2.205104254245261464e-01 2.537086217481245715e-03
-4.692197641637188887e+00 9.508556164242147890e-01 9.977163446296534177e-01
3.660465523689799383e+00 -1.042625166780534629e+00 9.959971671579519459e-01
1.207015657286120813e+00 -4.700603261778817377e-01 3.983477230866296482e-04
3.239225470368646498e+00 -9.674439997123763790e-01 9.969346208688198985e-01
-5.106458815847805255e-01 -6.009188718403868368e-01 9.981358785166095648e-01
-5.347503343201742254e+00 7.713297880285194807e-01 9.983627543711062202e-01
1.287900224466453025e+00 -6.437967938346418340e-01 1.850664171912570462e-03
-8.092847037298174229e-01 -7.729687901331127042e-01 9.971485783899376454e-01
-6.202404912823477723e+00 7.925894988053337753e-02 9.986547474327609475e-01
-5.697216973984062349e+00 5.948126977479499811e-01 9.986543008501137519e-01
-1.021113116759043926e+00 -8.039081727272784361e-01 9.987813723734261240e-01
4.753428927317226993e+00 -9.450815567004828832e-01 9.989233350222794794e-01
-8.417244904900815783e-01 -7.087267847911807861e-01 9.988595301902958301e-01
1.802774169406374583e+00 -9.899548532182290694e-01 1.274133014611766868e-03
8.589086101954253039e-01 -3.338394699658788212e-01 2.372682433582870652e-03
-3.264970517485845658e+00 1.325692656119937807e-01 9.986939597491454323e-01
-2.567224026164431017e+00 -5.732863200925283342e-01 9.981846927501419886e-01
-6.220040253333045221e+00 5.621633199286359128e-02 9.988557842149363708e-01
-4.663461205963512768e+00 1.052314490778575751e+00 9.989563122272221429e-01
3.663727825510445513e-01 -9.059918194149069182e-02 1.006726149472499804e-03
1.853476685291735038e+00 -1.042275067474544459e+00 1.583147098605402949e-03
-4.456513113777944568e+00 9.882907204111116561e-01 9.987816698878346777e-01
2.405068378559096942e+00 -1.205999568312754233e+00 9.982580630388480092e-01
1.326571361464774057e+00 -7.084960545904923634e-01 1.710552517215044180e-03
5.825075502616156697e+00 -3.741909785009214229e-01 9.988661923327036840e-01
4.308437355298229576e+00 -1.133396668441629229e+00 9.903205815151674418e-01
2.301461042003820623e-01 -1.711629439501170524e-01 2.221585806982176274e-03
1.300307803271705254e+00 -6.438788797384646934e-01 2.356322330163002944e-03
-5.208813866997928699e+00 8.448535039173066252e-01 9.981741764039346876e-01
5.712099448734125673e+00 -5.008569871545373031e-01 9.989564037901808025e-01
4.964985029235601033e+00 -9.592247559946404101e-01 9.986474294574566590e-01
7.332122387221220450e-01 -2.441530314928142820e-01 9.353972047006120678e-04
-2.739262931033307868e+00 -3.782508819722082416e-01 9.988046908771531784e-01
1.751624875814012938e+00 -9.395274042729939712e-01 1.284699846168552801e-03
-1.042655557212251338e+00 -8.890047632943604006e-01 9.984810649735680332e-01
1.598850746141040169e+00 -8.700735066640203907e-01 2.544099640167579723e-03
-1.301490910262811163e+00 -1.009978967582155329e+00 9.971506630103550428e-01
-2.490489233126844226e+00 -5.593861314404864338e-01 9.988339734177017482e-01
-1.282465574032802813e+00 -9.393578901815005100e-01 9.986776984146373826e-01
4.395522019280470261e+00 -1.148713376039702361e+00 9.902852809618278851e-01
4.256716089046062024e+00 -1.075741753958117775e+00 9.947791281450124590e-01
-2.696990239764911923e+00 -4.885121388372601903e-01 9.980153621396279373e-01
-2.024966607722335610e+00 -9.048893415077572389e-01 9.987946358689121507e-01
-2.024194581541927107e-01 -4.542418402406556144e-01 3.534083292080891087e-03
-1.451524438247266957e+00 -1.008398829413097886e+00 9.976052805839312754e-01
-2.151521614518783210e+00 -8.163856672797751290e-01 9.986478706834329699e-01
3.644647278840293936e-01 -1.908186973587777946e-01 1.652221836445792345e-03
-5.065692939027973907e+00 8.697715817532537530e-01 9.982446995241807119e-01
-5.989384434477885044e+00 3.385694116796553743e-01 9.988101175370899254e-01
-3.895089182802507377e+00 7.404464344086255645e-01 9.988783755846968315e-01
5.809969022540249384e+00 -5.039583496589878919e-01 9.975905139254600540e-01
3.279271642685767318e+00 -1.063562124498979244e+00 9.971349216840207363e-01
2.688002704277998589e-01 -1.864028322879767996e-01 1.552999575463122686e-03
-4.745724674700575463e+00 9.816463819864950091e-01 9.987646774795404525e-01
6.265425018007158897e+00 -4.868238621830853208e-02 9.983654209416682468e-01
4.879046095564968155e+00 -9.990201172006007990e-01 9.977655318142198970e-01
5.776067032521780220e+00 -4.819277642027076092e-01 9.989148870418094184e-01
8.141179645403306964e-01 -2.477326271247641543e-01 5.872748666662951957e-04
-2.535480104766639986e+00 -5.757156599141948217e-01 9.987244181395020792e-01
-3.955982470929510608e+00 7.486474052453666594e-01 9.989315741649111846e-01
3.529300190274692994e+00 -9.888653444240588231e-01 9.984239194136713680e-01
-4.332699279052631525e+00 9.051147845579987639e-01 9.985507212361345308e-01
1.270698205900314903e+00 -4.676780351895334364e-01 4.210763986522982841e-04
2.991299166423782907e+00 -9.830168943800445813e-01 9.969939359322905759e-01
8.333275447065231489e-01 -2.220866189979278926e-01 5.656612248071755510e-04
3.699279464966696906e+00 -9.743314945644164782e-01 9.984234890522155625e-01
5.369107724186411801e+00 -8.240865297120579802e-01 9.979481011738753349e-01
-5.267040677686614103e+00 8.119768018330960624e-01 9.983496221066887610e-01
-4.818979176793583008e+00 9.336887676027284533e-01 9.979163364610503795e-01
-4.853116796329456584e+00 9.293698172408079161e-01 9.975384451212621073e-01
-2.664913131426770221e+00 -5.004145162593931495e-01 9.976013393896637771e-01
6.459416617217597079e-01 -1.440801329368312789e-01 7.096312643439375368e-04
-6.956292232752643301e-01 -7.245602917303674007e-01 9.941392222173944804e-01
-6.346396321848013500e-01 -6.952934956655580923e-01 9.938817829793491487e-01
2.370708118824099486e+00 -1.231707104411056353e+00 9.973693970247929919e-01
-4.412705861162613097e+00 9.124387100352169266e-01 9.982761639236030771e-01
-4.779587365264800880e+00 9.461878588173723292e-01 9.984170737229713932e-01
-4.515681559731030248e+00 8.420024195951945067e-01 9.950083080663101320e-01
4.330591020468302688e+00 -1.060353717173533994e+00 9.956573104192169010e-01
-1.614354168011713497e+00 -1.010612694375793597e+00 9.976265000107781278e-01
1.399060278858958561e+00 -6.636775780153674198e-01 1.640770885037981432e-03
5.161106773786075408e+00 -8.810916043259167107e-01 9.987417753250846797e-01
-3.982919686936897019e+00 7.412556076126992632e-01 9.983983984878975759e-01
-5.653371005597453092e+00 4.987560918714682989e-01 9.976088417207774617e-01
-2.971263211139156368e+00 -1.364246143299238101e-01 9.986833277458411207e-01
-1.504102038156464261e+00 -9.919478267132422200e-01 9.987531400139008086e-01
4.509886974699695017e-01 -1.652126747784226635e-01 1.930309024835729238e-03
-3.695359002461330089e+00 5.476287764156529958e-01 9.987741844722272111e-01
3.238541539397651547e+00 -1.025542171512564993e+00 9.981293067051322243e-01
1.473300061930681082e+00 -7.666082893304329016e-01 1.674754280617621891e-03
3.504912594214417254e+00 -1.036141036231463364e+00 9.966703006644258567e-01
-3.842071515441367602e+00 5.326080529318613088e-01 9.968878438139208154e-01
-3.192056575171621002e+00 3.481427724167385218e-02 9.989608166948574786e-01
1.766373184743484259e+00 -8.878577610702580447e-01 5.001178161468834834e-04
-1.255287936176400443e+00 -9.925791554918561577e-01 9.967781598653779884e-01
5.814729477613637343e+00 -5.265849831560880379e-01 9.971262173382891003e-01
3.313349725452281902e+00 -9.700024466274314028e-01 9.983197626812355674e-01
-4.136958314343871734e+00 9.250125158076303311e-01 9.986920926290925316e-01
-4.785571683005889199e+00 9.746149006771231971e-01 9.985451278263091091e-01
-2.132894443036695620e+00 -8.816394295756433408e-01 9.982922163510336011e-01
3.752594020424668386e+00 -1.043821933322572004e+00 9.953658375479594866e-01
1.320562265669704693e+00 -5.767635725437527672e-01 4.680797480931760449e-04
-3.550073166444127182e+00 3.935725752570894409e-01 9.989018025408102908e-01
-5.921600598124465265e+00 3.708241277557167703e-01 9.987874195314759840e-01
1.610199505573239875e-01 -1.468376375027010128e-01 3.581961016204802950e-03
5.523408184564253531e+00 -6.630894640642431836e-01 9.989541089806064367e-01
9.619392811603848514e-01 -4.175782363307699585e-01 1.383769479252874119e-03
5.695595431346134774e+00 -5.397391601840546560e-01 9.987330079965428542e-01
-2.426977455659624638e-01 -3.437126395896584752e-01 1.604253083036252933e-03
6.167460291893108959e+00 -1.003563708342317812e-01 9.986316312378903381e-01
-8.484436137546413903e-02 -2.857337959239639735e-01 2.042203144069339171e-03
4.120100948954526388e+00 -1.040818101704368281e+00 9.975896234779233485e-01
-2.811317680626995497e+00 -3.534517667989116041e-01 9.975387749138935334e-01
-5.430942787880435496e+00 7.002629044014806459e-01 9.977457785633433440e-01
2.781693068761359910e+00 -1.083698104606914070e+00 9.978987582707722348e-01
-4.755006155405108181e+00 9.903663415819292659e-01 9.989736663625516933e-01
3.890125572154525813e+00 -1.015586658743160120e+00 9.972296597849279465e-01
5.463760208975379840e+00 -7.621812910017861098e-01 9.973439324071645684e-01
-1.979640950974243196e+00 -9.480595270942493435e-01 9.978058618527695378e-01
-2.354499543742023526e+00 -7.820466152167757645e-01 9.977705949749480219e-01
1.260370610161505311e+00 -5.575179960160527859e-01 7.554708674770353564e-04
2.444678793669254446e+00 -1.185763809410568026e+00 9.982244858241042795e-01
-5.715547734686126979e+00 6.048119808681623466e-01 9.988307556257290942e-01
1.592607474178090676e+00 -7.835088697468812757e-01 4.797536725338367525e-04
-4.077828471304226099e+00 7.513847865239753343e-01 9.973668264621836643e-01
-5.265735880296102067e+00 8.861006499122212610e-01 9.988695963922868959e-01
-2.341101892649624983e+00 -7.202014660580541294e-01 9.987408345624927408e-01
-1.079153805408498812e+00 -8.149899829889039049e-01 9.986464477693320907e-01
-1.322084471519789695e+00 -8.856725578175133062e-01 9.987669876835969518e-01
2.802809948170345677e+00 -1.171864925685341285e+00 9.966325563502574925e-01
1.460807867029423335e-01 -2.019609652650828646e-01 1.576536221880917195e-03
-1.964806980227063349e+00 -9.651097026528137057e-01 9.971037366534358792e-01
-3.907100762312518683e-01 -4.929418493353528996e-01 5.134171500025372543e-03
5.873366761740612674e-01 -1.743212634355797985e-01 1.579045629309166251e-03
4.208159894949652369e+00 -1.092476950593211926e+00 9.939643852260855450e-01
-1.908933478116808580e+00 -9.410088419835999085e-01 9.986000260939155160e-01
3.558621026407791987e+00 -9.994716847491570411e-01 9.983345272271976212e-01
1.897665535002463599e+00 -1.016637595070280398e+00 5.511947298285998663e-04
4.687579943254938541e+00 -1.085910604228419896e+00 9.953921445086288955e-01
-1.122793113697659884e+00 -8.713004927874041794e-01 9.988855791865576261e-01
-3.968971017959554093e+00 6.641537523519803754e-01 9.976260506007890161e-01
-5.112272094789538812e+00 9.376492702872508689e-01 9.988054759513338432e-01
7.207963252011824196e-01 -1.375427103754750524e-01 4.439295851035709247e-04
5.992043674957537647e+00 -3.739268162624084235e-01 9.968504345082708218e-01
-2.567031204559786062e+00 -5.072959549834844539e-01 9.989687414070603788e-01
-1.342602433270564610e+00 -9.973907366678735897e-01 9.972394779221815941e-01
4.006144957317872013e+00 -1.064832238999322112e+00 9.961006649101883381e-01
-1.331889525968658283e+00 -8.711857364545250171e-01 9.987979458288946955e-01
4.911253294012395187e+00 -1.107390621950671949e+00 9.953835770675140138e-01
-5.904613822017731550e+00 3.435732714598847548e-01 9.986622615079829846e-01
5.024182568174069274e+00 -9.475477448995567320e-01 9.986840055048467057e-01
-2.625044235939666404e+00 -4.797316618456179960e-01 9.988007408918191388e-01
6.040803229045209832e+00 -2.459640088538537772e-01 9.988630281799925070e-01
3.425648173923583784e+00 -9.300479721780003928e-01 9.979774196838133715e-01
3.926280761952080312e+00 -1.004040373527033569e+00 9.978077111837266866e-01
-3.176632317585044163e-01 -5.120185704455560982e-01 4.894333784921272787e-03
-2.482020098347503367e+00 -5.919038055734319181e-01 9.988485360939151070e-01
-2.210128688305048605e+00 -7.413253827402196405e-01 9.986194046194070140e-01
4.856444578568636317e+00 -1.010652543683842719e+00 9.974116913288663122e-01
-8.853980283505435978e-01 -8.720393698523156711e-01 9.919877982216812606e-01
-6.244498001355649919e+00 3.273273992290752499e-02 9.986210945476702294e-01
1.495357090225044594e+00 -6.686162910812080140e-01 4.349402700550810330e-04
1.739369343513336830e+00 -9.908522054019570646e-01 3.354112216602227713e-03
1.283451384013493346e+00 -5.566097173420689881e-01 3.775298911678148187e-04
-5.216329804053543739e+00 8.591318292469944939e-01 9.983504819091478799e-01
-3.910784815423472782e+00 6.657984906435621131e-01 9.983175980194135546e-01
3.431695637125299569e+00 -1.057809844289853585e+00 9.969111461658118900e-01
1.134793464748224956e+00 -4.439873996786668497e-01 4.759899087254170305e-04
2.337799723092501836e+00 -1.233277401433219733e+00 9.978648607711573248e-01
-5.364695278881225882e+00 8.476536347320928755e-01 9.989424981793495473e-01
7.724238208365958869e-01 -2.919655626842120322e-01 1.293849896315135304e-03
-3.033150974228176810e+00 -6.053521327486302561e-02 9.988772427754557537e-01
-3.503710427870416311e+00 3.372903008918717860e-01 9.986815520352386732e-01
-4.836789100038034306e+00 9.559322003014411040e-01 9.985843922110946291e-01
-5.038411696787933103e+00 9.296392867926045467e-01 9.987107249410743792e-01
-3.218650110777727669e+00 5.593461152700947986e-02 9.986250940730687642e-01
3.091862449232511523e+00 -1.163301392800854650e+00 9.951885683305218278e-01
1.186045885813215683e+00 -4.938662008771146916e-01 6.684404292139426709e-04
4.620628587054458336e-01 -7.191309614224598856e-02 4.837428626486841524e-04
-1.563527445039817998e+00 -1.042503474857082280e+00 9.965453578635192766e-01
-3.329956542542050535e+00 2.547566370663877366e-01 9.987965613861367054e-01
1.141211441006835692e+00 -4.733122055947104334e-01 6.779039241619705738e-04
4.293135196192331193e+00 -1.052626504322382361e+00 9.961276650369047525e-01
-2.853333884588131752e-01 -4.114081120413873860e-01 2.404584014662063205e-03
-5.230850544454266782e+00 8.637550828089454180e-01 9.986400800415602408e-01
5.444280220604055032e+00 -6.601478982995134803e-01 9.988409463978794589e-01
-1.749413649017439454e-01 -3.586893810960460893e-01 2.673473397437828736e-03
-4.707855684677701547e+00 9.895645376242523383e-01 9.988711132921052060e-01
4.264265168456971011e+00 -1.062937732805484314e+00 9.964864725491728858e-01
-1.477746800200342214e+00 -1.025289912369284906e+00 9.963023366843564155e-01
-4.917293108830678605e+00 9.386877929302590573e-01 9.981505759819375712e-01
5.722809318210970275e+00 -5.819254417773971344e-01 9.973473666116396963e-01
-1.964747025909715283e+00 -9.039711667719513288e-01 9.987262546878602487e-01
-3.594487899248186125e+00 3.449198894491967704e-01 9.973814757589403168e-01
-5.195000754094829531e-01 -6.237565886632651102e-01 9.985591398364663807e-01
-5.970341661895725238e+00 3.291852526394735690e-01 9.987170967263168109e-01
-3.201646380577756190e+00 1.668604077090928006e-01 9.987726775562087989e-01
1.926567870790682591e+00 -1.061881707972383682e+00 5.265371312578887714e-04
-2.043583495184709165e+00 -8.956630398854307229e-01 9.988211844706893494e-01
-6.012259018469885419e+00 2.735634374969702076e-01 9.988012148689884295e-01
-2.859966491405106392e+00 -2.250565280743718199e-01 9.988188283181222982e-01
5.799243575631878755e+00 -4.856770800529507937e-01 9.983132855089522639e-01
2.670677392795807847e+00 -1.092533423657710445e+00 9.980377010456632503e-01
1.423303857043871190e+00 -6.865275387437388410e-01 1.022101420712151400e-03
-5.747935025973369250e+00 5.238975549795812370e-01 9.988142457925857087e-01
6.016588381841422972e+00 -2.422601373978387485e-01 9.988625877239299955e-01
6.011014444346889363e-01 -2.479968956223710386e-01 2.190804931625607577e-03
1.506081834853540968e-01 -2.043952623023851944e-01 1.234746356408833109e-03
3.908315422442212750e+00 -1.025113222671889091e+00 9.971021093658448686e-01
2.716191361551718586e+00 -1.163716176336313524e+00 9.975843414353583460e-01
4.158025550691165861e+00 -1.012879407411884980e+00 9.977189142383693365e-01
-4.436430618145224436e+00 1.037283163527736640e+00 9.990140839845692566e-01
1.134124882583806837e+00 -4.696034446072591129e-01 6.507564931485326993e-04
4.361958773345751439e+00 -1.026340152067757527e+00 9.970629128920496242e-01
-1.980514993496731435e+00 -9.273518134836812310e-01 9.986746469474642174e-01
-4.462823004478226885e+00 9.981674994303737503e-01 9.987586691287153595e-01
-3.975391812184041029e+00 7.183173751266190843e-01 9.982702515920438557e-01
-4.228494990772443174e+00 7.996240556842804104e-01 9.970776327045965948e-01
-9.370445415310371118e-01 -9.214420504782756538e-01 9.931418919705944370e-01
1.326864298860292557e+00 -6.429456556009381929e-01 1.401974362169399347e-03
-5.100426195346877911e+00 9.785733385481704127e-01 9.987846003657857574e-01
-5.946550608634462165e+00 2.731544251688767799e-01 9.977934684227151019e-01
-5.168354025757338377e+00 8.978070016410933940e-01 9.988067686620256680e-01
-2.869300960348285301e+00 -2.896644730774481924e-01 9.982069060145583039e-01
-1.982369993120930651e+00 -9.032450992625794539e-01 9.986580139612928342e-01
3.477433703703795231e+00 -9.902675986519627882e-01 9.983700313312671160e-01
3.061511741629411532e+00 -1.122221084401298752e+00 9.973635682533759095e-01
-4.901167538166079751e+00 8.798268717217661017e-01 9.965609601315907895e-01
-2.755935757343879189e-01 -4.025371289686355825e-01 3.102402817424010188e-03
1.858375871812912195e+00 -1.023276310712487147e+00 5.459337330020958348e-04
4.304593857132022805e+00 -1.049457165294143568e+00 9.965363564313698408e-01
-1.401541705545939820e+00 -1.006871751569771378e+00 9.968316788863593736e-01
-2.321908875569543618e+00 -7.565757442977089076e-01 9.984157078275731623e-01
-1.044463106154982057e+00 -9.031714362367929683e-01 9.980999959673955146e-01
-7.319015722496118315e-01 -7.988581344586905830e-01 9.910098000841675026e-01
1.467276081454536474e+00 -7.277786995296110506e-01 1.295001315173886390e-03
6.235798410780290624e+00 1.412009538151769855e-02 9.986542866222980486e-01
1.912388794096422373e+00 -1.039658692433810927e+00 5.915797745536280046e-04
1.702887358608154322e+00 -8.332949946259544660e-01 4.451207195878845255e-04
4.336991637053495552e-01 -1.199411556136961432e-01 1.291899708160424180e-03
-1.814855760920345951e+00 -9.942117550959949090e-01 9.965464446756143735e-01
4.460606532607517494e+00 -1.040153281235629334e+00 9.967636150824135122e-01
-4.231150379623358049e+00 8.746108887498309503e-01 9.985498696729703250e-01
3.340440238475256507e+00 -9.712159977839395220e-01 9.975081854749631161e-01
3.240010690403128280e+00 -1.057975883490964275e+00 9.974360179106528390e-01
-5.661564002182352340e+00 6.095389763515118853e-01 9.986631356997510700e-01
-5.555781395017387325e-01 -6.833569673425011759e-01 9.963350209815293734e-01
2.676590296903199828e+00 -1.189722257930366789e+00 9.968704105802566051e-01
8.856324865599658480e-01 -3.576974321412410562e-01 1.351662969545317948e-03
-1.747250932150098635e+00 -1.032212835595612610e+00 9.967639456159614886e-01
-2.857554430070208706e+00 -3.262486058462782390e-01 9.978944149468639280e-01
-5.667857882739228970e+00 5.028570869050326131e-01 9.981348105572974694e-01
-5.195986421526209043e+00 9.183039954243823466e-01 9.986903691122881455e-01
6.222525399338795893e+00 -2.988163075615289654e-02 9.987847365522379839e-01
1.642291266259448435e+00 -9.028061977304726593e-01 1.481980639856824789e-03
3.698650823662385179e+00 -1.031005646551690358e+00 9.965636623703950647e-01
-6.076481298597929737e+00 1.926194177102611149e-01 9.987301433570282549e-01
-4.778493405652370463e+00 9.978809488946115414e-01 9.989448714564688192e-01
-1.316500449484402147e+00 -9.597598898114829691e-01 9.987810180126683868e-01
4.323619391778496635e+00 -1.065762976967928433e+00 9.958080909210673681e-01
-2.532293771837625052e+00 -5.712651260092417305e-01 9.986238463609966587e-01
-3.844711004014500499e+00 5.895888060945233544e-01 9.977756744660702948e-01
4.664032029867362539e+00 -9.759248417399685183e-01 9.988733785407543087e-01
2.173716192603771802e-01 -2.207541281408887279e+00 9.987357216571935981e-01
5.616697730295941327e+00 -3.191359521688613921e+00 8.641513585061181982e-04
3.335865719780146676e+00 -2.606601897021295411e+00 3.856323957506947037e-04
-2.734494471934103110e+00 -1.717922215380305762e+00 3.922172266893391096e-04
-3.505447349848006766e+00 -2.031689002188710180e+00 5.412962909671841872e-04
2.340135739672792425e+00 -2.810597837678031841e+00 4.051656927895610984e-04
-4.182852136835629508e+00 -1.926580710709050015e+00 1.437141474442843372e-03
-1.351607828766789865e+00 -2.242144121790659916e+00 5.105725960202296340e-04
1.483489547473826775e+00 -2.366609954068967792e+00 9.985595860893624609e-01
-1.106719067976453807e+00 -2.454070449734700343e+00 4.364096680140589065e-04
-6.252210696488884167e+00 -1.511824435858867277e+00 4.209651907209073073e-04
4.825890731529041133e+00 -2.801281224256722879e+00 1.988632064959333211e-03
4.837393434324017250e+00 -2.925534725982109396e+00 9.452704921990023748e-04
-2.508125814455873126e+00 -1.663788846518019282e+00 1.138548820872480093e-03
1.125718918613673125e+00 -2.141502875478185075e+00 9.981208803584883382e-01
6.012089938527255484e+00 -3.193111908666154797e+00 4.718802865870540438e-04
4.336576865564968131e+00 -2.659094416283074302e+00 3.917849963793676861e-04
-5.465423222094749178e+00 -1.312430987782284619e+00 4.197590717446806350e-04
-2.579317127010259281e+00 -1.707432806633723654e+00 4.148002684918990690e-04
-2.664894409346845183e+00 -1.687359952668565644e+00 8.269714647927268970e-04
4.052231527829361468e+00 -2.512395299826099215e+00 3.339825507046488497e-04
1.585662820254204242e+00 -2.426328544445221169e+00 9.953837535401645065e-01
-4.894881409513216042e+00 -1.591029000735914689e+00 4.194629817119661171e-04
-6.276540070041450647e+00 -1.516642516689378661e+00 4.202731262309726480e-04
5.556424755217244993e+00 -3.256914140419962855e+00 3.543752582507869470e-04
-4.505034343392204654e+00 -1.858943915625174803e+00 4.179163708246501764e-04
-9.852471096492489977e-01 -2.400563156560141298e+00 9.450562786760135798e-04
-1.929070588311159185e+00 -1.912010728713780638e+00 2.738905016681008275e-04
4.646856418197067740e+00 -2.812739420545772084e+00 5.118293947372942786e-04
-8.972160871747307809e-01 -2.452579633392326208e+00 3.399216799723649000e-04
4.131212992020437014e+00 -2.510632295349201293e+00 4.097853902527854577e-04
2.737606938167814974e+00 -2.731085318848117893e+00 9.680778883163510548e-04
-4.784938480937038996e+00 -1.676733705963860288e+00 3.887509118849762101e-04
1.211199235627348436e+00 -2.210157780627667989e+00 9.983752752988619417e-01
-4.652619580669172805e+00 -1.739651060881568068e+00 3.335251801350505281e-04
-5.308863175288157876e+00 -1.318646520777653874e+00 9.090158027343759294e-04
4.162047992429386056e+00 -2.450125791348118920e+00 1.037077478970609883e-03
-4.475435638745315359e-01 -2.376529266127723972e+00 7.794897372726644321e-04
-4.247276451879959502e+00 -2.033829980573642171e+00 2.838091445658600352e-04
6.028753007728564484e-01 -1.964737104327870743e+00 9.952597470032107374e-01
1.111945631387034616e+00 -2.199303725393013664e+00 9.987846352248404003e-01
3.438324487574995203e+00 -2.500736944816702501e+00 4.924582204710323610e-04
1.958411783879295598e+00 -2.809797179713775517e+00 3.789527718101344121e-04
7.251645265595465517e-01 -2.065223874559732664e+00 9.987970170924697078e-01
-4.043264094462690750e+00 -2.056660303566678394e+00 5.489116284612965838e-04
-3.259923490182783379e+00 -1.950734731176477332e+00 3.294983946495362581e-04
7.608475428078076419e-02 -2.177838701770886676e+00 9.988256308236139747e-01
-1.297531816031028740e+00 -2.257545769770085808e+00 7.729266973205045676e-04
-2.129348197155858102e-01 -2.316566686851695422e+00 9.477328918592699877e-04
5.726995746843298818e+00 -3.170784066984089655e+00 9.720623765238829185e-04
5.046681994356875478e+00 -3.036133853953514539e+00 5.215117938367192342e-04
7.237377445687975808e-02 -2.262794534720100614e+00 9.989057756056641812e-01
4.030053719132597578e+00 -2.405974338699880199e+00 1.152165361578618742e-03
4.118199783286145887e+00 -2.475885793442034188e+00 4.196319109884484220e-04
-3.369881540444613854e+00 -2.027504102952083276e+00 3.964937601682422502e-04
-5.289744765916797320e+00 -1.416379251619183766e+00 4.345245927572130942e-04
-4.302357546151132084e-01 -2.359810450260741987e+00 1.076265250733189714e-03
4.762350462284469899e+00 -2.750423096943440449e+00 2.140519315805819878e-03
-4.429607204730253045e+00 -1.742446715390354672e+00 1.442977545647961728e-03
-3.377195699593172229e+00 -1.962120424913317507e+00 8.528809672725397133e-04
5.252061891192532528e+00 -3.111040584028732514e+00 3.830517456290838960e-04
-4.661325186483868954e+00 -1.654124700922094515e+00 6.989573978226290563e-04
5.232733762160407309e+00 -3.149868831095026245e+00 3.461948399662703388e-04
-3.332632263084361224e+00 -1.973399005590727562e+00 3.696695064818874502e-04
1.457532721085919469e+00 -2.298262251183690541e+00 9.976306068940121730e-01
5.674819157084169063e+00 -3.344472315414248609e+00 3.311783460918824810e-04
-3.077116871403457132e+00 -1.789390503182847647e+00 1.347984084217226713e-03
-6.251122420531691759e-01 -2.439137092469359835e+00 4.721220705531355491e-04
5.937833550713710551e+00 -3.243827551100988860e+00 3.848698360460109358e-04
-3.275160629951346714e+00 -1.918812154416308147e+00 7.189063428727947768e-04
-3.786482423375201467e+00 -2.066688254945578063e+00 9.360807248624821537e-04
2.361803828015673901e+00 -2.847042888637438818e+00 3.386141951843506096e-04
4.335513405573147239e+00 -2.539133783332824912e+00 7.518485782908441951e-04
-5.866461609833866220e-01 -2.457757209012736865e+00 4.123467153759412230e-04
-5.009331971962329710e+00 -1.486405569868040732e+00 4.099396167672994572e-04
1.543753127186658247e+00 -2.423256736557046764e+00 9.982808983237173583e-01
-5.234195747218685746e+00 -1.329385629839921812e+00 1.182561766081353027e-03
-5.613811254270888895e+00 -1.282908058885931180e+00 1.476789101323331072e-03
-1.941774713608291236e+00 -1.831955827823975591e+00 4.423785487852354066e-04
5.095351955026909962e+00 -3.156107060711875523e+00 4.494564020137787534e-04
3.752320871093472121e+00 -2.379836808476294419e+00 1.271277030219673029e-03
-1.454847144580643459e+00 -2.162530160568356230e+00 5.808357543135758260e-04
-5.117955969464251353e+00 -1.443127157397319893e+00 4.312438557430160442e-04
-4.690711870187602273e+00 -1.636114173290651674e+00 1.955783946858749393e-03
4.322489840747749668e-01 -2.126707229548185474e+00 9.988139805890919876e-01
9.178724748688704693e-02 -2.223673698843509960e+00 9.987688447032170291e-01
4.441927607318607585e-02 -2.172251857886998039e+00 9.986813802577224619e-01
-4.692197641637188887e+00 -1.697605684070931042e+00 4.685870767333917401e-04
3.660465523689799383e+00 -2.393469756487923927e+00 1.390704707179440209e-03
1.207015657286120813e+00 -2.304599809737654326e+00 9.986502785662683124e-01
3.239225470368646498e+00 -2.654633157470443816e+00 4.437781951103617105e-04
-5.106458815847805255e-01 -2.435607999156590431e+00 4.857101649344943220e-04
-5.347503343201742254e+00 -1.307877684213682556e+00 1.631933163882937077e-03
1.287900224466453025e+00 -2.251141072628822126e+00 9.979342117282556934e-01
-8.092847037298174229e-01 -2.489950045763824171e+00 3.821712650540408330e-04
-6.202404912823477723e+00 -1.578225838697056904e+00 3.243659341604328891e-04
-5.697216973984062349e+00 -1.384226944750419852e+00 4.571156361386372806e-04
-1.021113116759043926e+00 -2.404478811807934768e+00 5.873264153279787085e-04
4.753428927317226993e+00 -2.865270428598847730e+00 5.912004810779120491e-04
-8.417244904900815783e-01 -2.496715489606611271e+00 4.056959018477686893e-04
1.802774169406374583e+00 -2.576655619252775420e+00 9.256879224838995054e-04
8.589086101954253039e-01 -2.106373503222681798e+00 9.989272381476070883e-01
-3.264970517485845658e+00 -1.953036669779059098e+00 3.261252889282996600e-04
-2.567224026164431017e+00 -1.608507290468662365e+00 1.240191567967692705e-03
-6.220040253333045221e+00 -1.508843328263529182e+00 3.260527294009912271e-04
-4.663461205963512768e+00 -1.725732821609838652e+00 4.336551030545152466e-04
3.663727825510445513e-01 -2.031073718133313388e+00 9.944133199567527504e-01
1.853476685291735038e+00 -2.567961299237639938e+00 1.971669603813839319e-03
-4.456513113777944568e+00 -1.891466964579979981e+00 3.627580071979311332e-04
2.405068378559096942e+00 -2.780219563190791554e+00 1.066587729064217551e-03
1.326571361464774057e+00 -2.250414588441020936e+00 9.975544274474555939e-01
5.825075502616156697e+00 -3.184370552088368722e+00 8.174456252441214283e-04
4.308437355298229576e+00 -2.433648880128271408e+00 1.641438170492583865e-03
2.301461042003820623e-01 -2.144054157081815681e+00 9.981849717605736361e-01
1.300307803271705254e+00 -2.322679651670501944e+00 9.988553433392640679e-01
-5.208813866997928699e+00 -1.430857048225502970e+00 3.520738865601138979e-04
5.712099448734125673e+00 -3.294381524763764002e+00 4.364895957869024262e-04
4.964985029235601033e+00 -3.017285311233984135e+00 4.362076394435123882e-04
7.332122387221220450e-01 -2.037919280552708656e+00 9.987318311208973620e-01
-2.739262931033307868e+00 -1.687596936950297444e+00 1.923781166170871392e-03
1.751624875814012938e+00 -2.458536335621435143e+00 2.911350932914425881e-03
-1.042655557212251338e+00 -2.429298155384279401e+00 5.116562541969853824e-04
1.598850746141040169e+00 -2.480935773314125736e+00 2.445946308370639324e-02
-1.301490910262811163e+00 -2.191026730355762897e+00 2.084763937395622390e-03
-2.490489233126844226e+00 -1.662593588488065377e+00 8.845767713569061734e-04
-1.282465574032802813e+00 -2.265928232113246565e+00 7.985903102842453012e-04
4.395522019280470261e+00 -2.667437244520511008e+00 4.159808717267907260e-04
4.256716089046062024e+00 -2.607964930972999973e+00 4.159964722829966933e-04
-2.696990239764911923e+00 -1.625130171438176729e+00 9.812567804576058893e-04
-2.024966607722335610e+00 -1.679920270043036679e+00 1.428428541418608330e-03
-2.024194581541927107e-01 -2.390868678042248785e+00 4.514005401943918441e-04
-1.451524438247266957e+00 -2.201142565203828116e+00 3.752292982426875265e-04
-2.151521614518783210e+00 -1.721736154153255871e+00 1.153839817493318085e-03
3.644647278840293936e-01 -2.140356609361024898e+00 9.985008356403114460e-01
-5.065692939027973907e+00 -1.410773117287312806e+00 1.977980125291731693e-03
-5.989384434477885044e+00 -1.432998225522563729e+00 3.545527402310074067e-04
-3.895089182802507377e+00 -2.119945530738277739e+00 3.191736485619143127e-04
5.809969022540249384e+00 -3.262745516384848887e+00 2.980300397056821738e-04
3.279271642685767318e+00 -2.607673803428196990e+00 3.113456223273332020e-04
2.688002704277998589e-01 -2.213132311368088967e+00 9.988123782431795883e-01
-4.745724674700575463e+00 -1.681740494801077235e+00 4.077224044583293606e-04
6.265425018007158897e+00 -2.946727686542500280e+00 7.744363177415612351e-04
4.879046095564968155e+00 -2.902392544488068271e+00 1.365303900564957679e-03
5.776067032521780220e+00 -3.235603170984605370e+00 2.674639600397706193e-04
8.141179645403306964e-01 -1.993127920574614631e+00 9.979454310735903499e-01
-2.535480104766639986e+00 -1.778630418346347053e+00 3.465694000161424651e-04
-3.955982470929510608e+00 -2.134835763058684499e+00 3.218708120690407350e-04
3.529300190274692994e+00 -2.372727030519747871e+00 2.589213504631137155e-03
-4.332699279052631525e+00 -1.917726664220108734e+00 7.342395272114023846e-04
1.270698205900314903e+00 -2.202502325184632515e+00 9.963457627065489541e-01
2.991299166423782907e+00 -2.761343378997775488e+00 4.659230506646005305e-04
8.333275447065231489e-01 -2.013239280863030167e+00 9.979580087915073117e-01
3.699279464966696906e+00 -2.418550293920138206e+00 1.150851533631141489e-03
5.369107724186411801e+00 -3.195315927592513816e+00 3.817666318273918013e-04
-5.267040677686614103e+00 -1.333075524556775360e+00 1.320331841025177777e-03
-4.818979176793583008e+00 -1.636106268973539501e+00 3.379286146550170228e-04
-4.853116796329456584e+00 -1.635704000886035958e+00 4.557993013694305005e-04
-2.664913131426770221e+00 -1.720831369594724602e+00 4.158575641617721485e-04
6.459416617217597079e-01 -2.028848094170378147e+00 9.981894707164983283e-01
-6.956292232752643301e-01 -2.455174279682220906e+00 3.944991579120298388e-04
-6.346396321848013500e-01 -2.438808144383866949e+00 5.029229069160706103e-04
2.370708118824099486e+00 -2.819802884146378918e+00 5.081637742438693817e-04
-4.412705861162613097e+00 -1.902089121029062246e+00 3.940244459262148250e-04
-4.779587365264800880e+00 -1.742917893739087232e+00 3.816259098654133921e-04
-4.515681559731030248e+00 -1.911986662654026947e+00 3.481114140038005494e-04
4.330591020468302688e+00 -2.628545758198018945e+00 3.918561115190518566e-04
-1.614354168011713497e+00 -1.967957791619080909e+00 9.458480671846262447e-04
1.399060278858958561e+00 -2.417147128511837550e+00 9.986419309066135730e-01
5.161106773786075408e+00 -3.242272283677708256e+00 3.661729926669075527e-04
-3.982919686936897019e+00 -1.997595388958349538e+00 1.248650111948121800e-03
-5.653371005597453092e+00 -1.312098928352600113e+00 3.229301412153218523e-04
-2.971263211139156368e+00 -1.853127079293438229e+00 3.470450829007369837e-04
-1.504102038156464261e+00 -2.055567070462677837e+00 8.057451709912499859e-04
4.509886974699695017e-01 -2.060047980996543959e+00 9.974453383964676512e-01
-3.695359002461330089e+00 -2.008668185436990328e+00 1.594585914978187543e-03
3.238541539397651547e+00 -2.548877162112845873e+00 3.757717796792407164e-04
1.473300061930681082e+00 -2.366376121917941777e+00 9.986353355097647988e-01
3.504912594214417254e+00 -2.489731373447858775e+00 6.116608237349604321e-04
-3.842071515441367602e+00 -2.008775121980962641e+00 1.378773477915084915e-03
-3.192056575171621002e+00 -1.990181549287143969e+00 3.484155814319147442e-04
1.766373184743484259e+00 -2.583626821965156140e+00 2.321669806040509675e-03
-1.255287936176400443e+00 -2.227348797674396419e+00 2.307935852729670837e-03
5.814729477613637343e+00 -3.137349883213669255e+00 9.612621271696318668e-04
3.313349725452281902e+00 -2.532029965166353591e+00 4.292243030968090670e-04
-4.136958314343871734e+00 -2.086320319520719835e+00 3.957938422074991857e-04
-4.785571683005889199e+00 -1.606527251132330303e+00 6.465305770177486640e-04
-2.132894443036695620e+00 -1.694342724292613234e+00 1.513975173820650885e-03
3.752594020424668386e+00 -2.479426876752926390e+00 3.965370210536696329e-04
1.320562265669704693e+00 -2.247328502143091544e+00 9.972383144267484845e-01
-3.550073166444127182e+00 -2.102267431958980914e+00 4.177008196608420366e-04
-5.921600598124465265e+00 -1.453971161063162709e+00 3.575262342524232234e-04
1.610199505573239875e-01 -2.098716766021586189e+00 9.966633557126546306e-01
5.523408184564253531e+00 -3.121463693899851233e+00 1.218221480496339782e-03
9.619392811603848514e-01 -2.028669503051030443e+00 9.974067645406861082e-01
5.695595431346134774e+00 -3.109959173433485269e+00 1.253600648295901451e-03
-2.426977455659624638e-01 -2.345544431913638039e+00 8.663801825497094346e-04
6.167460291893108959e+00 -3.023567490000889091e+00 7.066694468659995461e-04
-8.484436137546413903e-02 -2.374924616562730684e+00 4.430138470581163252e-04
4.120100948954526388e+00 -2.439039127695115550e+00 1.048134780546151196e-03
-2.811317680626995497e+00 -1.772969402670043326e+00 4.625265768184317196e-04
-5.430942787880435496e+00 -1.350968141665516153e+00 4.102990036198058809e-04
2.781693068761359910e+00 -2.767694298495860572e+00 1.008615740343010020e-03
-4.755006155405108181e+00 -1.677511295679734449e+00 4.887868721164732823e-04
3.890125572154525813e+00 -2.339377813353207269e+00 1.527808921934989145e-03
5.463760208975379840e+00 -3.131570871241798670e+00 7.874570881694080600e-04
-1.979640950974243196e+00 -1.898097659897997280e+00 3.339069263026079389e-04
-2.354499543742023526e+00 -1.533511039708136181e+00 4.632010495705056637e-03
1.260370610161505311e+00 -2.250161086657851417e+00 9.982385414322569872e-01
2.444678793669254446e+00 -2.781063573697719615e+00 9.923286793635881751e-04
-5.715547734686126979e+00 -1.291370606733162285e+00 1.081308046966724138e-03
1.592607474178090676e+00 -2.348163511927791269e+00 9.983960592764073994e-01
-4.077828471304226099e+00 -2.016187721706452773e+00 8.680679450470018448e-04
-5.265735880296102067e+00 -1.343061170595678533e+00 5.766519843676021521e-04
-2.341101892649624983e+00 -1.710482277882462432e+00 4.140454181906742933e-04
-1.079153805408498812e+00 -2.395733443738509827e+00 4.607412236682067574e-04
-1.322084471519789695e+00 -2.280725883653192732e+00 4.881357423712593562e-04
2.802809948170345677e+00 -2.824572397233455767e+00 4.659920140454248505e-04
1.460807867029423335e-01 -2.206948356158987323e+00 9.988759086413655508e-01
-1.964806980227063349e+00 -1.845039046221172097e+00 4.074106465875632532e-04
-3.907100762312518683e-01 -2.332189229350531967e+00 1.646925970328175053e-03
5.873366761740612674e-01 -2.034269047898563443e+00 9.979586203401006328e-01
4.208159894949652369e+00 -2.501975318824877892e+00 4.138342393809967641e-04
-1.908933478116808580e+00 -1.850463227895820628e+00 3.892537049280892576e-04
3.558621026407791987e+00 -2.471728906077641508e+00 5.706662734172130791e-04
1.897665535002463599e+00 -2.578032320803504529e+00 1.510446367704222463e-03
4.687579943254938541e+00 -2.829995607272615121e+00 4.663287455195753387e-04
-1.122793113697659884e+00 -2.341446376542150709e+00 9.948094356909693414e-04
-3.968971017959554093e+00 -2.065895328904983508e+00 7.826047733731589197e-04
-5.112272094789538812e+00 -1.374172066466466724e+00 9.483948634072665541e-04
7.207963252011824196e-01 -1.994806241633315880e+00 9.976222204043989628e-01
5.992043674957537647e+00 -3.159484980111431085e+00 7.729652625370773879e-04
-2.567031204559786062e+00 -1.692545871819842729e+00 4.600699734032708183e-04
-1.342602433270564610e+00 -2.249545402655547033e+00 5.215473987568876703e-04
4.006144957317872013e+00 -2.444381398004407568e+00 4.468416919737111461e-04
-1.331889525968658283e+00 -2.230170689875844658e+00 1.027685412580701995e-03
4.911253294012395187e+00 -2.960990348761019852e+00 9.318624593616844226e-04
-5.904613822017731550e+00 -1.306295659891478111e+00 1.270046582991688931e-03
5.024182568174069274e+00 -3.084177158909290117e+00 3.710805035643776739e-04
-2.625044235939666404e+00 -1.712833315653553568e+00 4.224222527530745348e-04
6.040803229045209832e+00 -3.143934818767995409e+00 5.190507520472085372e-04
3.425648173923583784e+00 -2.429198810870548897e+00 1.388471427767971065e-03
3.926280761952080312e+00 -2.322005447872477202e+00 1.958215129132269243e-03
-3.176632317585044163e-01 -2.364681300543173936e+00 8.402903255106751023e-04
-2.482020098347503367e+00 -1.729741425474044192e+00 3.255650716470591529e-04
-2.210128688305048605e+00 -1.739094962619305740e+00 4.066363516756582000e-04
4.856444578568636317e+00 -2.921504928068022977e+00 9.049206676586554971e-04
-8.853980283505435978e-01 -2.472719296370880837e+00 4.581960713796636429e-04
-6.244498001355649919e+00 -1.499979416792957210e+00 4.950640669277526487e-04
1.495357090225044594e+00 -2.339849575991083341e+00 9.984990791017187561e-01
1.739369343513336830e+00 -2.582195046878984712e+00 1.984073034951115613e-03
1.283451384013493346e+00 -2.317817915850271859e+00 9.988080455739390962e-01
-5.216329804053543739e+00 -1.381727881900422839e+00 4.090333972992312730e-04
-3.910784815423472782e+00 -2.147293954341796596e+00 3.644853072171175810e-04
3.431695637125299569e+00 -2.429319963853577846e+00 1.224349552039657269e-03
1.134793464748224956e+00 -2.159514733431460609e+00 9.982873916314004559e-01
2.337799723092501836e+00 -2.856043043809299409e+00 5.069051848420419405e-04
-5.364695278881225882e+00 -1.394833360506763764e+00 4.074212492516303906e-04
7.724238208365958869e-01 -2.128702101472464303e+00 9.988305625920677056e-01
-3.033150974228176810e+00 -1.830507104597402845e+00 4.469678693145508371e-04
-3.503710427870416311e+00 -1.997080885794558780e+00 7.383908385415843779e-04
-4.836789100038034306e+00 -1.634186507463353477e+00 3.558379862489475967e-04
-5.038411696787933103e+00 -1.386532560888554144e+00 1.262131315189088257e-03
-3.218650110777727669e+00 -1.911008842521915163e+00 4.427009487132468240e-04
3.091862449232511523e+00 -2.592948746878693367e+00 5.175362093560822475e-04
1.186045885813215683e+00 -2.215119370031868318e+00 9.984309297254579940e-01
4.620628587054458336e-01 -2.052036504052087817e+00 9.966298875101863297e-01
-1.563527445039817998e+00 -2.064196752969595039e+00 9.747994181880505291e-04
-3.329956542542050535e+00 -1.991630962944525685e+00 3.123566551267253455e-04
1.141211441006835692e+00 -2.219755488710076996e+00 9.986318897742065825e-01
4.293135196192331193e+00 -2.613610015255798835e+00 4.659144758459884787e-04
-2.853333884588131752e-01 -2.333337888072339883e+00 8.760282436283022608e-04
-5.230850544454266782e+00 -1.327031267516915358e+00 1.346662412829661938e-03
5.444280220604055032e+00 -3.192970334031381086e+00 3.843156023211555532e-04
-1.749413649017439454e-01 -2.379910130964417725e+00 4.234151613375224544e-04
-4.707855684677701547e+00 -1.705556076722233971e+00 3.417516204273011700e-04
4.264265168456971011e+00 -2.591296266707895590e+00 4.602216321867784823e-04
-1.477746800200342214e+00 -2.189845981568188105e+00 3.984505038409400066e-04
-4.917293108830678605e+00 -1.547504532786328602e+00 5.110416057545030376e-04
5.722809318210970275e+00 -3.301487726729189998e+00 4.100811725718863255e-04
-1.964747025909715283e+00 -1.815654382885596663e+00 4.144782701712865182e-04
-3.594487899248186125e+00 -2.140387271064272401e+00 3.881973464121058251e-04
-5.195000754094829531e-01 -2.503633331337680179e+00 3.742607911464612886e-04
-5.970341661895725238e+00 -1.310652504077087999e+00 1.678651166644986193e-03
-3.201646380577756190e+00 -1.847449434675667357e+00 9.216887714334128521e-04
1.926567870790682591e+00 -2.798663879602841131e+00 4.060304493799695292e-04
-2.043583495184709165e+00 -1.764639443001481345e+00 8.199955209496526771e-04
-6.012259018469885419e+00 -1.361182029442793651e+00 1.696831366214067308e-03
-2.859966491405106392e+00 -1.710039686238646661e+00 8.577993080419915638e-04
5.799243575631878755e+00 -3.271971061558999416e+00 3.898190142258446396e-04
2.670677392795807847e+00 -2.845863035399054386e+00 3.732647083549735776e-04
1.423303857043871190e+00 -2.319691642512413665e+00 9.979262931485947119e-01
-5.747935025973369250e+00 -1.231536516233155520e+00 1.889298328838054201e-03
6.016588381841422972e+00 -3.056137542016050368e+00 1.386152006928762772e-03
6.011014444346889363e-01 -2.049766865760824341e+00 9.984923325239609682e-01
1.506081834853540968e-01 -2.164347369450946967e+00 9.987977762785607005e-01
3.908315422442212750e+00 -2.367785942519180509e+00 1.965317494187834163e-03
2.716191361551718586e+00 -2.770717970865557600e+00 9.016704873549935247e-04
4.158025550691165861e+00 -2.449949655395235570e+00 9.024893027489097348e-04
-4.436430618145224436e+00 -1.929515798607392307e+00 3.928609307395856389e-04
1.134124882583806837e+00 -2.088749968977969385e+00 9.952244543954281708e-01
4.361958773345751439e+00 -2.527282136439680471e+00 1.969070226656121237e-03
-1.980514993496731435e+00 -1.863199195131276520e+00 2.897204111275794472e-04
-4.462823004478226885e+00 -1.913908159964128552e+00 3.397961253637923830e-04
-3.975391812184041029e+00 -2.038200661721194962e+00 1.220944692563980622e-03
-4.228494990772443174e+00 -1.923043684175599788e+00 1.079518011262798650e-03
-9.370445415310371118e-01 -2.315331651754477527e+00 2.173117792494203091e-03
1.326864298860292557e+00 -2.254622925720986437e+00 9.974007208613285824e-01
-5.100426195346877911e+00 -1.385294507405599562e+00 1.046889549862058295e-03
-5.946550608634462165e+00 -1.317730634538458068e+00 1.516249413899661402e-03
-5.168354025757338377e+00 -1.355747754568328300e+00 9.192473644140272638e-04
-2.869300960348285301e+00 -1.711926159063865915e+00 1.115550192765442806e-03
-1.982369993120930651e+00 -1.799440546995891399e+00 6.590559226294991383e-04
3.477433703703795231e+00 -2.338520013949413556e+00 1.934129096107790923e-03
3.061511741629411532e+00 -2.591229981138711391e+00 5.802863915068772176e-04
-4.901167538166079751e+00 -1.542954811453078889e+00 7.589055769970513062e-04
-2.755935757343879189e-01 -2.451675024501096978e+00 4.657937603090900368e-04
1.858375871812912195e+00 -2.589045094687470794e+00 2.222981763457379523e-03
4.304593857132022805e+00 -2.519174049964622242e+00 8.500237961655244482e-04
-1.401541705545939820e+00 -2.166065322377268121e+00 1.293433320990466494e-03
-2.321908875569543618e+00 -1.569113165050832537e+00 4.847352626612659414e-03
-1.044463106154982057e+00 -2.342120611966340693e+00 8.955164205226930118e-04
-7.319015722496118315e-01 -2.421503742133521708e+00 9.216372262364133910e-04
1.467276081454536474e+00 -2.418080281207610316e+00 9.987667642084436803e-01
6.235798410780290624e+00 -3.072735122862070956e+00 4.329083811827208819e-04
1.912388794096422373e+00 -2.695794530522220178e+00 5.399900010149637870e-04
1.702887358608154322e+00 -2.603705158544113551e+00 9.789447845840284265e-04
4.336991637053495552e-01 -2.021478849885506968e+00 9.957020299102795624e-01
-1.814855760920345951e+00 -1.856027565716085848e+00 4.064956347248807177e-04
4.460606532607517494e+00 -2.655293441298443913e+00 3.737795167308851046e-04
-4.231150379623358049e+00 -2.041927505253043229e+00 3.395202422077083729e-04
3.340440238475256507e+00 -2.503592563053399278e+00 6.042438576091696285e-04
3.240010690403128280e+00 -2.595412147390069979e+00 3.046091824220025358e-04
-5.661564002182352340e+00 -1.362646683741508324e+00 4.264417168508684384e-04
-5.555781395017387325e-01 -2.384809869400840832e+00 1.835751796064027464e-03
2.676590296903199828e+00 -2.848029374822490745e+00 3.972894524321065875e-04
8.856324865599658480e-01 -2.147765253697811794e+00 9.988056513617025178e-01
-1.747250932150098635e+00 -1.911182003596190615e+00 5.153498776624831782e-04
-2.857554430070208706e+00 -1.718735001590374623e+00 1.544955882212139696e-03
-5.667857882739228970e+00 -1.335277053152668980e+00 4.460568363489193864e-04
-5.195986421526209043e+00 -1.370760923714288371e+00 5.728268451349381816e-04
6.222525399338795893e+00 -2.992073553233137062e+00 6.691146099882692641e-04
1.642291266259448435e+00 -2.488784944351299266e+00 6.040428078209155761e-03
3.698650823662385179e+00 -2.407143719989803365e+00 1.916137327391854777e-03
-6.076481298597929737e+00 -1.378864064969610892e+00 1.086218995566883396e-03
-4.778493405652370463e+00 -1.661415844673181708e+00 4.147195836954045353e-04
-1.316500449484402147e+00 -2.180736541354796554e+00 9.050019556468367338e-04
4.323619391778496635e+00 -2.541617704976486092e+00 8.215242631847272841e-04
-2.532293771837625052e+00 -1.669925523357318475e+00 9.426932488811977503e-04
-3.844711004014500499e+00 -2.149803250995736104e+00 4.217333986812984601e-04
4.664032029867362539e+00 -2.864679152578479826e+00 3.443767717308227711e-04
