# X Y attrib
2.173716192603771802e-01 2.086387818266644822e-01 1.189804046341602249e-03
5.616697730295941327e+00 -6.816551228230527393e-01 9.869393938069135567e-04
3.335865719780146676e+00 -1.957618466368019894e-01 1.225072028814595902e-03
-2.734494471934103110e+00 -4.092344267680286252e-01 9.595065928422726129e-04
-3.505447349848006766e+00 2.711708949955215497e-01 9.902146671812767000e-04
2.340135739672792425e+00 7.310395467750115950e-01 1.227196923018526471e-03
-4.182852136835629508e+00 7.347954349572600741e-01 1.461719683735308818e-03
-1.351607828766789865e+00 -8.667043703994018466e-01 1.481715565528661863e-03
1.483489547473826775e+00 9.594454568950121498e-01 1.095016227205659323e-03
-1.106719067976453807e+00 -9.747700575349951269e-01 1.002235946740804001e-03
-6.252210696488884167e+00 -9.985182683532492498e-02 2.302484726665623548e-03
4.825890731529041133e+00 -1.047304859504619046e+00 8.890773509335572235e-04
4.837393434324017250e+00 -1.032381878915456852e+00 1.042076954502272647e-03
-2.508125814455873126e+00 -5.461559831834796874e-01 8.827676274366429111e-04
1.125718918613673125e+00 9.903933919429216415e-01 1.261308906371489194e-03
6.012089938527255484e+00 -2.812301007540313202e-01 1.016854022617539113e-03
4.336576865564968131e+00 -1.010905011541654908e+00 1.152631974545439454e-03
-5.465423222094749178e+00 7.119101184900488155e-01 8.389616173443065813e-04
-2.579317127010259281e+00 -5.814883104347506881e-01 1.041303586221097857e-03
-2.664894409346845183e+00 -3.830363767559651356e-01 1.111384585834106035e-03
4.052231527829361468e+00 -7.542869709469229855e-01 8.790838439433125992e-04
1.585662820254204242e+00 9.655370363222816055e-01 1.140606072653296095e-03
-4.894881409513216042e+00 1.018551520706905134e+00 8.013229228301506574e-04
-6.276540070041450647e+00 -6.156496262850623402e-02 8.276349065988769689e-04
5.556424755217244993e+00 -7.041498725936847780e-01 8.725810800946757779e-04
-4.505034343392204654e+00 9.781003898342112146e-01 7.341114996247938675e-04
-9.852471096492489977e-01 -7.800079964934623078e-01 8.591287454175863987e-04
-1.929070588311159185e+00 -9.299967224461248572e-01 8.335953782821774096e-04
4.646856418197067740e+00 -9.864025103750149182e-01 9.932909790134846189e-04
-8.972160871747307809e-01 -7.912135362890515555e-01 1.002301216771122683e-03
4.131212992020437014e+00 -8.109328327817567628e-01 3.857505855194915106e-03
2.737606938167814974e+00 3.366448318876549273e-01 1.163843160162576469e-03
-4.784938480937038996e+00 9.428981589609839453e-01 9.874679182733710897e-04
1.211199235627348436e+00 9.611124602149928586e-01 9.264433669088507342e-04
-4.652619580669172805e+00 9.515264351029206757e-01 1.073565008997225123e-03
-5.308863175288157876e+00 8.460805626355502040e-01 1.178489952845220489e-03
4.162047992429386056e+00 -8.311221869862116529e-01 5.273107938166305027e-03
-4.475435638745315359e-01 -4.242263765342874082e-01 7.641420219981283520e-04
-4.247276451879959502e+00 8.673688775436175780e-01 9.304794088685508936e-04
6.028753007728564484e-01 5.554896113084126785e-01 9.385486693725196387e-04
1.111945631387034616e+00 9.088089547578211969e-01 9.838646464880079680e-04
3.438324487574995203e+00 -3.204386384808073363e-01 1.224371662038230800e-03
1.958411783879295598e+00 9.047423628635012927e-01 9.890146873114775625e-04
7.251645265595465517e-01 6.628586985973713430e-01 8.362540788694838943e-04
-4.043264094462690750e+00 8.351247513587973792e-01 1.068603793406242182e-03
-3.259923490182783379e+00 1.123587143213876094e-01 9.832425183599112582e-04
7.608475428078076419e-02 2.498421108460183865e-02 1.156905081627680916e-02
-1.297531816031028740e+00 -1.059462663988833819e+00 1.155887413270245039e-03
-2.129348197155858102e-01 -2.477399950426260322e-01 1.047932582757995406e-03
5.726995746843298818e+00 -6.050544164802595937e-01 1.017828580845211691e-03
5.046681994356875478e+00 -9.485146376538131641e-01 1.095337595855011212e-03
7.237377445687975808e-02 1.092748841337499582e-01 9.395278768470804098e-04
4.030053719132597578e+00 -8.268324497074253099e-01 6.012088017796693440e-03
4.118199783286145887e+00 -8.656440710504196279e-01 2.047558919440190753e-03
-3.369881540444613854e+00 1.796811487082884407e-01 9.835818253889844556e-04
-5.289744765916797320e+00 8.842875789768607220e-01 1.015694296269912828e-03
-4.302357546151132084e-01 -4.545808994354959554e-01 9.715055748848238845e-04
4.762350462284469899e+00 -9.682394491907990730e-01 1.114486099021245883e-03
-4.429607204730253045e+00 1.026217912084466999e+00 1.166434233409653848e-03
-3.377195699593172229e+00 2.166931076044297522e-01 1.105381511100285690e-03
5.252061891192532528e+00 -7.661858613882485125e-01 1.196311631331981517e-03
-4.661325186483868954e+00 9.977285205221366748e-01 1.039198090166946684e-03
5.232733762160407309e+00 -9.112359363753848029e-01 1.002929792839479676e-03
-3.332632263084361224e+00 1.811840517919226790e-01 8.888723951966595463e-04
1.457532721085919469e+00 8.960277540922920725e-01 1.004821584721105011e-03
5.674819157084169063e+00 -5.650292972976063144e-01 8.064433484161826274e-04
-3.077116871403457132e+00 -7.405021775843020904e-02 7.858698869165899959e-04
-6.251122420531691759e-01 -6.123354383985988303e-01 1.116701736182533445e-03
5.937833550713710551e+00 -3.007107739379200062e-01 1.303932661945750868e-03
-3.275160629951346714e+00 4.064335051230433260e-02 1.507026964792489458e-03
-3.786482423375201467e+00 6.287802209004582643e-01 7.808290526209231636e-04
2.361803828015673901e+00 7.713054628406288415e-01 1.471958911702694016e-03
4.335513405573147239e+00 -9.918655020553970303e-01 8.780005490835579010e-04
-5.866461609833866220e-01 -5.456803330063235702e-01 1.084068320194664934e-03
-5.009331971962329710e+00 9.549678803082616296e-01 8.219667047061305102e-04
1.543753127186658247e+00 9.980220113507882740e-01 1.042275117008171006e-03
-5.234195747218685746e+00 8.204058421262256928e-01 7.917204165703940538e-04
-5.613811254270888895e+00 6.611253508156839098e-01 8.824644759170099158e-04
-1.941774713608291236e+00 -8.970851628024567592e-01 9.702661543148082294e-04
5.095351955026909962e+00 -8.687864921139903940e-01 8.339798941329472533e-04
3.752320871093472121e+00 -6.056842547895828766e-01 1.039411267138008830e-03
-1.454847144580643459e+00 -9.422990929016524797e-01 8.029587321155201097e-04
-5.117955969464251353e+00 9.319700267045891717e-01 1.200697808892541192e-03
-4.690711870187602273e+00 1.083366663089676774e+00 1.064715351184518681e-03
4.322489840747749668e-01 4.290051746720148773e-01 1.011825615389743771e-03
9.178724748688704693e-02 2.238209002812324711e-03 4.527846081681221116e-03
4.441927607318607585e-02 5.811831733939491762e-02 1.560739987506784034e-03
-4.692197641637188887e+00 9.864079929579503414e-01 7.963128916838426233e-04
3.660465523689799383e+00 -5.127720160156573614e-01 1.251785326323197898e-03
1.207015657286120813e+00 8.612361742796922348e-01 1.027642207089587067e-03
3.239225470368646498e+00 -1.080208998389650538e-01 1.133392181048188153e-03
-5.106458815847805255e-01 -5.613959179123411136e-01 9.219632795483630096e-04
-5.347503343201742254e+00 7.838276323074828689e-01 8.971549601211114633e-04
1.287900224466453025e+00 9.349573598577365363e-01 1.175910746566968899e-03
-8.092847037298174229e-01 -6.919964288836726318e-01 1.037208923117813276e-03
-6.202404912823477723e+00 1.676237300263147822e-01 1.151308104686041061e-03
-5.697216973984062349e+00 4.511926205028329862e-01 1.219854685349582458e-03
-1.021113116759043926e+00 -8.916174259944574798e-01 1.038843891987352702e-03
4.753428927317226993e+00 -1.001683051177582939e+00 1.197024506443102390e-03
-8.417244904900815783e-01 -7.390686248091599131e-01 9.832948328285760764e-04
1.802774169406374583e+00 1.015028504214559035e+00 8.747434210588380613e-04
8.589086101954253039e-01 7.025964848479656633e-01 9.093488847251714148e-04
-3.264970517485845658e+00 1.144810110688988802e-01 6.979849920460904755e-04
-2.567224026164431017e+00 -4.957913775712057824e-01 1.138156833856584452e-03
-6.220040253333045221e+00 1.317887519022657022e-02 1.001438000347682497e-03
-4.663461205963512768e+00 9.797031683777288613e-01 8.457774918958297630e-04
3.663727825510445513e-01 4.398890695198843792e-01 1.057714810144700420e-03
1.853476685291735038e+00 8.797538535921050062e-01 1.094130067651920540e-03
-4.456513113777944568e+00 9.060950652880432887e-01 9.600970119214432500e-04
2.405068378559096942e+00 7.124657006832278983e-01 1.244320334681019158e-03
1.326571361464774057e+00 8.932592201025509882e-01 9.509205712602016415e-04
5.825075502616156697e+00 -4.429086716420386205e-01 1.019683122387709953e-03
4.308437355298229576e+00 -9.935984350324001957e-01 8.529440284721411056e-04
2.301461042003820623e-01 1.630893261113734449e-01 9.369464534455727812e-04
1.300307803271705254e+00 9.716781990770231303e-01 9.011295662372644042e-04
-5.208813866997928699e+00 8.973763343748645260e-01 1.034952955081714027e-03
5.712099448734125673e+00 -5.402451181447501805e-01 9.473249833436896096e-04
4.964985029235601033e+00 -8.941287900627719054e-01 1.179502759152517783e-03
7.332122387221220450e-01 6.687166552247136853e-01 9.782981981464747637e-04
-2.739262931033307868e+00 -4.189176487631557921e-01 1.167821306543981048e-03
1.751624875814012938e+00 9.939686750170311225e-01 1.061243624969293890e-03
-1.042655557212251338e+00 -8.935818615965168688e-01 8.155103919571860850e-04
1.598850746141040169e+00 1.002538210255129680e+00 1.034864725123866257e-03
-1.301490910262811163e+00 -1.032854085113158238e+00 8.786255118969717084e-04
-2.490489233126844226e+00 -6.736626624588417656e-01 1.042402385474646559e-03
-1.282465574032802813e+00 -1.025433423883093331e+00 9.290239791537724520e-04
4.395522019280470261e+00 -9.380316847204051012e-01 7.297595796510744984e-04
4.256716089046062024e+00 -1.016721705154830735e+00 1.115109166440726848e-03
-2.696990239764911923e+00 -4.484902940800135629e-01 1.028003563079466940e-03
-2.024966607722335610e+00 -9.366498288978568620e-01 8.591225076515583009e-04
-2.024194581541927107e-01 -2.644140690962574203e-01 1.037201988602171011e-03
-1.451524438247266957e+00 -9.776013522608644202e-01 1.284141396635681692e-03
-2.151521614518783210e+00 -8.306544206407788788e-01 7.293317724622777913e-04
3.644647278840293936e-01 2.814164221309010672e-01 9.290282907876421577e-04
-5.065692939027973907e+00 9.725971564191265850e-01 1.011237560278644993e-03
-5.989384434477885044e+00 2.583867573862403955e-01 9.293576677729903455e-04
-3.895089182802507377e+00 7.777025365495378040e-01 1.473729702247720489e-03
5.809969022540249384e+00 -4.641148245838278563e-01 9.796020717794606206e-04
3.279271642685767318e+00 -2.002353171858183289e-01 1.359640110338971751e-03
2.688002704277998589e-01 1.788722601151129243e-01 1.057841294541279724e-03
-4.745724674700575463e+00 1.060342502520914776e+00 9.692512226131318881e-04
6.265425018007158897e+00 -1.056513377458697875e-02 7.939093039470364625e-04
4.879046095564968155e+00 -9.526247014642319488e-01 9.263882969769771840e-04
5.776067032521780220e+00 -4.887243214630012655e-01 9.392338678560914998e-04
8.141179645403306964e-01 6.479760171324937534e-01 9.430328672630718025e-04
-2.535480104766639986e+00 -5.953506048377292803e-01 8.856770335853076824e-04
-3.955982470929510608e+00 6.868921078544295566e-01 1.020092467069441287e-03
3.529300190274692994e+00 -3.345641335762181701e-01 1.020306078531501735e-03
-4.332699279052631525e+00 9.218304981120832853e-01 9.278743053660649812e-04
1.270698205900314903e+00 9.957407026642237646e-01 8.783796732063409206e-04
2.991299166423782907e+00 8.265218887243494517e-02 9.195490768720494985e-04
8.333275447065231489e-01 7.473759744563157614e-01 1.013577137690742152e-03
3.699279464966696906e+00 -4.847647830013868675e-01 7.738099521457352794e-04
5.369107724186411801e+00 -8.053805030878352644e-01 9.895345701893315440e-04
-5.267040677686614103e+00 8.957106090150900313e-01 9.571160471098632541e-04
-4.818979176793583008e+00 1.013694268225771022e+00 1.158805364151164466e-03
-4.853116796329456584e+00 9.695881211838034419e-01 1.112385673274454007e-03
-2.664913131426770221e+00 -4.312393298125369312e-01 8.595525328432572281e-04
6.459416617217597079e-01 6.028432226355480150e-01 1.089074385413700725e-03
-6.956292232752643301e-01 -5.561867864028531283e-01 1.349798217386668922e-03
-6.346396321848013500e-01 -5.894173298671879779e-01 9.821324511375107390e-04
2.370708118824099486e+00 7.358714367560015290e-01 1.093974894854504026e-03
-4.412705861162613097e+00 9.660682032253827822e-01 9.386615870813573006e-04
-4.779587365264800880e+00 9.339041740618583276e-01 1.047199487356035696e-03
-4.515681559731030248e+00 9.800302846289261627e-01 9.482324300598912606e-04
4.330591020468302688e+00 -9.128120044109083731e-01 1.004956007030392970e-03
-1.614354168011713497e+00 -9.741096197382691502e-01 8.118754279191826070e-04
1.399060278858958561e+00 1.073701680677752179e+00 1.111735206620264715e-03
5.161106773786075408e+00 -1.002504249169974493e+00 1.403845256794578576e-03
-3.982919686936897019e+00 8.087556386508313322e-01 9.171025416548296474e-04
-5.653371005597453092e+00 5.576418081689702433e-01 9.689846491798228450e-04
-2.971263211139156368e+00 -2.089037235104977408e-01 9.359789205693919449e-04
-1.504102038156464261e+00 -1.045030342372438747e+00 8.814459581642054365e-04
4.509886974699695017e-01 3.193032599978463115e-01 1.023180773989651937e-03
-3.695359002461330089e+00 5.626667582663748002e-01 1.064747972088417359e-03
3.238541539397651547e+00 -1.509605482832694912e-01 1.012121127194114340e-03
1.473300061930681082e+00 1.030745714233332722e+00 9.637593121930170025e-04
3.504912594214417254e+00 -2.894680306008469151e-01 1.076787358283172067e-03
-3.842071515441367602e+00 6.370995060691796441e-01 9.809549497371138505e-04
-3.192056575171621002e+00 5.172881337089053205e-02 1.032917716451067260e-03
1.766373184743484259e+00 9.172302828095563187e-01 1.079600847549138515e-03
-1.255287936176400443e+00 -1.011130355449241458e+00 9.289619649927525471e-04
5.814729477613637343e+00 -4.592735197009650827e-01 9.525071662917428605e-04
3.313349725452281902e+00 -2.191847075706079839e-01 1.301548920196978322e-03
-4.136958314343871734e+00 8.695436398039344539e-01 9.038631904682323075e-04
-4.785571683005889199e+00 9.780819614521244487e-01 1.040215466568754485e-03
-2.132894443036695620e+00 -9.329080023894540385e-01 1.090444299250084223e-03
3.752594020424668386e+00 -5.223585866460165317e-01 9.803503611243136705e-04
1.320562265669704693e+00 9.370489135008065462e-01 1.175490957618902533e-03
-3.550073166444127182e+00 3.747022721516655164e-01 1.008446575745184249e-03
-5.921600598124465265e+00 3.653138759727151408e-01 8.603197917573566318e-04
1.610199505573239875e-01 9.356576569288148348e-02 1.071813413110998987e-03
5.523408184564253531e+00 -7.304838018523284182e-01 1.106759162159215654e-03
9.619392811603848514e-01 7.900805126753879248e-01 1.131526610606542645e-03
5.695595431346134774e+00 -5.805199433166871037e-01 1.161788207969397316e-03
-2.426977455659624638e-01 -2.967056497668147386e-01 8.939473431240509528e-04
6.167460291893108959e+00 -1.312193924201949247e-01 9.631447586459970225e-04
-8.484436137546413903e-02 -1.237786259013319567e-01 3.245588413102275683e-03
4.120100948954526388e+00 -8.377422847539746087e-01 4.343606226298164959e-03
-2.811317680626995497e+00 -3.702586405613009779e-01 1.127681933639049922e-03
-5.430942787880435496e+00 7.326323058070531857e-01 1.134170401937073785e-03
2.781693068761359910e+00 3.936553253551156040e-01 1.085423273642014286e-03
-4.755006155405108181e+00 9.942297872957975846e-01 8.390608701008964772e-04
3.890125572154525813e+00 -6.535851561241664553e-01 9.979845548635153142e-04
5.463760208975379840e+00 -7.852443499685358708e-01 9.546745009135062859e-04
-1.979640950974243196e+00 -9.273716714795231519e-01 9.127836264745117171e-04
-2.354499543742023526e+00 -6.865656693461085203e-01 1.023929049378633372e-03
1.260370610161505311e+00 9.602745025326094863e-01 1.093626264778474423e-03
2.444678793669254446e+00 6.303406339158820204e-01 1.131236420903864370e-03
-5.715547734686126979e+00 5.280746689474083988e-01 8.874911987499484829e-04
1.592607474178090676e+00 1.060459899600880052e+00 1.367426787786882314e-03
-4.077828471304226099e+00 7.349711989588355587e-01 1.015044585147403507e-03
-5.265735880296102067e+00 8.693644193114870022e-01 9.083228954899167382e-04
-2.341101892649624983e+00 -8.218501658454738790e-01 1.708398546376470838e-03
-1.079153805408498812e+00 -8.729095880217231374e-01 8.477574258910320574e-04
-1.322084471519789695e+00 -9.681837223796198044e-01 9.064822969283625525e-04
2.802809948170345677e+00 3.096473214147684727e-01 1.051405054178370822e-03
1.460807867029423335e-01 2.064443803660475918e-01 9.533026798996160466e-04
-1.964806980227063349e+00 -9.537704301952661945e-01 1.052410871592118075e-03
-3.907100762312518683e-01 -4.058247739079373084e-01 9.284057963546160251e-04
5.873366761740612674e-01 6.359693369609908942e-01 1.105673990366300196e-03
4.208159894949652369e+00 -8.561046199437953863e-01 3.359258258679980597e-03
-1.908933478116808580e+00 -9.509968370801131776e-01 9.203077928370739704e-04
3.558621026407791987e+00 -4.437467222295705671e-01 8.952178776405633233e-04
1.897665535002463599e+00 8.889102526801558879e-01 1.137691529611371821e-03
4.687579943254938541e+00 -9.852060228398152875e-01 1.109121810790830980e-03
-1.122793113697659884e+00 -7.326804103743536078e-01 2.936157698522717536e-03
-3.968971017959554093e+00 7.051520201184531267e-01 1.212770806389988588e-03
-5.112272094789538812e+00 8.831799110205900138e-01 1.063054663593594480e-03
7.207963252011824196e-01 5.469322659323627711e-01 1.040643657896767396e-03
5.992043674957537647e+00 -3.154100751308959727e-01 7.906576493367144460e-04
-2.567031204559786062e+00 -5.549119992946913715e-01 1.082476272665800062e-03
-1.342602433270564610e+00 -9.697026508717107030e-01 9.513304745863984061e-04
4.006144957317872013e+00 -8.033981491170751887e-01 8.323547303379705622e-03
-1.331889525968658283e+00 -9.968028112166769095e-01 7.988534102918191590e-04
4.911253294012395187e+00 -9.515564545526432605e-01 8.832172757713699840e-04
-5.904613822017731550e+00 3.626072359582155347e-01 1.197123451230367982e-03
5.024182568174069274e+00 -9.355500579885903667e-01 1.024619707858588635e-03
-2.625044235939666404e+00 -4.738918187121857750e-01 9.883282744226249382e-04
6.040803229045209832e+00 -2.573344912388303429e-01 1.068814789344444153e-03
3.425648173923583784e+00 -3.334754038500640783e-01 1.204612124582982256e-03
3.926280761952080312e+00 -7.310869818036829226e-01 1.345836040042852275e-03
-3.176632317585044163e-01 -3.092883840441184029e-01 1.134062340060497040e-03
-2.482020098347503367e+00 -6.996998332220251138e-01 9.528887785985046136e-04
-2.210128688305048605e+00 -8.262427828700581456e-01 9.268311295676573067e-04
4.856444578568636317e+00 -9.540477482609707183e-01 1.015653630172541145e-03
-8.853980283505435978e-01 -7.199311933157044319e-01 9.604065691669543643e-04
-6.244498001355649919e+00 1.078723446688281337e-02 1.540312281338783711e-03
1.495357090225044594e+00 1.018521537480310712e+00 9.109075100163773007e-04
1.739369343513336830e+00 8.904266921027608195e-01 1.239140828195034157e-03
1.283451384013493346e+00 9.657987229387156036e-01 1.174335008857876114e-03
-5.216329804053543739e+00 8.538198893533061051e-01 8.842114291945441440e-04
-3.910784815423472782e+00 7.620375019309932885e-01 9.195273341881067194e-04
3.431695637125299569e+00 -2.157905929080771168e-01 9.376257279475941125e-04
1.134793464748224956e+00 9.171530176184550243e-01 1.190972043081054994e-03
2.337799723092501836e+00 6.162663287579162041e-01 1.008852477117880763e-03
-5.364695278881225882e+00 7.048161921367049887e-01 1.262388477224837260e-03
7.724238208365958869e-01 6.355576816101820015e-01 9.283756557680980818e-04
-3.033150974228176810e+00 -1.264155301397270337e-01 1.162405102889390836e-03
-3.503710427870416311e+00 3.445068085036598893e-01 1.033881258694565935e-03
-4.836789100038034306e+00 9.584146618970704745e-01 1.064777475260395966e-03
-5.038411696787933103e+00 9.169631333743747392e-01 8.887691904591987335e-04
-3.218650110777727669e+00 2.076668942140671298e-02 1.161880697925715602e-03
3.091862449232511523e+00 -6.341666721864744338e-02 1.298619506657903988e-03
1.186045885813215683e+00 9.365394494967592687e-01 1.035506100738270213e-03
4.620628587054458336e-01 5.337882112930475431e-01 1.015282777046224404e-03
-1.563527445039817998e+00 -1.007451323671960441e+00 1.042854294615701153e-03
-3.329956542542050535e+00 1.327101289792529393e-01 1.105401251209779103e-03
1.141211441006835692e+00 9.055851090064083175e-01 8.738539538967740258e-04
4.293135196192331193e+00 -9.533318034437961996e-01 8.401314877632511590e-04
-2.853333884588131752e-01 -2.111261487083240240e-01 2.765076452726038074e-03
-5.230850544454266782e+00 9.375633937131276907e-01 9.642480869166977038e-04
5.444280220604055032e+00 -6.681239573329572634e-01 1.216733958647728264e-03
-1.749413649017439454e-01 -2.288593611753197143e-01 1.239490558643973955e-03
-4.707855684677701547e+00 9.409098316062659562e-01 9.397481136735429249e-04
4.264265168456971011e+00 -9.310459099619997625e-01 9.129307834470279034e-04
-1.477746800200342214e+00 -1.021093721856973557e+00 8.000999539690334048e-04
-4.917293108830678605e+00 9.824114555155373241e-01 9.052558415865675709e-04
5.722809318210970275e+00 -5.146699879124883026e-01 7.879300641087232668e-04
-1.964747025909715283e+00 -8.603726635318850180e-01 7.207745600468360358e-04
-3.594487899248186125e+00 4.660514878040715736e-01 1.272545262639433131e-03
-5.195000754094829531e-01 -4.266461488080026676e-01 1.535293977944754765e-03
-5.970341661895725238e+00 2.605301327223789043e-01 9.541783833352265962e-04
-3.201646380577756190e+00 -2.351553771982375918e-02 1.052507779289409530e-03
1.926567870790682591e+00 9.941496621419595447e-01 9.898913151175940325e-04
-2.043583495184709165e+00 -9.013632763531784775e-01 9.667656716096916522e-04
-6.012259018469885419e+00 1.946047577985025590e-01 9.388420798132121993e-04
-2.859966491405106392e+00 -2.125155794998762060e-01 9.528133727184834095e-04
5.799243575631878755e+00 -4.202589501043071940e-01 8.128325147569310767e-04
2.670677392795807847e+00 2.938847062562679469e-01 8.867135442269718842e-04
1.423303857043871190e+00 9.963704845665510845e-01 1.114569369188947359e-03
-5.747935025973369250e+00 4.397019102269014157e-01 1.131453702485922443e-03
6.016588381841422972e+00 -3.351974489359829668e-01 1.024900445257780545e-03
6.011014444346889363e-01 5.479907424177220543e-01 1.316371245388507898e-03
1.506081834853540968e-01 1.164846209716887127e-01 9.720229673123256288e-04
3.908315422442212750e+00 -6.355477529281884363e-01 9.430188770180541026e-04
2.716191361551718586e+00 4.145082561978147284e-01 1.238014569780973659e-03
4.158025550691165861e+00 -8.228472045222831044e-01 5.199254152651142102e-03
-4.436430618145224436e+00 9.237803609784238645e-01 8.905504411877715812e-04
1.134124882583806837e+00 9.219698500736226432e-01 9.507351575599974625e-04
4.361958773345751439e+00 -9.621093969983000038e-01 1.105966505504850112e-03
-1.980514993496731435e+00 -9.185765355562622858e-01 1.146296497988657896e-03
-4.462823004478226885e+00 9.635877052873568216e-01 1.083975783295486458e-03
-3.975391812184041029e+00 7.601321292031827381e-01 1.013551940180598644e-03
-4.228494990772443174e+00 9.672715819012582816e-01 1.436299573777518592e-03
-9.370445415310371118e-01 -7.346080440666844513e-01 1.064778156065888893e-03
1.326864298860292557e+00 9.165552996300985189e-01 1.229462149179570566e-03
-5.100426195346877911e+00 9.277749462895796828e-01 1.189618800821255372e-03
-5.946550608634462165e+00 2.923198617259506471e-01 8.814319721167442100e-04
-5.168354025757338377e+00 9.357147398498739665e-01 9.538575334746639788e-04
-2.869300960348285301e+00 -2.060996882064163871e-01 8.606508196446876471e-04
-1.982369993120930651e+00 -8.936879886726631916e-01 7.422924414683056788e-04
3.477433703703795231e+00 -2.736695927232544734e-01 1.007630774970141689e-03
3.061511741629411532e+00 6.760481650886426830e-03 1.217913136671263871e-03
-4.901167538166079751e+00 1.026723621909527484e+00 1.058222250158306335e-03
-2.755935757343879189e-01 -1.671411430835187950e-01 8.764055660097497258e-03
1.858375871812912195e+00 1.071992346025728793e+00 8.505103306364491687e-04
4.304593857132022805e+00 -9.339813915455045246e-01 7.236381887814465020e-04
-1.401541705545939820e+00 -1.059537596816729987e+00 9.876610794622103871e-04
-2.321908875569543618e+00 -7.292998424703192040e-01 9.154716804740622473e-04
-1.044463106154982057e+00 -9.305261138404290477e-01 1.001148556061276116e-03
-7.319015722496118315e-01 -6.109562908743587650e-01 7.961821426962344822e-04
1.467276081454536474e+00 1.027062130824242026e+00 1.156017440367494925e-03
6.235798410780290624e+00 -2.073646726416314423e-02 7.511443769768472297e-04
1.912388794096422373e+00 9.627752813404261145e-01 1.202409575103217422e-03
1.702887358608154322e+00 1.030386561386966271e+00 8.663606271430476097e-04
4.336991637053495552e-01 3.988779090198708577e-01 1.107922318189224001e-03
-1.814855760920345951e+00 -9.970844902237243623e-01 9.495738608608454961e-04
4.460606532607517494e+00 -9.946039789755257710e-01 8.784639403500007831e-04
-4.231150379623358049e+00 8.647419738378174792e-01 9.017737581826122065e-04
3.340440238475256507e+00 -2.290237904028739613e-01 1.245286248228713805e-03
3.240010690403128280e+00 -1.413045533093458539e-01 1.126172300646255224e-03
-5.661564002182352340e+00 7.022887368964996213e-01 1.761430465507756718e-03
-5.555781395017387325e-01 -5.791178841965898272e-01 9.832735312838424436e-04
2.676590296903199828e+00 5.026301012301858107e-01 1.108641301799561090e-03
8.856324865599658480e-01 7.637030460166106538e-01 1.179378282979680944e-03
-1.747250932150098635e+00 -9.831544631202091544e-01 7.286134761754491400e-04
-2.857554430070208706e+00 -3.079112528611560040e-01 1.038039002658824482e-03
-5.667857882739228970e+00 5.511206374128068131e-01 1.027974929475602029e-03
-5.195986421526209043e+00 8.854547358695211701e-01 8.368143725531006346e-04
6.222525399338795893e+00 -3.108772276845827090e-02 8.587071530616546084e-04
1.642291266259448435e+00 1.031276949179697588e+00 1.242243153738385600e-03
3.698650823662385179e+00 -4.866903296823463787e-01 1.091464702443188575e-03
-6.076481298597929737e+00 2.033491019491179552e-01 9.068109551893415495e-04
-4.778493405652370463e+00 9.481704717552549289e-01 9.677764148490289884e-04
-1.316500449484402147e+00 -1.048262831953618024e+00 9.656732336279833960e-04
4.323619391778496635e+00 -8.664043684997344563e-01 1.708620843319980792e-03
-2.532293771837625052e+00 -5.460738279575008125e-01 8.692654286434810945e-04
-3.844711004014500499e+00 6.063186325640838037e-01 1.066684156564556493e-03
4.664032029867362539e+00 -1.006054606059396006e+00 8.654935099407229512e-04
2.173716192603771802e-01 -1.626072161970566476e-01 9.309291425014428736e-04
5.616697730295941327e+00 -7.001826727329300004e-01 1.098554039550283254e-03
3.335865719780146676e+00 -1.066046193452319546e+00 9.881790083182077217e-04
-2.734494471934103110e+00 -3.801709842204554768e-01 9.350358283073421711e-04
-3.505447349848006766e+00 3.232455719811899719e-01 1.109453113172932225e-03
2.340135739672792425e+00 -1.124841191933629414e+00 1.021451584437919327e-03
-4.182852136835629508e+00 8.465615554150631716e-01 1.058758817584479206e-03
-1.351607828766789865e+00 -9.265212532525231026e-01 1.057188426417304816e-03
1.483489547473826775e+00 -7.204445591658538151e-01 1.187324000734056280e-03
-1.106719067976453807e+00 -8.975188890114996765e-01 9.846102112263091424e-04
-6.252210696488884167e+00 1.791456716161857546e-02 9.598305688280077581e-04
4.825890731529041133e+00 -9.983375745021794145e-01 8.342850153332709339e-04
4.837393434324017250e+00 -9.752801281356211494e-01 7.900123434744274866e-04
-2.508125814455873126e+00 -6.100718274386960349e-01 9.201781775508745135e-04
1.125718918613673125e+00 -4.281827898010330258e-01 9.638632932267467276e-04
6.012089938527255484e+00 -2.724546161161136570e-01 7.338406516251357210e-04
4.336576865564968131e+00 -1.042655735453127397e+00 9.596211998305414570e-04
-5.465423222094749178e+00 7.150939146612705910e-01 1.051502247760562883e-03
-2.579317127010259281e+00 -4.666071880646017189e-01 7.619393561117929377e-04
-2.664894409346845183e+00 -4.662068211729728517e-01 8.274328175939566366e-04
4.052231527829361468e+00 -1.025381539589494073e+00 9.781482677241233343e-04
1.585662820254204242e+00 -7.747762995550326881e-01 1.065633377628426217e-03
-4.894881409513216042e+00 1.001893379766655823e+00 9.706913974423897430e-04
-6.276540070041450647e+00 2.438576265947222516e-02 9.522058689937987078e-04
5.556424755217244993e+00 -6.252465808386782342e-01 8.523474340102146383e-04
-4.505034343392204654e+00 9.429195612344000166e-01 1.004855714084401230e-03
-9.852471096492489977e-01 -8.253859927358850879e-01 1.017585917108489299e-03
-1.929070588311159185e+00 -9.241249700654294852e-01 9.545980190092626669e-04
4.646856418197067740e+00 -1.007473658403592598e+00 1.055927290056497391e-03
-8.972160871747307809e-01 -7.935747505554434644e-01 9.298414750551417529e-04
4.131212992020437014e+00 -1.086905651089692837e+00 1.462064261968276831e-03
2.737606938167814974e+00 -1.189628059346224731e+00 1.051367952076330851e-03
-4.784938480937038996e+00 9.325538092472059892e-01 1.093546527666221842e-03
1.211199235627348436e+00 -6.092000479466319618e-01 8.805288585041364836e-04
-4.652619580669172805e+00 1.007702007029223523e+00 8.492866193168281674e-04
-5.308863175288157876e+00 8.728203447676963211e-01 1.088517591070436085e-03
4.162047992429386056e+00 -8.985241714027241144e-01 1.077989948544000190e-03
-4.475435638745315359e-01 -4.879885980597434836e-01 1.057634145376677931e-03
-4.247276451879959502e+00 9.016211433077461201e-01 1.067948338894331639e-03
6.028753007728564484e-01 -2.619177110465670810e-01 1.534397873580177225e-03
1.111945631387034616e+00 -4.533176119315109887e-01 8.301116324676155196e-04
3.438324487574995203e+00 -9.584825888876375988e-01 8.668257914862625936e-04
1.958411783879295598e+00 -1.059671971571453986e+00 1.065978103806930043e-03
7.251645265595465517e-01 -1.459800452593339459e-01 1.043784174566896169e-03
-4.043264094462690750e+00 7.434310709960223473e-01 9.404236303358477723e-04
-3.259923490182783379e+00 9.511315636992422051e-02 9.494491330319616363e-04
7.608475428078076419e-02 -2.470934278977597043e-01 8.719704295180286894e-04
-1.297531816031028740e+00 -9.634526284617964675e-01 9.945583742309884161e-04
-2.129348197155858102e-01 -3.624642550442370714e-01 1.254967945430208358e-03
5.726995746843298818e+00 -5.320322149975114101e-01 9.184023734009837646e-04
5.046681994356875478e+00 -9.479078238430108660e-01 9.778665259820090109e-04
7.237377445687975808e-02 -2.600659610438080249e-01 1.057816343366082146e-03
4.030053719132597578e+00 -1.064688265231053865e+00 1.277203974500901390e-03
4.118199783286145887e+00 -1.106497672042688007e+00 2.401600673798662093e-03
-3.369881540444613854e+00 2.333550143564590562e-01 1.052165395120555720e-03
-5.289744765916797320e+00 8.511776364932084338e-01 6.875796154713314633e-04
-4.302357546151132084e-01 -5.220021056386856539e-01 1.053553174410279663e-03
4.762350462284469899e+00 -1.039797500171256939e+00 7.719432321317953177e-04
-4.429607204730253045e+00 1.033654212753264190e+00 1.209838436382156945e-03
-3.377195699593172229e+00 1.962671991311251141e-01 8.151011414597640831e-04
5.252061891192532528e+00 -8.121314855850171321e-01 9.671287692787700670e-04
-4.661325186483868954e+00 9.932855588793315649e-01 9.863794280603763263e-04
5.232733762160407309e+00 -9.190654337501412696e-01 9.536542162105510504e-04
-3.332632263084361224e+00 1.721765473313629502e-01 9.940190297484489956e-04
1.457532721085919469e+00 -6.677985088965854299e-01 1.100250889265646896e-03
5.674819157084169063e+00 -5.576418362357484781e-01 7.211164676952572499e-04
-3.077116871403457132e+00 -1.965848036823678591e-01 2.376594236947963956e-03
-6.251122420531691759e-01 -5.903367179526526343e-01 7.642209372099143016e-04
5.937833550713710551e+00 -3.137738213175450541e-01 8.538975138275234442e-04
-3.275160629951346714e+00 8.533680598809394169e-02 1.209426992851526245e-03
-3.786482423375201467e+00 6.388232113161880221e-01 8.966083236313680338e-04
2.361803828015673901e+00 -1.067747577658455072e+00 1.858143859874670850e-03
4.335513405573147239e+00 -9.921777318461586503e-01 8.159778621012647899e-04
-5.866461609833866220e-01 -5.815800860665796268e-01 8.160600122020853333e-04
-5.009331971962329710e+00 1.001097306454079572e+00 9.789209108083021370e-04
1.543753127186658247e+00 -7.817248109592132010e-01 1.068744145701708672e-03
-5.234195747218685746e+00 8.366748255509632859e-01 9.457550383720881139e-04
-5.613811254270888895e+00 5.365151984091078852e-01 1.003811085371639298e-03
-1.941774713608291236e+00 -9.202483617629618751e-01 7.483930286094601534e-04
5.095351955026909962e+00 -9.261765338608329845e-01 7.973717659795497058e-04
3.752320871093472121e+00 -9.326216158950756396e-01 1.204369162196118571e-03
-1.454847144580643459e+00 -9.780080683849096124e-01 9.577109630945222817e-04
-5.117955969464251353e+00 8.165960211021049409e-01 1.260056127163865659e-03
-4.690711870187602273e+00 9.754330665022243885e-01 9.980072746270363636e-04
4.322489840747749668e-01 -1.237210794987202156e-01 8.767281698851604223e-04
9.178724748688704693e-02 -2.313083075265806310e-01 9.717913857446172990e-04
4.441927607318607585e-02 -2.205104254245261464e-01 1.214363358936267198e-03
-4.692197641637188887e+00 9.508556164242147890e-01 1.273739042637611618e-03
3.660465523689799383e+00 -1.042625166780534629e+00 9.588669321158113526e-04
1.207015657286120813e+00 -4.700603261778817377e-01 1.046332030904656516e-03
3.239225470368646498e+00 -9.674439997123763790e-01 1.293886520999930866e-03
-5.106458815847805255e-01 -6.009188718403868368e-01 1.011464593738960888e-03
-5.347503343201742254e+00 7.713297880285194807e-01 1.143688903021905425e-03
1.287900224466453025e+00 -6.437967938346418340e-01 8.399040281527427650e-04
-8.092847037298174229e-01 -7.729687901331127042e-01 9.305953964414547409e-04
-6.202404912823477723e+00 7.925894988053337753e-02 9.338635016205748844e-04
-5.697216973984062349e+00 5.948126977479499811e-01 9.318698056993991166e-04
-1.021113116759043926e+00 -8.039081727272784361e-01 8.583856465692203935e-04
4.753428927317226993e+00 -9.450815567004828832e-01 1.173004078636251868e-03
-8.417244904900815783e-01 -7.087267847911807861e-01 9.925670801000539487e-04
1.802774169406374583e+00 -9.899548532182290694e-01 1.259973076315643861e-03
8.589086101954253039e-01 -3.338394699658788212e-01 1.211315890073225328e-03
-3.264970517485845658e+00 1.325692656119937807e-01 6.631333812576088119e-04
-2.567224026164431017e+00 -5.732863200925283342e-01 9.811812750946979130e-04
-6.220040253333045221e+00 5.621633199286359128e-02 9.000343266257592855e-04
-4.663461205963512768e+00 1.052314490778575751e+00 8.331168603174151375e-04
3.663727825510445513e-01 -9.059918194149069182e-02 8.550412028275814055e-04
1.853476685291735038e+00 -1.042275067474544459e+00 1.181427366193769186e-03
-4.456513113777944568e+00 9.882907204111116561e-01 8.771046477191738388e-04
2.405068378559096942e+00 -1.205999568312754233e+00 9.905766184279761032e-04
1.326571361464774057e+00 -7.084960545904923634e-01 1.288998645006973580e-03
5.825075502616156697e+00 -3.741909785009214229e-01 9.177943010040715910e-04
4.308437355298229576e+00 -1.133396668441629229e+00 2.160553663109586291e-03
2.301461042003820623e-01 -1.711629439501170524e-01 8.650928423468606972e-04
1.300307803271705254e+00 -6.438788797384646934e-01 1.094375104971934002e-03
-5.208813866997928699e+00 8.448535039173066252e-01 1.312219180050480487e-03
5.712099448734125673e+00 -5.008569871545373031e-01 8.866893373303800672e-04
4.964985029235601033e+00 -9.592247559946404101e-01 9.992185528209249559e-04
7.332122387221220450e-01 -2.441530314928142820e-01 1.173463096889593594e-03
-2.739262931033307868e+00 -3.782508819722082416e-01 8.355162132766083029e-04
1.751624875814012938e+00 -9.395274042729939712e-01 1.038362453440775518e-03
-1.042655557212251338e+00 -8.890047632943604006e-01 8.427162212253977826e-04
1.598850746141040169e+00 -8.700735066640203907e-01 1.303759953341849728e-03
-1.301490910262811163e+00 -1.009978967582155329e+00 7.661572622822796115e-04
-2.490489233126844226e+00 -5.593861314404864338e-01 9.545938043434995740e-04
-1.282465574032802813e+00 -9.393578901815005100e-01 9.683113751469672216e-04
4.395522019280470261e+00 -1.148713376039702361e+00 5.651565980794810706e-03
4.256716089046062024e+00 -1.075741753958117775e+00 1.062110816310637799e-03
-2.696990239764911923e+00 -4.885121388372601903e-01 8.855586298460709632e-04
-2.024966607722335610e+00 -9.048893415077572389e-01 1.138441090048155800e-03
-2.024194581541927107e-01 -4.542418402406556144e-01 2.401644478165002473e-03
-1.451524438247266957e+00 -1.008398829413097886e+00 9.122493728325233855e-04
-2.151521614518783210e+00 -8.163856672797751290e-01 9.833766580570537253e-04
3.644647278840293936e-01 -1.908186973587777946e-01 8.696002265314699015e-04
-5.065692939027973907e+00 8.697715817532537530e-01 1.338840555291571834e-03
-5.989384434477885044e+00 3.385694116796553743e-01 9.460359950772264737e-04
-3.895089182802507377e+00 7.404464344086255645e-01 8.465865183393626175e-04
5.809969022540249384e+00 -5.039583496589878919e-01 9.356173385042883175e-04
3.279271642685767318e+00 -1.063562124498979244e+00 9.596373505748744155e-04
2.688002704277998589e-01 -1.864028322879767996e-01 9.880306352224308471e-04
-4.745724674700575463e+00 9.816463819864950091e-01 9.920871113949306097e-04
6.265425018007158897e+00 -4.868238621830853208e-02 7.662319242724149274e-04
4.879046095564968155e+00 -9.990201172006007990e-01 9.492078108323898176e-04
5.776067032521780220e+00 -4.819277642027076092e-01 1.026655688294470913e-03
8.141179645403306964e-01 -2.477326271247641543e-01 1.063496968981750236e-03
-2.535480104766639986e+00 -5.757156599141948217e-01 8.703754800152869054e-04
-3.955982470929510608e+00 7.486474052453666594e-01 8.591422689227874894e-04
3.529300190274692994e+00 -9.888653444240588231e-01 8.856944576745635249e-04
-4.332699279052631525e+00 9.051147845579987639e-01 1.073595988467259321e-03
1.270698205900314903e+00 -4.676780351895334364e-01 1.445500293326387438e-03
2.991299166423782907e+00 -9.830168943800445813e-01 2.162542605756619715e-03
8.333275447065231489e-01 -2.220866189979278926e-01 1.113046836208793312e-03
3.699279464966696906e+00 -9.743314945644164782e-01 9.028847237001399193e-04
5.369107724186411801e+00 -8.240865297120579802e-01 8.816023334816178560e-04
-5.267040677686614103e+00 8.119768018330960624e-01 1.110509618598928567e-03
-4.818979176793583008e+00 9.336887676027284533e-01 1.291726916987303783e-03
-4.853116796329456584e+00 9.293698172408079161e-01 8.209349111175239270e-04
-2.664913131426770221e+00 -5.004145162593931495e-01 9.901860926696838799e-04
6.459416617217597079e-01 -1.440801329368312789e-01 1.067683565224717985e-03
-6.956292232752643301e-01 -7.245602917303674007e-01 1.055223597265777516e-03
-6.346396321848013500e-01 -6.952934956655580923e-01 1.056533617849556798e-03
2.370708118824099486e+00 -1.231707104411056353e+00 8.883917058801566119e-04
-4.412705861162613097e+00 9.124387100352169266e-01 9.216179420481801412e-04
-4.779587365264800880e+00 9.461878588173723292e-01 1.349122244736559268e-03
-4.515681559731030248e+00 8.420024195951945067e-01 2.387160045881387381e-03
4.330591020468302688e+00 -1.060353717173533994e+00 9.580743984722874494e-04
-1.614354168011713497e+00 -1.010612694375793597e+00 9.020459247568491951e-04
1.399060278858958561e+00 -6.636775780153674198e-01 9.286669116455298746e-04
5.161106773786075408e+00 -8.810916043259167107e-01 1.023381689042353630e-03
-3.982919686936897019e+00 7.412556076126992632e-01 1.079251850814834639e-03
-5.653371005597453092e+00 4.987560918714682989e-01 1.071059739715322923e-03
-2.971263211139156368e+00 -1.364246143299238101e-01 8.671193799007977402e-04
-1.504102038156464261e+00 -9.919478267132422200e-01 8.202979989792802623e-04
4.509886974699695017e-01 -1.652126747784226635e-01 1.075483920328746930e-03
-3.695359002461330089e+00 5.476287764156529958e-01 7.971877270713716244e-04
3.238541539397651547e+00 -1.025542171512564993e+00 1.068802756464951433e-03
1.473300061930681082e+00 -7.666082893304329016e-01 9.541795863008525804e-04
3.504912594214417254e+00 -1.036141036231463364e+00 7.249830718068322978e-04
-3.842071515441367602e+00 5.326080529318613088e-01 1.773763986691308768e-03
-3.192056575171621002e+00 3.481427724167385218e-02 1.236006460144339295e-03
1.766373184743484259e+00 -8.878577610702580447e-01 1.133881050633133531e-03
-1.255287936176400443e+00 -9.925791554918561577e-01 8.453765074305031116e-04
5.814729477613637343e+00 -5.265849831560880379e-01 8.810947854474143748e-04
3.313349725452281902e+00 -9.700024466274314028e-01 1.097704763249504308e-03
-4.136958314343871734e+00 9.250125158076303311e-01 1.479757495320392505e-03
-4.785571683005889199e+00 9.746149006771231971e-01 1.000179361945798765e-03
-2.132894443036695620e+00 -8.816394295756433408e-01 9.228536550895892997e-04
3.752594020424668386e+00 -1.043821933322572004e+00 1.187881673548955115e-03
1.320562265669704693e+00 -5.767635725437527672e-01 1.382478026429958184e-03
-3.550073166444127182e+00 3.935725752570894409e-01 7.874837949407753786e-04
-5.921600598124465265e+00 3.708241277557167703e-01 1.017065215953078276e-03
1.610199505573239875e-01 -1.468376375027010128e-01 9.435337463985252150e-04
5.523408184564253531e+00 -6.630894640642431836e-01 8.763664177899804049e-04
9.619392811603848514e-01 -4.175782363307699585e-01 9.527873162639902268e-04
5.695595431346134774e+00 -5.397391601840546560e-01 8.583665930304045693e-04
-2.426977455659624638e-01 -3.437126395896584752e-01 1.138792681275653529e-03
6.167460291893108959e+00 -1.003563708342317812e-01 8.329887561041006633e-04
-8.484436137546413903e-02 -2.857337959239639735e-01 8.260439775775582291e-04
4.120100948954526388e+00 -1.040818101704368281e+00 8.857242244931648944e-04
-2.811317680626995497e+00 -3.534517667989116041e-01 9.096950240664170148e-04
-5.430942787880435496e+00 7.002629044014806459e-01 9.803435391479626594e-04
2.781693068761359910e+00 -1.083698104606914070e+00 1.294310894507850725e-03
-4.755006155405108181e+00 9.903663415819292659e-01 9.612760107704689926e-04
3.890125572154525813e+00 -1.015586658743160120e+00 1.025275218401677790e-03
5.463760208975379840e+00 -7.621812910017861098e-01 9.016109247558351221e-04
-1.979640950974243196e+00 -9.480595270942493435e-01 9.472684247544941889e-04
-2.354499543742023526e+00 -7.820466152167757645e-01 1.003162864515951816e-03
1.260370610161505311e+00 -5.575179960160527859e-01 9.292048284902990323e-04
2.444678793669254446e+00 -1.185763809410568026e+00 7.321457876052323531e-04
-5.715547734686126979e+00 6.048119808681623466e-01 7.941872427624514352e-04
1.592607474178090676e+00 -7.835088697468812757e-01 1.033401948297473297e-03
-4.077828471304226099e+00 7.513847865239753343e-01 8.119711549964118459e-04
-5.265735880296102067e+00 8.861006499122212610e-01 1.140742584868251414e-03
-2.341101892649624983e+00 -7.202014660580541294e-01 7.841540416326424432e-04
-1.079153805408498812e+00 -8.149899829889039049e-01 1.078630564826484539e-03
-1.322084471519789695e+00 -8.856725578175133062e-01 1.178094680796686142e-03
2.802809948170345677e+00 -1.171864925685341285e+00 1.052131387664893012e-03
1.460807867029423335e-01 -2.019609652650828646e-01 1.022459623969596996e-03
-1.964806980227063349e+00 -9.651097026528137057e-01 1.154760368274877292e-03
-3.907100762312518683e-01 -4.929418493353528996e-01 7.933781993562162875e-04
5.873366761740612674e-01 -1.743212634355797985e-01 1.242575447891433463e-03
4.208159894949652369e+00 -1.092476950593211926e+00 1.336158958295084829e-03
-1.908933478116808580e+00 -9.410088419835999085e-01 8.669561233765272004e-04
3.558621026407791987e+00 -9.994716847491570411e-01 9.247530688807551044e-04
1.897665535002463599e+00 -1.016637595070280398e+00 1.305168684640352654e-03
4.687579943254938541e+00 -1.085910604228419896e+00 8.345520839899638705e-04
-1.122793113697659884e+00 -8.713004927874041794e-01 1.062182881404440810e-03
-3.968971017959554093e+00 6.641537523519803754e-01 1.056074216588127369e-03
-5.112272094789538812e+00 9.376492702872508689e-01 8.714772807332795638e-04
7.207963252011824196e-01 -1.375427103754750524e-01 9.333392378440115650e-04
5.992043674957537647e+00 -3.739268162624084235e-01 1.103157553921974053e-03
-2.567031204559786062e+00 -5.072959549834844539e-01 7.049949526242177021e-04
-1.342602433270564610e+00 -9.973907366678735897e-01 6.968025101089797427e-04
4.006144957317872013e+00 -1.064832238999322112e+00 1.019245767757882880e-03
-1.331889525968658283e+00 -8.711857364545250171e-01 1.774439814149886448e-03
4.911253294012395187e+00 -1.107390621950671949e+00 2.628380590599476915e-03
-5.904613822017731550e+00 3.435732714598847548e-01 1.006176993082076761e-03
5.024182568174069274e+00 -9.475477448995567320e-01 8.378095906306792535e-04
-2.625044235939666404e+00 -4.797316618456179960e-01 9.800465874761901328e-04
6.040803229045209832e+00 -2.459640088538537772e-01 8.483131822189756473e-04
3.425648173923583784e+00 -9.300479721780003928e-01 1.561900084674665897e-03
3.926280761952080312e+00 -1.004040373527033569e+00 8.687129372595371254e-04
-3.176632317585044163e-01 -5.120185704455560982e-01 1.871560976325674797e-03
-2.482020098347503367e+00 -5.919038055734319181e-01 7.370613970846260406e-04
-2.210128688305048605e+00 -7.413253827402196405e-01 1.023648944705187608e-03
4.856444578568636317e+00 -1.010652543683842719e+00 9.058217940542106356e-04
-8.853980283505435978e-01 -8.720393698523156711e-01 1.257244371647983031e-03
-6.244498001355649919e+00 3.273273992290752499e-02 8.093279106753951046e-04
1.495357090225044594e+00 -6.686162910812080140e-01 1.189386729301242836e-03
1.739369343513336830e+00 -9.908522054019570646e-01 1.054384211078597750e-03
1.283451384013493346e+00 -5.566097173420689881e-01 1.171111705986258673e-03
-5.216329804053543739e+00 8.591318292469944939e-01 1.127511403330272704e-03
-3.910784815423472782e+00 6.657984906435621131e-01 9.563392232502365004e-04
3.431695637125299569e+00 -1.057809844289853585e+00 1.058472982983414473e-03
1.134793464748224956e+00 -4.439873996786668497e-01 1.147411485608378036e-03
2.337799723092501836e+00 -1.233277401433219733e+00 1.136925035648173000e-03
-5.364695278881225882e+00 8.476536347320928755e-01 8.618616082003577056e-04
7.724238208365958869e-01 -2.919655626842120322e-01 1.077995436016648562e-03
-3.033150974228176810e+00 -6.053521327486302561e-02 8.003028493211505412e-04
-3.503710427870416311e+00 3.372903008918717860e-01 7.983824597350998569e-04
-4.836789100038034306e+00 9.559322003014411040e-01 1.016396649099054594e-03
-5.038411696787933103e+00 9.296392867926045467e-01 1.347636966329671592e-03
-3.218650110777727669e+00 5.593461152700947986e-02 9.531081433703315941e-04
3.091862449232511523e+00 -1.163301392800854650e+00 1.278453759480844675e-03
1.186045885813215683e+00 -4.938662008771146916e-01 9.522030216752199860e-04
4.620628587054458336e-01 -7.191309614224598856e-02 1.188882721346315842e-03
-1.563527445039817998e+00 -1.042503474857082280e+00 8.475920786332874751e-04
-3.329956542542050535e+00 2.547566370663877366e-01 1.117359796826094534e-03
1.141211441006835692e+00 -4.733122055947104334e-01 8.064746971140337659e-04
4.293135196192331193e+00 -1.052626504322382361e+00 9.556826891510947133e-04
-2.853333884588131752e-01 -4.114081120413873860e-01 9.306779096682823039e-04
-5.230850544454266782e+00 8.637550828089454180e-01 9.398062215435141727e-04
5.444280220604055032e+00 -6.601478982995134803e-01 1.171994686181195618e-03
-1.749413649017439454e-01 -3.586893810960460893e-01 9.821802676409727845e-04
-4.707855684677701547e+00 9.895645376242523383e-01 9.299486481250961211e-04
4.264265168456971011e+00 -1.062937732805484314e+00 1.033083827516047834e-03
-1.477746800200342214e+00 -1.025289912369284906e+00 7.823284851924197647e-04
-4.917293108830678605e+00 9.386877929302590573e-01 8.641779373879565802e-04
5.722809318210970275e+00 -5.819254417773971344e-01 1.151453029522614803e-03
-1.964747025909715283e+00 -9.039711667719513288e-01 9.036041020812671763e-04
-3.594487899248186125e+00 3.449198894491967704e-01 1.504407568326671671e-03
-5.195000754094829531e-01 -6.237565886632651102e-01 1.263240600886036784e-03
-5.970341661895725238e+00 3.291852526394735690e-01 8.417450126461615417e-04
-3.201646380577756190e+00 1.668604077090928006e-01 1.413340146796835230e-03
1.926567870790682591e+00 -1.061881707972383682e+00 9.914057958269751735e-04
-2.043583495184709165e+00 -8.956630398854307229e-01 1.027275193741384717e-03
-6.012259018469885419e+00 2.735634374969702076e-01 7.926602620746528221e-04
-2.859966491405106392e+00 -2.250565280743718199e-01 1.038024379860646648e-03
5.799243575631878755e+00 -4.856770800529507937e-01 8.973380925998015447e-04
2.670677392795807847e+00 -1.092533423657710445e+00 1.257666888249025063e-03
1.423303857043871190e+00 -6.865275387437388410e-01 8.326726976721601824e-04
-5.747935025973369250e+00 5.238975549795812370e-01 1.122745696444487880e-03
6.016588381841422972e+00 -2.422601373978387485e-01 9.643648570055775044e-04
6.011014444346889363e-01 -2.479968956223710386e-01 1.002993858004546735e-03
1.506081834853540968e-01 -2.043952623023851944e-01 9.764356449147273053e-04
3.908315422442212750e+00 -1.025113222671889091e+00 1.021290745643719513e-03
2.716191361551718586e+00 -1.163716176336313524e+00 1.030083520411198940e-03
4.158025550691165861e+00 -1.012879407411884980e+00 8.076757481127246497e-04
-4.436430618145224436e+00 1.037283163527736640e+00 8.141291944990389695e-04
1.134124882583806837e+00 -4.696034446072591129e-01 8.561630447292171379e-04
4.361958773345751439e+00 -1.026340152067757527e+00 1.092871643828575556e-03
-1.980514993496731435e+00 -9.273518134836812310e-01 8.250980919362798987e-04
-4.462823004478226885e+00 9.981674994303737503e-01 9.559855403023478004e-04
-3.975391812184041029e+00 7.183173751266190843e-01 9.678423528205739798e-04
-4.228494990772443174e+00 7.996240556842804104e-01 9.231139029336458577e-04
-9.370445415310371118e-01 -9.214420504782756538e-01 1.656840465635980864e-03
1.326864298860292557e+00 -6.429456556009381929e-01 1.028465962578619568e-03
-5.100426195346877911e+00 9.785733385481704127e-01 1.165772872297407949e-03
-5.946550608634462165e+00 2.731544251688767799e-01 9.367849240423745940e-04
-5.168354025757338377e+00 8.978070016410933940e-01 1.007863947190399149e-03
-2.869300960348285301e+00 -2.896644730774481924e-01 8.444331261478534587e-04
-1.982369993120930651e+00 -9.032450992625794539e-01 7.344595930477339912e-04
3.477433703703795231e+00 -9.902675986519627882e-01 6.870638243954247737e-04
3.061511741629411532e+00 -1.122221084401298752e+00 1.044422266230251532e-03
-4.901167538166079751e+00 8.798268717217661017e-01 1.346920493200320359e-03
-2.755935757343879189e-01 -4.025371289686355825e-01 8.717009701284429571e-04
1.858375871812912195e+00 -1.023276310712487147e+00 1.198006220917969839e-03
4.304593857132022805e+00 -1.049457165294143568e+00 1.020513849169882217e-03
-1.401541705545939820e+00 -1.006871751569771378e+00 9.772417547607270116e-04
-2.321908875569543618e+00 -7.565757442977089076e-01 8.808638840309057291e-04
-1.044463106154982057e+00 -9.031714362367929683e-01 1.143352762694072652e-03
-7.319015722496118315e-01 -7.988581344586905830e-01 2.382907323707726070e-03
1.467276081454536474e+00 -7.277786995296110506e-01 7.387096944601267111e-04
6.235798410780290624e+00 1.412009538151769855e-02 8.880985788763152977e-04
1.912388794096422373e+00 -1.039658692433810927e+00 1.180761855694348935e-03
1.702887358608154322e+00 -8.332949946259544660e-01 9.786110637514024851e-04
4.336991637053495552e-01 -1.199411556136961432e-01 9.258648505344800692e-04
-1.814855760920345951e+00 -9.942117550959949090e-01 8.008413382183962679e-04
4.460606532607517494e+00 -1.040153281235629334e+00 9.079890552444102800e-04
-4.231150379623358049e+00 8.746108887498309503e-01 9.732541036122650379e-04
3.340440238475256507e+00 -9.712159977839395220e-01 8.537415927400124381e-04
3.240010690403128280e+00 -1.057975883490964275e+00 8.853463964058772701e-04
-5.661564002182352340e+00 6.095389763515118853e-01 9.533826866387682102e-04
-5.555781395017387325e-01 -6.833569673425011759e-01 1.739013763528083397e-03
2.676590296903199828e+00 -1.189722257930366789e+00 1.203766627602471072e-03
8.856324865599658480e-01 -3.576974321412410562e-01 1.034709440109371015e-03
-1.747250932150098635e+00 -1.032212835595612610e+00 8.953744029645005226e-04
-2.857554430070208706e+00 -3.262486058462782390e-01 8.873880396825376601e-04
-5.667857882739228970e+00 5.028570869050326131e-01 8.971141707684851443e-04
-5.195986421526209043e+00 9.183039954243823466e-01 1.222377860180346625e-03
6.222525399338795893e+00 -2.988163075615289654e-02 8.683039588676462646e-04
1.642291266259448435e+00 -9.028061977304726593e-01 1.121583200696279906e-03
3.698650823662385179e+00 -1.031005646551690358e+00 7.814306230376353224e-04
-6.076481298597929737e+00 1.926194177102611149e-01 1.094508041040960890e-03
-4.778493405652370463e+00 9.978809488946115414e-01 8.283268777513897981e-04
-1.316500449484402147e+00 -9.597598898114829691e-01 9.357284723471351838e-04
4.323619391778496635e+00 -1.065762976967928433e+00 1.149151236842347549e-03
-2.532293771837625052e+00 -5.712651260092417305e-01 8.565782367405436019e-04
-3.844711004014500499e+00 5.895888060945233544e-01 9.583550716973375560e-04
4.664032029867362539e+00 -9.759248417399685183e-01 7.996257963122382515e-04
2.173716192603771802e-01 -2.207541281408887279e+00 1.037441338163760289e-03
5.616697730295941327e+00 -3.191359521688613921e+00 1.083216697075511372e-03
3.335865719780146676e+00 -2.606601897021295411e+00 9.870580803258521656e-04
-2.734494471934103110e+00 -1.717922215380305762e+00 1.117463471979018115e-03
-3.505447349848006766e+00 -2.031689002188710180e+00 8.816449738730801648e-04
2.340135739672792425e+00 -2.810597837678031841e+00 1.008820912239346244e-03
-4.182852136835629508e+00 -1.926580710709050015e+00 1.082666009676796831e-03
-1.351607828766789865e+00 -2.242144121790659916e+00 1.228123113472521328e-03
1.483489547473826775e+00 -2.366609954068967792e+00 1.085084614270943621e-03
-1.106719067976453807e+00 -2.454070449734700343e+00 1.169721303356095104e-03
-6.252210696488884167e+00 -1.511824435858867277e+00 1.033408915562546116e-03
4.825890731529041133e+00 -2.801281224256722879e+00 1.519592918225923413e-03
4.837393434324017250e+00 -2.925534725982109396e+00 1.068379862285980626e-03
-2.508125814455873126e+00 -1.663788846518019282e+00 1.134649770208158047e-03
1.125718918613673125e+00 -2.141502875478185075e+00 1.088866122296294368e-03
6.012089938527255484e+00 -3.193111908666154797e+00 8.288056012289615315e-04
4.336576865564968131e+00 -2.659094416283074302e+00 1.062443960755646418e-03
-5.465423222094749178e+00 -1.312430987782284619e+00 1.214654558095445199e-03
-2.579317127010259281e+00 -1.707432806633723654e+00 1.036864050487375320e-03
-2.664894409346845183e+00 -1.687359952668565644e+00 1.046343096963813640e-03
4.052231527829361468e+00 -2.512395299826099215e+00 8.354286984135635662e-04
1.585662820254204242e+00 -2.426328544445221169e+00 1.013396745984416125e-03
-4.894881409513216042e+00 -1.591029000735914689e+00 1.165954400414944987e-03
-6.276540070041450647e+00 -1.516642516689378661e+00 1.010489199151807073e-03
5.556424755217244993e+00 -3.256914140419962855e+00 9.010100601241088653e-04
-4.505034343392204654e+00 -1.858943915625174803e+00 1.075770638614062438e-03
-9.852471096492489977e-01 -2.400563156560141298e+00 1.371832150389395077e-03
-1.929070588311159185e+00 -1.912010728713780638e+00 8.148995060455500872e-04
4.646856418197067740e+00 -2.812739420545772084e+00 1.134464055787184943e-03
-8.972160871747307809e-01 -2.452579633392326208e+00 1.278610604474992966e-03
4.131212992020437014e+00 -2.510632295349201293e+00 1.193485832447003462e-03
2.737606938167814974e+00 -2.731085318848117893e+00 1.218744695766314475e-03
-4.784938480937038996e+00 -1.676733705963860288e+00 9.839777065759403637e-04
1.211199235627348436e+00 -2.210157780627667989e+00 1.110486136659598290e-03
-4.652619580669172805e+00 -1.739651060881568068e+00 1.146734685635350092e-03
-5.308863175288157876e+00 -1.318646520777653874e+00 1.202012428524907098e-03
4.162047992429386056e+00 -2.450125791348118920e+00 1.141456693658011567e-03
-4.475435638745315359e-01 -2.376529266127723972e+00 1.377410870962437290e-03
-4.247276451879959502e+00 -2.033829980573642171e+00 1.147929897619591726e-03
6.028753007728564484e-01 -1.964737104327870743e+00 1.339144671575673556e-03
1.111945631387034616e+00 -2.199303725393013664e+00 9.470229897983406748e-04
3.438324487574995203e+00 -2.500736944816702501e+00 1.065757967410901246e-03
1.958411783879295598e+00 -2.809797179713775517e+00 8.968655277587825846e-04
7.251645265595465517e-01 -2.065223874559732664e+00 9.939160220441270108e-04
-4.043264094462690750e+00 -2.056660303566678394e+00 9.803137427176042331e-04
-3.259923490182783379e+00 -1.950734731176477332e+00 8.992202100359329275e-04
7.608475428078076419e-02 -2.177838701770886676e+00 1.109769248263508092e-03
-1.297531816031028740e+00 -2.257545769770085808e+00 1.180597385620507124e-03
-2.129348197155858102e-01 -2.316566686851695422e+00 8.932487604634589380e-04
5.726995746843298818e+00 -3.170784066984089655e+00 9.830673311760601118e-04
5.046681994356875478e+00 -3.036133853953514539e+00 1.244063415840346212e-03
7.237377445687975808e-02 -2.262794534720100614e+00 1.110734691923031614e-03
4.030053719132597578e+00 -2.405974338699880199e+00 9.662068823867045551e-04
4.118199783286145887e+00 -2.475885793442034188e+00 1.283540362388749549e-03
-3.369881540444613854e+00 -2.027504102952083276e+00 1.057084399218140335e-03
-5.289744765916797320e+00 -1.416379251619183766e+00 1.028671822797747569e-03
-4.302357546151132084e-01 -2.359810450260741987e+00 1.256084965607124834e-03
4.762350462284469899e+00 -2.750423096943440449e+00 1.525715365698070538e-03
-4.429607204730253045e+00 -1.742446715390354672e+00 1.302227605749655933e-03
-3.377195699593172229e+00 -1.962120424913317507e+00 7.859139448522494548e-04
5.252061891192532528e+00 -3.111040584028732514e+00 1.103134083868098419e-03
-4.661325186483868954e+00 -1.654124700922094515e+00 1.010407454272072058e-03
5.232733762160407309e+00 -3.149868831095026245e+00 9.980919190354514692e-04
-3.332632263084361224e+00 -1.973399005590727562e+00 1.159029410722446944e-03
1.457532721085919469e+00 -2.298262251183690541e+00 1.280959449597054165e-03
5.674819157084169063e+00 -3.344472315414248609e+00 1.116391065886045099e-03
-3.077116871403457132e+00 -1.789390503182847647e+00 1.205914663377927231e-03
-6.251122420531691759e-01 -2.439137092469359835e+00 1.367258431644148911e-03
5.937833550713710551e+00 -3.243827551100988860e+00 9.356975259026348996e-04
-3.275160629951346714e+00 -1.918812154416308147e+00 1.181055431595240532e-03
-3.786482423375201467e+00 -2.066688254945578063e+00 1.275762028441882910e-03
2.361803828015673901e+00 -2.847042888637438818e+00 1.121588808992171832e-03
4.335513405573147239e+00 -2.539133783332824912e+00 1.253864217949426452e-03
-5.866461609833866220e-01 -2.457757209012736865e+00 1.255041793783710129e-03
-5.009331971962329710e+00 -1.486405569868040732e+00 1.171989759591965732e-03
1.543753127186658247e+00 -2.423256736557046764e+00 9.071331834066215585e-04
-5.234195747218685746e+00 -1.329385629839921812e+00 1.077902006599212002e-03
-5.613811254270888895e+00 -1.282908058885931180e+00 8.345168472256933459e-04
-1.941774713608291236e+00 -1.831955827823975591e+00 8.269873775794462810e-04
5.095351955026909962e+00 -3.156107060711875523e+00 1.283722499049533847e-03
3.752320871093472121e+00 -2.379836808476294419e+00 1.088597649902750932e-03
-1.454847144580643459e+00 -2.162530160568356230e+00 1.149048735697513930e-03
-5.117955969464251353e+00 -1.443127157397319893e+00 1.196951058932125373e-03
-4.690711870187602273e+00 -1.636114173290651674e+00 1.082333471227391953e-03
4.322489840747749668e-01 -2.126707229548185474e+00 1.389418262222101791e-03
9.178724748688704693e-02 -2.223673698843509960e+00 1.121140687320495728e-03
4.441927607318607585e-02 -2.172251857886998039e+00 1.179053581907613026e-03
-4.692197641637188887e+00 -1.697605684070931042e+00 9.208840843311978013e-04
3.660465523689799383e+00 -2.393469756487923927e+00 1.158516406582545035e-03
1.207015657286120813e+00 -2.304599809737654326e+00 1.291417412371155668e-03
3.239225470368646498e+00 -2.654633157470443816e+00 9.126021922563929767e-04
-5.106458815847805255e-01 -2.435607999156590431e+00 1.096973918682572508e-03
-5.347503343201742254e+00 -1.307877684213682556e+00 1.375422368258304552e-03
1.287900224466453025e+00 -2.251141072628822126e+00 1.325589039493361553e-03
-8.092847037298174229e-01 -2.489950045763824171e+00 1.018072549867183761e-03
-6.202404912823477723e+00 -1.578225838697056904e+00 1.294800315390431467e-03
-5.697216973984062349e+00 -1.384226944750419852e+00 1.030642665931277369e-03
-1.021113116759043926e+00 -2.404478811807934768e+00 1.364446202728140109e-03
4.753428927317226993e+00 -2.865270428598847730e+00 1.125175526682473419e-03
-8.417244904900815783e-01 -2.496715489606611271e+00 1.362170882078717364e-03
1.802774169406374583e+00 -2.576655619252775420e+00 1.135449025738135545e-03
8.589086101954253039e-01 -2.106373503222681798e+00 1.014982422788145199e-03
-3.264970517485845658e+00 -1.953036669779059098e+00 1.010081216004387250e-03
-2.567224026164431017e+00 -1.608507290468662365e+00 8.093812378624977866e-04
-6.220040253333045221e+00 -1.508843328263529182e+00 1.271920892709906600e-03
-4.663461205963512768e+00 -1.725732821609838652e+00 1.019426463181116651e-03
3.663727825510445513e-01 -2.031073718133313388e+00 1.474090649720846517e-03
1.853476685291735038e+00 -2.567961299237639938e+00 1.161373540487498990e-03
-4.456513113777944568e+00 -1.891466964579979981e+00 1.231533929660461827e-03
2.405068378559096942e+00 -2.780219563190791554e+00 1.064112659901816655e-03
1.326571361464774057e+00 -2.250414588441020936e+00 9.897630226467896662e-04
5.825075502616156697e+00 -3.184370552088368722e+00 1.419173715797737625e-03
4.308437355298229576e+00 -2.433648880128271408e+00 1.267306493506333400e-03
2.301461042003820623e-01 -2.144054157081815681e+00 9.046543295014031205e-04
1.300307803271705254e+00 -2.322679651670501944e+00 1.041745373743165276e-03
-5.208813866997928699e+00 -1.430857048225502970e+00 8.228415651914106456e-04
5.712099448734125673e+00 -3.294381524763764002e+00 1.037459194561510907e-03
4.964985029235601033e+00 -3.017285311233984135e+00 8.877361165193975098e-04
7.332122387221220450e-01 -2.037919280552708656e+00 1.254469712967684484e-03
-2.739262931033307868e+00 -1.687596936950297444e+00 1.115761181861987762e-03
1.751624875814012938e+00 -2.458536335621435143e+00 1.579273312396630878e-03
-1.042655557212251338e+00 -2.429298155384279401e+00 1.274753631575438213e-03
1.598850746141040169e+00 -2.480935773314125736e+00 1.035523556776187220e-03
-1.301490910262811163e+00 -2.191026730355762897e+00 1.242592351959464440e-03
-2.490489233126844226e+00 -1.662593588488065377e+00 7.140501783432142563e-04
-1.282465574032802813e+00 -2.265928232113246565e+00 9.359345184913924268e-04
4.395522019280470261e+00 -2.667437244520511008e+00 1.248188571377327298e-03
4.256716089046062024e+00 -2.607964930972999973e+00 9.341607067719214386e-04
-2.696990239764911923e+00 -1.625130171438176729e+00 9.373658400393820303e-04
-2.024966607722335610e+00 -1.679920270043036679e+00 1.054006722914101104e-03
-2.024194581541927107e-01 -2.390868678042248785e+00 1.343851055762306955e-03
-1.451524438247266957e+00 -2.201142565203828116e+00 1.208805531114530906e-03
-2.151521614518783210e+00 -1.721736154153255871e+00 8.411859410046580287e-04
3.644647278840293936e-01 -2.140356609361024898e+00 8.623289730901221401e-04
-5.065692939027973907e+00 -1.410773117287312806e+00 1.097333759866947174e-03
-5.989384434477885044e+00 -1.432998225522563729e+00 1.006596578596160359e-03
-3.895089182802507377e+00 -2.119945530738277739e+00 9.673680363616768245e-04
5.809969022540249384e+00 -3.262745516384848887e+00 9.916682691821160703e-04
3.279271642685767318e+00 -2.607673803428196990e+00 9.747442469632826593e-04
2.688002704277998589e-01 -2.213132311368088967e+00 1.018571402041880706e-03
-4.745724674700575463e+00 -1.681740494801077235e+00 1.120979300254543480e-03
6.265425018007158897e+00 -2.946727686542500280e+00 1.256308577854847557e-03
4.879046095564968155e+00 -2.902392544488068271e+00 1.166213234219025396e-03
5.776067032521780220e+00 -3.235603170984605370e+00 1.169863726586939856e-03
8.141179645403306964e-01 -1.993127920574614631e+00 1.139360654383303690e-03
-2.535480104766639986e+00 -1.778630418346347053e+00 1.197559483089611666e-03
-3.955982470929510608e+00 -2.134835763058684499e+00 1.082407897829996838e-03
3.529300190274692994e+00 -2.372727030519747871e+00 9.079239936251906314e-04
-4.332699279052631525e+00 -1.917726664220108734e+00 1.001749895900611639e-03
1.270698205900314903e+00 -2.202502325184632515e+00 1.229070781127952327e-03
2.991299166423782907e+00 -2.761343378997775488e+00 1.328729285567834201e-03
8.333275447065231489e-01 -2.013239280863030167e+00 9.414348374185250393e-04
3.699279464966696906e+00 -2.418550293920138206e+00 1.050148560555629138e-03
5.369107724186411801e+00 -3.195315927592513816e+00 1.038083531835645159e-03
-5.267040677686614103e+00 -1.333075524556775360e+00 9.559507113063208175e-04
-4.818979176793583008e+00 -1.636106268973539501e+00 1.088996410099681705e-03
-4.853116796329456584e+00 -1.635704000886035958e+00 1.261936100099106265e-03
-2.664913131426770221e+00 -1.720831369594724602e+00 1.291547880793618257e-03
6.459416617217597079e-01 -2.028848094170378147e+00 1.273513522720999287e-03
-6.956292232752643301e-01 -2.455174279682220906e+00 1.488160909697555006e-03
-6.346396321848013500e-01 -2.438808144383866949e+00 1.092132779343763785e-03
2.370708118824099486e+00 -2.819802884146378918e+00 1.113402898734972609e-03
-4.412705861162613097e+00 -1.902089121029062246e+00 8.935040144510238624e-04
-4.779587365264800880e+00 -1.742917893739087232e+00 1.168923508486340804e-03
-4.515681559731030248e+00 -1.911986662654026947e+00 1.087513808085212265e-03
4.330591020468302688e+00 -2.628545758198018945e+00 1.193668744369923715e-03
-1.614354168011713497e+00 -1.967957791619080909e+00 1.017412196031700512e-03
1.399060278858958561e+00 -2.417147128511837550e+00 1.022906991912628499e-03
5.161106773786075408e+00 -3.242272283677708256e+00 9.823806579132246964e-04
-3.982919686936897019e+00 -1.997595388958349538e+00 1.216541763697398309e-03
-5.653371005597453092e+00 -1.312098928352600113e+00 1.318339133905784000e-03
-2.971263211139156368e+00 -1.853127079293438229e+00 9.167470186581775250e-04
-1.504102038156464261e+00 -2.055567070462677837e+00 1.081839396146493234e-03
4.509886974699695017e-01 -2.060047980996543959e+00 9.978719833332034932e-04
-3.695359002461330089e+00 -2.008668185436990328e+00 1.108572685796915510e-03
3.238541539397651547e+00 -2.548877162112845873e+00 1.321420148581526222e-03
1.473300061930681082e+00 -2.366376121917941777e+00 1.104071248947054900e-03
3.504912594214417254e+00 -2.489731373447858775e+00 1.018614816304240283e-03
-3.842071515441367602e+00 -2.008775121980962641e+00 1.586011853688438968e-03
-3.192056575171621002e+00 -1.990181549287143969e+00 9.130097904746683601e-04
1.766373184743484259e+00 -2.583626821965156140e+00 9.623205821037919419e-04
-1.255287936176400443e+00 -2.227348797674396419e+00 1.132749958152575028e-03
5.814729477613637343e+00 -3.137349883213669255e+00 9.621336978231426933e-04
3.313349725452281902e+00 -2.532029965166353591e+00 1.105445581210474102e-03
-4.136958314343871734e+00 -2.086320319520719835e+00 1.128410919092745750e-03
-4.785571683005889199e+00 -1.606527251132330303e+00 1.285060512889882453e-03
-2.132894443036695620e+00 -1.694342724292613234e+00 1.094207360036476579e-03
3.752594020424668386e+00 -2.479426876752926390e+00 1.136613656473686035e-03
1.320562265669704693e+00 -2.247328502143091544e+00 8.751756355112404835e-04
-3.550073166444127182e+00 -2.102267431958980914e+00 8.816953360715988749e-04
-5.921600598124465265e+00 -1.453971161063162709e+00 1.137748100110934357e-03
1.610199505573239875e-01 -2.098716766021586189e+00 1.148930476960516919e-03
5.523408184564253531e+00 -3.121463693899851233e+00 1.255229813975689218e-03
9.619392811603848514e-01 -2.028669503051030443e+00 1.110511387290925465e-03
5.695595431346134774e+00 -3.109959173433485269e+00 1.230540059066529248e-03
-2.426977455659624638e-01 -2.345544431913638039e+00 1.165438182594047498e-03
6.167460291893108959e+00 -3.023567490000889091e+00 1.326683427508489055e-03
-8.484436137546413903e-02 -2.374924616562730684e+00 1.003242927960877520e-03
4.120100948954526388e+00 -2.439039127695115550e+00 9.871691639511818214e-04
-2.811317680626995497e+00 -1.772969402670043326e+00 1.082766423214285645e-03
-5.430942787880435496e+00 -1.350968141665516153e+00 1.121158249241055666e-03
2.781693068761359910e+00 -2.767694298495860572e+00 1.209965810372262045e-03
-4.755006155405108181e+00 -1.677511295679734449e+00 1.101364659029637795e-03
3.890125572154525813e+00 -2.339377813353207269e+00 1.186691166979021673e-03
5.463760208975379840e+00 -3.131570871241798670e+00 1.334471793702227040e-03
-1.979640950974243196e+00 -1.898097659897997280e+00 7.968498959302855542e-04
-2.354499543742023526e+00 -1.533511039708136181e+00 1.622920461010781768e-03
1.260370610161505311e+00 -2.250161086657851417e+00 8.622602743687949375e-04
2.444678793669254446e+00 -2.781063573697719615e+00 9.995520109473139247e-04
-5.715547734686126979e+00 -1.291370606733162285e+00 1.274599724165234680e-03
1.592607474178090676e+00 -2.348163511927791269e+00 1.364864017626173228e-03
-4.077828471304226099e+00 -2.016187721706452773e+00 1.267071611210016666e-03
-5.265735880296102067e+00 -1.343061170595678533e+00 1.361264973102490998e-03
-2.341101892649624983e+00 -1.710482277882462432e+00 8.999875834930683030e-04
-1.079153805408498812e+00 -2.395733443738509827e+00 1.197396091577132039e-03
-1.322084471519789695e+00 -2.280725883653192732e+00 1.243795826284612794e-03
2.802809948170345677e+00 -2.824572397233455767e+00 9.049898134850917122e-04
1.460807867029423335e-01 -2.206948356158987323e+00 1.236265097448745751e-03
-1.964806980227063349e+00 -1.845039046221172097e+00 7.960299027606192613e-04
-3.907100762312518683e-01 -2.332189229350531967e+00 1.279246268325663714e-03
5.873366761740612674e-01 -2.034269047898563443e+00 1.215485799173816623e-03
4.208159894949652369e+00 -2.501975318824877892e+00 9.848009045694051423e-04
-1.908933478116808580e+00 -1.850463227895820628e+00 9.418896220398038964e-04
3.558621026407791987e+00 -2.471728906077641508e+00 8.933567877234447306e-04
1.897665535002463599e+00 -2.578032320803504529e+00 1.170932514200982754e-03
4.687579943254938541e+00 -2.829995607272615121e+00 1.305607984462548886e-03
-1.122793113697659884e+00 -2.341446376542150709e+00 1.541901443154554971e-03
-3.968971017959554093e+00 -2.065895328904983508e+00 8.948723093521893795e-04
-5.112272094789538812e+00 -1.374172066466466724e+00 1.327249440840429229e-03
7.207963252011824196e-01 -1.994806241633315880e+00 1.261971012674917292e-03
5.992043674957537647e+00 -3.159484980111431085e+00 1.227204426186975219e-03
-2.567031204559786062e+00 -1.692545871819842729e+00 8.761497772279948576e-04
-1.342602433270564610e+00 -2.249545402655547033e+00 1.273362121268959606e-03
4.006144957317872013e+00 -2.444381398004407568e+00 1.051613209192841939e-03
-1.331889525968658283e+00 -2.230170689875844658e+00 1.208723805490139955e-03
4.911253294012395187e+00 -2.960990348761019852e+00 1.155400729869284805e-03
-5.904613822017731550e+00 -1.306295659891478111e+00 1.225215902822440273e-03
5.024182568174069274e+00 -3.084177158909290117e+00 1.189736959569878683e-03
-2.625044235939666404e+00 -1.712833315653553568e+00 8.978017071598864670e-04
6.040803229045209832e+00 -3.143934818767995409e+00 9.730709348485118947e-04
3.425648173923583784e+00 -2.429198810870548897e+00 8.784162800721310961e-04
3.926280761952080312e+00 -2.322005447872477202e+00 9.826299489952606842e-04
-3.176632317585044163e-01 -2.364681300543173936e+00 1.031400459048489784e-03
-2.482020098347503367e+00 -1.729741425474044192e+00 1.087546002510926578e-03
-2.210128688305048605e+00 -1.739094962619305740e+00 7.865684391758973309e-04
4.856444578568636317e+00 -2.921504928068022977e+00 8.365682485645360234e-04
-8.853980283505435978e-01 -2.472719296370880837e+00 1.293984443615948205e-03
-6.244498001355649919e+00 -1.499979416792957210e+00 1.196362157980984924e-03
1.495357090225044594e+00 -2.339849575991083341e+00 1.236271221170233761e-03
1.739369343513336830e+00 -2.582195046878984712e+00 1.071834505773118940e-03
1.283451384013493346e+00 -2.317817915850271859e+00 1.020271539769329822e-03
-5.216329804053543739e+00 -1.381727881900422839e+00 1.190987360252263906e-03
-3.910784815423472782e+00 -2.147293954341796596e+00 9.045857941101469570e-04
3.431695637125299569e+00 -2.429319963853577846e+00 1.001545361153359341e-03
1.134793464748224956e+00 -2.159514733431460609e+00 1.183459587614182776e-03
2.337799723092501836e+00 -2.856043043809299409e+00 1.250652607783095220e-03
-5.364695278881225882e+00 -1.394833360506763764e+00 9.714858136635797772e-04
7.724238208365958869e-01 -2.128702101472464303e+00 1.112724991099977743e-03
-3.033150974228176810e+00 -1.830507104597402845e+00 9.056624262307282330e-04
-3.503710427870416311e+00 -1.997080885794558780e+00 1.247539455314093269e-03
-4.836789100038034306e+00 -1.634186507463353477e+00 1.026186040982102589e-03
-5.038411696787933103e+00 -1.386532560888554144e+00 1.161784409398246981e-03
-3.218650110777727669e+00 -1.911008842521915163e+00 8.938172419150532946e-04
3.091862449232511523e+00 -2.592948746878693367e+00 1.306393041440474844e-03
1.186045885813215683e+00 -2.215119370031868318e+00 1.218782999754740000e-03
4.620628587054458336e-01 -2.052036504052087817e+00 1.283043789443630463e-03
-1.563527445039817998e+00 -2.064196752969595039e+00 9.855241810150304309e-04
-3.329956542542050535e+00 -1.991630962944525685e+00 9.540110958087627763e-04
1.141211441006835692e+00 -2.219755488710076996e+00 1.058100707863771041e-03
4.293135196192331193e+00 -2.613610015255798835e+00 9.085881643218164574e-04
-2.853333884588131752e-01 -2.333337888072339883e+00 1.100878100175427645e-03
-5.230850544454266782e+00 -1.327031267516915358e+00 1.146862705489062363e-03
5.444280220604055032e+00 -3.192970334031381086e+00 9.580452752104908236e-04
-1.749413649017439454e-01 -2.379910130964417725e+00 9.735050946238391978e-04
-4.707855684677701547e+00 -1.705556076722233971e+00 7.776101065035036924e-04
4.264265168456971011e+00 -2.591296266707895590e+00 1.168581298072362933e-03
-1.477746800200342214e+00 -2.189845981568188105e+00 1.086605311014028803e-03
-4.917293108830678605e+00 -1.547504532786328602e+00 9.617300970604831818e-04
5.722809318210970275e+00 -3.301487726729189998e+00 9.315527018241183399e-04
-1.964747025909715283e+00 -1.815654382885596663e+00 7.520900818372943915e-04
-3.594487899248186125e+00 -2.140387271064272401e+00 1.127611140863081984e-03
-5.195000754094829531e-01 -2.503633331337680179e+00 1.163649506027412571e-03
-5.970341661895725238e+00 -1.310652504077087999e+00 1.066475436322168171e-03
-3.201646380577756190e+00 -1.847449434675667357e+00 1.085460123333758034e-03
1.926567870790682591e+00 -2.798663879602841131e+00 1.188888282311082638e-03
-2.043583495184709165e+00 -1.764639443001481345e+00 8.482440418443455395e-04
-6.012259018469885419e+00 -1.361182029442793651e+00 1.262463046610291925e-03
-2.859966491405106392e+00 -1.710039686238646661e+00 1.043665984493959056e-03
5.799243575631878755e+00 -3.271971061558999416e+00 1.108157252751170276e-03
2.670677392795807847e+00 -2.845863035399054386e+00 1.154446372928415957e-03
1.423303857043871190e+00 -2.319691642512413665e+00 1.147680193678308515e-03
-5.747935025973369250e+00 -1.231536516233155520e+00 1.220263645659878503e-03
6.016588381841422972e+00 -3.056137542016050368e+00 1.236370035789061475e-03
6.011014444346889363e-01 -2.049766865760824341e+00 1.151516148238277554e-03
1.506081834853540968e-01 -2.164347369450946967e+00 1.111498550338555153e-03
3.908315422442212750e+00 -2.367785942519180509e+00 9.007474296490153949e-04
2.716191361551718586e+00 -2.770717970865557600e+00 1.167671464342601812e-03
4.158025550691165861e+00 -2.449949655395235570e+00 1.093371739147212069e-03
-4.436430618145224436e+00 -1.929515798607392307e+00 1.003412271527456519e-03
1.134124882583806837e+00 -2.088749968977969385e+00 1.121929462930475879e-03
4.361958773345751439e+00 -2.527282136439680471e+00 1.088883899264094738e-03
-1.980514993496731435e+00 -1.863199195131276520e+00 7.845302585398882542e-04
-4.462823004478226885e+00 -1.913908159964128552e+00 1.153595658903693640e-03
-3.975391812184041029e+00 -2.038200661721194962e+00 1.030784600206124686e-03
-4.228494990772443174e+00 -1.923043684175599788e+00 1.005453554176835834e-03
-9.370445415310371118e-01 -2.315331651754477527e+00 1.240667197096379784e-03
1.326864298860292557e+00 -2.254622925720986437e+00 9.047918861853339410e-04
-5.100426195346877911e+00 -1.385294507405599562e+00 9.514847532736385059e-04
-5.946550608634462165e+00 -1.317730634538458068e+00 1.360977204726931348e-03
-5.168354025757338377e+00 -1.355747754568328300e+00 1.143979453908266055e-03
-2.869300960348285301e+00 -1.711926159063865915e+00 1.074185289814204389e-03
-1.982369993120930651e+00 -1.799440546995891399e+00 1.083871540493869853e-03
3.477433703703795231e+00 -2.338520013949413556e+00 1.348272322463583582e-03
3.061511741629411532e+00 -2.591229981138711391e+00 1.376950172497750507e-03
-4.901167538166079751e+00 -1.542954811453078889e+00 1.074730619517863094e-03
-2.755935757343879189e-01 -2.451675024501096978e+00 1.192192798607927739e-03
1.858375871812912195e+00 -2.589045094687470794e+00 1.398385464399001278e-03
4.304593857132022805e+00 -2.519174049964622242e+00 1.174636731709867996e-03
-1.401541705545939820e+00 -2.166065322377268121e+00 1.002988981039356318e-03
-2.321908875569543618e+00 -1.569113165050832537e+00 1.224992788293186854e-03
-1.044463106154982057e+00 -2.342120611966340693e+00 1.121179629036044749e-03
-7.319015722496118315e-01 -2.421503742133521708e+00 1.121468466737749175e-03
1.467276081454536474e+00 -2.418080281207610316e+00 1.029502113466363757e-03
6.235798410780290624e+00 -3.072735122862070956e+00 1.181204706835660466e-03
1.912388794096422373e+00 -2.695794530522220178e+00 1.029241444036261069e-03
1.702887358608154322e+00 -2.603705158544113551e+00 8.770486921737298547e-04
4.336991637053495552e-01 -2.021478849885506968e+00 1.077623306177522781e-03
-1.814855760920345951e+00 -1.856027565716085848e+00 1.004920338490957127e-03
4.460606532607517494e+00 -2.655293441298443913e+00 1.058900671061093835e-03
-4.231150379623358049e+00 -2.041927505253043229e+00 1.003870391336995167e-03
3.340440238475256507e+00 -2.503592563053399278e+00 1.021015576251262102e-03
3.240010690403128280e+00 -2.595412147390069979e+00 1.129722168151275994e-03
-5.661564002182352340e+00 -1.362646683741508324e+00 1.066376548140820233e-03
-5.555781395017387325e-01 -2.384809869400840832e+00 1.175252852839999470e-03
2.676590296903199828e+00 -2.848029374822490745e+00 1.170068812563813997e-03
8.856324865599658480e-01 -2.147765253697811794e+00 9.332620850578992244e-04
-1.747250932150098635e+00 -1.911182003596190615e+00 9.690090557693282342e-04
-2.857554430070208706e+00 -1.718735001590374623e+00 1.186125452832527448e-03
-5.667857882739228970e+00 -1.335277053152668980e+00 1.045575053684895265e-03
-5.195986421526209043e+00 -1.370760923714288371e+00 1.102718696069919730e-03
6.222525399338795893e+00 -2.992073553233137062e+00 1.062368121719262223e-03
1.642291266259448435e+00 -2.488784944351299266e+00 9.972129297552555661e-04
3.698650823662385179e+00 -2.407143719989803365e+00 9.552168720588973677e-04
-6.076481298597929737e+00 -1.378864064969610892e+00 1.402742560807680033e-03
-4.778493405652370463e+00 -1.661415844673181708e+00 1.064303538597898436e-03
-1.316500449484402147e+00 -2.180736541354796554e+00 1.116327276022544522e-03
4.323619391778496635e+00 -2.541617704976486092e+00 1.116076496970587646e-03
-2.532293771837625052e+00 -1.669925523357318475e+00 8.501775456412753555e-04
-3.844711004014500499e+00 -2.149803250995736104e+00 1.001011672727994406e-03
4.664032029867362539e+00 -2.864679152578479826e+00 1.010210712536842130e-03
