# X mu var std 2std
-1.731812249505963575e+00 -2.330439942908566486e+00 7.015256298506991617e-02 2.648632911240625387e-01 5.297265822481250774e-01
-1.707954800139577456e+00 -2.134138534124169873e+00 6.928699275430666438e-02 2.632242252421054252e-01 5.264484504842108503e-01
-1.684097350773191559e+00 -1.968009670708405157e+00 6.902230780501994456e-02 2.627209694809684026e-01 5.254419389619368053e-01
-1.660239901406805441e+00 -1.839491194332242285e+00 6.897377249707330182e-02 2.626285827876952417e-01 5.252571655753904833e-01
-1.636382452040419322e+00 -1.742180813493751312e+00 6.897114070145961284e-02 2.626235722502068271e-01 5.252471445004136541e-01
-1.612525002674033425e+00 -1.665736210638037784e+00 6.897091519522846603e-02 2.626231429162869113e-01 5.252462858325738226e-01
-1.588667553307647307e+00 -1.599828642752214813e+00 6.897135528557175876e-02 2.626239807892107869e-01 5.252479615784215738e-01
-1.564810103941261188e+00 -1.533770049200996910e+00 6.896960785515046655e-02 2.626206539005461749e-01 5.252413078010923497e-01
-1.540952654574875291e+00 -1.454584796156725535e+00 6.897097195866673525e-02 2.626232509864020459e-01 5.252465019728040918e-01
-1.517095205208489173e+00 -1.345933648633376389e+00 6.897999310908889403e-02 2.626404255043173763e-01 5.252808510086347527e-01
-1.493237755842103054e+00 -1.191243125739050335e+00 6.897897174969558343e-02 2.626384810908248824e-01 5.252769621816497647e-01
-1.469380306475716935e+00 -9.826463331168759918e-01 6.896954479334616028e-02 2.626205338379810628e-01 5.252410676759621255e-01
-1.445522857109331039e+00 -7.307563121698604780e-01 6.897191733719673645e-02 2.626250508561526198e-01 5.252501017123052396e-01
-1.421665407742944920e+00 -4.658860186471371345e-01 6.897779103104792475e-02 2.626362332791268295e-01 5.252724665582536590e-01
-1.397807958376558801e+00 -2.267680521970222018e-01 6.897451279805910662e-02 2.626299921906466439e-01 5.252599843812932878e-01
-1.373950509010172905e+00 -4.396435842019332657e-02 6.896974187530574563e-02 2.626209090596286488e-01 5.252418181192572977e-01
-1.350093059643786786e+00 7.057889512517888375e-02 6.896869061635982345e-02 2.626189075759013392e-01 5.252378151518026783e-01
-1.326235610277400667e+00 1.236544326951712208e-01 6.896872033908210686e-02 2.626189641649706030e-01 5.252379283299412061e-01
-1.302378160911014549e+00 1.353064639779858469e-01 6.896883896441238782e-02 2.626191900155287473e-01 5.252383800310574946e-01
-1.278520711544628652e+00 1.323354757194478148e-01 6.896888222426272863e-02 2.626192723778335569e-01 5.252385447556671139e-01
-1.254663262178242533e+00 1.405250197777577759e-01 6.896875842182741134e-02 2.626190366706637191e-01 5.252380733413274383e-01
-1.230805812811856415e+00 1.766808558619832326e-01 6.896882740610094098e-02 2.626191680096883752e-01 5.252383360193767503e-01
-1.206948363445470518e+00 2.465963659758897697e-01 6.896871001191176576e-02 2.626189445030799319e-01 5.252378890061598637e-01
-1.183090914079084399e+00 3.512863994578909743e-01 6.896866181449665123e-02 2.626188527400434847e-01 5.252377054800869693e-01
-1.159233464712698281e+00 4.931981954542424273e-01 6.896868966415732605e-02 2.626189057630035073e-01 5.252378115260070146e-01
-1.135376015346312384e+00 6.732143519416847743e-01 6.896859148020344221e-02 2.626187188305575404e-01 5.252374376611150808e-01
-1.111518565979926265e+00 8.814039466225013220e-01 6.896860439910874885e-02 2.626187434268710819e-01 5.252374868537421637e-01
-1.087661116613540147e+00 1.092627620559201596e+00 6.896834761644918266e-02 2.626182545377399591e-01 5.252365090754799182e-01
-1.063803667247154028e+00 1.271871185206108645e+00 6.896813718733882381e-02 2.626178539005656343e-01 5.252357078011312685e-01
-1.039946217880768131e+00 1.384348838654018143e+00 6.896809877975412784e-02 2.626177807760817218e-01 5.252355615521634435e-01
-1.016088768514382012e+00 1.404778064203719756e+00 6.896810273709876038e-02 2.626177883105003108e-01 5.252355766210006216e-01
-9.922313191479960048e-01 1.325571815726833469e+00 6.896829280978003518e-02 2.626181501910712091e-01 5.252363003821424181e-01
-9.683738697816098862e-01 1.164361909609963774e+00 6.896853270170262562e-02 2.626186069220964869e-01 5.252372138441929739e-01
-9.445164204152238785e-01 9.660976522759706642e-01 6.896864497675340988e-02 2.626188206826643445e-01 5.252376413653286891e-01
-9.206589710488377598e-01 7.930172615696116090e-01 6.896864678567161955e-02 2.626188241266638745e-01 5.252376482533277491e-01
-8.968015216824517521e-01 7.027533501342406730e-01 6.896868521956270315e-02 2.626188973009419558e-01 5.252377946018839117e-01
-8.729440723160657445e-01 7.248561658300903821e-01 6.896870415602478210e-02 2.626189333540611126e-01 5.252378667081222252e-01
-8.490866229496796258e-01 8.491678053224205325e-01 6.896871882032537537e-02 2.626189612734110557e-01 5.252379225468221113e-01
-8.252291735832936181e-01 1.032820473420981600e+00 6.896872984416964336e-02 2.626189822616972203e-01 5.252379645233944405e-01
-8.013717242169074995e-01 1.221151644611348397e+00 6.896868143824268216e-02 2.626188901016883737e-01 5.252377802033767473e-01
-7.775142748505214918e-01 1.369538285227729357e+00 6.896871098276981249e-02 2.626189463514957412e-01 5.252378927029914824e-01
-7.536568254841353731e-01 1.454582705804467135e+00 6.896874148553434891e-02 2.626190044256781486e-01 5.252380088513562972e-01
-7.297993761177493655e-01 1.472678734281600565e+00 6.896867016907268222e-02 2.626188686463192257e-01 5.252377372926384513e-01
-7.059419267513633578e-01 1.431470047928481426e+00 6.896885397057302136e-02 2.626192185857177952e-01 5.252384371714355904e-01
-6.820844773849772391e-01 1.339782571398357547e+00 6.896908405464145797e-02 2.626196566417705602e-01 5.252393132835411205e-01
-6.582270280185912315e-01 1.200922587698641575e+00 6.896874587590468009e-02 2.626190127844986733e-01 5.252380255689973465e-01
-6.343695786522051128e-01 1.015737440961881344e+00 6.896832838179169090e-02 2.626182179167920738e-01 5.252364358335841477e-01
-6.105121292858191051e-01 7.963457363824443247e-01 6.896898940203463613e-02 2.626194764331744036e-01 5.252389528663488072e-01
-5.866546799194330974e-01 5.773369212561891839e-01 6.897126904784817159e-02 2.626238166043745603e-01 5.252476332087491206e-01
-5.627972305530469788e-01 4.065493731834607938e-01 6.897508130791774050e-02 2.626310745283538250e-01 5.252621490567076501e-01
-5.389397811866609711e-01 3.157797521708769484e-01 6.898048228523273595e-02 2.626413567685651484e-01 5.252827135371302969e-01
-5.150823318202748524e-01 2.963009101866502792e-01 6.898764105294205584e-02 2.626549848240882779e-01 5.253099696481765557e-01
-4.912248824538888448e-01 3.042968055676583683e-01 6.899560459970055515e-02 2.626701440965465983e-01 5.253402881930931967e-01
-4.673674330875027816e-01 2.932807401008019066e-01 6.900174555606267135e-02 2.626818333194411714e-01 5.253636666388823429e-01
-4.435099837211167184e-01 2.452903307300464963e-01 6.900389196171272110e-02 2.626859188493222419e-01 5.253718376986444838e-01
-4.196525343547306552e-01 1.776041865581323431e-01 6.900438479609258269e-02 2.626868569154014454e-01 5.253737138308028909e-01
-3.957950849883446476e-01 1.269385546959182487e-01 6.901343703590608059e-02 2.627040864469110115e-01 5.254081728938220230e-01
-3.719376356219585844e-01 1.281433853655200017e-01 6.904759342775423914e-02 2.627690876563570366e-01 5.255381753127140732e-01
-3.480801862555725212e-01 1.989291887594801522e-01 6.911314791254991041e-02 2.628937958806747965e-01 5.257875917613495931e-01
-3.242227368891864581e-01 3.322747900535467647e-01 6.917776731479165220e-02 2.630166673707041713e-01 5.260333347414083427e-01
-3.003652875228003949e-01 4.972719686630753255e-01 6.918270212797955621e-02 2.630260483830062501e-01 5.260520967660125002e-01
-2.765078381564143317e-01 6.508865789843819583e-01 6.911514276740202134e-02 2.628975898851148019e-01 5.257951797702296037e-01
-2.526503887900283241e-01 7.574879834996784966e-01 6.903124879493190147e-02 2.627379850629366076e-01 5.254759701258732152e-01
-2.287929394236422609e-01 8.046890153995203132e-01 6.898261221005208554e-02 2.626454115533947142e-01 5.252908231067894285e-01
-2.049354900572561977e-01 8.049100388064048817e-01 6.896923833333841458e-02 2.626199503718984474e-01 5.252399007437968947e-01
-1.810780406908701345e-01 7.831116113617629937e-01 6.896968455538365905e-02 2.626207999290681716e-01 5.252415998581363432e-01
-1.572205913244840991e-01 7.612245433004065642e-01 6.897349410916968349e-02 2.626280527841031720e-01 5.252561055682063440e-01
-1.333631419580980360e-01 7.498642444029193221e-01 6.897844752701444426e-02 2.626374830960243045e-01 5.252749661920486091e-01
-1.095056925917119867e-01 7.497682529928499928e-01 6.897937750129927437e-02 2.626392535423813235e-01 5.252785070847626470e-01
-8.564824322532593737e-02 7.577035509508309730e-01 6.897378029917047848e-02 2.626285976415563272e-01 5.252571952831126545e-01
-6.179079385893988113e-02 7.705969549646642935e-01 6.896899402068445983e-02 2.626194852266001689e-01 5.252389704532003378e-01
-3.793334449255382490e-02 7.859809614550715695e-01 6.896873472785056136e-02 2.626189915597319513e-01 5.252379831194639026e-01
-1.407589512616777214e-02 8.007971360219346968e-01 6.896910287587396104e-02 2.626196924754005679e-01 5.252393849508011359e-01
9.781554240218282362e-03 8.111852294791477291e-01 6.897001273570697866e-02 2.626214247461676199e-01 5.252428494923352398e-01
3.363900360660433686e-02 8.144717854182942363e-01 6.897257688909708140e-02 2.626263065442932532e-01 5.252526130885865063e-01
5.749645297299038615e-02 8.128204699124211841e-01 6.897784493814197726e-02 2.626363359060241986e-01 5.252726718120483973e-01
8.135390233937643545e-02 8.162289541439697871e-01 6.898644935024669800e-02 2.626527162438010987e-01 5.253054324876021974e-01
1.052113517057624986e-01 8.415839784560671388e-01 6.899753213391748852e-02 2.626738131864642112e-01 5.253476263729284224e-01
1.290688010721485479e-01 9.057592347833468560e-01 6.900920674913423036e-02 2.626960348941990153e-01 5.253920697883980306e-01
1.529262504385346111e-01 1.014458827823038423e+00 6.901919377808976575e-02 2.627150429231066564e-01 5.254300858462133128e-01
1.767836998049206465e-01 1.152981610665954504e+00 6.902643680625211720e-02 2.627288275128028538e-01 5.254576550256057077e-01
2.006411491713067097e-01 1.286868055511024123e+00 6.903052798082835728e-02 2.627366133237397650e-01 5.254732266474795299e-01
2.244985985376927728e-01 1.375685695439172740e+00 6.903245415916828276e-02 2.627402789051733745e-01 5.254805578103467489e-01
2.483560479040788083e-01 1.392859986508352632e+00 6.903315695274329922e-02 2.627416163319836739e-01 5.254832326639673479e-01
2.722134972704648437e-01 1.337151832541718655e+00 6.903261262021134770e-02 2.627405804595311367e-01 5.254811609190622734e-01
2.960709466368509069e-01 1.226293903148077513e+00 6.903065754695128509e-02 2.627368598939845978e-01 5.254737197879691957e-01
3.199283960032369700e-01 1.078352099003249576e+00 6.902682181207708823e-02 2.627295602174926081e-01 5.254591204349852163e-01
3.437858453696230332e-01 8.978648845957363234e-01 6.902023254408855280e-02 2.627170198980046112e-01 5.254340397960092224e-01
3.676432947360090964e-01 6.794624400386753971e-01 6.901062194334482702e-02 2.626987284768330100e-01 5.253974569536660200e-01
3.915007441023951595e-01 4.241025787517153645e-01 6.899926623094915223e-02 2.626771140220425793e-01 5.253542280440851586e-01
4.153581934687811672e-01 1.499064468383772830e-01 6.898801196971376948e-02 2.626556909143865637e-01 5.253113818287731274e-01
4.392156428351672304e-01 -1.139865102529947494e-01 6.897897132313603186e-02 2.626384802787589123e-01 5.252769605575178247e-01
4.630730922015532935e-01 -3.427885162435282407e-01 6.897308160049424319e-02 2.626272674352270187e-01 5.252545348704540373e-01
4.869305415679393567e-01 -5.237872819353635023e-01 6.896994413233710486e-02 2.626212941334672424e-01 5.252425882669344848e-01
5.107879909343253644e-01 -6.513302012707264943e-01 6.896871418427166778e-02 2.626189524468324765e-01 5.252379048936649530e-01
5.346454403007114831e-01 -7.205784790099515336e-01 6.896834030480966660e-02 2.626182406170783357e-01 5.252364812341566713e-01
5.585028896670974907e-01 -7.314504797018998028e-01 6.896822133896290952e-02 2.626180141173923843e-01 5.252360282347847686e-01
5.823603390334836094e-01 -6.983581705651421556e-01 6.896838068445147740e-02 2.626183174960411426e-01 5.252366349920822852e-01
6.062177883998696171e-01 -6.509569352365476291e-01 6.896869325246143823e-02 2.626189125947737679e-01 5.252378251895475358e-01
6.300752377662556247e-01 -6.198720065893915665e-01 6.896871002886156843e-02 2.626189445353506180e-01 5.252378890707012360e-01
6.539326871326417434e-01 -6.186745431917858307e-01 6.896872840541952432e-02 2.626189795224623813e-01 5.252379590449247626e-01
6.777901364990277511e-01 -6.385643838812028461e-01 6.896874337234355778e-02 2.626190080179718334e-01 5.252380160359436667e-01
7.016475858654138698e-01 -6.599226081740819927e-01 6.896875233617209833e-02 2.626190250841932139e-01 5.252380501683864278e-01
7.255050352317998774e-01 -6.695604107892864088e-01 6.896900063922546675e-02 2.626194978276089054e-01 5.252389956552178107e-01
7.493624845981858851e-01 -6.692885657765786922e-01 6.896895845464240393e-02 2.626194175125716179e-01 5.252388350251432358e-01
7.732199339645720038e-01 -6.708894528775014576e-01 6.896867635193947021e-02 2.626188804178775649e-01 5.252377608357551297e-01
7.970773833309580114e-01 -6.843535385998967824e-01 6.896855670830866203e-02 2.626186526283094680e-01 5.252373052566189360e-01
8.209348326973441301e-01 -7.104461901887036968e-01 6.896841284137759931e-02 2.626183787197263197e-01 5.252367574394526395e-01
8.447922820637301378e-01 -7.425881088135261043e-01 6.896833349959102799e-02 2.626182276605929511e-01 5.252364553211859022e-01
8.686497314301162564e-01 -7.732192478419401827e-01 6.896860197912860202e-02 2.626187388194692329e-01 5.252374776389384659e-01
8.925071807965022641e-01 -7.970332342791243141e-01 6.896894311454256077e-02 2.626193883066186840e-01 5.252387766132373681e-01
9.163646301628882718e-01 -8.102059072944927109e-01 6.896891100967396382e-02 2.626193271822810371e-01 5.252386543645620742e-01
9.402220795292743905e-01 -8.109189147688172783e-01 6.896859344697277294e-02 2.626187225750913345e-01 5.252374451501826691e-01
9.640795288956603981e-01 -8.032861797593907616e-01 6.896840834869166770e-02 2.626183701660865788e-01 5.252367403321731576e-01
9.879369782620465168e-01 -7.995039100829712808e-01 6.896846767982554860e-02 2.626184831268080222e-01 5.252369662536160444e-01
1.011794427628432524e+00 -8.147493937868709457e-01 6.896853093905447318e-02 2.626186035661877138e-01 5.252372071323754277e-01
1.035651876994818643e+00 -8.569254879093102240e-01 6.896843288921132575e-02 2.626184168888605064e-01 5.252368337777210128e-01
1.059509326361204540e+00 -9.194985988302839530e-01 6.896823311720540195e-02 2.626180365420573981e-01 5.252360730841147962e-01
1.083366775727590658e+00 -9.837294615485627780e-01 6.896804921071693351e-02 2.626176864011960377e-01 5.252353728023920754e-01
1.107224225093976777e+00 -1.028980891764730510e+00 6.896797702998794244e-02 2.626175489756690795e-01 5.252350979513381590e-01
1.131081674460362896e+00 -1.043629490725014097e+00 6.896810235893811869e-02 2.626177875905174042e-01 5.252355751810348083e-01
1.154939123826748792e+00 -1.029310060499293078e+00 6.896842784776800739e-02 2.626184072904411138e-01 5.252368145808822275e-01
1.178796573193134911e+00 -9.969532799610107965e-01 6.896880508054989423e-02 2.626191255041221972e-01 5.252382510082443945e-01
1.202654022559521030e+00 -9.589852206193792972e-01 6.896904681398571824e-02 2.626195857394983402e-01 5.252391714789966803e-01
1.226511471925906926e+00 -9.233787647894189377e-01 6.896904101095166495e-02 2.626195746911331730e-01 5.252391493822663460e-01
1.250368921292293045e+00 -8.921681723718714041e-01 6.896883364803964300e-02 2.626191798937001498e-01 5.252383597874002996e-01
1.274226370658679164e+00 -8.633437766621891996e-01 6.896876069544516374e-02 2.626190409994011987e-01 5.252380819988023974e-01
1.298083820025065060e+00 -8.335209366198169656e-01 6.896895441114148095e-02 2.626194098141671485e-01 5.252388196283342969e-01
1.321941269391451179e+00 -7.995210423063046079e-01 6.896901554014556179e-02 2.626195261973975348e-01 5.252390523947950696e-01
1.345798718757837298e+00 -7.587253751307035943e-01 6.896883571156980919e-02 2.626191838224500308e-01 5.252383676449000616e-01
1.369656168124223417e+00 -7.092939246526924757e-01 6.896874676924050207e-02 2.626190144853196018e-01 5.252380289706392036e-01
1.393513617490609313e+00 -6.513033209423747527e-01 6.896875314436741455e-02 2.626190266229151415e-01 5.252380532458302831e-01
1.417371066856995432e+00 -5.887090748536143447e-01 6.896872939344224351e-02 2.626189814035578274e-01 5.252379628071156548e-01
1.441228516223381551e+00 -5.303662379967314378e-01 6.896877622481170644e-02 2.626190705657373003e-01 5.252381411314746007e-01
1.465085965589767447e+00 -4.876922572150062529e-01 6.896880826751017324e-02 2.626191315717690822e-01 5.252382631435381644e-01
1.488943414956153566e+00 -4.688780072878759864e-01 6.896881771246247961e-02 2.626191495539929033e-01 5.252382991079858066e-01
1.512800864322539685e+00 -4.735190933451042805e-01 6.896880040897618303e-02 2.626191166099227092e-01 5.252382332198454185e-01
1.536658313688925803e+00 -4.923589710967540833e-01 6.896901613965024380e-02 2.626195273387914586e-01 5.252390546775829172e-01
1.560515763055311700e+00 -5.126978530559338498e-01 6.897022663022009392e-02 2.626218319755996289e-01 5.252436639511992578e-01
1.584373212421697819e+00 -5.250670454519759112e-01 6.897170633327795453e-02 2.626246491349925605e-01 5.252492982699851209e-01
1.608230661788083937e+00 -5.257659564613578196e-01 6.897153439988652768e-02 2.626243217980515632e-01 5.252486435961031264e-01
1.632088111154469834e+00 -5.137430007690634293e-01 6.897861153858819705e-02 2.626377953353024042e-01 5.252755906706048084e-01
1.655945560520855953e+00 -4.865862308094597855e-01 6.903852908200745764e-02 2.627518393503791572e-01 5.255036787007583143e-01
1.679803009887242071e+00 -4.433876728115436761e-01 6.921598139575577124e-02 2.630893030812080924e-01 5.261786061624161848e-01
1.703660459253627968e+00 -3.957164811420723627e-01 6.955704342873719748e-02 2.637366933680961867e-01 5.274733867361923734e-01
1.727517908620014087e+00 -3.747972779399238452e-01 7.052768656389031554e-02 2.655704926453432702e-01 5.311409852906865403e-01
