# X mu var std 2std
-1.731812249505963575e+00 -2.285363543402463726e+00 9.056478158269391787e-02 3.009398305022017439e-01 6.018796610044034878e-01
-1.727040759632686440e+00 -2.181557118017487529e+00 8.875669677864582441e-02 2.979206216069069102e-01 5.958412432138138204e-01
-1.722269269759409083e+00 -2.093706675236242543e+00 8.753507653565109625e-02 2.958632733808829740e-01 5.917265467617659480e-01
-1.717497779886131948e+00 -2.022813999346429803e+00 8.695782954467752568e-02 2.948861297936501979e-01 5.897722595873003959e-01
-1.712726290012854813e+00 -1.968952134282647037e+00 8.693845255382348647e-02 2.948532729237094419e-01 5.897065458474188837e-01
-1.707954800139577456e+00 -1.931318511998669774e+00 8.724122037934717300e-02 2.953662478675367908e-01 5.907324957350735817e-01
-1.703183310266300321e+00 -1.908335667027544424e+00 8.755904132023450970e-02 2.959037703717790069e-01 5.918075407435580138e-01
-1.698411820393023186e+00 -1.897788334454947989e+00 8.762958849622178026e-02 2.960229526510094189e-01 5.920459053020188378e-01
-1.693640330519745829e+00 -1.896984284127223752e+00 8.732484199669893199e-02 2.955077697738232589e-01 5.910155395476465179e-01
-1.688868840646468694e+00 -1.902928380592820767e+00 8.666780262094025966e-02 2.943939581936766969e-01 5.887879163873533939e-01
-1.684097350773191559e+00 -1.912502742755803009e+00 8.577527588840122563e-02 2.928741639141309028e-01 5.857483278282618055e-01
-1.679325860899914202e+00 -1.922646581561788581e+00 8.476911844717642530e-02 2.911513668990348691e-01 5.823027337980697382e-01
-1.674554371026637067e+00 -1.930531372472899410e+00 8.371282698811123579e-02 2.893316902589677109e-01 5.786633805179354217e-01
-1.669782881153359932e+00 -1.933725894919400945e+00 8.260938612207224807e-02 2.874184860479093162e-01 5.748369720958186324e-01
-1.665011391280082576e+00 -1.930344184394958695e+00 8.145378216793035253e-02 2.854010899907888366e-01 5.708021799815776731e-01
-1.660239901406805441e+00 -1.919166414209163785e+00 8.029752061030763499e-02 2.833681714842152810e-01 5.667363429684305620e-01
-1.655468411533528306e+00 -1.899721853458367304e+00 7.927607189036209312e-02 2.815600679967990572e-01 5.631201359935981143e-01
-1.650696921660250949e+00 -1.872321609037270518e+00 7.857459182214904247e-02 2.803115977303633488e-01 5.606231954607266976e-01
-1.645925431786973814e+00 -1.838032245014103783e+00 7.834636402694024337e-02 2.799042050897775358e-01 5.598084101795550716e-01
-1.641153941913696679e+00 -1.798585375240647544e+00 7.862635369243063665e-02 2.804039116924559316e-01 5.608078233849118632e-01
-1.636382452040419322e+00 -1.756225591327502444e+00 7.928451554558367531e-02 2.815750620093755430e-01 5.631501240187510859e-01
-1.631610962167142187e+00 -1.713507198537677523e+00 8.004181600490081760e-02 2.829166237690899921e-01 5.658332475381799842e-01
-1.626839472293865052e+00 -1.673057381527030651e+00 8.054355447490667286e-02 2.838019634796536406e-01 5.676039269593072811e-01
-1.622067982420587695e+00 -1.637329334812216652e+00 8.046522473941911113e-02 2.836639292180433425e-01 5.673278584360866850e-01
-1.617296492547310560e+00 -1.608371331805528159e+00 7.961938944358998294e-02 2.821690795313865907e-01 5.643381590627731814e-01
-1.612525002674033425e+00 -1.587635599886511262e+00 7.803485191629962181e-02 2.793471888462449315e-01 5.586943776924898630e-01
-1.607753512800756068e+00 -1.575846821802973308e+00 7.598226448678427336e-02 2.756488064309081665e-01 5.512976128618163330e-01
-1.602982022927478933e+00 -1.572941401069355871e+00 7.392619447962965606e-02 2.718937190882306232e-01 5.437874381764612464e-01
-1.598210533054201798e+00 -1.578080359528730714e+00 7.239893330398822213e-02 2.690704987619196853e-01 5.381409975238393706e-01
-1.593439043180924442e+00 -1.589730803305303253e+00 7.182076857745438303e-02 2.679939711587825957e-01 5.359879423175651914e-01
-1.588667553307647307e+00 -1.605803768549894261e+00 7.232525041999304793e-02 2.689335427573010251e-01 5.378670855146020502e-01
-1.583896063434370172e+00 -1.623833342700220506e+00 7.366646167000470702e-02 2.714156621678356918e-01 5.428313243356713835e-01
-1.579124573561092815e+00 -1.641181102683518134e+00 7.526831529975647195e-02 2.743507158725059236e-01 5.487014317450118472e-01
-1.574353083687815680e+00 -1.655250105090760204e+00 7.642110916351586847e-02 2.764436817210982333e-01 5.528873634421964667e-01
-1.569581593814538545e+00 -1.663696466762062398e+00 7.656000338605038757e-02 2.766947838070865640e-01 5.533895676141731279e-01
-1.564810103941261188e+00 -1.664626389042710652e+00 7.550933288607170057e-02 2.747896156809272461e-01 5.495792313618544922e-01
-1.560038614067984053e+00 -1.656769182490834158e+00 7.357784809856425523e-02 2.712523697565871195e-01 5.425047395131742389e-01
-1.555267124194706918e+00 -1.639615154819636489e+00 7.144867220677798836e-02 2.672988443798027247e-01 5.345976887596054494e-01
-1.550495634321429561e+00 -1.613506530535896211e+00 6.989994179231143190e-02 2.643859712471738344e-01 5.287719424943476687e-01
-1.545724144448152426e+00 -1.579668069386022111e+00 6.947376034823904423e-02 2.635787554948976763e-01 5.271575109897953526e-01
-1.540952654574875291e+00 -1.540164978656735295e+00 7.024081429994236125e-02 2.650298366221101043e-01 5.300596732442202086e-01
-1.536181164701597934e+00 -1.497777452366435558e+00 7.176884969420205262e-02 2.678970878792862886e-01 5.357941757585725773e-01
-1.531409674828320799e+00 -1.455788910318299711e+00 7.331282839929210982e-02 2.707634177640917961e-01 5.415268355281835921e-01
-1.526638184955043664e+00 -1.417694004021168519e+00 7.414430860273388268e-02 2.722945254733078468e-01 5.445890509466156937e-01
-1.521866695081766307e+00 -1.386844758214931028e+00 7.387484096554509938e-02 2.717992659400409461e-01 5.435985318800818922e-01
-1.517095205208489173e+00 -1.366067219748899664e+00 7.263085632014101845e-02 2.695011248958731342e-01 5.390022497917462685e-01
-1.512323715335211816e+00 -1.357290978252328584e+00 7.100411612083483426e-02 2.664659755406585395e-01 5.329319510813170790e-01
-1.507552225461934681e+00 -1.361242405102205177e+00 6.980024187862647611e-02 2.641973540341130411e-01 5.283947080682260822e-01
-1.502780735588657546e+00 -1.377248871068564640e+00 6.969472962141548544e-02 2.639975939689895856e-01 5.279951879379791713e-01
-1.498009245715380189e+00 -1.403194932934569872e+00 7.094286975176965215e-02 2.663510273150258567e-01 5.327020546300517134e-01
-1.493237755842103054e+00 -1.435650176095153441e+00 7.326356448490388418e-02 2.706724302268405657e-01 5.413448604536811315e-01
-1.488466265968825919e+00 -1.470166476873586037e+00 7.594088049071914814e-02 2.755737296817661885e-01 5.511474593635323771e-01
-1.483694776095548562e+00 -1.501713919714922074e+00 7.809605367865836423e-02 2.794567116364506942e-01 5.589134232729013885e-01
-1.478923286222271427e+00 -1.525201782519905347e+00 7.901630280407502538e-02 2.810983863419977413e-01 5.621967726839954826e-01
-1.474151796348994292e+00 -1.536014613989365563e+00 7.841165645587935829e-02 2.800208143261485594e-01 5.600416286522971188e-01
-1.469380306475716935e+00 -1.530487584029925463e+00 7.650866267594562398e-02 2.766019932609771192e-01 5.532039865219542385e-01
-1.464608816602439800e+00 -1.506255809563146419e+00 7.395906286584348621e-02 2.719541558164601525e-01 5.439083116329203049e-01
-1.459837326729162665e+00 -1.462430002836604404e+00 7.160967572456879149e-02 2.675998425346487464e-01 5.351996850692974927e-01
-1.455065836855885308e+00 -1.399580860346351319e+00 7.022114002658343124e-02 2.649927169312081832e-01 5.299854338624163663e-01
-1.450294346982608173e+00 -1.319544471656113549e+00 7.022789625280459469e-02 2.650054645715906876e-01 5.300109291431813752e-01
-1.445522857109331039e+00 -1.225089647091632594e+00 7.160881806819052731e-02 2.675982400319376620e-01 5.351964800638753239e-01
-1.440751367236053682e+00 -1.119508661390323789e+00 7.390018002284438892e-02 2.718458754935310639e-01 5.436917509870621279e-01
-1.435979877362776547e+00 -1.006200468868533981e+00 7.634325180677765943e-02 2.763028262735972573e-01 5.526056525471945147e-01
-1.431208387489499412e+00 -8.883126574654435226e-01 7.812374223958548636e-02 2.795062472281889532e-01 5.590124944563779064e-01
-1.426436897616222055e+00 -7.684934485779770785e-01 7.863429833950694170e-02 2.804180777687254045e-01 5.608361555374508089e-01
-1.421665407742944920e+00 -6.487825243944188580e-01 7.767963926992209334e-02 2.787106730463009829e-01 5.574213460926019659e-01
-1.416893917869667785e+00 -5.306424563879303946e-01 7.555375145140999504e-02 2.748704266584712230e-01 5.497408533169424460e-01
-1.412122427996390428e+00 -4.151104986379946515e-01 7.295287632176851444e-02 2.700979013649837945e-01 5.401958027299675891e-01
-1.407350938123113293e+00 -3.030275718776826999e-01 7.074147552765645830e-02 2.659726969590233137e-01 5.319453939180466273e-01
-1.402579448249836158e+00 -1.952925409055807637e-01 6.964478141766684838e-02 2.639029772807932051e-01 5.278059545615864101e-01
-1.397807958376558801e+00 -9.308572459343232575e-02 6.997825071679689146e-02 2.645340256314807070e-01 5.290680512629614141e-01
-1.393036468503281666e+00 1.988336900566922954e-03 7.152173982190300483e-02 2.674354872149599660e-01 5.348709744299199320e-01
-1.388264978630004531e+00 8.787415769750703265e-02 7.359772877997119989e-02 2.712890133786681757e-01 5.425780267573363513e-01
-1.383493488756727174e+00 1.621727689757698765e-01 7.533363325397432475e-02 2.744697310341785434e-01 5.489394620683570869e-01
-1.378721998883450039e+00 2.223796255208966843e-01 7.600952606845316761e-02 2.756982518414891614e-01 5.513965036829783228e-01
-1.373950509010172905e+00 2.662267567253915335e-01 7.535045019598708704e-02 2.745003646554719512e-01 5.490007293109439024e-01
-1.369179019136895548e+00 2.920837795442026708e-01 7.363923754566459312e-02 2.713655054454500726e-01 5.427310108909001451e-01
-1.364407529263618413e+00 2.993585198090377153e-01 7.159759098976541114e-02 2.675772617203588388e-01 5.351545234407176777e-01
-1.359636039390341278e+00 2.888297108517882683e-01 7.008063558736907228e-02 2.647274741831098233e-01 5.294549483662196465e-01
-1.354864549517063921e+00 2.628457776954945535e-01 6.971159346697128334e-02 2.640295314296703388e-01 5.280590628593406777e-01
-1.350093059643786786e+00 2.253369223276778244e-01 7.061237455497541837e-02 2.657298902174450861e-01 5.314597804348901722e-01
-1.345321569770509651e+00 1.816073680210610886e-01 7.234912494060191657e-02 2.689779264932383174e-01 5.379558529864766347e-01
-1.340550079897232294e+00 1.379052655983588338e-01 7.412168052889721304e-02 2.722529715703709274e-01 5.445059431407418549e-01
-1.335778590023955159e+00 1.007998001917135011e-01 7.511929745634866873e-02 2.740789985685672114e-01 5.481579971371344229e-01
-1.331007100150678024e+00 7.642759203393732770e-02 7.488665487129526899e-02 2.736542615624599772e-01 5.473085231249199545e-01
-1.326235610277400667e+00 6.969816771114645260e-02 7.353226379049555839e-02 2.711683310980387285e-01 5.423366621960774570e-01
-1.321464120404123532e+00 8.356298366783257436e-02 7.167696705508475041e-02 2.677255442707788258e-01 5.354510885415576515e-01
-1.316692630530846175e+00 1.184561998269538508e-01 7.015950970837732392e-02 2.648764045897205044e-01 5.297528091794410088e-01
-1.311921140657569040e+00 1.720008865059184655e-01 6.963523468323026822e-02 2.638848890770941202e-01 5.277697781541882405e-01
-1.307149650784291905e+00 2.390479757963012708e-01 7.026276275745871325e-02 2.650712409097952804e-01 5.301424818195905608e-01
-1.302378160911014549e+00 3.120741784131421670e-01 7.163570122477257163e-02 2.676484657620375462e-01 5.352969315240750925e-01
-1.297606671037737414e+00 3.819200125778432486e-01 7.299637880956280633e-02 2.701784203254634642e-01 5.403568406509269284e-01
-1.292835181164460279e+00 4.388006814379988851e-01 7.362407049180604013e-02 2.713375582034415756e-01 5.426751164068831512e-01
-1.288063691291182922e+00 4.734815605195161203e-01 7.319860829885166398e-02 2.705524132194197517e-01 5.411048264388395035e-01
-1.283292201417905787e+00 4.784793984227883601e-01 7.195213622370202899e-02 2.682389535912001466e-01 5.364779071824002932e-01
-1.278520711544628652e+00 4.491379216961468024e-01 7.053306446013248021e-02 2.655806176288708076e-01 5.311612352577416152e-01
-1.273749221671351295e+00 3.844311605513037189e-01 6.965860988216728000e-02 2.639291758827873036e-01 5.278583517655746071e-01
-1.268977731798074160e+00 2.873740667090578516e-01 6.974211427264677410e-02 2.640873231956558098e-01 5.281746463913116196e-01
-1.264206241924797025e+00 1.649628747694023012e-01 7.069057774566007979e-02 2.658769973985340429e-01 5.317539947970680858e-01
-1.259434752051519668e+00 2.762370653531715306e-02 7.197222199072869642e-02 2.682763910423887621e-01 5.365527820847775242e-01
-1.254663262178242533e+00 -1.117903085775049793e-01 7.290834751510333334e-02 2.700154579188075443e-01 5.400309158376150886e-01
-1.249891772304965398e+00 -2.393524525112520895e-01 7.302779112342663859e-02 2.702365466094966417e-01 5.404730932189932835e-01
-1.245120282431688041e+00 -3.416150231870432874e-01 7.229710802788952284e-02 2.688812154611949223e-01 5.377624309223898447e-01
-1.240348792558410906e+00 -4.071772001789600859e-01 7.111410283722353898e-02 2.666722760941293013e-01 5.333445521882586027e-01
-1.235577302685133771e+00 -4.280725279512001547e-01 7.008137830760513554e-02 2.647288769809691966e-01 5.294577539619383932e-01
-1.230805812811856415e+00 -4.007970409535519529e-01 6.968942052687264466e-02 2.639875385825486975e-01 5.279750771650973951e-01
-1.226034322938579280e+00 -3.268364470788830967e-01 7.007729986937227817e-02 2.647211738213856580e-01 5.294423476427713160e-01
-1.221262833065302145e+00 -2.126124723322919963e-01 7.098824203682778389e-02 2.664361875512179512e-01 5.328723751024359023e-01
-1.216491343192024788e+00 -6.883916093335773478e-02 7.192938730177150797e-02 2.681965460287874525e-01 5.363930920575749051e-01
-1.211719853318747653e+00 9.064233431033294486e-02 7.243930392579855937e-02 2.691455069767997310e-01 5.382910139535994620e-01
-1.206948363445470518e+00 2.504145607962966480e-01 7.231768953240173825e-02 2.689194852226252097e-01 5.378389704452504194e-01
-1.202176873572193161e+00 3.952307886887249100e-01 7.170116515308808114e-02 2.677707324430511626e-01 5.355414648861023252e-01
-1.197405383698916026e+00 5.117423252582827820e-01 7.095702974472481439e-02 2.663776074386223769e-01 5.327552148772447538e-01
-1.192633893825638891e+00 5.899912288256610182e-01 7.046476069352827776e-02 2.654519931993886694e-01 5.309039863987773389e-01
-1.187862403952361534e+00 6.244833002592096172e-01 7.041062330589138718e-02 2.653500015185441541e-01 5.307000030370883081e-01
-1.183090914079084399e+00 6.147116625154649405e-01 7.070654142404143860e-02 2.659070165002071495e-01 5.318140330004142990e-01
-1.178319424205807264e+00 5.650752043561200200e-01 7.107052357472533333e-02 2.665905541738591289e-01 5.331811083477182578e-01
-1.173547934332529907e+00 4.842134193515695850e-01 7.121425661006017260e-02 2.668599943979242939e-01 5.337199887958485878e-01
-1.168776444459252772e+00 3.838576136526463678e-01 7.102501720037822375e-02 2.665051916949803257e-01 5.330103833899606514e-01
-1.164004954585975637e+00 2.773580025597431886e-01 7.063551016609681543e-02 2.657734188478915738e-01 5.315468376957831476e-01
-1.159233464712698281e+00 1.780854459470707640e-01 7.034222951855687023e-02 2.652210955383392244e-01 5.304421910766784487e-01
-1.154461974839421146e+00 9.791546080245053241e-02 7.042111938572921670e-02 2.653697785840151147e-01 5.307395571680302293e-01
-1.149690484966144011e+00 4.598473909088279105e-02 7.094850410063180401e-02 2.663616040284931819e-01 5.327232080569863637e-01
-1.144918995092866654e+00 2.786325651112498900e-02 7.173225761897321362e-02 2.678287841494509935e-01 5.356575682989019871e-01
-1.140147505219589519e+00 4.522459197780313161e-02 7.239616859792542825e-02 2.690653612004440531e-01 5.381307224008881063e-01
-1.135376015346312384e+00 9.602237329965944423e-02 7.257541100441877724e-02 2.693982386809883889e-01 5.387964773619767778e-01
-1.130604525473035027e+00 1.751124254431384586e-01 7.211997567547542842e-02 2.685516257174315191e-01 5.371032514348630382e-01
-1.125833035599757892e+00 2.752030607115038552e-01 7.119733511989076447e-02 2.668282877055780933e-01 5.336565754111561866e-01
-1.121061545726480757e+00 3.879781979975110429e-01 7.023641935383208301e-02 2.650215450747959167e-01 5.300430901495918334e-01
-1.116290055853203400e+00 5.052260825369688790e-01 6.973490406661643493e-02 2.640736716649663141e-01 5.281473433299326281e-01
-1.111518565979926265e+00 6.198201895226266300e-01 7.002073907800709929e-02 2.646143213773719527e-01 5.292286427547439054e-01
-1.106747076106648908e+00 7.264325591758098444e-01 7.108358704153121266e-02 2.666150540414610748e-01 5.332301080829221496e-01
-1.101975586233371773e+00 8.219087166504993602e-01 7.256062402192722804e-02 2.693707928152702102e-01 5.387415856305404205e-01
-1.097204096360094638e+00 9.052894056553384416e-01 7.388831961240707735e-02 2.718240600322331391e-01 5.436481200644662781e-01
-1.092432606486817281e+00 9.775158079468410088e-01 7.455198562349955871e-02 2.730420949661417351e-01 5.460841899322834703e-01
-1.087661116613540147e+00 1.040898023358683311e+00 7.431714759248350677e-02 2.726117158019506492e-01 5.452234316039012985e-01
-1.082889626740263012e+00 1.098453592336650964e+00 7.333495489070480933e-02 2.708042741366997186e-01 5.416085482733994372e-01
-1.078118136866985655e+00 1.153230194998257518e+00 7.207443458618642551e-02 2.684668221329898907e-01 5.369336442659797815e-01
-1.073346646993708520e+00 1.207719922961312475e+00 7.111676731845426036e-02 2.666772718445541979e-01 5.333545436891083957e-01
-1.068575157120431385e+00 1.263445719654042732e+00 7.090921165808659887e-02 2.662878361061327137e-01 5.325756722122654274e-01
-1.063803667247154028e+00 1.320768541587868050e+00 7.158858822921335130e-02 2.675604384605716479e-01 5.351208769211432958e-01
-1.059032177373876893e+00 1.378923332387634648e+00 7.294439902745804283e-02 2.700822079061448444e-01 5.401644158122896888e-01
-1.054260687500599758e+00 1.436256618971707200e+00 7.452347550033226742e-02 2.729898816812305617e-01 5.459797633624611235e-01
-1.049489197627322401e+00 1.490607174687663683e+00 7.581840391938686474e-02 2.753514189529207012e-01 5.507028379058414025e-01
-1.044717707754045266e+00 1.539754651595329760e+00 7.645656132606618027e-02 2.765077961397583994e-01 5.530155922795167989e-01
-1.039946217880768131e+00 1.581854854835775370e+00 7.632038378465573480e-02 2.762614410022791178e-01 5.525228820045582356e-01
-1.035174728007490774e+00 1.615788781869111679e+00 7.556694067105888812e-02 2.748944173151919301e-01 5.497888346303838603e-01
-1.030403238134213639e+00 1.641371653840236977e+00 7.455405539013353067e-02 2.730458851367907336e-01 5.460917702735814672e-01
-1.025631748260936504e+00 1.659393727814849617e+00 7.370762654658429003e-02 2.714914852193053285e-01 5.429829704386106570e-01
-1.020860258387659147e+00 1.671492080167178651e+00 7.337534166441826711e-02 2.708788320714969888e-01 5.417576641429939777e-01
-1.016088768514382012e+00 1.679878696500193280e+00 7.371161522937859367e-02 2.714988309908140107e-01 5.429976619816280214e-01
-1.011317278641104878e+00 1.686968749805840107e+00 7.462796968221278859e-02 2.731812030177274142e-01 5.463624060354548284e-01
-1.006545788767827521e+00 1.694965638034474864e+00 7.582554442265337924e-02 2.753643848115681636e-01 5.507287696231363272e-01
-1.001774298894550386e+00 1.705460881286202213e+00 7.690184147644629764e-02 2.773118127243163200e-01 5.546236254486326400e-01
-9.970028090212731398e-01 1.719104053473218929e+00 7.749846285402031687e-02 2.783854573321320469e-01 5.567709146642640938e-01
-9.922313191479960048e-01 1.735386144044180234e+00 7.743839606699157163e-02 2.782775522153944081e-01 5.565551044307888162e-01
-9.874598292747187589e-01 1.752566300084635875e+00 7.680004923895483726e-02 2.771282180488930935e-01 5.542564360977861870e-01
-9.826883394014415130e-01 1.767754903157985336e+00 7.589365024587658992e-02 2.754880219644342265e-01 5.509760439288684530e-01
-9.779168495281643780e-01 1.777148933233698269e+00 7.514123063635920474e-02 2.741190081631684206e-01 5.482380163263368411e-01
-9.731453596548871321e-01 1.776399049629402205e+00 7.490261511099716163e-02 2.736834213301879148e-01 5.473668426603758297e-01
-9.683738697816098862e-01 1.761073756106466215e+00 7.531917786746074317e-02 2.744433964726802344e-01 5.488867929453604688e-01
-9.636023799083326402e-01 1.727172677788840094e+00 7.624736588887337518e-02 2.761292557641681356e-01 5.522585115283362711e-01
-9.588308900350555053e-01 1.671634283263905729e+00 7.731909611846324304e-02 2.780631153505679354e-01 5.561262307011358708e-01
-9.540594001617782594e-01 1.592780048405858739e+00 7.810703696239915117e-02 2.794763620816600458e-01 5.589527241633200916e-01
-9.492879102885010134e-01 1.490640776109789289e+00 7.831906638114445596e-02 2.798554383626383202e-01 5.597108767252766404e-01
-9.445164204152238785e-01 1.367120037248879649e+00 7.792753609705292683e-02 2.791550395336844237e-01 5.583100790673688474e-01
-9.397449305419466326e-01 1.225966201378589471e+00 7.716969318794103527e-02 2.777943361336602801e-01 5.555886722673205602e-01
-9.349734406686693866e-01 1.072544731223244785e+00 7.642148571833921877e-02 2.764443627899458855e-01 5.528887255798917710e-01
-9.302019507953922517e-01 9.134258885581821863e-01 7.601167011567380727e-02 2.757021402087292405e-01 5.514042804174584811e-01
-9.254304609221150058e-01 7.558253839623013670e-01 7.607197039577952291e-02 2.758114761857807795e-01 5.516229523715615590e-01
-9.206589710488377598e-01 6.069552857507616306e-01 7.649574609359741095e-02 2.765786435963510925e-01 5.531572871927021851e-01
-9.158874811755606249e-01 4.733556373227656988e-01 7.701728495385928852e-02 2.775198820874988925e-01 5.550397641749977851e-01
-9.111159913022833789e-01 3.602828994063295709e-01 7.736064343314418001e-02 2.781378137419365237e-01 5.562756274838730475e-01
-9.063445014290061330e-01 2.712265633118897679e-01 7.737501937826563037e-02 2.781636557465148596e-01 5.563273114930297192e-01
-9.015730115557289981e-01 2.076134458079086365e-01 7.708892279745474529e-02 2.776489200365359622e-01 5.552978400730719244e-01
-8.968015216824517521e-01 1.687381007603964700e-01 7.666549046905428433e-02 2.768853381258283286e-01 5.537706762516566572e-01
-8.920300318091745062e-01 1.519334238290025174e-01 7.629654498532441320e-02 2.762182922713924960e-01 5.524365845427849919e-01
-8.872585419358973713e-01 1.529673465028445756e-01 7.610083844111979745e-02 2.758638041518310380e-01 5.517276083036620760e-01
-8.824870520626201253e-01 1.666260520578030924e-01 7.608035737602368564e-02 2.758266799568592775e-01 5.516533599137185551e-01
-8.777155621893428794e-01 1.874217070973822896e-01 7.614719307494469125e-02 2.759478086068898328e-01 5.518956172137796656e-01
-8.729440723160657445e-01 2.103464753718858882e-01 7.619183474105384324e-02 2.760286846345028633e-01 5.520573692690057266e-01
-8.681725824427884985e-01 2.315856562413042830e-01 7.614584035583452093e-02 2.759453575544160708e-01 5.518907151088321417e-01
-8.634010925695112526e-01 2.491020674616946096e-01 7.600466129385925751e-02 2.756894290571534900e-01 5.513788581143069800e-01
-8.586296026962340067e-01 2.630116500201177820e-01 7.580697787403273269e-02 2.753306700569929655e-01 5.506613401139859310e-01
-8.538581128229568717e-01 2.756864887402946107e-01 7.559295917067015980e-02 2.749417377748786806e-01 5.498834755497573612e-01
-8.490866229496796258e-01 2.915459634504923847e-01 7.537154186182469517e-02 2.745387802512145869e-01 5.490775605024291739e-01
-8.443151330764023799e-01 3.165289252998053637e-01 7.511567617858094792e-02 2.740723922225311582e-01 5.481447844450623164e-01
-8.395436432031252449e-01 3.572786583740260591e-01 7.478509512141469362e-02 2.734686364492547872e-01 5.469372728985095744e-01
-8.347721533298479990e-01 4.201133527646529475e-01 7.436081338970945698e-02 2.726917919368118115e-01 5.453835838736236230e-01
-8.300006634565707531e-01 5.098964124542648690e-01 7.386993820056200755e-02 2.717902466987401344e-01 5.435804933974802688e-01
-8.252291735832936181e-01 6.289533805420408630e-01 7.338494697285305457e-02 2.708965613898652869e-01 5.417931227797305738e-01
-8.204576837100163722e-01 7.762021511378199845e-01 7.299461442694457625e-02 2.701751550882215414e-01 5.403503101764430827e-01
-8.156861938367391263e-01 9.466606406669192397e-01 7.275917773894455265e-02 2.697390919739749982e-01 5.394781839479499963e-01
-8.109147039634619913e-01 1.131467398227138821e+00 7.267304906405117060e-02 2.695793928772211578e-01 5.391587857544423157e-01
-8.061432140901847454e-01 1.318494503659433770e+00 7.265768717175627445e-02 2.695508990371879299e-01 5.391017980743758597e-01
-8.013717242169074995e-01 1.493550551080131905e+00 7.259322585649104209e-02 2.694313008105981844e-01 5.388626016211963687e-01
-7.966002343436303645e-01 1.642075474653740041e+00 7.237599037289045578e-02 2.690278617037470399e-01 5.380557234074940798e-01
-7.918287444703531186e-01 1.751131234006138904e+00 7.197241840368882870e-02 2.682767571067028456e-01 5.365535142134056912e-01
-7.870572545970758727e-01 1.811411919754602806e+00 7.143911851825038295e-02 2.672809729820856406e-01 5.345619459641712812e-01
-7.822857647237987377e-01 1.818951577481100257e+00 7.089640027595307814e-02 2.662637795043724664e-01 5.325275590087449329e-01
-7.775142748505214918e-01 1.776212169069102176e+00 7.046881463276817581e-02 2.654596290074409115e-01 5.309192580148818230e-01
-7.727427849772442459e-01 1.692296631629163661e+00 7.022527662592194242e-02 2.650005219351878050e-01 5.300010438703756099e-01
-7.679712951039671109e-01 1.582148766961369413e+00 7.015135912927247808e-02 2.648610185158859487e-01 5.297220370317718974e-01
-7.631998052306898650e-01 1.464760668246959385e+00 7.016707598943522362e-02 2.648906868680649396e-01 5.297813737361298791e-01
-7.584283153574126191e-01 1.360583276510916706e+00 7.017684621457440097e-02 2.649091282205549014e-01 5.298182564411098028e-01
-7.536568254841353731e-01 1.288497105583002789e+00 7.012068498380932824e-02 2.648031060690363980e-01 5.296062121380727961e-01
-7.488853356108582382e-01 1.262813883743321153e+00 6.999763158727233259e-02 2.645706551892562652e-01 5.291413103785125305e-01
-7.441138457375809923e-01 1.290818340430091693e+00 6.985176949983501471e-02 2.642948533358813190e-01 5.285897066717626380e-01
-7.393423558643037463e-01 1.371308095616402545e+00 6.973509665785349032e-02 2.640740363190851037e-01 5.281480726381702073e-01
-7.345708659910266114e-01 1.494446834469349783e+00 6.967417366542554003e-02 2.639586590082347306e-01 5.279173180164694612e-01
-7.297993761177493655e-01 1.643033753262962193e+00 6.966121055549533148e-02 2.639341026762084264e-01 5.278682053524168527e-01
-7.250278862444721195e-01 1.795043399567558762e+00 6.967049661170547636e-02 2.639516937087267312e-01 5.279033874174534624e-01
-7.202563963711949846e-01 1.927052795555493248e+00 6.968268152347319166e-02 2.639747744074671942e-01 5.279495488149343885e-01
-7.154849064979177387e-01 2.017994013670560083e+00 6.969612181914269788e-02 2.640002307179724617e-01 5.280004614359449233e-01
-7.107134166246404927e-01 2.052587898356866170e+00 6.971801820097982272e-02 2.640416978452074237e-01 5.280833956904148474e-01
-7.059419267513633578e-01 2.023853120948617690e+00 6.974700485265086791e-02 2.640965824327359268e-01 5.281931648654718536e-01
-7.011704368780861119e-01 1.934237845102450892e+00 6.976682455373994785e-02 2.641341033523311177e-01 5.282682067046622354e-01
-6.963989470048088659e-01 1.795166116422684643e+00 6.976048562170750200e-02 2.641221036219943419e-01 5.282442072439886838e-01
-6.916274571315317310e-01 1.625080638953658729e+00 6.973388394029547688e-02 2.640717401394845898e-01 5.281434802789691796e-01
-6.868559672582544851e-01 1.446339312623353912e+00 6.972528880570012799e-02 2.640554653963824716e-01 5.281109307927649432e-01
-6.820844773849772391e-01 1.281533469780369972e+00 6.978506420757034368e-02 2.641686283561512361e-01 5.283372567123024721e-01
-6.773129875117001042e-01 1.149894340081157873e+00 6.993452081068321502e-02 2.644513581184320672e-01 5.289027162368641344e-01
-6.725414976384228583e-01 1.064425630376220289e+00 7.013473278823935397e-02 2.648296297400261623e-01 5.296592594800523246e-01
-6.677700077651456123e-01 1.030246823806812984e+00 7.029539023526269748e-02 2.651327785002501325e-01 5.302655570005002650e-01
-6.629985178918684774e-01 1.044390266101706377e+00 7.032703507975750223e-02 2.651924491378996884e-01 5.303848982757993769e-01
-6.582270280185912315e-01 1.097010878675344303e+00 7.020532521418502980e-02 2.649628751621347922e-01 5.299257503242695844e-01
-6.534555381453139855e-01 1.173702440440275829e+00 7.000034153439217699e-02 2.645757765450045262e-01 5.291515530900090525e-01
-6.486840482720367396e-01 1.258417548501755912e+00 6.984304414338260436e-02 2.642783459600551721e-01 5.285566919201103442e-01
-6.439125583987596046e-01 1.336398904574581659e+00 6.984421002168061943e-02 2.642805517280464311e-01 5.285611034560928623e-01
-6.391410685254823587e-01 1.396559996591529851e+00 7.001812927901848727e-02 2.646093900053784753e-01 5.292187800107569506e-01
-6.343695786522051128e-01 1.432894463161813903e+00 7.026537974924178254e-02 2.650761772571080810e-01 5.301523545142161620e-01
-6.295980887789279778e-01 1.444709212842022028e+00 7.043143834738377351e-02 2.653892204807568600e-01 5.307784409615137200e-01
-6.248265989056507319e-01 1.435724766136172725e+00 7.040557463034158303e-02 2.653404881097899404e-01 5.306809762195798807e-01
-6.200551090323734860e-01 1.412312778768511023e+00 7.019454942415528920e-02 2.649425398537488263e-01 5.298850797074976526e-01
-6.152836191590963510e-01 1.381301912277642208e+00 6.992062282336940215e-02 2.644250797926879781e-01 5.288501595853759563e-01
-6.105121292858191051e-01 1.347852086396622795e+00 6.974419891902738922e-02 2.640912700545540170e-01 5.281825401091080341e-01
-6.057406394125418592e-01 1.313859960499020429e+00 6.976265346123788902e-02 2.641262074487079059e-01 5.282524148974158118e-01
-6.009691495392647242e-01 1.277232146372593968e+00 6.995240501662663979e-02 2.644851697479967401e-01 5.289703394959934801e-01
-5.961976596659874783e-01 1.232169811552897620e+00 7.019032591914430019e-02 2.649345691281986825e-01 5.298691382563973651e-01
-5.914261697927102324e-01 1.170396160925057050e+00 7.033594586542296634e-02 2.652092492079093367e-01 5.304184984158186733e-01
-5.866546799194330974e-01 1.083063422383520935e+00 7.031669934660154941e-02 2.651729611906190609e-01 5.303459223812381218e-01
-5.818831900461558515e-01 9.629403123617389371e-01 7.016150534561670093e-02 2.648801716731863931e-01 5.297603433463727862e-01
-5.771117001728786056e-01 8.064276992586185688e-01 6.996789865986859092e-02 2.645144583191409993e-01 5.290289166382819985e-01
-5.723402102996014706e-01 6.149875959193290553e-01 6.983350047848776998e-02 2.642602892575571238e-01 5.285205785151142477e-01
-5.675687204263242247e-01 3.956898942469295744e-01 6.980112131536490849e-02 2.641990183845596696e-01 5.283980367691193392e-01
-5.627972305530469788e-01 1.607556082868317471e-01 6.984873424473644898e-02 2.642891110975562619e-01 5.285782221951125237e-01
-5.580257406797697328e-01 -7.382942980593071303e-02 6.991968902987445722e-02 2.644233140815583361e-01 5.288466281631166721e-01
-5.532542508064925979e-01 -2.903806554077286162e-01 6.996333526151536641e-02 2.645058321880925378e-01 5.290116643761850757e-01
-5.484827609332153520e-01 -4.718879123256062846e-01 6.995799153693110783e-02 2.644957306591754764e-01 5.289914613183509529e-01
-5.437112710599381060e-01 -6.042766214850411322e-01 6.990925004615919369e-02 2.644035741932381778e-01 5.288071483864763556e-01
-5.389397811866609711e-01 -6.781736697885095699e-01 6.983630897804732340e-02 2.642656030928870470e-01 5.285312061857740940e-01
-5.341682913133837252e-01 -6.899044279893536968e-01 6.976194402902721747e-02 2.641248644657053224e-01 5.282497289314106448e-01
-5.293968014401064792e-01 -6.416037019933970020e-01 6.970993859536524229e-02 2.640263975351048731e-01 5.280527950702097462e-01
-5.246253115668293443e-01 -5.404943137447730805e-01 6.970219450390752192e-02 2.640117317543058117e-01 5.280234635086116235e-01
-5.198538216935520984e-01 -3.975351342434068624e-01 6.974864399069782839e-02 2.640996857073060200e-01 5.281993714146120400e-01
-5.150823318202748524e-01 -2.257384526802349578e-01 6.983474537062787924e-02 2.642626446750048763e-01 5.285252893500097526e-01
-5.103108419469977175e-01 -3.848456897349734895e-02 6.992053656517338567e-02 2.644249166874660939e-01 5.288498333749321878e-01
-5.055393520737204716e-01 1.518775538794020497e-01 6.995998912507458978e-02 2.644995068522332793e-01 5.289990137044665586e-01
-5.007678622004432256e-01 3.349516924742438340e-01 6.993198988788347503e-02 2.644465728420080652e-01 5.288931456840161305e-01
-4.959963723271660352e-01 5.026715078956539573e-01 6.985992179712427474e-02 2.643102756177373447e-01 5.286205512354746894e-01
-4.912248824538888448e-01 6.491934886657746429e-01 6.980059229448273839e-02 2.641980172039198882e-01 5.283960344078397764e-01
-4.864533925806116543e-01 7.704643369866813751e-01 6.980556534950080327e-02 2.642074286417790963e-01 5.284148572835581925e-01
-4.816819027073344084e-01 8.636720161866994205e-01 6.988167662015531967e-02 2.643514263630051264e-01 5.287028527260102528e-01
-4.769104128340572180e-01 9.267845180501537161e-01 6.998214401451832711e-02 2.645413843135291376e-01 5.290827686270582753e-01
-4.721389229607799720e-01 9.583264956035180138e-01 7.003845816150040815e-02 2.646478002204069035e-01 5.292956004408138071e-01
-4.673674330875027816e-01 9.574548995920412198e-01 7.001123709209104706e-02 2.645963663622217243e-01 5.291927327244434487e-01
-4.625959432142255912e-01 9.242972288877570053e-01 6.992107839265346292e-02 2.644259412248606833e-01 5.288518824497213666e-01
-4.578244533409483452e-01 8.604313242922720928e-01 6.983367542049988275e-02 2.642606202605675692e-01 5.285212405211351383e-01
-4.530529634676711548e-01 7.693345806914966278e-01 6.980850271997533774e-02 2.642129874173019255e-01 5.284259748346038510e-01
-4.482814735943939644e-01 6.566253995776208940e-01 6.985034899586820001e-02 2.642921659752104913e-01 5.285843319504209825e-01
-4.435099837211167184e-01 5.299582503188673410e-01 6.990319131173028389e-02 2.643921165839296927e-01 5.287842331678593855e-01
-4.387384938478395280e-01 3.985106145967265423e-01 6.989437590703426184e-02 2.643754449774681214e-01 5.287508899549362429e-01
-4.339670039745623376e-01 2.720929300841611886e-01 6.979721443554286198e-02 2.641916244613800591e-01 5.283832489227601181e-01
-4.291955141012850916e-01 1.600052288113548715e-01 6.966293167125531260e-02 2.639373631588664004e-01 5.278747263177328009e-01
-4.244240242280079012e-01 6.983239130568627551e-02 6.959316772163176568e-02 2.638051700055019100e-01 5.276103400110038200e-01
-4.196525343547306552e-01 6.399415178300634985e-03 6.966817609313791237e-02 2.639472979462716973e-01 5.278945958925433946e-01
-4.148810444814534648e-01 -2.890707471644060264e-02 6.988103817618490643e-02 2.643502187935257153e-01 5.287004375870514306e-01
-4.101095546081762744e-01 -3.830523885506202653e-02 7.012796697379769517e-02 2.648168555318896056e-01 5.296337110637792112e-01
-4.053380647348990284e-01 -2.721846267175894243e-02 7.026772531652195064e-02 2.650806015470048571e-01 5.301612030940097142e-01
-4.005665748616218380e-01 -3.362474093925385109e-03 7.021471363910172792e-02 2.649805910611223170e-01 5.299611821222446340e-01
-3.957950849883446476e-01 2.452891750248620620e-02 7.000412910897396701e-02 2.645829342738755807e-01 5.291658685477511614e-01
-3.910235951150674016e-01 4.811603163540916633e-02 6.978234141270085733e-02 2.641634747891934976e-01 5.283269495783869951e-01
-3.862521052417902112e-01 6.075160736839622239e-02 6.972257005912563255e-02 2.640503172865460435e-01 5.281006345730920870e-01
-3.814806153685130208e-01 5.843453559232904271e-02 6.991484234004262388e-02 2.644141492810901384e-01 5.288282985621802768e-01
-3.767091254952357748e-01 4.025563113348280125e-02 7.029883087393196117e-02 2.651392669408512148e-01 5.302785338817024297e-01
-3.719376356219585844e-01 8.272938318287492362e-03 7.068536041316547669e-02 2.658671856645070664e-01 5.317343713290141327e-01
-3.671661457486813385e-01 -3.313322290383310942e-02 7.086018604574112478e-02 2.661957663933465223e-01 5.323915327866930447e-01
-3.623946558754041480e-01 -7.827219624172825074e-02 7.071283301773535757e-02 2.659188466764538239e-01 5.318376933529076478e-01
-3.576231660021269576e-01 -1.212990827930690296e-01 7.031420546494279722e-02 2.651682587809913727e-01 5.303365175619827454e-01
-3.528516761288497117e-01 -1.572691752943761734e-01 6.989178071812356119e-02 2.643705367814718765e-01 5.287410735629437530e-01
-3.480801862555725212e-01 -1.828748414841906145e-01 6.970797667065294079e-02 2.640226821139671221e-01 5.280453642279342441e-01
-3.433086963822953308e-01 -1.967252401380374383e-01 6.990490671876571638e-02 2.643953606226208120e-01 5.287907212452416239e-01
-3.385372065090180849e-01 -1.991354717076910807e-01 7.040442003130108206e-02 2.653383124075772703e-01 5.306766248151545406e-01
-3.337657166357408944e-01 -1.915049424495803843e-01 7.092931910988981015e-02 2.663255885375827026e-01 5.326511770751654051e-01
-3.289942267624636485e-01 -1.754595913154789744e-01 7.114891583956631238e-02 2.667375411140440189e-01 5.334750822280880378e-01
-3.242227368891864581e-01 -1.519881019414578149e-01 7.088124748077749560e-02 2.662353235030571752e-01 5.324706470061143504e-01
-3.194512470159092676e-01 -1.208047316887615880e-01 7.024365366372078978e-02 2.650351932550105705e-01 5.300703865100211409e-01
-3.146797571426320217e-01 -8.011973076565252760e-02 6.965824278729401686e-02 2.639284804398608353e-01 5.278569608797216706e-01
-3.099082672693548313e-01 -2.690339404708209231e-02 6.968593004829003179e-02 2.639809274328167032e-01 5.279618548656334065e-01
-3.051367773960776408e-01 4.238914196974286064e-02 7.075149801592231502e-02 2.659915374893011553e-01 5.319830749786023105e-01
-3.003652875228003949e-01 1.307794777828693578e-01 7.288766453879320928e-02 2.699771555868999973e-01 5.399543111737999945e-01
-2.955937976495232045e-01 2.396467381517284889e-01 7.563269262376408342e-02 2.750139862329988305e-01 5.500279724659976610e-01
-2.908223077762460140e-01 3.677951983617506193e-01 7.815463816179681056e-02 2.795615105156588065e-01 5.591230210313176130e-01
-2.860508179029687681e-01 5.109515253627068265e-01 7.957029181076107072e-02 2.820820657375457396e-01 5.641641314750914793e-01
-2.812793280296915777e-01 6.618531775597360500e-01 7.932634576496450096e-02 2.816493311992139259e-01 5.632986623984278518e-01
-2.765078381564143317e-01 8.109682757933323050e-01 7.746565258015619682e-02 2.783265215177241902e-01 5.566530430354483805e-01
-2.717363482831371413e-01 9.477510930740834505e-01 7.464146210709821094e-02 2.732058969112822755e-01 5.464117938225645510e-01
-2.669648584098599509e-01 1.062216616313265360e+00 7.185603888989779142e-02 2.680597673838761574e-01 5.361195347677523149e-01
-2.621933685365827049e-01 1.146538628720291442e+00 7.003506627943152651e-02 2.646413918483492278e-01 5.292827836966984556e-01
-2.574218786633055145e-01 1.196356686168809746e+00 6.963624307903983068e-02 2.638867997438292257e-01 5.277735994876584513e-01
-2.526503887900283241e-01 1.211524200288265130e+00 7.047939404292960508e-02 2.654795548492003832e-01 5.309591096984007663e-01
-2.478788989167511059e-01 1.196133129290299690e+00 7.187689678374596658e-02 2.680986698656783185e-01 5.361973397313566370e-01
-2.431074090434738877e-01 1.157790818810342737e+00 7.299239735772285187e-02 2.701710520350447120e-01 5.403421040700894240e-01
-2.383359191701966695e-01 1.106271993320245395e+00 7.324321284161738888e-02 2.706348330160354698e-01 5.412696660320709396e-01
-2.335644292969194513e-01 1.051794119628890245e+00 7.254749908495093658e-02 2.693464295010255527e-01 5.386928590020511054e-01
-2.287929394236422609e-01 1.003241426824403870e+00 7.130624174920732750e-02 2.670322859678344596e-01 5.340645719356689192e-01
-2.240214495503650427e-01 9.666765218411780269e-01 7.015084716691266653e-02 2.648600520405307579e-01 5.297201040810615158e-01
-2.192499596770878245e-01 9.444241935876942495e-01 6.960261279622230457e-02 2.638230710082465347e-01 5.276461420164930693e-01
-2.144784698038106063e-01 9.349019046181750170e-01 6.982206726858482260e-02 2.642386558938430996e-01 5.284773117876861992e-01
-2.097069799305334159e-01 9.332248605507068584e-01 7.056462523246499752e-02 2.656400294241532123e-01 5.312800588483064246e-01
-2.049354900572561977e-01 9.324606319582090519e-01 7.134462251733895977e-02 2.671041417075724622e-01 5.342082834151449244e-01
-2.001640001839789795e-01 9.252785975805292162e-01 7.170633521343458550e-02 2.677803861626810722e-01 5.355607723253621444e-01
-1.953925103107017891e-01 9.056593612664123327e-01 7.145859126835524266e-02 2.673173979903950004e-01 5.346347959807900008e-01
-1.906210204374245709e-01 8.703160818129780374e-01 7.076170823325507453e-02 2.660107295453607579e-01 5.320214590907215158e-01
-1.858495305641473527e-01 8.195367312847401386e-01 7.003579867402483228e-02 2.646427755938650650e-01 5.292855511877301300e-01
-1.810780406908701345e-01 7.572741437552041877e-01 6.974396703953697485e-02 2.640908310402634296e-01 5.281816620805268592e-01
-1.763065508175929441e-01 6.904652255888330536e-01 7.015561725184524255e-02 2.648690568032537329e-01 5.297381136065074658e-01
-1.715350609443157259e-01 6.277206975512698017e-01 7.119856797925994130e-02 2.668305979067241984e-01 5.336611958134483968e-01
-1.667635710710385077e-01 5.776580030676892186e-01 7.246904592380182253e-02 2.692007539435984365e-01 5.384015078871968729e-01
-1.619920811977612896e-01 5.472236340875800131e-01 7.340269285911486807e-02 2.709293133994822300e-01 5.418586267989644600e-01
-1.572205913244840991e-01 5.403507722262880231e-01 7.353938414551834668e-02 2.711814598115408481e-01 5.423629196230816962e-01
-1.524491014512068809e-01 5.572231547329354884e-01 7.276515973724667630e-02 2.697501802358001632e-01 5.395003604716003265e-01
-1.476776115779296628e-01 5.942832259842085740e-01 7.141053686135523382e-02 2.672275001966586960e-01 5.344550003933173921e-01
-1.429061217046524723e-01 6.449619997567750396e-01 7.013827429604796437e-02 2.648363160445484921e-01 5.296726320890969841e-01
-1.381346318313752541e-01 7.009564587409139458e-01 6.965093011186380967e-02 2.639146265591655327e-01 5.278292531183310654e-01
-1.333631419580980360e-01 7.537716357354091734e-01 7.034583994248413963e-02 2.652279018928516696e-01 5.304558037857033392e-01
-1.285916520848208178e-01 7.962025540516429745e-01 7.208793031183857725e-02 2.684919557674653734e-01 5.369839115349307468e-01
-1.238201622115436135e-01 8.234629554740223734e-01 7.422688682743813771e-02 2.724461172919117602e-01 5.448922345838235204e-01
-1.190486723382664092e-01 8.337622371018816869e-01 7.586920454814144454e-02 2.754436504044728284e-01 5.508873008089456569e-01
-1.142771824649891910e-01 8.282642863670658384e-01 7.628604966069213456e-02 2.761992933747154377e-01 5.523985867494308755e-01
-1.095056925917119867e-01 8.104985759399626621e-01 7.526435741016242187e-02 2.743435025841917674e-01 5.486870051683835348e-01
-1.047342027184347685e-01 7.854031734453928992e-01 7.323130969946432811e-02 2.706128409729743889e-01 5.412256819459487778e-01
-9.996271284515756417e-02 7.582381324986464666e-01 7.108875992057465953e-02 2.666247548907915155e-01 5.332495097815830309e-01
-9.519122297188034598e-02 7.336069090559005357e-01 6.982919320893517245e-02 2.642521394595229722e-01 5.285042789190459445e-01
-9.041973309860314167e-02 7.147695623939991361e-01 7.010289513584978816e-02 2.647695132296197240e-01 5.295390264592394480e-01
-8.564824322532593737e-02 7.033424895374930097e-01 7.192533187455374399e-02 2.681889853714237715e-01 5.363779707428475430e-01
-8.087675335204871918e-02 6.993808843613860127e-01 7.465156388837906887e-02 2.732243837734456005e-01 5.464487675468912009e-01
-7.610526347877151487e-02 7.017558980306388694e-01 7.723164117349673452e-02 2.779058134935228908e-01 5.558116269870457815e-01
-7.133377360549429669e-02 7.086871066401503327e-01 7.864409680162640082e-02 2.804355483914733882e-01 5.608710967829467764e-01
-6.656228373221709238e-02 7.182798170304507401e-01 7.832885428442964981e-02 2.798729252436356063e-01 5.597458504872712126e-01
-6.179079385893988113e-02 7.289429133620409784e-01 7.643607658157840212e-02 2.764707517651340818e-01 5.529415035302681636e-01
-5.701930398566266989e-02 7.396147040954424989e-01 7.377915104149225523e-02 2.716231783951661427e-01 5.432463567903322854e-01
-5.224781411238545864e-02 7.497849554595787946e-01 7.150379288510499975e-02 2.674019313413891763e-01 5.348038626827783526e-01
-4.747632423910824739e-02 7.593550230506638243e-01 7.061080278495936169e-02 2.657269327429181982e-01 5.314538654858363964e-01
-4.270483436583103615e-02 7.684123812819075861e-01 7.153928032819961702e-02 2.674682791065131626e-01 5.349365582130263252e-01
-3.793334449255382490e-02 7.770052938389461206e-01 7.399282028613292372e-02 2.720162132780561404e-01 5.440324265561122807e-01
-3.316185461927661365e-02 7.849893537427040657e-01 7.708051000478575998e-02 2.776337695684474305e-01 5.552675391368948610e-01
-2.839036474599940241e-02 7.919869258822340718e-01 7.970020649180607764e-02 2.823122499853771283e-01 5.646244999707542567e-01
-2.361887487272219116e-02 7.974631696359346655e-01 8.098567501318590378e-02 2.845798218658271428e-01 5.691596437316542856e-01
-1.884738499944498338e-02 8.008885315786424819e-01 8.062327305636486641e-02 2.839423762955520236e-01 5.678847525911040472e-01
-1.407589512616777214e-02 8.019353907120642111e-01 7.891986300788253472e-02 2.809267929690625332e-01 5.618535859381250663e-01
-9.304405252890560890e-03 8.006497116020289129e-01 7.662533123238483845e-02 2.768128090106829475e-01 5.536256180213658951e-01
-4.532915379613350511e-03 7.975472938793635169e-01 7.461552969832119242e-02 2.731584333282082722e-01 5.463168666564165443e-01
2.385744936638605461e-04 7.936045339755921635e-01 7.357887518379740976e-02 2.712542629781095616e-01 5.425085259562191231e-01
5.010064366941071115e-03 7.901396100333255568e-01 7.381794736630072074e-02 2.716945847202345554e-01 5.433891694404691108e-01
9.781554240218282362e-03 7.886054974008761542e-01 7.520775951042743546e-02 2.742403316626265686e-01 5.484806633252531372e-01
1.455304411349549187e-02 7.903352176150044706e-01 7.728734032904996387e-02 2.780060077211461422e-01 5.560120154422922845e-01
1.932453398677270312e-02 7.962892892495296859e-01 7.942778245894879796e-02 2.818293498891639715e-01 5.636586997783279429e-01
2.409602386004991437e-02 8.068539512543954073e-01 8.101891701633455456e-02 2.846382212850806503e-01 5.692764425701613007e-01
2.886751373332712561e-02 8.217279333735327818e-01 8.163149358559108892e-02 2.857122566247221607e-01 5.714245132494443213e-01
3.363900360660433686e-02 8.399180591984068966e-01 8.112539939391270882e-02 2.848252084944601914e-01 5.696504169889203828e-01
3.841049347988154811e-02 8.598440492607678509e-01 7.968259105474587156e-02 2.822810497620162340e-01 5.645620995240324680e-01
4.318198335315875935e-02 8.795339183930886984e-01 7.775322866598481653e-02 2.788426593367392403e-01 5.576853186734784806e-01
4.795347322643597060e-02 8.968773504973355237e-01 7.592277680922691896e-02 2.755408804682654145e-01 5.510817609365308289e-01
5.272496309971317491e-02 9.098967343248463013e-01 7.473427328100586131e-02 2.733756998729145460e-01 5.467513997458290920e-01
5.749645297299038615e-02 9.169952988157332729e-01 7.452054132450827706e-02 2.729845074807511485e-01 5.459690149615022969e-01
6.226794284626759740e-02 9.171479470279014778e-01 7.530189920408299209e-02 2.744119152006395668e-01 5.488238304012791335e-01
6.703943271954480865e-02 9.100113819995406805e-01 7.678263078970938571e-02 2.770967895694740335e-01 5.541935791389480670e-01
7.181092259282202683e-02 8.959435734571339349e-01 7.844470798937311362e-02 2.800798243168777790e-01 5.601596486337555580e-01
7.658241246609923114e-02 8.759361840545507594e-01 7.970672132192056780e-02 2.823237880907674691e-01 5.646475761815349381e-01
8.135390233937643545e-02 8.514753152618304011e-01 8.010065929318957445e-02 2.830205987082735075e-01 5.660411974165470150e-01
8.612539221265365363e-02 8.243543304526720350e-01 7.941876538926599671e-02 2.818133520422089755e-01 5.636267040844179510e-01
9.089688208593085794e-02 7.964667936054831143e-01 7.779072203013689957e-02 2.789098815569948653e-01 5.578197631139897306e-01
9.566837195920807613e-02 7.696074758394616522e-01 7.566401550053067360e-02 2.750709281267845752e-01 5.501418562535691503e-01
1.004398618324852804e-01 7.453052424511259488e-01 7.368017332007663345e-02 2.714409204966646838e-01 5.428818409933293676e-01
1.052113517057624986e-01 7.247044728575020578e-01 7.246986717557249436e-02 2.692022792911911711e-01 5.384045585823823421e-01
1.099828415790397029e-01 7.085027301485393725e-01 7.242534519804873228e-02 2.691195741636953631e-01 5.382391483273907262e-01
1.147543314523169211e-01 6.969435167382659335e-01 7.353286457855238989e-02 2.711694388727320937e-01 5.423388777454641874e-01
1.195258213255941254e-01 6.898559125735087560e-01 7.534191478320613478e-02 2.744848170358538120e-01 5.489696340717076239e-01
1.242973111988713436e-01 6.867290634385549986e-01 7.710456624436448636e-02 2.776770898802500831e-01 5.553541797605001662e-01
1.290688010721485479e-01 6.868093620157924573e-01 7.804987700237493720e-02 2.793740807633645629e-01 5.587481615267291257e-01
1.338402909454257661e-01 6.892111724468164002e-01 7.769401175438073182e-02 2.787364557326162395e-01 5.574729114652324791e-01
1.386117808187029565e-01 6.930368048788105861e-01 7.605812207626481969e-02 2.757863703598580907e-01 5.515727407197161813e-01
1.433832706919801747e-01 6.975050945658315404e-01 7.369148095723659919e-02 2.714617486078593211e-01 5.429234972157186423e-01
1.481547605652573929e-01 7.020889793180890015e-01 7.147180278673789799e-02 2.673421081437376001e-01 5.346842162874752002e-01
1.529262504385346111e-01 7.066591107624109469e-01 7.025045373770485990e-02 2.650480215691202734e-01 5.300960431382405469e-01
1.576977403118118015e-01 7.116228838225145958e-01 7.048621306274180376e-02 2.654923973727718600e-01 5.309847947455437200e-01
1.624692301850890197e-01 7.180381873839830620e-01 7.202989167840979923e-02 2.683838513741275689e-01 5.367677027482551377e-01
1.672407200583662379e-01 7.276722462563570692e-01 7.416744431786718994e-02 2.723370050468117975e-01 5.446740100936235951e-01
1.720122099316434561e-01 7.429712043768512686e-01 7.591849021356672500e-02 2.755331018472494398e-01 5.510662036944988795e-01
1.767836998049206465e-01 7.669099220605604117e-01 7.646782798287093952e-02 2.765281685161042335e-01 5.530563370322084671e-01
1.815551896781978647e-01 8.027050616938582461e-01 7.553719169219169638e-02 2.748403021614401198e-01 5.496806043228802396e-01
1.863266795514750829e-01 8.533976713925734980e-01 7.352192497836880503e-02 2.711492669700008573e-01 5.422985339400017146e-01
1.910981694247523011e-01 9.213409624399023778e-01 7.132009577726279581e-02 2.670582254439334835e-01 5.341164508878669670e-01
1.958696592980294915e-01 1.007659054752959360e+00 6.992439472602525463e-02 2.644322119675007743e-01 5.288644239350015486e-01
2.006411491713067097e-01 1.111766187572556630e+00 6.996220862152900677e-02 2.645037024722508567e-01 5.290074049445017135e-01
2.054126390445839279e-01 1.231045713988505375e+00 7.139954156604604030e-02 2.672069264933939481e-01 5.344138529867878962e-01
2.101841289178611183e-01 1.360779297486677697e+00 7.355219632121585971e-02 2.712050816655466878e-01 5.424101633310933757e-01
2.149556187911383365e-01 1.494386606710945697e+00 7.540405333662161813e-02 2.745979849463969225e-01 5.491959698927938449e-01
2.197271086644155547e-01 1.623987456172554467e+00 7.608456941597374623e-02 2.758343151530892046e-01 5.516686303061784091e-01
2.244985985376927728e-01 1.741239005816776819e+00 7.527790701220761493e-02 2.743681960654471008e-01 5.487363921308942016e-01
2.292700884109699633e-01 1.838341491795256744e+00 7.336630529782907362e-02 2.708621518371089887e-01 5.417243036742179774e-01
2.340415782842471815e-01 1.909060020314096162e+00 7.123904688499145543e-02 2.669064384479914454e-01 5.338128768959828907e-01
2.388130681575243996e-01 1.949588881091464998e+00 6.986319734367200940e-02 2.643164719491996051e-01 5.286329438983992102e-01
2.435845580308016178e-01 1.959096470710487647e+00 6.982919625068817471e-02 2.642521452149219074e-01 5.285042904298438149e-01
2.483560479040788083e-01 1.939834247926883082e+00 7.109220155222029103e-02 2.666312088863947993e-01 5.332624177727895987e-01
2.531275377773560264e-01 1.896765953120284065e+00 7.302505427053654352e-02 2.702314827523553675e-01 5.404629655047107351e-01
2.578990276506332169e-01 1.836761227686440234e+00 7.473870516464833913e-02 2.733838056005665207e-01 5.467676112011330414e-01
2.626705175239104628e-01 1.767482023891419951e+00 7.549766508857225222e-02 2.747683844414641752e-01 5.495367688829283503e-01
2.674420073971876533e-01 1.696154896670683643e+00 7.502760877230094105e-02 2.739116806058130571e-01 5.478233612116261142e-01
2.722134972704648437e-01 1.628450876033087802e+00 7.358707084989996039e-02 2.712693695386561021e-01 5.425387390773122043e-01
2.769849871437420896e-01 1.567680499951915829e+00 7.180397342393947391e-02 2.679626343801304600e-01 5.359252687602609200e-01
2.817564770170192801e-01 1.514455986116152619e+00 7.038510198097014392e-02 2.653019072320629834e-01 5.306038144641259668e-01
2.865279668902965260e-01 1.466884612725874115e+00 6.984104147276877506e-02 2.642745569909611403e-01 5.285491139819222806e-01
2.912994567635737164e-01 1.421255710532028704e+00 7.032864844114181113e-02 2.651954909894619905e-01 5.303909819789239810e-01
2.960709466368509069e-01 1.373086967784157508e+00 7.163868480899250601e-02 2.676540394034667147e-01 5.353080788069334295e-01
3.008424365101281528e-01 1.318325579203876607e+00 7.329648177125615283e-02 2.707332298984669317e-01 5.414664597969338633e-01
3.056139263834053432e-01 1.254468719213141847e+00 7.472288009420026411e-02 2.733548611131696449e-01 5.467097222263392897e-01
3.103854162566825337e-01 1.181382623109766827e+00 7.541139658236289955e-02 2.746113555233339332e-01 5.492227110466678663e-01
3.151569061299597796e-01 1.101657465433644401e+00 7.508907900412525871e-02 2.740238657564798008e-01 5.480477315129596017e-01
3.199283960032369700e-01 1.020423209132170772e+00 7.382583403685824552e-02 2.717090981856482568e-01 5.434181963712965135e-01
3.246998858765141605e-01 9.446526640891442783e-01 7.204830231114150996e-02 2.684181482522027817e-01 5.368362965044055635e-01
3.294713757497914064e-01 8.820725338700036167e-01 7.042389117702092804e-02 2.653750010400771076e-01 5.307500020801542151e-01
3.342428656230685968e-01 8.398729347656895827e-01 6.962455390742303130e-02 2.638646507348474390e-01 5.277293014696948781e-01
3.390143554963458428e-01 8.234391885780053544e-01 7.004580227024061190e-02 2.646616751066172002e-01 5.293233502132344004e-01
3.437858453696230332e-01 8.353219970198727529e-01 7.160476486916800276e-02 2.675906666331395178e-01 5.351813332662790357e-01
3.485573352429002236e-01 8.746165949959386898e-01 7.373072593712973188e-02 2.715340235350438003e-01 5.430680470700876006e-01
3.533288251161774696e-01 9.368486196330972904e-01 7.558182847706783336e-02 2.749214951164565268e-01 5.498429902329130536e-01
3.581003149894546600e-01 1.014378568828373517e+00 7.640732017004517318e-02 2.764187406274132841e-01 5.528374812548265682e-01
3.628718048627318504e-01 1.097253491593449981e+00 7.588941620784493691e-02 2.754803372435951636e-01 5.509606744871903272e-01
3.676432947360090964e-01 1.174368626426354201e+00 7.429620784155459290e-02 2.725733072799950141e-01 5.451466145599900281e-01
3.724147846092862868e-01 1.234761719152642989e+00 7.236478886116576303e-02 2.690070424006884009e-01 5.380140848013768018e-01
3.771862744825634772e-01 1.268854704842507175e+00 7.096709469510892321e-02 2.663964990293771207e-01 5.327929980587542413e-01
3.819577643558407232e-01 1.269478058971268419e+00 7.071806986675885365e-02 2.659286931994342962e-01 5.318573863988685924e-01
3.867292542291179136e-01 1.232558152834531517e+00 7.171099061702214394e-02 2.677890785992254608e-01 5.355781571984509215e-01
3.915007441023951595e-01 1.157405715137243885e+00 7.349825578764757061e-02 2.711056174033426025e-01 5.422112348066852050e-01
3.962722339756723500e-01 1.046604716081246833e+00 7.531584318847979465e-02 2.744373210561562582e-01 5.488746421123125163e-01
4.010437238489495404e-01 9.055549618076365048e-01 7.643726958236897462e-02 2.764729093100605772e-01 5.529458186201211545e-01
4.058152137222267863e-01 7.417607990889080183e-01 7.649017186505117916e-02 2.765685662996631433e-01 5.531371325993262866e-01
4.105867035955039768e-01 5.639789787313469471e-01 7.559528083331981674e-02 2.749459598417838269e-01 5.498919196835676537e-01
4.153581934687811672e-01 3.813404785207146763e-01 7.427624557291995222e-02 2.725366866550629208e-01 5.450733733101258416e-01
4.201296833420584131e-01 2.025464190220734317e-01 7.319601549280137232e-02 2.705476214879764529e-01 5.410952429759529059e-01
4.249011732153356036e-01 3.521282227386489383e-02 7.285165593225451097e-02 2.699104591012628784e-01 5.398209182025257569e-01
4.296726630886127940e-01 -1.145917719212360686e-01 7.337007737036965738e-02 2.708691148329200882e-01 5.417382296658401764e-01
4.344441529618900399e-01 -2.426025332749701668e-01 7.448962775474174403e-02 2.729278801345544903e-01 5.458557602691089805e-01
4.392156428351672304e-01 -3.464205615933345084e-01 7.571775581456675897e-02 2.751685952549214331e-01 5.503371905098428662e-01
4.439871327084444763e-01 -4.254122495770411017e-01 7.657270112480600577e-02 2.767177282445163478e-01 5.534354564890326955e-01
4.487586225817216667e-01 -4.804875068790425141e-01 7.678836637082997463e-02 2.771071387944200604e-01 5.542142775888401207e-01
4.535301124549988572e-01 -5.138021175715912214e-01 7.639551559133288261e-02 2.763973870920868325e-01 5.527947741841736651e-01
4.583016023282761031e-01 -5.284269013526228242e-01 7.566382789051098734e-02 2.750705871054027751e-01 5.501411742108055503e-01
4.630730922015532935e-01 -5.280201555312558082e-01 7.495515099819650973e-02 2.737793838078326214e-01 5.475587676156652428e-01
4.678445820748304840e-01 -5.165308460294291137e-01 7.456674494705900491e-02 2.730691211892311565e-01 5.461382423784623130e-01
4.726160719481077299e-01 -4.979503974881933637e-01 7.462870108329258678e-02 2.731825416883234547e-01 5.463650833766469095e-01
4.773875618213849203e-01 -4.761213827767823981e-01 7.508154117087009749e-02 2.740101114391038095e-01 5.480202228782076190e-01
4.821590516946621108e-01 -4.546024280249393312e-01 7.572338972125712553e-02 2.751788322550575705e-01 5.503576645101151410e-01
4.869305415679393567e-01 -4.365814720902141954e-01 7.629653624229222608e-02 2.762182764450828998e-01 5.524365528901657996e-01
4.917020314412165471e-01 -4.248243646815045294e-01 7.658063163009008745e-02 2.767320574673091116e-01 5.534641149346182232e-01
4.964735213144937931e-01 -4.216435753995925184e-01 7.646585622822149597e-02 2.765246032963821210e-01 5.530492065927642420e-01
5.012450111877709835e-01 -4.288719599262745263e-01 7.598754085673915804e-02 2.756583770842800929e-01 5.513167541685601858e-01
5.060165010610482295e-01 -4.478306504268126376e-01 7.531275971141035419e-02 2.744317031820674435e-01 5.488634063641348870e-01
5.107879909343253644e-01 -4.792845443192774724e-01 7.468116718023395939e-02 2.732785523604696620e-01 5.465571047209393241e-01
5.155594808076026103e-01 -5.233867395891090846e-01 7.431653980525540493e-02 2.726106010507577393e-01 5.452212021015154786e-01
5.203309706808798563e-01 -5.796189012316771416e-01 7.433807053095660422e-02 2.726500880816960515e-01 5.453001761633921030e-01
5.251024605541569912e-01 -6.467404451130266407e-01 7.470548577309384097e-02 2.733230428871554762e-01 5.466460857743109525e-01
5.298739504274342371e-01 -7.227619430114912147e-01 7.522468750768819545e-02 2.742711933610385566e-01 5.485423867220771132e-01
5.346454403007114831e-01 -8.049585998112870344e-01 7.562029676363413166e-02 2.749914485281935717e-01 5.499828970563871433e-01
5.394169301739886180e-01 -8.899364715555077021e-01 7.565281732557928296e-02 2.750505723054930685e-01 5.501011446109861369e-01
5.441884200472658639e-01 -9.737592710501417059e-01 7.523295168877211503e-02 2.742862586583077467e-01 5.485725173166154933e-01
5.489599099205431099e-01 -1.052135687196962932e+00 7.447731847760251378e-02 2.729053287819834805e-01 5.458106575639669611e-01
5.537313997938202448e-01 -1.120659938850995907e+00 7.366951493308490639e-02 2.714212868090579711e-01 5.428425736181159422e-01
5.585028896670974907e-01 -1.175090186940110693e+00 7.313366752715882990e-02 2.704323714483138907e-01 5.408647428966277815e-01
5.632743795403747367e-01 -1.211643896078610672e+00 7.307538427544127413e-02 2.703245905859126275e-01 5.406491811718252549e-01
5.680458694136519826e-01 -1.227285162989748102e+00 7.346943778601255914e-02 2.710524631616775260e-01 5.421049263233550519e-01
5.728173592869291175e-01 -1.219979147466345060e+00 7.405664241164137962e-02 2.721335010829085133e-01 5.442670021658170265e-01
5.775888491602063635e-01 -1.188890314037914786e+00 7.445922876645155730e-02 2.728721839368233315e-01 5.457443678736466630e-01
5.823603390334836094e-01 -1.134506646052464873e+00 7.436252016307259849e-02 2.726949214104886776e-01 5.453898428209773552e-01
5.871318289067607443e-01 -1.058677841832690314e+00 7.367459346424476418e-02 2.714306420878909720e-01 5.428612841757819441e-01
5.919033187800379903e-01 -9.645623539373812116e-01 7.258452081359428876e-02 2.694151458504036589e-01 5.388302917008073178e-01
5.966748086533152362e-01 -8.564848787489660609e-01 7.148808101711567886e-02 2.673725509791827770e-01 5.347451019583655540e-01
6.014462985265923711e-01 -7.397108258683555704e-01 7.081236361798187717e-02 2.661059255596948669e-01 5.322118511193897339e-01
6.062177883998696171e-01 -6.201496868695534070e-01 7.081794056786758218e-02 2.661164041690545212e-01 5.322328083381090424e-01
6.109892782731468630e-01 -5.040024870037970173e-01 7.146920133897545491e-02 2.673372427084850789e-01 5.346744854169701577e-01
6.157607681464239979e-01 -3.973728060588404554e-01 7.243580416437862823e-02 2.691390052823607881e-01 5.382780105647215763e-01
6.205322580197012439e-01 -3.058644596289379347e-01 7.323157075756048240e-02 2.706133233186431286e-01 5.412266466372862572e-01
6.253037478929784898e-01 -2.341928712131624013e-01 7.343380004162283758e-02 2.709867156183543013e-01 5.419734312367086027e-01
6.300752377662556247e-01 -1.858398517443696496e-01 7.288391808445097986e-02 2.699702170322700323e-01 5.399404340645400646e-01
6.348467276395328707e-01 -1.627829512575338922e-01 7.177158878164183187e-02 2.679022000313581175e-01 5.358044000627162351e-01
6.396182175128101166e-01 -1.653284859947649621e-01 7.055477650991413829e-02 2.656214910543086005e-01 5.312429821086172010e-01
6.443897073860872515e-01 -1.920721880380803215e-01 6.974712514939478136e-02 2.640968101840587834e-01 5.281936203681175668e-01
6.491611972593644975e-01 -2.400011206286676302e-01 6.967329059330305829e-02 2.639569862559107416e-01 5.279139725118214832e-01
6.539326871326417434e-01 -3.047386689099816914e-01 7.031389780999418304e-02 2.651676786676577247e-01 5.303353573353154493e-01
6.587041770059188783e-01 -3.809178351967526521e-01 7.131973699227497909e-02 2.670575537075762784e-01 5.341151074151525568e-01
6.634756668791961243e-01 -4.626539502655211411e-01 7.218890134814170967e-02 2.686799236045404604e-01 5.373598472090809208e-01
6.682471567524733702e-01 -5.440732271435738676e-01 7.251584754438165914e-02 2.692876668998817058e-01 5.385753337997634116e-01
6.730186466257506162e-01 -6.198440969358115504e-01 7.218398626378984273e-02 2.686707767208593167e-01 5.373415534417186334e-01
6.777901364990277511e-01 -6.856538615800686909e-01 7.140430173851131102e-02 2.672158336223946495e-01 5.344316672447892991e-01
6.825616263723049970e-01 -7.385752590593209765e-01 7.058533397568042544e-02 2.656790055229814596e-01 5.313580110459629191e-01
6.873331162455822430e-01 -7.772769253958985436e-01 7.010940894067262119e-02 2.647818138405140242e-01 5.295636276810280485e-01
6.921046061188593779e-01 -8.020475988144418755e-01 7.013778048701815870e-02 2.648353837519037968e-01 5.296707675038075935e-01
6.968760959921366238e-01 -8.146252722652771450e-01 7.054730657685846784e-02 2.656074294458994900e-01 5.312148588917989800e-01
7.016475858654138698e-01 -8.178469348838276476e-01 7.102553289132419734e-02 2.665061591996031320e-01 5.330123183992062641e-01
7.064190757386910047e-01 -8.151595717191520984e-01 7.126219548012252547e-02 2.669497995506318611e-01 5.338995991012637221e-01
7.111905656119682506e-01 -8.100549393636407025e-01 7.112393041781399361e-02 2.666907017835717375e-01 5.333814035671434750e-01
7.159620554852454966e-01 -8.055059312507786284e-01 7.071393315049484540e-02 2.659209152182183122e-01 5.318418304364366245e-01
7.207335453585226315e-01 -8.034873675404379245e-01 7.028983759342506688e-02 2.651223068574673492e-01 5.302446137149346983e-01
7.255050352317998774e-01 -8.046569152938370939e-01 7.009727273351319676e-02 2.647588954757010282e-01 5.295177909514020564e-01
7.302765251050771234e-01 -8.082526240340105472e-01 7.022288540966914461e-02 2.649960101768876752e-01 5.299920203537753505e-01
7.350480149783542583e-01 -8.122321353449446502e-01 7.055265172178731836e-02 2.656174913701793705e-01 5.312349827403587410e-01
7.398195048516315042e-01 -8.136407257842499519e-01 7.085291667984411346e-02 2.661821118705088862e-01 5.323642237410177724e-01
7.445909947249087502e-01 -8.091570509482103324e-01 7.091697599532796603e-02 2.663024145503152806e-01 5.326048291006305613e-01
7.493624845981858851e-01 -7.957315231501888020e-01 7.068506734530102809e-02 2.658666345092987049e-01 5.317332690185974098e-01
7.541339744714631310e-01 -7.712128435853667918e-01 7.026850731612507839e-02 2.650820765652123212e-01 5.301641531304246424e-01
7.589054643447403770e-01 -7.348549680590432676e-01 6.987160711565525151e-02 2.643323799984694245e-01 5.286647599969388489e-01
7.636769542180176229e-01 -6.876134408199328085e-01 6.966661988495803648e-02 2.639443499773352353e-01 5.278886999546704706e-01
7.684484440912947578e-01 -6.321746498997968811e-01 6.970028717069037816e-02 2.640081195165981387e-01 5.280162390331962774e-01
7.732199339645720038e-01 -5.727061723560858963e-01 6.988427953500789269e-02 2.643563495265583430e-01 5.287126990531166859e-01
7.779914238378492497e-01 -5.143659075037037010e-01 7.006581824777029233e-02 2.646994866783279332e-01 5.293989733566558664e-01
7.827629137111263846e-01 -4.626491441373025149e-01 7.012623743077428529e-02 2.648135899661765436e-01 5.296271799323530871e-01
7.875344035844036306e-01 -4.226807272309305308e-01 7.004379881835968991e-02 2.646578901494525682e-01 5.293157802989051364e-01
7.923058934576808765e-01 -3.985664427438121993e-01 6.988720727643880914e-02 2.643618869588406084e-01 5.287237739176812168e-01
7.970773833309580114e-01 -3.929029210867729383e-01 6.975460177749527590e-02 2.641109648944838240e-01 5.282219297889676479e-01
8.018488732042352574e-01 -4.065131121609479870e-01 6.970580038953469448e-02 2.640185606913549865e-01 5.280371213827099730e-01
8.066203630775125033e-01 -4.384306104623964528e-01 6.973256863846581666e-02 2.640692497025464158e-01 5.281384994050928317e-01
8.113918529507896382e-01 -4.861106903834499504e-01 6.977917094875421555e-02 2.641574737703898945e-01 5.283149475407797890e-01
8.161633428240668842e-01 -5.458083418372166040e-01 6.978976518277782426e-02 2.641775258851097319e-01 5.283550517702194638e-01
8.209348326973441301e-01 -6.130424643121332728e-01 6.974574470053690467e-02 2.640941966430480070e-01 5.281883932860960140e-01
8.257063225706212650e-01 -6.830618900439782148e-01 6.967071028843895009e-02 2.639520984732626752e-01 5.279041969465253503e-01
8.304778124438985110e-01 -7.512449281360573661e-01 6.960755078049037092e-02 2.638324293571401857e-01 5.276648587142803715e-01
8.352493023171757569e-01 -8.133936201242617514e-01 6.958948333507893047e-02 2.637981867547214976e-01 5.275963735094429952e-01
8.400207921904528918e-01 -8.659170494845244148e-01 6.962439381616825074e-02 2.638643473760111102e-01 5.277286947520222204e-01
8.447922820637301378e-01 -9.059295843892882782e-01 6.969698967603038531e-02 2.640018743797671874e-01 5.280037487595343748e-01
8.495637719370073837e-01 -9.313066424224129003e-01 6.978070065997443727e-02 2.641603692077493237e-01 5.283207384154986475e-01
8.543352618102845186e-01 -9.407435557991203900e-01 6.984956961684514465e-02 2.642906915062374074e-01 5.285813830124748147e-01
8.591067516835617646e-01 -9.338465895406242723e-01 6.988619397873722938e-02 2.643599704545626095e-01 5.287199409091252189e-01
8.638782415568390105e-01 -9.112591085422364623e-01 6.988633098719923553e-02 2.643602295868257568e-01 5.287204591736515136e-01
8.686497314301162564e-01 -8.747934157560118829e-01 6.986025073075137481e-02 2.643108978660383968e-01 5.286217957320767935e-01
8.734212213033933914e-01 -8.275143265012139260e-01 6.982855075111357723e-02 2.642509238415517436e-01 5.285018476831034873e-01
8.781927111766706373e-01 -7.737084209504276888e-01 6.981176307421263494e-02 2.642191572808690880e-01 5.284383145617381761e-01
8.829642010499478832e-01 -7.186818414294209312e-01 6.981838115869644368e-02 2.642316808384195803e-01 5.284633616768391606e-01
8.877356909232250182e-01 -6.683581291147597803e-01 6.983969583584884178e-02 2.642720110716396675e-01 5.285440221432793351e-01
8.925071807965022641e-01 -6.286896270367854367e-01 6.985637387945003995e-02 2.643035638795853126e-01 5.286071277591706252e-01
8.972786706697795100e-01 -6.049441981188388162e-01 6.985308059175716899e-02 2.642973336826483499e-01 5.285946673652966998e-01
9.020501605430566450e-01 -6.009705060039198798e-01 6.983023634632649912e-02 2.642541132060700626e-01 5.285082264121401252e-01
9.068216504163338909e-01 -6.185675120134491722e-01 6.980362388392387374e-02 2.642037544849124009e-01 5.284075089698248018e-01
9.115931402896111369e-01 -6.570827746055973861e-01 6.979180367277218466e-02 2.641813840390200285e-01 5.283627680780400571e-01
9.163646301628882718e-01 -7.133351443471266373e-01 6.980112685461123401e-02 2.641990288676535625e-01 5.283980577353071251e-01
9.211361200361655177e-01 -7.819048286124891112e-01 6.982010253051323945e-02 2.642349381336867031e-01 5.284698762673734063e-01
9.259076099094427637e-01 -8.557703330083171744e-01 6.982733117135767054e-02 2.642486162146505113e-01 5.284972324293010226e-01
9.306790997827198986e-01 -9.272056061944646821e-01 6.980649049982076693e-02 2.642091794389830883e-01 5.284183588779661767e-01
9.354505896559971445e-01 -9.888007564306636743e-01 6.975682536375152343e-02 2.641151744291712067e-01 5.282303488583424134e-01
9.402220795292743905e-01 -1.034442955411609910e+00 6.969221874858717858e-02 2.639928384418546714e-01 5.279856768837093428e-01
9.449935694025515254e-01 -1.060097999710757133e+00 6.963173676240960730e-02 2.638782612539532502e-01 5.277565225079065003e-01
9.497650592758287713e-01 -1.064267492556514538e+00 6.959054817093547618e-02 2.638002050244379060e-01 5.276004100488758120e-01
9.545365491491060173e-01 -1.048053266873653966e+00 6.957740748013431509e-02 2.637752973273546075e-01 5.275505946547092151e-01
9.593080390223831522e-01 -1.014830260108679383e+00 6.959683936895257050e-02 2.638121289269175773e-01 5.276242578538351546e-01
9.640795288956603981e-01 -9.695944220387657797e-01 6.964945567667715776e-02 2.639118331501585923e-01 5.278236663003171847e-01
9.688510187689376441e-01 -9.181081000001369841e-01 6.972749821602607090e-02 2.640596489735341224e-01 5.281192979470682447e-01
9.736225086422148900e-01 -8.659924071684617086e-01 6.981075880367162978e-02 2.642172568241363817e-01 5.284345136482727634e-01
9.783939985154920249e-01 -8.179192100275041177e-01 6.987123284717713934e-02 2.643316720470271775e-01 5.286633440940543549e-01
9.831654883887692709e-01 -7.770308476427800759e-01 6.988807841817544497e-02 2.643635345848126539e-01 5.287270691696253078e-01
9.879369782620465168e-01 -7.446690603639162243e-01 6.986322223780006002e-02 2.643165190407138487e-01 5.286330380814276975e-01
9.927084681353236517e-01 -7.204387302057603248e-01 6.982333574415362787e-02 2.642410561289703086e-01 5.284821122579406172e-01
9.974799580086008977e-01 -7.025732039597574197e-01 6.980283899055667041e-02 2.642022690866917545e-01 5.284045381733835089e-01
1.002251447881878033e+00 -6.885177438751346468e-01 6.981858183030242859e-02 2.642320605647665022e-01 5.284641211295330043e-01
1.007022937755155390e+00 -6.756156324811610769e-01 6.985620941624721969e-02 2.643032527538153875e-01 5.286065055076307750e-01
1.011794427628432524e+00 -6.617684566668179391e-01 6.988086362052819966e-02 2.643498886334704201e-01 5.286997772669408402e-01
1.016565917501709659e+00 -6.459519628660631563e-01 6.986546519967745672e-02 2.643207619534974073e-01 5.286415239069948147e-01
1.021337407374987016e+00 -6.284984116505318852e-01 6.981421005498945898e-02 2.642237878295394249e-01 5.284475756590788498e-01
1.026108897248264151e+00 -6.110983653828220286e-01 6.976131439993440986e-02 2.641236725474155889e-01 5.282473450948311777e-01
1.030880387121541286e+00 -5.965264452915658433e-01 6.974470825410189478e-02 2.640922343691723961e-01 5.281844687383447923e-01
1.035651876994818643e+00 -5.881422297609595340e-01 6.977538397790669644e-02 2.641503056555238871e-01 5.283006113110477742e-01
1.040423366868095778e+00 -5.892586086775936094e-01 6.982772779027024423e-02 2.642493666790333706e-01 5.284987333580667412e-01
1.045194856741372913e+00 -6.024939994523373921e-01 6.985951960314631948e-02 2.643095147798246169e-01 5.286190295596492339e-01
1.049966346614650270e+00 -6.292279713946503650e-01 6.984584780173684615e-02 2.642836502732184845e-01 5.285673005464369689e-01
1.054737836487927405e+00 -6.692645624734395726e-01 6.979942768056972280e-02 2.641958131397424969e-01 5.283916262794849938e-01
1.059509326361204540e+00 -7.207713161056732432e-01 6.976066246759228540e-02 2.641224384023294069e-01 5.282448768046588139e-01
1.064280816234481897e+00 -7.805116060393509914e-01 6.976552017143880513e-02 2.641316341740209128e-01 5.282632683480418256e-01
1.069052306107759032e+00 -8.443345005758091659e-01 6.981706813399664313e-02 2.642291962179740827e-01 5.284583924359481655e-01
1.073823795981036167e+00 -9.078340557812968337e-01 6.988289045489719242e-02 2.643537222262951070e-01 5.287074444525902139e-01
1.078595285854313524e+00 -9.670555482981068041e-01 6.991916579787614550e-02 2.644223246964524932e-01 5.288446493929049863e-01
1.083366775727590658e+00 -1.019110847876112391e+00 6.990143832694378778e-02 2.643888014401211128e-01 5.287776028802422257e-01
1.088138265600867793e+00 -1.062580041295262845e+00 6.983881286357490614e-02 2.642703404916543208e-01 5.285406809833086417e-01
1.092909755474145150e+00 -1.097613230463345690e+00 6.976361361654340176e-02 2.641280250494888460e-01 5.282560500989776919e-01
1.097681245347422285e+00 -1.125707233699932530e+00 6.970820856842392665e-02 2.640231212761941504e-01 5.280462425523883008e-01
1.102452735220699420e+00 -1.149197689718265858e+00 6.968779620801159036e-02 2.639844620579241408e-01 5.279689241158482815e-01
1.107224225093976777e+00 -1.170570102820148506e+00 6.969908728261488273e-02 2.640058470614143338e-01 5.280116941228286676e-01
1.111995714967253912e+00 -1.191736500526396902e+00 6.972995589006468486e-02 2.640643025667511190e-01 5.281286051335022380e-01
1.116767204840531047e+00 -1.213439684507686911e+00 6.976827184837677831e-02 2.641368430347738605e-01 5.282736860695477210e-01
1.121538694713808404e+00 -1.234925361535140542e+00 6.980360301239585397e-02 2.642037149859854939e-01 5.284074299719709877e-01
1.126310184587085539e+00 -1.253971726424513156e+00 6.982535262083104655e-02 2.642448724589202547e-01 5.284897449178405093e-01
1.131081674460362896e+00 -1.267290451101525939e+00 6.982440797592712189e-02 2.642430850106150531e-01 5.284861700212301061e-01
1.135853164333640031e+00 -1.271230869179488243e+00 6.979947665954636116e-02 2.641959058341865618e-01 5.283918116683731236e-01
1.140624654206917166e+00 -1.262647566348124473e+00 6.976152014032402371e-02 2.641240620245040027e-01 5.282481240490080054e-01
1.145396144080194523e+00 -1.239746969956766032e+00 6.972921425483143143e-02 2.640628982928715507e-01 5.281257965857431014e-01
1.150167633953471658e+00 -1.202722586293121010e+00 6.971672370186804413e-02 2.640392465181417569e-01 5.280784930362835139e-01
1.154939123826748792e+00 -1.154023308758322708e+00 6.972374663979165332e-02 2.640525452249829486e-01 5.281050904499658971e-01
1.159710613700026149e+00 -1.098171344120114856e+00 6.973756331922745244e-02 2.640787066751642542e-01 5.281574133503285085e-01
1.164482103573303284e+00 -1.041138086951302277e+00 6.974637650514327325e-02 2.640953928131713480e-01 5.281907856263426959e-01
1.169253593446580419e+00 -9.893817355966098015e-01 6.975204769163650953e-02 2.641061295987590651e-01 5.282122591975181303e-01
1.174025083319857776e+00 -9.487253921036229443e-01 6.976931966617419545e-02 2.641388265026067828e-01 5.282776530052135655e-01
1.178796573193134911e+00 -9.232952421168767465e-01 6.981012863985155970e-02 2.642160643107295259e-01 5.284321286214590518e-01
1.183568063066412046e+00 -9.147336755467611047e-01 6.986634301471061903e-02 2.643224224592204963e-01 5.286448449184409926e-01
1.188339552939689403e+00 -9.218524144017153921e-01 6.990849430541054566e-02 2.644021450469162815e-01 5.288042900938325630e-01
1.193111042812966538e+00 -9.408063819733134547e-01 6.990647034561758844e-02 2.643983175922600126e-01 5.287966351845200252e-01
1.197882532686243673e+00 -9.657668591409952485e-01 6.985855240616364870e-02 2.643076851061346710e-01 5.286153702122693421e-01
1.202654022559521030e+00 -9.899733828931035484e-01 6.980403346641460283e-02 2.642045296099493346e-01 5.284090592198986691e-01
1.207425512432798165e+00 -1.006969052501189843e+00 6.980314698800824114e-02 2.642028519679684440e-01 5.284057039359368879e-01
1.212197002306075300e+00 -1.011786666787110045e+00 6.989266167827880294e-02 2.643722029228466330e-01 5.287444058456932661e-01
1.216968492179352657e+00 -1.001862670578534953e+00 7.004817471627983183e-02 2.646661571041523109e-01 5.293323142083046218e-01
1.221739982052629792e+00 -9.775070976859425720e-01 7.018603105480572535e-02 2.649264634852579459e-01 5.298529269705158917e-01
1.226511471925906926e+00 -9.418440230857351159e-01 7.021302430631273794e-02 2.649774033881242552e-01 5.299548067762485104e-01
1.231282961799184283e+00 -9.002354328804640371e-01 7.009582848044768055e-02 2.647561679743224983e-01 5.295123359486449965e-01
1.236054451672461418e+00 -8.592978825154915512e-01 6.990103795403801445e-02 2.643880442721228685e-01 5.287760885442457370e-01
1.240825941545738553e+00 -8.256951093812060494e-01 6.976965540748186756e-02 2.641394620413274330e-01 5.282789240826548660e-01
1.245597431419015910e+00 -8.049265913489568325e-01 6.983252546328970467e-02 2.642584444502951158e-01 5.285168889005902315e-01
1.250368921292293045e+00 -8.003303580662387562e-01 7.011770373998950368e-02 2.647974768384123156e-01 5.295949536768246313e-01
1.255140411165570180e+00 -8.124740175423820210e-01 7.051391056477880614e-02 2.655445547639393999e-01 5.310891095278787999e-01
1.259911901038847537e+00 -8.390368058539366958e-01 7.082268914027764484e-02 2.661253260031402057e-01 5.322506520062804114e-01
1.264683390912124672e+00 -8.751963913247973181e-01 7.087387957471148747e-02 2.662214859373891462e-01 5.324429718747782925e-01
1.269454880785401807e+00 -9.144465392072647081e-01 7.063344363125786951e-02 2.657695310438310532e-01 5.315390620876621064e-01
1.274226370658679164e+00 -9.496988157856751656e-01 7.023258280165302347e-02 2.650143067867337110e-01 5.300286135734674220e-01
1.278997860531956299e+00 -9.744774280235742880e-01 6.989509748438289816e-02 2.643768096569419357e-01 5.287536193138838714e-01
1.283769350405233434e+00 -9.840031301141255460e-01 6.980498151012956565e-02 2.642063237512107254e-01 5.284126475024214509e-01
1.288540840278510791e+00 -9.759863579542303880e-01 6.999587777070735706e-02 2.645673407106541308e-01 5.291346814213082617e-01
1.293312330151787926e+00 -9.509996884347661217e-01 7.033142005331458058e-02 2.652007165399720146e-01 5.304014330799440291e-01
1.298083820025065060e+00 -9.123733549041834756e-01 7.058914677094883794e-02 2.656861809935714969e-01 5.313723619871429937e-01
1.302855309898342417e+00 -8.656353308694332283e-01 7.059637446237919389e-02 2.656997825787202339e-01 5.313995651574404677e-01
1.307626799771619552e+00 -8.175928332511535057e-01 7.033453443269323258e-02 2.652065882150992926e-01 5.304131764301985852e-01
1.312398289644896687e+00 -7.752100538486589310e-01 6.994816728516758952e-02 2.644771583429608719e-01 5.289543166859217438e-01
1.317169779518174044e+00 -7.444674097578679595e-01 6.965382228732518166e-02 2.639201058792701726e-01 5.278402117585403452e-01
1.321941269391451179e+00 -7.293903225928556333e-01 6.960567093166178387e-02 2.638288667520325981e-01 5.276577335040651962e-01
1.326712759264728536e+00 -7.314043435184436337e-01 6.980182179368718542e-02 2.642003440453611351e-01 5.284006880907222703e-01
1.331484249138005671e+00 -7.491194996867276412e-01 7.008996677645920603e-02 2.647450977382946880e-01 5.294901954765893759e-01
1.336255739011282806e+00 -7.785752705656698858e-01 7.026890154740894623e-02 2.650828201664697792e-01 5.301656403329395584e-01
1.341027228884560163e+00 -8.139012127789583273e-01 7.022102370000722626e-02 2.649924974409789136e-01 5.299849948819578271e-01
1.345798718757837298e+00 -8.482814388375310433e-01 6.999006620486909747e-02 2.645563573321743078e-01 5.291127146643486157e-01
1.350570208631114433e+00 -8.750625386934213212e-01 6.975222440195713580e-02 2.641064641426959514e-01 5.282129282853919028e-01
1.355341698504391790e+00 -8.888232803149950234e-01 6.969786612863708430e-02 2.640035343108820820e-01 5.280070686217641640e-01
1.360113188377668925e+00 -8.862329071151143767e-01 6.990057740769022032e-02 2.643871733040206173e-01 5.287743466080412347e-01
1.364884678250946060e+00 -8.665632471107217460e-01 7.026076972832052958e-02 2.650674814614582542e-01 5.301349629229165084e-01
1.369656168124223417e+00 -8.317767612492984464e-01 7.056380861526813375e-02 2.656384923448936730e-01 5.312769846897873460e-01
1.374427657997500551e+00 -7.861844136301975317e-01 7.061735984628941809e-02 2.657392704255233107e-01 5.314785408510466214e-01
1.379199147870777686e+00 -7.357362740585060568e-01 7.037889492847190787e-02 2.652902088816545545e-01 5.305804177633091090e-01
1.383970637744055043e+00 -6.870648520038464824e-01 6.998873070390169981e-02 2.645538332814357241e-01 5.291076665628714482e-01
1.388742127617332178e+00 -6.464381955882021469e-01 6.968445344815116238e-02 2.639781306247757642e-01 5.279562612495515284e-01
1.393513617490609313e+00 -6.187891237019536028e-01 6.965037116719298427e-02 2.639135676072622561e-01 5.278271352145245121e-01
1.398285107363886670e+00 -6.069691169099113992e-01 6.989902416293732046e-02 2.643842358442297646e-01 5.287684716884595293e-01
1.403056597237163805e+00 -6.113358796202634782e-01 7.026231722706187399e-02 2.650704005109998374e-01 5.301408010219996747e-01
1.407828087110440940e+00 -6.297264590159710185e-01 7.049965275349569238e-02 2.655177070432322428e-01 5.310354140864644856e-01
1.412599576983718297e+00 -6.578061189334654113e-01 7.045486422726511544e-02 2.654333517613510218e-01 5.308667035227020436e-01
1.417371066856995432e+00 -6.897278138485014587e-01 7.016142608479739029e-02 2.648800220567745778e-01 5.297600441135491556e-01
1.422142556730272567e+00 -7.189915394465213883e-01 6.982713000539222947e-02 2.642482355766869184e-01 5.284964711533738368e-01
1.426914046603549924e+00 -7.393701611029913634e-01 6.970489961295855963e-02 2.640168547895352935e-01 5.280337095790705870e-01
1.431685536476827059e+00 -7.457659747131718531e-01 6.992853096342627195e-02 2.644400328305573922e-01 5.288800656611147843e-01
1.436457026350104194e+00 -7.348797520862487831e-01 7.041580678328965281e-02 2.653597685846323939e-01 5.307195371692647878e-01
1.441228516223381551e+00 -7.056091503712892399e-01 7.090261788568531787e-02 2.662754549065409204e-01 5.325509098130818408e-01
1.446000006096658685e+00 -6.591377711356216640e-01 7.109393645934050654e-02 2.666344622499884354e-01 5.332689244999768707e-01
1.450771495969935820e+00 -5.987200767224555298e-01 7.084682542580278408e-02 2.661706697324158211e-01 5.323413394648316421e-01
1.455542985843213177e+00 -5.292114570426762477e-01 7.027830409614232998e-02 2.651005546884848130e-01 5.302011093769696259e-01
1.460314475716490312e+00 -4.564220459365934679e-01 6.972910450034340568e-02 2.640626904739543090e-01 5.281253809479086181e-01
1.465085965589767447e+00 -3.863902558113105901e-01 6.959265801873516788e-02 2.638042039443935227e-01 5.276084078887870454e-01
1.469857455463044804e+00 -3.246753651938810714e-01 7.009488263536650665e-02 2.647543817113637843e-01 5.295087634227275686e-01
1.474628945336321939e+00 -2.757577602440170472e-01 7.114387961164789220e-02 2.667281005286992746e-01 5.334562010573985491e-01
1.479400435209599074e+00 -2.426130197654838561e-01 7.233946753509316874e-02 2.689599738531612272e-01 5.379199477063224544e-01
1.484171925082876431e+00 -2.264993872556304300e-01 7.315231157942718443e-02 2.704668400736533473e-01 5.409336801473066947e-01
1.488943414956153566e+00 -2.269657195835854124e-01 7.319097201391423779e-02 2.705383004565420912e-01 5.410766009130841825e-01
1.493714904829430701e+00 -2.420599197735274766e-01 7.242103619245571222e-02 2.691115682992013536e-01 5.382231365984027072e-01
1.498486394702708058e+00 -2.686923526230055592e-01 7.121648699078227118e-02 2.668641732994188609e-01 5.337283465988377218e-01
1.503257884575985193e+00 -3.030952147432543486e-01 7.020496100553302865e-02 2.649621878788236407e-01 5.299243757576472813e-01
1.508029374449262328e+00 -3.413107852872875880e-01 6.997462298638214284e-02 2.645271687112349390e-01 5.290543374224698780e-01
1.512800864322539685e+00 -3.796468346145228656e-01 7.078383173120254834e-02 2.660523101406987445e-01 5.321046202813974890e-01
1.517572354195816819e+00 -4.150467948753749359e-01 7.241666260252137277e-02 2.691034421974594082e-01 5.382068843949188164e-01
1.522343844069093954e+00 -4.453403255786898551e-01 7.425756429889494858e-02 2.725024115469346642e-01 5.450048230938693283e-01
1.527115333942371311e+00 -4.693593929790014774e-01 7.555428395244397077e-02 2.748713952968623864e-01 5.497427905937247727e-01
1.531886823815648446e+00 -4.869218851966230499e-01 7.575123986311582680e-02 2.752294313170665085e-01 5.504588626341330171e-01
1.536658313688925803e+00 -4.987029470372179030e-01 7.474433536553025392e-02 2.733941026531667151e-01 5.467882053063334302e-01
1.541429803562202938e+00 -5.060225327763696601e-01 7.294228612249342714e-02 2.700782962818253363e-01 5.401565925636506726e-01
1.546201293435480073e+00 -5.105849945792280131e-01 7.110267640450465554e-02 2.666508511227831391e-01 5.333017022455662781e-01
1.550972783308757430e+00 -5.142058873391979201e-01 7.000787309042301454e-02 2.645900094304828865e-01 5.291800188609657729e-01
1.555744273182034565e+00 -5.185578814912545909e-01 7.011865196385130838e-02 2.647992673023309429e-01 5.295985346046618858e-01
1.560515763055311700e+00 -5.249611650832686216e-01 7.136054900014919544e-02 2.671339532896355728e-01 5.342679065792711457e-01
1.565287252928589057e+00 -5.342355136102322488e-01 7.314653286177484615e-02 2.704561570047441799e-01 5.409123140094883597e-01
1.570058742801866192e+00 -5.466221962406813129e-01 7.463633836456713688e-02 2.731965196787234373e-01 5.463930393574468747e-01
1.574830232675143327e+00 -5.617764824978831451e-01 7.512096950790134176e-02 2.740820488611053762e-01 5.481640977222107525e-01
1.579601722548420684e+00 -5.788232173081263587e-01 7.435502521259237940e-02 2.726811786915121494e-01 5.453623573830242988e-01
1.584373212421697819e+00 -5.964640944470134265e-01 7.267683943847183525e-02 2.695864229490643749e-01 5.391728458981287497e-01
1.589144702294974953e+00 -6.131200390585034299e-01 7.085405218564251595e-02 2.661842448110753878e-01 5.323684896221507756e-01
1.593916192168252310e+00 -6.270929051498830287e-01 6.972407745062909890e-02 2.640531716352392255e-01 5.281063432704784510e-01
1.598687682041529445e+00 -6.367306918438795371e-01 6.979998409839353879e-02 2.641968661782223560e-01 5.283937323564447119e-01
1.603459171914806580e+00 -6.405839732358464822e-01 7.103030146172785442e-02 2.665151055038491590e-01 5.330302110076983180e-01
1.608230661788083937e+00 -6.375450953357769679e-01 7.282731623444251012e-02 2.698653668673371975e-01 5.397307337346743950e-01
1.613002151661361072e+00 -6.269639104978261823e-01 7.434851947564499741e-02 2.726692492299874204e-01 5.453384984599748408e-01
1.617773641534638207e+00 -6.087380316334171093e-01 7.489477136055480710e-02 2.736690909849974207e-01 5.473381819699948414e-01
1.622545131407915564e+00 -5.833735523166545534e-01 7.423428189875726224e-02 2.724596885756813691e-01 5.449193771513627382e-01
1.627316621281192699e+00 -5.520129870264413041e-01 7.270003919313865193e-02 2.696294479338980921e-01 5.392588958677961841e-01
1.632088111154469834e+00 -5.164242017150447728e-01 7.101915682028807353e-02 2.664941965977647431e-01 5.329883931955294862e-01
1.636859601027747191e+00 -4.789426322157714910e-01 6.996087855894207730e-02 2.645011881994900893e-01 5.290023763989801786e-01
1.641631090901024326e+00 -4.423601185705718919e-01 6.997394599909595447e-02 2.645258890904554905e-01 5.290517781809109810e-01
1.646402580774301461e+00 -4.097569842733084777e-01 7.098441706770214354e-02 2.664290094334739178e-01 5.328580188669478357e-01
1.651174070647578818e+00 -3.842790907984515170e-01 7.244457397481984806e-02 2.691552971331231947e-01 5.383105942662463894e-01
1.655945560520855953e+00 -3.688706545601703746e-01 7.360367749985176344e-02 2.712999769624976909e-01 5.425999539249953818e-01
1.660717050394133087e+00 -3.659811795725624317e-01 7.386945343256344498e-02 2.717893548919152469e-01 5.435787097838304938e-01
1.665488540267410444e+00 -3.772730256205968358e-01 7.309136326454085397e-02 2.703541441601013395e-01 5.407082883202026791e-01
1.670260030140687579e+00 -4.033599151850897346e-01 7.163678267669404409e-02 2.676504860385910956e-01 5.353009720771821911e-01
1.675031520013964714e+00 -4.436084396721820533e-01 7.022654867762734288e-02 2.650029220171493671e-01 5.300058440342987343e-01
1.679803009887242071e+00 -4.960314760459267336e-01 6.960367848888933395e-02 2.638250907114206290e-01 5.276501814228412579e-01
1.684574499760519206e+00 -5.572957565035200345e-01 7.018169969008311582e-02 2.649182887044288504e-01 5.298365774088577007e-01
1.689345989633796341e+00 -6.228554993570213361e-01 7.182910829240973793e-02 2.680095302268367674e-01 5.360190604536735348e-01
1.694117479507073698e+00 -6.872122823453065132e-01 7.389171145466236212e-02 2.718302990004284880e-01 5.436605980008569761e-01
1.698888969380350833e+00 -7.442884921072799864e-01 7.545735158455410541e-02 2.746950155801049509e-01 5.493900311602099018e-01
1.703660459253627968e+00 -7.878872754824257640e-01 7.576535339491451138e-02 2.752550696988422807e-01 5.505101393976845614e-01
1.708431949126905325e+00 -8.122030377482264418e-01 7.459542431025270592e-02 2.731216291512861827e-01 5.462432583025723654e-01
1.713203439000182460e+00 -8.123379959528509442e-01 7.246650308080643255e-02 2.691960309529218276e-01 5.383920619058436552e-01
1.717974928873459595e+00 -7.847772237811363460e-01 7.054063300697666072e-02 2.655948663038814606e-01 5.311897326077629211e-01
1.722746418746736952e+00 -7.277778449595838639e-01 7.024071922764067721e-02 2.650296572605426171e-01 5.300593145210852342e-01
1.727517908620014087e+00 -6.416349855744974962e-01 7.270979013925386869e-02 2.696475294514190102e-01 5.392950589028380204e-01
