# X mu var std 2std
0.000000000000000000e+00 -1.372953363676333860e-02 4.362577895947469288e-03 6.604981374650097103e-02 1.320996274930019421e-01
4.008016032064127925e-03 -7.662056799109559328e-03 3.417562422324042781e-03 5.845992150460042197e-02 1.169198430092008439e-01
8.016032064128255849e-03 -1.456816278699651565e-03 3.110359175362608589e-03 5.577059418154524384e-02 1.115411883630904877e-01
1.202404809619238291e-02 4.843750024119429509e-03 3.110297739414230080e-03 5.577004338723639404e-02 1.115400867744727881e-01
1.603206412825651170e-02 1.129094491738070333e-02 3.175199859327243121e-03 5.634891178476513635e-02 1.126978235695302727e-01
2.004008016032064049e-02 1.797414384703470772e-02 3.189479055861596871e-03 5.647547304681561214e-02 1.129509460936312243e-01
2.404809619238476581e-02 2.499035736591018880e-02 3.137045697007373023e-03 5.600933580223365488e-02 1.120186716044673098e-01
2.805611222444889460e-02 3.244037021699368306e-02 3.054378321887842290e-03 5.526643033422588142e-02 1.105328606684517628e-01
3.206412825651302340e-02 4.043879306409369628e-02 2.986977309193553174e-03 5.465324609932655647e-02 1.093064921986531129e-01
3.607214428857714872e-02 4.912383112237927313e-02 2.960089961210081964e-03 5.440670878862350485e-02 1.088134175772470097e-01
4.008016032064128098e-02 5.865305143349831829e-02 2.969383248932019447e-03 5.449204757514640451e-02 1.089840951502928090e-01
4.408817635270540630e-02 6.917697127442520855e-02 2.990055911058660948e-03 5.468140370417223090e-02 1.093628074083444618e-01
4.809619238476953162e-02 8.079558191908366160e-02 2.995142334632026632e-03 5.472789357020811651e-02 1.094557871404162330e-01
5.210420841683366389e-02 9.351532172730286918e-02 2.971245360495182279e-03 5.450913098275537993e-02 1.090182619655107599e-01
5.611222444889778921e-02 1.072311280763942470e-01 2.923722209463157449e-03 5.407145466383494331e-02 1.081429093276698866e-01
6.012024048096192147e-02 1.217546629906444688e-01 2.870249318992311796e-03 5.357470782927623021e-02 1.071494156585524604e-01
6.412825651302604679e-02 1.368933081228886350e-01 2.828653651885339963e-03 5.318508862346042754e-02 1.063701772469208551e-01
6.813627254509017905e-02 1.525517447887415612e-01 2.808282757497394290e-03 5.299323312930995927e-02 1.059864662586199185e-01
7.214428857715429744e-02 1.687961717819231044e-01 2.809796534072019937e-03 5.300751393974273418e-02 1.060150278794854684e-01
7.615230460921842970e-02 1.858292946275170443e-01 2.829410398329623277e-03 5.319220242037006607e-02 1.063844048407401321e-01
8.016032064128256196e-02 2.038847116555637939e-01 2.860903294644754919e-03 5.348741248784385366e-02 1.069748249756877073e-01
8.416833667334668034e-02 2.231087214885266734e-01 2.894394121093124897e-03 5.379957361441747160e-02 1.075991472288349432e-01
8.817635270541081260e-02 2.434941864474929329e-01 2.916812157746294289e-03 5.400751945559335160e-02 1.080150389111867032e-01
9.218436873747494487e-02 2.648812410053336119e-01 2.918093839668615963e-03 5.401938392529681554e-02 1.080387678505936311e-01
9.619238476953906325e-02 2.870050400108848931e-01 2.899626005230172398e-03 5.384817550511969420e-02 1.076963510102393884e-01
1.002004008016031955e-01 3.095680698366315431e-01 2.876327102931698892e-03 5.363140034468332623e-02 1.072628006893666525e-01
1.042084168336673278e-01 3.323222960942904258e-01 2.868172205357465837e-03 5.355531911358073216e-02 1.071106382271614643e-01
1.082164328657314600e-01 3.551446033809160241e-01 2.886751882782134185e-03 5.372850158698020545e-02 1.074570031739604109e-01
1.122244488977955784e-01 3.780839714314119804e-01 2.927408489588718792e-03 5.410553104432779675e-02 1.082110620886555935e-01
1.162324649298597107e-01 4.013610365743956465e-01 2.972784284746251334e-03 5.452324536146258699e-02 1.090464907229251740e-01
1.202404809619238429e-01 4.253137854294598008e-01 3.004429056915355542e-03 5.481267241172751992e-02 1.096253448234550398e-01
1.242484969939879613e-01 4.502992549567531588e-01 3.013861506634238092e-03 5.489864758474691242e-02 1.097972951694938248e-01
1.282565130260520936e-01 4.765750449283885359e-01 3.006008372052844813e-03 5.482707699716304200e-02 1.096541539943260840e-01
1.322645290581162258e-01 5.041940270615848929e-01 2.993527762274514510e-03 5.471314067273523596e-02 1.094262813454704719e-01
1.362725450901803581e-01 5.329497648135985699e-01 2.986570577955559736e-03 5.464952495635767155e-02 1.092990499127153431e-01
1.402805611222444904e-01 5.624009632185236196e-01 2.985832682628860452e-03 5.464277337973302839e-02 1.092855467594660568e-01
1.442885771543085949e-01 5.919756899848205300e-01 2.984120957816888998e-03 5.462710826885209398e-02 1.092542165377041880e-01
1.482965931863727271e-01 6.211194055405374614e-01 2.974045106769023124e-03 5.453480637876165910e-02 1.090696127575233182e-01
1.523046092184368594e-01 6.494248635946897608e-01 2.954201502719300265e-03 5.435256666174376888e-02 1.087051333234875378e-01
1.563126252505009917e-01 6.766876395332067640e-01 2.929114389519128780e-03 5.412129330974204539e-02 1.082425866194840908e-01
1.603206412825651239e-01 7.028680678394396697e-01 2.905102951546608553e-03 5.389900696252768880e-02 1.077980139250553776e-01
1.643286573146292562e-01 7.279904612597741798e-01 2.887026754656448445e-03 5.373105949687246446e-02 1.074621189937449289e-01
1.683366733466933607e-01 7.520437224359936002e-01 2.877937973734957366e-03 5.364641622452479691e-02 1.072928324490495938e-01
1.723446893787574929e-01 7.749400274144022660e-01 2.879731802943706707e-03 5.366313262327970790e-02 1.073262652465594158e-01
1.763527054108216252e-01 7.965448259501597406e-01 2.892238109850647342e-03 5.377953244358533308e-02 1.075590648871706662e-01
1.803607214428857575e-01 8.167430358636926790e-01 2.911264087824670058e-03 5.395613114211090383e-02 1.079122622842218077e-01
1.843687374749498897e-01 8.354899858458346706e-01 2.928589459522549891e-03 5.411644352248722728e-02 1.082328870449744546e-01
1.883767535070140220e-01 8.528145940242169987e-01 2.935299285224730274e-03 5.417840238715728590e-02 1.083568047743145718e-01
1.923847695390781265e-01 8.687755328031060431e-01 2.926334719405455833e-03 5.409560720987847265e-02 1.081912144197569453e-01
1.963927855711422588e-01 8.833955437087577245e-01 2.902960959326321075e-03 5.387913287466977036e-02 1.077582657493395407e-01
2.004008016032063910e-01 8.966073051081692169e-01 2.871651674508918142e-03 5.358779408138496930e-02 1.071755881627699386e-01
2.044088176352705233e-01 9.082391784350483110e-01 2.840514866743354752e-03 5.329648081011873623e-02 1.065929616202374725e-01
2.084168336673346555e-01 9.180532052865369996e-01 2.815890121227355557e-03 5.306496133257194298e-02 1.061299226651438860e-01
2.124248496993987878e-01 9.258206741388913530e-01 2.800921968463926728e-03 5.292373728738293537e-02 1.058474745747658707e-01
2.164328657314629201e-01 9.313921938442216719e-01 2.795461833094801431e-03 5.287212718526464877e-02 1.057442543705292975e-01
2.204408817635270246e-01 9.347082838414695338e-01 2.795987206171088226e-03 5.287709528870783438e-02 1.057541905774156688e-01
2.244488977955911568e-01 9.357204295985810383e-01 2.796903210956117915e-03 5.288575621995130621e-02 1.057715124399026124e-01
2.284569138276552891e-01 9.342472506801680066e-01 2.795193103939750973e-03 5.286958581206922109e-02 1.057391716241384422e-01
2.324649298597194214e-01 9.298457428115228796e-01 2.794614769883884894e-03 5.286411608911932569e-02 1.057282321782386514e-01
2.364729458917835536e-01 9.217953187011227456e-01 2.802273134101485649e-03 5.293650096201566596e-02 1.058730019240313319e-01
2.404809619238476859e-01 9.092533039830540398e-01 2.819866975707705902e-03 5.310241967846385941e-02 1.062048393569277188e-01
2.444889779559117904e-01 8.915528554208151935e-01 2.842085416253562705e-03 5.331121285671113624e-02 1.066224257134222725e-01
2.484969939879759226e-01 8.685180584040148588e-01 2.864543227967571680e-03 5.352142774597452163e-02 1.070428554919490433e-01
2.525050100200400549e-01 8.406270076719146722e-01 2.886590503686608557e-03 5.372699976442578407e-02 1.074539995288515681e-01
2.565130260521041872e-01 8.089036325998617549e-01 2.903343605209495002e-03 5.388268372315446059e-02 1.077653674463089212e-01
2.605210420841683194e-01 7.745407790210496746e-01 2.903691956227584439e-03 5.388591612126107655e-02 1.077718322425221531e-01
2.645290581162324517e-01 7.383772543890582130e-01 2.883600767547960138e-03 5.369916915137477181e-02 1.073983383027495436e-01
2.685370741482965840e-01 7.004127955029201269e-01 2.855820768029163504e-03 5.343987994025775623e-02 1.068797598805155125e-01
2.725450901803607162e-01 6.595514901394496921e-01 2.839553771242586157e-03 5.328746354671599905e-02 1.065749270934319981e-01
2.765531062124248485e-01 6.137486014411136503e-01 2.845169971333999601e-03 5.334013471424682573e-02 1.066802694284936515e-01
2.805611222444889807e-01 5.606910723693133702e-01 2.872514564309695383e-03 5.359584465525005226e-02 1.071916893105001045e-01
2.845691382765530575e-01 4.990004317330908878e-01 2.911928078798910798e-03 5.396228385454891752e-02 1.079245677090978350e-01
2.885771543086171897e-01 4.296530705368046821e-01 2.938861538847027405e-03 5.421126763733741943e-02 1.084225352746748389e-01
2.925851703406813220e-01 3.568762847471330657e-01 2.928554416179746794e-03 5.411611974430305394e-02 1.082322394886061079e-01
2.965931863727454543e-01 2.873612935605219798e-01 2.889137797889373450e-03 5.375070044091866117e-02 1.075014008818373223e-01
3.006012024048095865e-01 2.268516578818201013e-01 2.855756935296362153e-03 5.343928269818338378e-02 1.068785653963667676e-01
3.046092184368737188e-01 1.751262325877626091e-01 2.868345889368242255e-03 5.355694062741300776e-02 1.071138812548260155e-01
3.086172344689378511e-01 1.238315628694844905e-01 3.002803964145136627e-03 5.479784634586597203e-02 1.095956926917319441e-01
3.126252505010019833e-01 6.198950213491075112e-02 3.392053915950259558e-03 5.824134198273817065e-02 1.164826839654763413e-01
3.166332665330661156e-01 -1.350419537410439338e-02 3.943593073715905353e-03 6.279803399562684796e-02 1.255960679912536959e-01
3.206412825651302478e-01 -9.361174478282299760e-02 4.137066845842557461e-03 6.432003456033398570e-02 1.286400691206679714e-01
3.246492985971943801e-01 -1.654096708569376684e-01 3.813636336108904186e-03 6.175464627142563528e-02 1.235092925428512706e-01
3.286573146292585124e-01 -2.243985757784037471e-01 3.457676755964753275e-03 5.880201319652884895e-02 1.176040263930576979e-01
3.326653306613226446e-01 -2.779722681612031288e-01 3.345871216785589741e-03 5.784350626289514602e-02 1.156870125257902920e-01
3.366733466933867214e-01 -3.374238415990190587e-01 3.273597708467287926e-03 5.721536252150542790e-02 1.144307250430108558e-01
3.406813627254508536e-01 -4.065193863987264233e-01 3.119496281649021194e-03 5.585245099052521534e-02 1.117049019810504307e-01
3.446893787575149859e-01 -4.762742137638942275e-01 4.151244138222513411e-03 6.443014929536104718e-02 1.288602985907220944e-01
3.486973947895791182e-01 -5.303139592129946234e-01 1.025499427158927182e-02 1.012669456021522973e-01 2.025338912043045947e-01
3.527054108216432504e-01 -5.568200634796456328e-01 2.678525847269041735e-02 1.636620251392802983e-01 3.273240502785605965e-01
3.567134268537073827e-01 -5.561006968822632679e-01 5.515884252590212700e-02 2.348591972350713153e-01 4.697183944701426306e-01
3.607214428857715149e-01 -5.373982228696575492e-01 8.998235461095453747e-02 2.999705895766359154e-01 5.999411791532718308e-01
3.647294589178356472e-01 -5.107938124440682959e-01 1.234788724665815546e-01 3.513956067832686436e-01 7.027912135665372872e-01
3.687374749498997795e-01 -4.827192803071062022e-01 1.491026736375127282e-01 3.861381535636082551e-01 7.722763071272165103e-01
3.727454909819639117e-01 -4.564739057069882588e-01 1.643456991877492446e-01 4.053957315855080124e-01 8.107914631710160247e-01
3.767535070140280440e-01 -4.332956804239254112e-01 1.703816792109634215e-01 4.127731570862662180e-01 8.255463141725324361e-01
3.807615230460921762e-01 -4.124055565640740717e-01 1.697400066036217625e-01 4.119951536166678863e-01 8.239903072333357725e-01
3.847695390781562530e-01 -3.915987239430819278e-01 1.658872765248698700e-01 4.072926178128813968e-01 8.145852356257627935e-01
3.887775551102203853e-01 -3.685068118679308280e-01 1.623103871566196343e-01 4.028776329813056889e-01 8.057552659626113778e-01
3.927855711422845175e-01 -3.416090911345542325e-01 1.613324244750323488e-01 4.016620774669079075e-01 8.033241549338158149e-01
3.967935871743486498e-01 -3.103942811453523909e-01 1.622062375991449035e-01 4.027483551786957827e-01 8.054967103573915654e-01
4.008016032064127820e-01 -2.748414389277016867e-01 1.612308098190428363e-01 4.015355648246402009e-01 8.030711296492804019e-01
4.048096192384769143e-01 -2.357758910030318955e-01 1.551904264300495440e-01 3.939421612750398927e-01 7.878843225500797853e-01
4.088176352705410466e-01 -1.950932086646673391e-01 1.468919987601190469e-01 3.832649198141137581e-01 7.665298396282275162e-01
4.128256513026051788e-01 -1.540550849553056767e-01 1.421169274982078956e-01 3.769839883843979500e-01 7.539679767687959000e-01
4.168336673346693111e-01 -1.128257680078555009e-01 1.420743282517575867e-01 3.769274840758598533e-01 7.538549681517197065e-01
4.208416833667334433e-01 -7.195142390401636223e-02 1.463102535586370545e-01 3.825052333741815191e-01 7.650104667483630383e-01
4.248496993987975756e-01 -3.236976261199164123e-02 1.511655321340877878e-01 3.888001184851771486e-01 7.776002369703542971e-01
4.288577154308617079e-01 5.239752229881525572e-03 1.534736226295591588e-01 3.917570964635601061e-01 7.835141929271202121e-01
4.328657314629258401e-01 3.997577076537257856e-02 1.573830011157089093e-01 3.967152645357989171e-01 7.934305290715978343e-01
4.368737474949899169e-01 7.053574332170667316e-02 1.618937645763741107e-01 4.023602422908780785e-01 8.047204845817561569e-01
4.408817635270540491e-01 9.595957696556547956e-02 1.624131285099671973e-01 4.030051221882510748e-01 8.060102443765021496e-01
4.448897795591181814e-01 1.166039560054233093e-01 1.611952755429217343e-01 4.014913144053326999e-01 8.029826288106653998e-01
4.488977955911823137e-01 1.331305747503202797e-01 1.611423490791331070e-01 4.014253966543884777e-01 8.028507933087769555e-01
4.529058116232464459e-01 1.452941174145520042e-01 1.612263146628840071e-01 4.015299673285718796e-01 8.030599346571437591e-01
4.569138276553105782e-01 1.529763388491191811e-01 1.611842478645386656e-01 4.014775807744919156e-01 8.029551615489838312e-01
4.609218436873747105e-01 1.564476038945022129e-01 1.611403564198373994e-01 4.014229146671093873e-01 8.028458293342187746e-01
4.649298597194388427e-01 1.561308138334438489e-01 1.609647462277833396e-01 4.012041204023001351e-01 8.024082408046002701e-01
4.689378757515029750e-01 1.526354231484213508e-01 1.614863051965303997e-01 4.018535867657900829e-01 8.037071735315801657e-01
4.729458917835671072e-01 1.467815516423267019e-01 1.632093164688556697e-01 4.039917282183580483e-01 8.079834564367160965e-01
4.769539078156312395e-01 1.390187290746866255e-01 1.649548045405202501e-01 4.061462846567973073e-01 8.122925693135946146e-01
4.809619238476953718e-01 1.297703816018986323e-01 1.657553271625262781e-01 4.071306020953550098e-01 8.142612041907100195e-01
4.849699398797595040e-01 1.202562028834576746e-01 1.658813257454502532e-01 4.072853124597672902e-01 8.145706249195345805e-01
4.889779559118235808e-01 1.117148723153185974e-01 1.653663347379138726e-01 4.066525971119745453e-01 8.133051942239490906e-01
4.929859719438877130e-01 1.050616864537012446e-01 1.643965496789988878e-01 4.054584438373418642e-01 8.109168876746837284e-01
4.969939879759518453e-01 1.005924604623806284e-01 1.623947954280425265e-01 4.029823760762281104e-01 8.059647521524562208e-01
5.010020040080159776e-01 9.845292594691255894e-02 1.603566080582430053e-01 4.004455119716576195e-01 8.008910239433152389e-01
5.050100200400801098e-01 9.855239945469708440e-02 1.596558014381867785e-01 3.995695201566140109e-01 7.991390403132280218e-01
5.090180360721442421e-01 9.998828147007639278e-02 1.596718470023324177e-01 3.995895982158850224e-01 7.991791964317700447e-01
5.130260521042083743e-01 1.024901925986612811e-01 1.593079767079994824e-01 3.991340335125526106e-01 7.982680670251052213e-01
5.170340681362725066e-01 1.063238533872561814e-01 1.582529953294542768e-01 3.978102504077217216e-01 7.956205008154434433e-01
5.210420841683366389e-01 1.109407702201859469e-01 1.569144613454299675e-01 3.961243003722820788e-01 7.922486007445641576e-01
5.250501002004007711e-01 1.151790607052278620e-01 1.561170364022050894e-01 3.951164845994217800e-01 7.902329691988435600e-01
5.290581162324649034e-01 1.176608221678188404e-01 1.568873489002004795e-01 3.960900767504791919e-01 7.921801535009583839e-01
5.330661322645290356e-01 1.177816079173946290e-01 1.595415592013865735e-01 3.994265379282986306e-01 7.988530758565972612e-01
5.370741482965931679e-01 1.154648572850770633e-01 1.633347740652198732e-01 4.041469708722556509e-01 8.082939417445113017e-01
5.410821643286573002e-01 1.094056729544319456e-01 1.664336533654325045e-01 4.079628088017736021e-01 8.159256176035472041e-01
5.450901803607214324e-01 9.835273980132631932e-02 1.676844593930582883e-01 4.094929296008152919e-01 8.189858592016305838e-01
5.490981963927855647e-01 8.328286817582802870e-02 1.673094096370408845e-01 4.090347291331640767e-01 8.180694582663281533e-01
5.531062124248496970e-01 6.554141023896682683e-02 1.653083697287469622e-01 4.065813199456499438e-01 8.131626398912998877e-01
5.571142284569138292e-01 4.507685073965302797e-02 1.631819777918716297e-01 4.039578911122688187e-01 8.079157822245376375e-01
5.611222444889779615e-01 2.238662269196730129e-02 1.616494475461853764e-01 4.020565228250692069e-01 8.041130456501384138e-01
5.651302605210419827e-01 -6.258823666197598553e-04 1.600196577244998031e-01 4.000245714009325604e-01 8.000491428018651208e-01
5.691382765531061150e-01 -2.194438114891825164e-02 1.577438082140450448e-01 3.971697473550132584e-01 7.943394947100265169e-01
5.731462925851702472e-01 -4.113626496369309632e-02 1.544885911492752117e-01 3.930503671913756492e-01 7.861007343827512983e-01
5.771543086172343795e-01 -5.836014276529110506e-02 1.499426243999663622e-01 3.872242559550813645e-01 7.744485119101627291e-01
5.811623246492985118e-01 -7.326560097089061807e-02 1.448731949217384185e-01 3.806221156498114100e-01 7.612442312996228200e-01
5.851703406813626440e-01 -8.500469693064657828e-02 1.391257111112494116e-01 3.729955912758881609e-01 7.459911825517763218e-01
5.891783567134267763e-01 -9.223552344695142013e-02 1.312957485353220266e-01 3.623475521309920677e-01 7.246951042619841354e-01
5.931863727454909085e-01 -9.356600266666253995e-02 1.213470429748454427e-01 3.483490246503432308e-01 6.966980493006864616e-01
5.971943887775550408e-01 -8.853299051396336383e-02 1.100238111689206405e-01 3.316983737809406918e-01 6.633967475618813836e-01
6.012024048096191731e-01 -7.768515654313996877e-02 9.768420764133460554e-02 3.125447290250382704e-01 6.250894580500765407e-01
6.052104208416833053e-01 -6.165667352924001504e-02 8.448466695458481390e-02 2.906624622385642898e-01 5.813249244771285795e-01
6.092184368737474376e-01 -4.093980161753625613e-02 7.136422372583521578e-02 2.671408312591603829e-01 5.342816625183207657e-01
6.132264529058115698e-01 -1.556559625124077223e-02 5.894300627145015320e-02 2.427818079499577120e-01 4.855636158999154239e-01
6.172344689378757021e-01 1.450663770844970446e-02 4.648723170734622712e-02 2.156089787261797341e-01 4.312179574523594683e-01
6.212424849699398344e-01 4.831658292458312909e-02 3.473340270369001254e-02 1.863689960902564224e-01 3.727379921805128449e-01
6.252505010020039666e-01 8.463251469671363714e-02 2.475619702196618296e-02 1.573410214215167080e-01 3.146820428430334160e-01
6.292585170340680989e-01 1.222570570205460394e-01 1.671987851010855661e-02 1.293053692238205488e-01 2.586107384476410975e-01
6.332665330661322312e-01 1.592630284767125592e-01 1.075968580173939509e-02 1.037289053337563938e-01 2.074578106675127875e-01
6.372745490981963634e-01 1.940452511626396814e-01 7.102687853257074260e-03 8.427744569727463331e-02 1.685548913945492666e-01
6.412825651302604957e-01 2.277456772578019817e-01 5.183873696770121067e-03 7.199912288889442902e-02 1.439982457777888580e-01
6.452905811623246279e-01 2.634692271369630245e-01 4.116984094174934092e-03 6.416372880510401444e-02 1.283274576102080289e-01
6.492985971943887602e-01 3.025563152434135317e-01 3.453797678343981884e-03 5.876901971569699346e-02 1.175380394313939869e-01
6.533066132264528925e-01 3.428884942269873615e-01 3.100925205156163794e-03 5.568595159603689088e-02 1.113719031920737818e-01
6.573146292585170247e-01 3.804010359397127505e-01 2.989326743916528254e-03 5.467473588337239121e-02 1.093494717667447824e-01
6.613226452905811570e-01 4.111086922951602829e-01 2.992875163436015465e-03 5.470717652590028485e-02 1.094143530518005697e-01
6.653306613226452892e-01 4.319919601499019879e-01 3.017343125611227604e-03 5.493034794729801523e-02 1.098606958945960305e-01
6.693386773547093105e-01 4.409322817009653783e-01 3.038892350398467689e-03 5.512614942473732793e-02 1.102522988494746559e-01
6.733466933867734427e-01 4.363692006403421253e-01 3.069963495379119875e-03 5.540725128878998956e-02 1.108145025775799791e-01
6.773547094188375750e-01 4.171652967928030642e-01 3.116710019573469548e-03 5.582750235836696912e-02 1.116550047167339382e-01
6.813627254509017073e-01 3.830177769379251029e-01 3.156135318022018892e-03 5.617949197013104995e-02 1.123589839402620999e-01
6.853707414829658395e-01 3.356188121276948988e-01 3.140739932023937659e-03 5.604230484218094416e-02 1.120846096843618883e-01
6.893787575150299718e-01 2.799911676464719168e-01 3.045256681103654470e-03 5.518384438496157229e-02 1.103676887699231446e-01
6.933867735470941041e-01 2.235920347271429243e-01 2.920944259528000624e-03 5.404576079146264367e-02 1.080915215829252873e-01
6.973947895791582363e-01 1.703952177296221282e-01 2.853107349428661912e-03 5.341448632560891890e-02 1.068289726512178378e-01
7.014028056112223686e-01 1.138333038384721635e-01 2.876057987304677689e-03 5.362889134883060127e-02 1.072577826976612025e-01
7.054108216432865008e-01 4.157462420430179523e-02 2.972872420516457261e-03 5.452405359578887251e-02 1.090481071915777450e-01
7.094188376753506331e-01 -4.633720922910196383e-02 3.040292115753851811e-03 5.513884398274823684e-02 1.102776879654964737e-01
7.134268537074147654e-01 -1.317398281996104981e-01 2.983757720920269738e-03 5.462378347313805171e-02 1.092475669462761034e-01
7.174348697394788976e-01 -1.987483508325427750e-01 2.891673146246422511e-03 5.377427959765172794e-02 1.075485591953034559e-01
7.214428857715430299e-01 -2.500349591326678778e-01 2.871261038553131993e-03 5.358414913529123413e-02 1.071682982705824683e-01
7.254509018036071621e-01 -2.963935917939838904e-01 2.927547138324704517e-03 5.410681230977024136e-02 1.082136246195404827e-01
7.294589178356712944e-01 -3.406875223198482794e-01 3.019026589076143942e-03 5.494566942968429762e-02 1.098913388593685952e-01
7.334669338677354267e-01 -3.770470040759698604e-01 3.094200072792033327e-03 5.562553435960893022e-02 1.112510687192178604e-01
7.374749498997995589e-01 -3.985348212806258394e-01 3.136668524953986972e-03 5.600596865472453473e-02 1.120119373094490695e-01
7.414829659318636912e-01 -4.014322214815305712e-01 3.120927774542537649e-03 5.586526447214348878e-02 1.117305289442869776e-01
7.454909819639278235e-01 -3.852865549201798800e-01 3.046915630333792407e-03 5.519887345167284048e-02 1.103977469033456810e-01
7.494989979959919557e-01 -3.527694711344949718e-01 2.957929102110842985e-03 5.438684677484844493e-02 1.087736935496968899e-01
7.535070140280560880e-01 -3.101159321170761651e-01 2.876652718211143711e-03 5.363443593635663226e-02 1.072688718727132645e-01
7.575150300601202202e-01 -2.644228291194777869e-01 2.827055820466748120e-03 5.317006507863938913e-02 1.063401301572787783e-01
7.615230460921843525e-01 -2.161347752430560210e-01 2.833471193827932170e-03 5.323035970034330211e-02 1.064607194006866042e-01
7.655310621242484848e-01 -1.559973412824028072e-01 2.919104472849932876e-03 5.402873747229276769e-02 1.080574749445855354e-01
7.695390781563125060e-01 -7.734560899249315336e-02 3.046066198906802972e-03 5.519117863306420568e-02 1.103823572661284114e-01
7.735470941883766383e-01 9.525492984494874499e-03 3.060995586144237262e-03 5.532626488517219249e-02 1.106525297703443850e-01
7.775551102204407705e-01 8.557379299243611515e-02 2.951733042329939688e-03 5.432985406137163381e-02 1.086597081227432676e-01
7.815631262525049028e-01 1.437238651979198534e-01 2.871142878855410894e-03 5.358304656190622517e-02 1.071660931238124503e-01
7.855711422845690350e-01 1.914748512002436287e-01 2.873251877953833609e-03 5.360272267295602272e-02 1.072054453459120454e-01
7.895791583166331673e-01 2.365524415015009263e-01 2.934512751619839949e-03 5.417114316331011342e-02 1.083422863266202268e-01
7.935871743486972996e-01 2.783668143376550885e-01 3.017135477593037816e-03 5.492845781189416993e-02 1.098569156237883399e-01
7.975951903807614318e-01 3.111365792678458808e-01 3.091170126141288242e-03 5.559829247505077704e-02 1.111965849501015541e-01
8.016032064128255641e-01 3.293971990421943330e-01 3.142650558448938005e-03 5.605934853750031005e-02 1.121186970750006201e-01
8.056112224448896963e-01 3.302700331989525950e-01 3.162217729531316586e-03 5.623359964942060280e-02 1.124671992988412056e-01
8.096192384769538286e-01 3.135551526250282550e-01 3.137179936025433734e-03 5.601053415229526045e-02 1.120210683045905209e-01
8.136272545090179609e-01 2.817740918434353259e-01 3.059390487935953300e-03 5.531175723059206240e-02 1.106235144611841248e-01
8.176352705410820931e-01 2.402534068083660712e-01 2.947769965387888377e-03 5.429336944220618244e-02 1.085867388844123649e-01
8.216432865731462254e-01 1.951491131561557124e-01 2.854074628271216583e-03 5.342354002002503571e-02 1.068470800400500714e-01
8.256513026052103577e-01 1.479933512709137589e-01 2.821854998871903969e-03 5.312113514291560978e-02 1.062422702858312196e-01
8.296593186372744899e-01 9.202618436755867493e-02 2.871362566296091316e-03 5.358509649423141147e-02 1.071701929884628229e-01
8.336673346693386222e-01 1.998369005501065068e-02 3.046360467900509263e-03 5.519384447472842209e-02 1.103876889494568442e-01
8.376753507014027544e-01 -6.193228192588176584e-02 3.353724517216119527e-03 5.791135050416385682e-02 1.158227010083277136e-01
8.416833667334668867e-01 -1.363367672726637225e-01 3.622935370004634441e-03 6.019082463303385144e-02 1.203816492660677029e-01
8.456913827655310190e-01 -1.934258384029542699e-01 3.813711834626927043e-03 6.175525754643831911e-02 1.235105150928766382e-01
8.496993987975951512e-01 -2.371721651060777203e-01 4.231896192616254292e-03 6.505302600660675671e-02 1.301060520132135134e-01
8.537074148296592835e-01 -2.733116451462387353e-01 5.113206484786220196e-03 7.150668839196945570e-02 1.430133767839389114e-01
8.577154308617234157e-01 -3.014535769742353599e-01 6.219828374722768602e-03 7.886588853695093715e-02 1.577317770739018743e-01
8.617234468937875480e-01 -3.179832127257513630e-01 6.975353357404536631e-03 8.351858091110346549e-02 1.670371618222069310e-01
8.657314629258516803e-01 -3.202772832985066875e-01 6.936035251488973860e-03 8.328286289200782788e-02 1.665657257840156558e-01
8.697394789579158125e-01 -3.080148257223716546e-01 6.081942156225584456e-03 7.798680757811275732e-02 1.559736151562255146e-01
8.737474949899798338e-01 -2.834228251324857895e-01 4.874784837235373973e-03 6.981965938928214044e-02 1.396393187785642809e-01
8.777555110220439660e-01 -2.505535048028321721e-01 3.943146301752869023e-03 6.279447668189351572e-02 1.255889533637870314e-01
8.817635270541080983e-01 -2.110671477960906206e-01 3.577112113462135000e-03 5.980896348760890435e-02 1.196179269752178087e-01
8.857715430861722306e-01 -1.599407482030760497e-01 3.817448820755034878e-03 6.178550655902267930e-02 1.235710131180453586e-01
8.897795591182363628e-01 -9.222507851573237547e-02 4.765326364226475653e-03 6.903134334652974435e-02 1.380626866930594887e-01
8.937875751503004951e-01 -1.494442274708927994e-02 5.787279867353902450e-03 7.607417345823681842e-02 1.521483469164736368e-01
8.977955911823646273e-01 5.767252517028220726e-02 5.907970427083812995e-03 7.686332302915228898e-02 1.537266460583045780e-01
9.018036072144287596e-01 1.180925873988184771e-01 5.469289131164687193e-03 7.395464239089177827e-02 1.479092847817835565e-01
9.058116232464928919e-01 1.671986982942664512e-01 5.165402965563852325e-03 7.187073789494478893e-02 1.437414757898895779e-01
9.098196392785570241e-01 2.071697975406695258e-01 4.983280314469958408e-03 7.059235308778109841e-02 1.411847061755621968e-01
9.138276553106211564e-01 2.371715159348767310e-01 4.588900510152463599e-03 6.774142388636707202e-02 1.354828477727341440e-01
9.178356713426852886e-01 2.540999531718470816e-01 3.947912464181385639e-03 6.283241571180743501e-02 1.256648314236148700e-01
9.218436873747494209e-01 2.553296601299863133e-01 3.366521543261993040e-03 5.802173337002258791e-02 1.160434667400451758e-01
9.258517034068135532e-01 2.409374952081173027e-01 3.086470683324484248e-03 5.555601392580720305e-02 1.111120278516144061e-01
9.298597194388776854e-01 2.141303697048150823e-01 3.047384118352043647e-03 5.520311692605811560e-02 1.104062338521162312e-01
9.338677354709418177e-01 1.791176148041711269e-01 3.086115532999532049e-03 5.555281750730139273e-02 1.111056350146027855e-01
9.378757515030059499e-01 1.371062651411737998e-01 3.182602361915362350e-03 5.641455806718122939e-02 1.128291161343624588e-01
9.418837675350700822e-01 8.439338500770486584e-02 3.361895714810193402e-03 5.798185677270255994e-02 1.159637135454051199e-01
9.458917835671342145e-01 1.742034675394594709e-02 3.454459686992591289e-03 5.877465173859042907e-02 1.175493034771808581e-01
9.498997995991983467e-01 -5.849258220788282336e-02 3.257184330099463596e-03 5.707174721435697567e-02 1.141434944287139513e-01
9.539078156312624790e-01 -1.294638471497205900e-01 2.961806057796386588e-03 5.442247750513005272e-02 1.088449550102601054e-01
9.579158316633266113e-01 -1.850471791577688874e-01 2.815399473551176250e-03 5.306033804595647330e-02 1.061206760919129466e-01
9.619238476953907435e-01 -2.254695191334361026e-01 2.796091601093795079e-03 5.287808242640607698e-02 1.057561648528121540e-01
9.659318637274548758e-01 -2.554749342088376007e-01 2.834213488863938837e-03 5.323733172186542739e-02 1.064746634437308548e-01
9.699398797595190080e-01 -2.763904598809449609e-01 2.890851461678398907e-03 5.376663892859957078e-02 1.075332778571991416e-01
9.739478957915831403e-01 -2.856196015280824674e-01 2.918527654584242466e-03 5.402339913948624173e-02 1.080467982789724835e-01
9.779559118236471615e-01 -2.803346094423316281e-01 2.887851740998603062e-03 5.373873594529929992e-02 1.074774718905985998e-01
9.819639278557112938e-01 -2.601410774522748270e-01 2.828979208031801550e-03 5.318814913147289908e-02 1.063762982629457982e-01
9.859719438877754261e-01 -2.258547625838225326e-01 2.814810478205243688e-03 5.305478751446700281e-02 1.061095750289340056e-01
9.899799599198395583e-01 -1.722285423567477547e-01 2.993401398053410246e-03 5.471198587195871821e-02 1.094239717439174364e-01
9.939879759519036906e-01 -8.557426270237837584e-02 3.817734371906814084e-03 6.178781734214936622e-02 1.235756346842987324e-01
9.979959919839678228e-01 2.791788605590144259e-02 5.057455100332137327e-03 7.111578657606296150e-02 1.422315731521259230e-01
