# X mu var std 2std
-1.731812249505963575e+00 -2.329632105654351193e+00 9.973548998590668901e+00 3.158092620331244937e+00 6.316185240662489875e+00
-1.727040759632686440e+00 -2.289921098645591346e+00 9.543380334250590735e+00 3.089236205642195809e+00 6.178472411284391619e+00
-1.722269269759409083e+00 -2.240568114698078261e+00 9.320089229221681038e+00 3.052882118461451633e+00 6.105764236922903265e+00
-1.717497779886131948e+00 -2.264097738263660453e+00 9.396094225669836320e+00 3.065304915611143155e+00 6.130609831222286310e+00
-1.712726290012854813e+00 -2.314477697789453003e+00 9.547116761451906797e+00 3.089840895815172406e+00 6.179681791630344811e+00
-1.707954800139577456e+00 -2.408970663791908162e+00 1.021702433422039569e+01 3.196408036252630147e+00 6.392816072505260294e+00
-1.703183310266300321e+00 -2.436320408338541466e+00 1.008696159594073727e+01 3.175997732357618730e+00 6.351995464715237460e+00
-1.698411820393023186e+00 -2.417069333885915050e+00 9.540874938316287412e+00 3.088830674918307651e+00 6.177661349836615301e+00
-1.693640330519745829e+00 -2.357476599126654637e+00 9.513248680682401925e+00 3.084355472490549754e+00 6.168710944981099509e+00
-1.688868840646468694e+00 -2.320892414989889296e+00 9.661047553652558406e+00 3.108222571446993321e+00 6.216445142893986642e+00
-1.684097350773191559e+00 -2.267806234309935665e+00 9.772346910676938947e+00 3.126075320697973670e+00 6.252150641395947339e+00
-1.679325860899914202e+00 -2.210570155902440437e+00 9.405516440694128733e+00 3.066841443683407942e+00 6.133682887366815883e+00
-1.674554371026637067e+00 -2.203336358074898804e+00 8.859627766944914384e+00 2.976512685500418698e+00 5.953025371000837396e+00
-1.669782881153359932e+00 -2.219805523805226777e+00 8.605510978288920754e+00 2.933515123241896561e+00 5.867030246483793121e+00
-1.665011391280082576e+00 -2.251277840444507294e+00 8.498442134363179079e+00 2.915208763427274530e+00 5.830417526854549060e+00
-1.660239901406805441e+00 -2.256746286293708437e+00 8.703243807765559836e+00 2.950126066419121784e+00 5.900252132838243568e+00
-1.655468411533528306e+00 -2.263676223676554411e+00 9.013906319194930461e+00 3.002316825252613341e+00 6.004633650505226683e+00
-1.650696921660250949e+00 -2.254143032140420111e+00 8.927206457026802155e+00 2.987843111180170652e+00 5.975686222360341304e+00
-1.645925431786973814e+00 -2.279011579949725252e+00 9.484388476187488592e+00 3.079673436614260407e+00 6.159346873228520813e+00
-1.641153941913696679e+00 -2.313250238374824352e+00 9.740443157477256975e+00 3.120968304465339571e+00 6.241936608930679142e+00
-1.636382452040419322e+00 -2.308836083059377930e+00 9.607295686403370283e+00 3.099563789697409977e+00 6.199127579394819954e+00
-1.631610962167142187e+00 -2.259183507038936334e+00 9.827263917960749495e+00 3.134846713630627946e+00 6.269693427261255891e+00
-1.626839472293865052e+00 -2.196168554667333961e+00 9.646662041278235122e+00 3.105907603467661815e+00 6.211815206935323630e+00
-1.622067982420587695e+00 -2.157586800380807635e+00 9.259168137075551641e+00 3.042888124311433184e+00 6.085776248622866369e+00
-1.617296492547310560e+00 -2.111346790199387868e+00 8.674932457810145436e+00 2.945323829022904683e+00 5.890647658045809365e+00
-1.612525002674033425e+00 -2.132663512112803250e+00 8.557085189421160365e+00 2.925249594380137541e+00 5.850499188760275082e+00
-1.607753512800756068e+00 -2.113131987293877412e+00 8.391112204742819713e+00 2.896741653089349722e+00 5.793483306178699443e+00
-1.602982022927478933e+00 -2.066556455860909747e+00 8.057209134663393613e+00 2.838522350566116792e+00 5.677044701132233584e+00
-1.598210533054201798e+00 -2.049325500442933379e+00 7.996447554028996763e+00 2.827799065356129127e+00 5.655598130712258254e+00
-1.593439043180924442e+00 -2.066893985786633969e+00 7.956238217281500269e+00 2.820680452883931544e+00 5.641360905767863088e+00
-1.588667553307647307e+00 -2.098212018054167682e+00 7.878986204102012891e+00 2.806953188797777887e+00 5.613906377595555774e+00
-1.583896063434370172e+00 -2.136686893201429793e+00 7.752928419463351872e+00 2.784408091401716856e+00 5.568816182803433712e+00
-1.579124573561092815e+00 -2.157904195537184489e+00 7.913000042714196880e+00 2.813005517718405901e+00 5.626011035436811802e+00
-1.574353083687815680e+00 -2.228490926835780428e+00 8.239699736182542367e+00 2.870487717476342571e+00 5.740975434952685141e+00
-1.569581593814538545e+00 -2.232512806026199392e+00 7.883154359362711361e+00 2.807695560306122662e+00 5.615391120612245324e+00
-1.564810103941261188e+00 -2.190789733733905287e+00 7.423117502926867672e+00 2.724539869946275505e+00 5.449079739892551011e+00
-1.560038614067984053e+00 -2.171304080392617575e+00 7.299802067647805259e+00 2.701814587947849233e+00 5.403629175895698467e+00
-1.555267124194706918e+00 -2.239358832517996500e+00 7.723876288027170744e+00 2.779186263643941501e+00 5.558372527287883003e+00
-1.550495634321429561e+00 -2.326344408299361177e+00 8.268334825328665261e+00 2.875471235350592902e+00 5.750942470701185805e+00
-1.545724144448152426e+00 -2.372484140444898415e+00 8.637334328810919004e+00 2.938934216482383288e+00 5.877868432964766576e+00
-1.540952654574875291e+00 -2.377026680858556507e+00 8.540157037349782598e+00 2.922354707654391426e+00 5.844709415308782852e+00
-1.536181164701597934e+00 -2.382885249802709549e+00 8.965209975328292558e+00 2.994196048245387320e+00 5.988392096490774641e+00
-1.531409674828320799e+00 -2.304453975098150309e+00 8.784212028413296736e+00 2.963817138153650887e+00 5.927634276307301775e+00
-1.526638184955043664e+00 -2.229667961181930114e+00 9.102735528741703774e+00 3.017074001204097744e+00 6.034148002408195488e+00
-1.521866695081766307e+00 -2.041262650909520193e+00 8.614351119966075387e+00 2.935021485435170607e+00 5.870042970870341215e+00
-1.517095205208489173e+00 -1.795375731158543875e+00 7.947524134181637834e+00 2.819135352227990943e+00 5.638270704455981885e+00
-1.512323715335211816e+00 -1.550962020044855061e+00 7.540419848525727886e+00 2.745982492392427421e+00 5.491964984784854842e+00
-1.507552225461934681e+00 -1.347065974180698289e+00 7.467336325691761090e+00 2.732642736563226649e+00 5.465285473126453297e+00
-1.502780735588657546e+00 -1.182168203582111721e+00 7.475123454634362119e+00 2.734067200094826067e+00 5.468134400189652133e+00
-1.498009245715380189e+00 -1.115956375148493773e+00 7.772534729933518349e+00 2.787926600528342291e+00 5.575853201056684583e+00
-1.493237755842103054e+00 -1.137285398638066214e+00 8.667665535944625077e+00 2.944089933399559822e+00 5.888179866799119644e+00
-1.488466265968825919e+00 -1.222222289335067602e+00 9.124402504753094334e+00 3.020662593662704065e+00 6.041325187325408130e+00
-1.483694776095548562e+00 -1.345344260850192875e+00 9.268539218246878875e+00 3.044427568237891180e+00 6.088855136475782359e+00
-1.478923286222271427e+00 -1.391428703041011516e+00 8.938123080851596569e+00 2.989669393235913741e+00 5.979338786471827483e+00
-1.474151796348994292e+00 -1.410306712446738331e+00 8.284497997099904865e+00 2.878280388895408493e+00 5.756560777790816985e+00
-1.469380306475716935e+00 -1.441060961518807915e+00 7.244712939546328556e+00 2.691600442031901519e+00 5.383200884063803038e+00
-1.464608816602439800e+00 -1.458508185743394581e+00 7.242125124147239745e+00 2.691119678525509151e+00 5.382239357051018303e+00
-1.459837326729162665e+00 -1.511498081897528545e+00 7.508670881337923930e+00 2.740195409334510224e+00 5.480390818669020447e+00
-1.455065836855885308e+00 -1.581448196771866321e+00 8.482529247121465943e+00 2.912478196849114020e+00 5.824956393698228041e+00
-1.450294346982608173e+00 -1.595472459019076306e+00 9.051983599488389487e+00 3.008651458625340780e+00 6.017302917250681560e+00
-1.445522857109331039e+00 -1.529179013266678044e+00 8.982185676049152079e+00 2.997029475338731430e+00 5.994058950677462860e+00
-1.440751367236053682e+00 -1.464886483309454368e+00 8.501841468193259033e+00 2.915791739509744129e+00 5.831583479019488259e+00
-1.435979877362776547e+00 -1.483095816862906036e+00 8.442611400750065442e+00 2.905617215111114149e+00 5.811234430222228298e+00
-1.431208387489499412e+00 -1.433379010322475056e+00 8.162987672378559267e+00 2.857094270824566351e+00 5.714188541649132702e+00
-1.426436897616222055e+00 -1.320734275565323079e+00 7.401556546237211265e+00 2.720580185592259337e+00 5.441160371184518674e+00
-1.421665407742944920e+00 -1.286097374410282379e+00 7.290475972268755100e+00 2.700088141574040534e+00 5.400176283148081069e+00
-1.416893917869667785e+00 -1.342607397916032896e+00 7.841593198647375473e+00 2.800284485306336890e+00 5.600568970612673780e+00
-1.412122427996390428e+00 -1.251466035969617252e+00 7.509993395682954542e+00 2.740436716233920933e+00 5.480873432467841866e+00
-1.407350938123113293e+00 -1.098259535154576749e+00 7.555108754917213787e+00 2.748655808739467243e+00 5.497311617478934487e+00
-1.402579448249836158e+00 -1.070960018575261685e+00 8.034042443876337813e+00 2.834438647047477833e+00 5.668877294094955666e+00
-1.397807958376558801e+00 -1.062256685814464863e+00 8.319181715752959505e+00 2.884299172373240516e+00 5.768598344746481033e+00
-1.393036468503281666e+00 -9.891962883353310199e-01 8.119301654198325835e+00 2.849438831454068399e+00 5.698877662908136799e+00
-1.388264978630004531e+00 -8.567914732099902730e-01 7.453401747218586948e+00 2.730091893548381332e+00 5.460183787096762664e+00
-1.383493488756727174e+00 -8.069621699079116972e-01 7.177428145671036930e+00 2.679072254656644336e+00 5.358144509313288673e+00
-1.378721998883450039e+00 -7.966564015582313640e-01 7.149517127275634820e+00 2.673858097819634683e+00 5.347716195639269365e+00
-1.373950509010172905e+00 -7.229677923150605867e-01 6.968355795830754928e+00 2.639764344753287695e+00 5.279528689506575390e+00
-1.369179019136895548e+00 -6.564672695084403653e-01 7.333177042022830605e+00 2.707983944195908599e+00 5.415967888391817198e+00
-1.364407529263618413e+00 -6.059378222257337798e-01 7.174233940659606290e+00 2.678476048177322433e+00 5.356952096354644866e+00
-1.359636039390341278e+00 -5.554642831331589869e-01 6.877217465317650991e+00 2.622444940378663158e+00 5.244889880757326317e+00
-1.354864549517063921e+00 -5.126742664260917071e-01 7.025840500556439494e+00 2.650630208187562342e+00 5.301260416375124684e+00
-1.350093059643786786e+00 -5.194602364124230043e-01 7.006436164538177636e+00 2.646967352374822280e+00 5.293934704749644560e+00
-1.345321569770509651e+00 -4.651924987987933191e-01 6.990573286838461797e+00 2.643969229555907852e+00 5.287938459111815703e+00
-1.340550079897232294e+00 -4.317697442137309327e-01 6.918384942650646963e+00 2.630282293338615407e+00 5.260564586677230814e+00
-1.335778590023955159e+00 -4.437545625502503643e-01 6.572388493547979493e+00 2.563667001298721715e+00 5.127334002597443430e+00
-1.331007100150678024e+00 -3.658539342398849925e-01 6.470199391387032151e+00 2.543658662514888480e+00 5.087317325029776960e+00
-1.326235610277400667e+00 -3.193871072883320839e-01 6.258345795599119299e+00 2.501668602273114494e+00 5.003337204546228989e+00
-1.321464120404123532e+00 -3.701930701205408125e-01 6.259481089868483394e+00 2.501895499390109023e+00 5.003790998780218047e+00
-1.316692630530846175e+00 -4.087705939047746595e-01 6.575993782556020406e+00 2.564370055697114292e+00 5.128740111394228585e+00
-1.311921140657569040e+00 -3.618347654773591549e-01 6.957092794914467859e+00 2.637630147483621013e+00 5.275260294967242025e+00
-1.307149650784291905e+00 -3.278293202119327288e-01 7.304393355888663564e+00 2.702664121915385742e+00 5.405328243830771484e+00
-1.302378160911014549e+00 -3.811764579085447080e-01 7.450791873900699969e+00 2.729613869011640936e+00 5.459227738023281873e+00
-1.297606671037737414e+00 -3.563943515633832271e-01 7.394260127939874749e+00 2.719238887619084277e+00 5.438477775238168554e+00
-1.292835181164460279e+00 -3.308623709149112746e-01 7.793672511694392568e+00 2.791714976800889758e+00 5.583429953601779516e+00
-1.288063691291182922e+00 -2.727622914029391166e-01 7.172516386954342238e+00 2.678155407543472144e+00 5.356310815086944288e+00
-1.283292201417905787e+00 -2.106778723603126846e-01 6.802626522853794100e+00 2.608184526227734779e+00 5.216369052455469557e+00
-1.278520711544628652e+00 -1.671459873256054551e-01 6.679226368780250667e+00 2.584419928877706774e+00 5.168839857755413547e+00
-1.273749221671351295e+00 -1.304410917050136121e-01 6.513188785081034382e+00 2.552094979635560978e+00 5.104189959271121957e+00
-1.268977731798074160e+00 -8.896870639493423272e-02 6.260439066198651759e+00 2.502086942174202466e+00 5.004173884348404933e+00
-1.264206241924797025e+00 -4.818482875071462834e-02 6.235181144805308051e+00 2.497034470087529101e+00 4.994068940175058202e+00
-1.259434752051519668e+00 -3.204522878239728090e-02 6.012617167159742593e+00 2.452063858703468213e+00 4.904127717406936426e+00
-1.254663262178242533e+00 -4.817103012558548308e-02 5.896407143026479503e+00 2.428251869766906879e+00 4.856503739533813757e+00
-1.249891772304965398e+00 -8.257975682122983829e-02 5.948037083409058567e+00 2.438859791666806665e+00 4.877719583333613329e+00
-1.245120282431688041e+00 -1.308794879568260239e-01 6.122285334131916557e+00 2.474325228043378289e+00 4.948650456086756577e+00
-1.240348792558410906e+00 -1.680894744194434964e-01 6.288608737509655100e+00 2.507709859116411977e+00 5.015419718232823953e+00
-1.235577302685133771e+00 -2.029362979745238382e-01 6.469887239351955088e+00 2.543597302906251301e+00 5.087194605812502601e+00
-1.230805812811856415e+00 -2.198966425614093390e-01 6.541612094093272489e+00 2.557657540425080533e+00 5.115315080850161067e+00
-1.226034322938579280e+00 -2.180349648330376089e-01 6.515663628790397510e+00 2.552579798711569481e+00 5.105159597423138962e+00
-1.221262833065302145e+00 -2.193691460424663509e-01 6.593933186453080353e+00 2.567865492282078499e+00 5.135730984564156998e+00
-1.216491343192024788e+00 -2.244757820758138955e-01 6.763090327531429580e+00 2.600594225851359020e+00 5.201188451702718041e+00
-1.211719853318747653e+00 -2.294703261559645491e-01 6.926922658765175100e+00 2.631904758680521539e+00 5.263809517361043078e+00
-1.206948363445470518e+00 -2.341098539584552385e-01 7.011027684212931987e+00 2.647834527347381783e+00 5.295669054694763567e+00
-1.202176873572193161e+00 -2.398467256493180266e-01 7.003909263812658992e+00 2.646489989365661266e+00 5.292979978731322532e+00
-1.197405383698916026e+00 -2.478948333889444688e-01 6.950287745869449196e+00 2.636339838842756134e+00 5.272679677685512267e+00
-1.192633893825638891e+00 -2.570045674797137303e-01 6.883694897861811768e+00 2.623679648482605931e+00 5.247359296965211861e+00
-1.187862403952361534e+00 -2.638463155484524481e-01 6.803085200645240249e+00 2.608272455217291785e+00 5.216544910434583571e+00
-1.183090914079084399e+00 -2.655584851857870632e-01 6.715854202899397052e+00 2.591496518017995854e+00 5.182993036035991707e+00
-1.178319424205807264e+00 -2.616141969868017170e-01 6.678289285014843202e+00 2.584238627722843074e+00 5.168477255445686147e+00
-1.173547934332529907e+00 -2.520770828296541310e-01 6.675256228711559103e+00 2.583651723571030789e+00 5.167303447142061579e+00
-1.168776444459252772e+00 -2.399782081632602648e-01 6.579769085645910565e+00 2.565106057387473992e+00 5.130212114774947985e+00
-1.164004954585975637e+00 -2.339764456758851585e-01 6.395748915362069908e+00 2.528981794193479349e+00 5.057963588386958698e+00
-1.159233464712698281e+00 -2.235759118735028139e-01 6.281106422566278269e+00 2.506213562840620579e+00 5.012427125681241158e+00
-1.154461974839421146e+00 -2.005323421507874682e-01 6.296007198116939207e+00 2.509184568364180468e+00 5.018369136728360935e+00
-1.149690484966144011e+00 -1.825336443759132121e-01 6.284316882465793341e+00 2.506853981081824667e+00 5.013707962163649334e+00
-1.144918995092866654e+00 -1.795868119845400734e-01 6.217182297998588680e+00 2.493427820892072599e+00 4.986855641784145199e+00
-1.140147505219589519e+00 -1.744958125374764801e-01 6.186685988213815435e+00 2.487304964859318623e+00 4.974609929718637247e+00
-1.135376015346312384e+00 -1.603830835069800231e-01 6.174394696303036056e+00 2.484832931265809730e+00 4.969665862531619460e+00
-1.130604525473035027e+00 -1.530645073030602876e-01 6.113292479843622118e+00 2.472507326550039242e+00 4.945014653100078483e+00
-1.125833035599757892e+00 -1.335140725222616620e-01 5.867812416102928808e+00 2.422356789596224580e+00 4.844713579192449160e+00
-1.121061545726480757e+00 -1.321251065143640158e-01 5.759059904802592555e+00 2.399804138841874934e+00 4.799608277683749868e+00
-1.116290055853203400e+00 -1.220882467934850252e-01 5.721475050471635626e+00 2.391960503535047078e+00 4.783921007070094156e+00
-1.111518565979926265e+00 -1.089662715759106559e-01 5.819943347777217113e+00 2.412455874783457688e+00 4.824911749566915375e+00
-1.106747076106648908e+00 -1.176890456043450245e-01 6.211161996096276283e+00 2.492220294455583574e+00 4.984440588911167147e+00
-1.101975586233371773e+00 -1.225696900630246777e-01 6.630079204378720448e+00 2.574894018086709480e+00 5.149788036173418959e+00
-1.097204096360094638e+00 -1.060054224707234344e-01 6.693742800632803025e+00 2.587226855270484904e+00 5.174453710540969809e+00
-1.092432606486817281e+00 -6.599253017095402241e-02 6.894279632730375695e+00 2.625696028242868518e+00 5.251392056485737037e+00
-1.087661116613540147e+00 -3.723909506180091838e-02 7.116853698031686548e+00 2.667743184422310065e+00 5.335486368844620131e+00
-1.082889626740263012e+00 -2.282615245101373563e-02 7.136668847645841751e+00 2.671454444239287795e+00 5.342908888478575591e+00
-1.078118136866985655e+00 9.048321086611786331e-04 6.850587389739832389e+00 2.617362678296577094e+00 5.234725356593154189e+00
-1.073346646993708520e+00 2.141126795746740863e-02 6.640376817675194943e+00 2.576892861116890643e+00 5.153785722233781286e+00
-1.068575157120431385e+00 6.866610659438969477e-02 6.395536080865852568e+00 2.528939714755148671e+00 5.057879429510297342e+00
-1.063803667247154028e+00 1.013313183336877893e-01 5.951082881997070473e+00 2.439484142600043537e+00 4.878968285200087074e+00
-1.059032177373876893e+00 1.288356777119780971e-01 5.430826949954195015e+00 2.330413471887380350e+00 4.660826943774760700e+00
-1.054260687500599758e+00 1.572128331301825555e-01 5.199203455906692639e+00 2.280176189663134956e+00 4.560352379326269912e+00
-1.049489197627322401e+00 1.904175306784511024e-01 4.955492687523152640e+00 2.226093593612620936e+00 4.452187187225241871e+00
-1.044717707754045266e+00 2.527284140469071572e-01 4.957989142464178656e+00 2.226654248522697443e+00 4.453308497045394887e+00
-1.039946217880768131e+00 2.956347610830342143e-01 5.113198381960501138e+00 2.261238240867268878e+00 4.522476481734537757e+00
-1.035174728007490774e+00 3.264283649538550214e-01 5.378124790831753543e+00 2.319078435679085448e+00 4.638156871358170896e+00
-1.030403238134213639e+00 3.443036555017315870e-01 5.383066338817982910e+00 2.320143603059513726e+00 4.640287206119027452e+00
-1.025631748260936504e+00 3.837581539894354132e-01 5.360091525768122978e+00 2.315187147028965775e+00 4.630374294057931550e+00
-1.020860258387659147e+00 4.374578278955324473e-01 5.258082388408174879e+00 2.293050890932901709e+00 4.586101781865803417e+00
-1.016088768514382012e+00 4.808730624320585734e-01 5.015051363583898691e+00 2.239431035683818294e+00 4.478862071367636588e+00
-1.011317278641104878e+00 5.163805632755678054e-01 4.867699769854207048e+00 2.206286420629517409e+00 4.412572841259034817e+00
-1.006545788767827521e+00 5.368290958524030154e-01 4.684760961711528893e+00 2.164430863232071012e+00 4.328861726464142023e+00
-1.001774298894550386e+00 5.197953838248960956e-01 4.669959208605146017e+00 2.161008840473621628e+00 4.322017680947243257e+00
-9.970028090212731398e-01 5.017184406111112605e-01 4.677070693511270250e+00 2.162653623100858624e+00 4.325307246201717248e+00
-9.922313191479960048e-01 5.229030430892642745e-01 4.687254637697067849e+00 2.165006844722913826e+00 4.330013689445827652e+00
-9.874598292747187589e-01 5.768344009196948452e-01 4.685769348331810136e+00 2.164663795680938918e+00 4.329327591361877836e+00
-9.826883394014415130e-01 6.363122104174714355e-01 4.523331386280696975e+00 2.126812494387010144e+00 4.253624988774020288e+00
-9.779168495281643780e-01 7.002514345050421252e-01 4.290057946244688836e+00 2.071245506028845718e+00 4.142491012057691435e+00
-9.731453596548871321e-01 7.305643788536108074e-01 3.842318300662379560e+00 1.960183231400161707e+00 3.920366462800323415e+00
-9.683738697816098862e-01 7.289533664405513091e-01 3.533619825765903943e+00 1.879792495400996133e+00 3.759584990801992266e+00
-9.636023799083326402e-01 7.731030597362409384e-01 3.149478658835811018e+00 1.774677057618036402e+00 3.549354115236072804e+00
-9.588308900350555053e-01 8.443318818288549910e-01 2.901782175291029997e+00 1.703461820907950397e+00 3.406923641815900794e+00
-9.540594001617782594e-01 8.673222414716168505e-01 3.105460635257006885e+00 1.762231720080252861e+00 3.524463440160505723e+00
-9.492879102885010134e-01 8.413111727948832108e-01 3.376540069827889123e+00 1.837536413197814467e+00 3.675072826395628933e+00
-9.445164204152238785e-01 8.014583831742579934e-01 3.420421007195847185e+00 1.849438024697190874e+00 3.698876049394381749e+00
-9.397449305419466326e-01 7.997124765672618540e-01 3.269468898763877363e+00 1.808167276211987362e+00 3.616334552423974724e+00
-9.349734406686693866e-01 8.234123860545673468e-01 3.252926548622447900e+00 1.803587133637420958e+00 3.607174267274841917e+00
-9.302019507953922517e-01 7.848337089227978014e-01 3.196773971390613589e+00 1.787952452217511645e+00 3.575904904435023290e+00
-9.254304609221150058e-01 6.857858468911742778e-01 3.011086565594466968e+00 1.735248272033275141e+00 3.470496544066550282e+00
-9.206589710488377598e-01 5.945234766538407545e-01 2.972293274843886834e+00 1.724034012090216006e+00 3.448068024180432012e+00
-9.158874811755606249e-01 4.822573789021058488e-01 2.955940116509874205e+00 1.719284768882070491e+00 3.438569537764140982e+00
-9.111159913022833789e-01 3.205272188624060381e-01 2.874359076125961199e+00 1.695393487107332620e+00 3.390786974214665239e+00
-9.063445014290061330e-01 1.834861576293712326e-01 2.886337499769883408e+00 1.698922452547461992e+00 3.397844905094923984e+00
-9.015730115557289981e-01 6.844209724731575850e-02 2.926714034440009993e+00 1.710764166809677578e+00 3.421528333619355156e+00
-8.968015216824517521e-01 -2.420534512478584796e-02 2.905945390479855561e+00 1.704683369567455919e+00 3.409366739134911839e+00
-8.920300318091745062e-01 -8.079100631496315132e-02 2.882813736384429060e+00 1.697885077496244843e+00 3.395770154992489687e+00
-8.872585419358973713e-01 -1.050802493860180375e-01 2.914525213808855320e+00 1.707198059338416396e+00 3.414396118676832792e+00
-8.824870520626201253e-01 -1.114499514981855260e-01 2.945344925380181778e+00 1.716200724093828622e+00 3.432401448187657245e+00
-8.777155621893428794e-01 -1.081368099504506630e-01 2.967538084583730917e+00 1.722654371771578319e+00 3.445308743543156638e+00
-8.729440723160657445e-01 -9.747166564914055975e-02 2.988582764993407359e+00 1.728751793923409830e+00 3.457503587846819659e+00
-8.681725824427884985e-01 -7.945905957973994904e-02 3.012038872943838097e+00 1.735522651233292857e+00 3.471045302466585714e+00
-8.634010925695112526e-01 -5.253175893448149003e-02 3.037793757903362035e+00 1.742926779271969817e+00 3.485853558543939634e+00
-8.586296026962340067e-01 -1.381585314106666129e-02 3.066608908034048842e+00 1.751173580212438186e+00 3.502347160424876371e+00
-8.538581128229568717e-01 3.949782457915798628e-02 3.107357470270783129e+00 1.762769829067533989e+00 3.525539658135067977e+00
-8.490866229496796258e-01 1.086437487463792345e-01 3.165791675109340453e+00 1.779267173616525977e+00 3.558534347233051953e+00
-8.443151330764023799e-01 1.938613918178494766e-01 3.232945527379040396e+00 1.798039356459985916e+00 3.596078712919971831e+00
-8.395436432031252449e-01 2.938515899108079532e-01 3.307871494911492682e+00 1.818755479692499177e+00 3.637510959384998355e+00
-8.347721533298479990e-01 4.054864144693195449e-01 3.372194347562954775e+00 1.836353546450942842e+00 3.672707092901885684e+00
-8.300006634565707531e-01 5.272426617763950052e-01 3.393902696059388990e+00 1.842254785869584577e+00 3.684509571739169154e+00
-8.252291735832936181e-01 6.599197940779432114e-01 3.363881093848240855e+00 1.834088627588165599e+00 3.668177255176331197e+00
-8.204576837100163722e-01 8.036082424298762739e-01 3.286673654340658501e+00 1.812918545975151785e+00 3.625837091950303570e+00
-8.156861938367391263e-01 9.561619371403267120e-01 3.176594198018321880e+00 1.782300254732159805e+00 3.564600509464319611e+00
-8.109147039634619913e-01 1.114093771017443668e+00 3.049775525523001907e+00 1.746360651618960924e+00 3.492721303237921848e+00
-8.061432140901847454e-01 1.274142317220610554e+00 2.911767335234872967e+00 1.706390147426687598e+00 3.412780294853375196e+00
-8.013717242169074995e-01 1.434810714154310718e+00 2.753062199534683341e+00 1.659235426193246266e+00 3.318470852386492531e+00
-7.966002343436303645e-01 1.597787241246423129e+00 2.551211682854276575e+00 1.597251289827081866e+00 3.194502579654163732e+00
-7.918287444703531186e-01 1.767834844175849573e+00 2.276366536221781534e+00 1.508763247239864880e+00 3.017526494479729759e+00
-7.870572545970758727e-01 1.948357377111645805e+00 1.911002170863535854e+00 1.382390021254326085e+00 2.764780042508652169e+00
-7.822857647237987377e-01 2.130765377095729107e+00 1.493387681797739397e+00 1.222042422257811456e+00 2.444084844515622912e+00
-7.775142748505214918e-01 2.278896232381005138e+00 1.118874571447521449e+00 1.057768675773451683e+00 2.115537351546903366e+00
-7.727427849772442459e-01 2.317945746755506686e+00 8.537470727446115903e-01 9.239843465906830700e-01 1.847968693181366140e+00
-7.679712951039671109e-01 2.155647955482479894e+00 6.682927558344403662e-01 8.174917466460688287e-01 1.634983493292137657e+00
-7.631998052306898650e-01 1.750911360615324819e+00 5.052510707324758821e-01 7.108101509773731008e-01 1.421620301954746202e+00
-7.584283153574126191e-01 1.250157422102852856e+00 4.421770443765171144e-01 6.649639421626687419e-01 1.329927884325337484e+00
-7.536568254841353731e-01 9.697589435439426531e-01 4.796865602677271023e-01 6.925940804451963251e-01 1.385188160890392650e+00
-7.488853356108582382e-01 1.048160310349567359e+00 6.146101345625268886e-01 7.839707485375502216e-01 1.567941497075100443e+00
-7.441138457375809923e-01 1.346831571227806723e+00 8.332249015741368670e-01 9.128115367227437327e-01 1.825623073445487465e+00
-7.393423558643037463e-01 1.642720859107516418e+00 1.013610468004118470e+00 1.006782234648644581e+00 2.013564469297289161e+00
-7.345708659910266114e-01 1.796565459404034781e+00 1.165339017537754707e+00 1.079508692664285396e+00 2.159017385328570793e+00
-7.297993761177493655e-01 1.788059261943484524e+00 1.347456802930713460e+00 1.160800070180353361e+00 2.321600140360706721e+00
-7.250278862444721195e-01 1.680732418213373602e+00 1.601087409767305569e+00 1.265340827511428179e+00 2.530681655022856358e+00
-7.202563963711949846e-01 1.559156783652590361e+00 1.730524764634195689e+00 1.315494114252966140e+00 2.630988228505932280e+00
-7.154849064979177387e-01 1.426906784212868429e+00 1.858538810628221682e+00 1.363282366433389292e+00 2.726564732866778584e+00
-7.107134166246404927e-01 1.304303871921531188e+00 1.985472969797473342e+00 1.409068121063518086e+00 2.818136242127036173e+00
-7.059419267513633578e-01 1.185076763030896929e+00 2.117074869866579334e+00 1.455017137310272046e+00 2.910034274620544092e+00
-7.011704368780861119e-01 1.083825118947819632e+00 2.435091640124976031e+00 1.560478016546524849e+00 3.120956033093049697e+00
-6.963989470048088659e-01 1.001172837575667662e+00 2.862750317617275275e+00 1.691966405581764255e+00 3.383932811163528509e+00
-6.916274571315317310e-01 9.287439185278493214e-01 3.166301608286972158e+00 1.779410466499220078e+00 3.558820932998440156e+00
-6.868559672582544851e-01 8.715736126605486689e-01 3.426443372385914454e+00 1.851065469502879202e+00 3.702130939005758403e+00
-6.820844773849772391e-01 7.896135955831530273e-01 3.683604528900970454e+00 1.919271874670436251e+00 3.838543749340872502e+00
-6.773129875117001042e-01 7.428042206816506399e-01 3.792477947130199478e+00 1.947428547374768115e+00 3.894857094749536230e+00
-6.725414976384228583e-01 7.036028080072425084e-01 3.789686026764670590e+00 1.946711593114057282e+00 3.893423186228114563e+00
-6.677700077651456123e-01 6.735382237113715087e-01 3.949114236673091138e+00 1.987237840992640558e+00 3.974475681985281117e+00
-6.629985178918684774e-01 6.690542970391972766e-01 4.182088815448263830e+00 2.045015602739564287e+00 4.090031205479128573e+00
-6.582270280185912315e-01 6.469464498010030207e-01 4.339445483007319027e+00 2.083133573011418438e+00 4.166267146022836876e+00
-6.534555381453139855e-01 6.095601443656558649e-01 4.297096003279058607e+00 2.072943801283348542e+00 4.145887602566697083e+00
-6.486840482720367396e-01 5.483138414621361312e-01 4.117016617502487819e+00 2.029043276399615792e+00 4.058086552799231583e+00
-6.439125583987596046e-01 5.022932550939847030e-01 4.181711562264570858e+00 2.044923363420881657e+00 4.089846726841763314e+00
-6.391410685254823587e-01 4.296221935138637704e-01 4.640891019559918007e+00 2.154272735648835813e+00 4.308545471297671625e+00
-6.343695786522051128e-01 3.922666480645902176e-01 4.927997266622160311e+00 2.219909292431148096e+00 4.439818584862296191e+00
-6.295980887789279778e-01 3.809390192773020600e-01 5.194832252542790130e+00 2.279217464952124850e+00 4.558434929904249699e+00
-6.248265989056507319e-01 4.324223953626203376e-01 4.953213562534861225e+00 2.225581623426752920e+00 4.451163246853505839e+00
-6.200551090323734860e-01 4.603422476962695797e-01 5.097927689236714244e+00 2.257859094194479166e+00 4.515718188388958332e+00
-6.152836191590963510e-01 4.749626417274045997e-01 4.383344971127964840e+00 2.093643945643089754e+00 4.187287891286179509e+00
-6.105121292858191051e-01 4.348025497817987750e-01 4.083204448159063915e+00 2.020694051102012612e+00 4.041388102204025223e+00
-6.057406394125418592e-01 4.279865059113510672e-01 4.019670606377982125e+00 2.004911620590289711e+00 4.009823241180579423e+00
-6.009691495392647242e-01 4.241892838956406453e-01 4.201499544401247732e+00 2.049755971915010022e+00 4.099511943830020044e+00
-5.961976596659874783e-01 3.863456620560971055e-01 4.244475336137425003e+00 2.060212449272507573e+00 4.120424898545015147e+00
-5.914261697927102324e-01 3.019665222828869511e-01 4.190682977720468827e+00 2.047115770473294294e+00 4.094231540946588588e+00
-5.866546799194330974e-01 2.622806377118372945e-01 4.278211394013681002e+00 2.068383763718348423e+00 4.136767527436696845e+00
-5.818831900461558515e-01 2.791293247657239962e-01 4.162195336323383899e+00 2.040145910547425334e+00 4.080291821094850668e+00
-5.771117001728786056e-01 2.644095216609262944e-01 4.525459910773019345e+00 2.127312838012552110e+00 4.254625676025104219e+00
-5.723402102996014706e-01 2.130388719548520493e-01 4.441808482248946532e+00 2.107559840727884826e+00 4.215119681455769651e+00
-5.675687204263242247e-01 1.664795953405760753e-01 4.747399666866185086e+00 2.178852832769158088e+00 4.357705665538316175e+00
-5.627972305530469788e-01 1.303079363498157728e-01 5.086029164387596779e+00 2.255222641866562405e+00 4.510445283733124811e+00
-5.580257406797697328e-01 1.662081565900680180e-01 4.917365384034035003e+00 2.217513333451241131e+00 4.435026666902482262e+00
-5.532542508064925979e-01 1.528434504130866955e-01 4.467787821616289179e+00 2.113714224207305037e+00 4.227428448414610074e+00
-5.484827609332153520e-01 1.046669959312664794e-01 4.624202195067951493e+00 2.150395822881906227e+00 4.300791645763812454e+00
-5.437112710599381060e-01 4.798313347604116902e-02 4.904956485267685906e+00 2.214713635048036089e+00 4.429427270096072178e+00
-5.389397811866609711e-01 1.658882665918349521e-03 5.235306090436084858e+00 2.288079126786502826e+00 4.576158253573005652e+00
-5.341682913133837252e-01 -4.624494964681549747e-02 5.384179475728378961e+00 2.320383476007441992e+00 4.640766952014883984e+00
-5.293968014401064792e-01 -7.227843884511657435e-02 5.558752414884114756e+00 2.357700662697475469e+00 4.715401325394950938e+00
-5.246253115668293443e-01 -6.013701626817588575e-02 5.532110803543757171e+00 2.352043962927512499e+00 4.704087925855024999e+00
-5.198538216935520984e-01 -7.143636764461915034e-02 5.428869672688891868e+00 2.329993491984235554e+00 4.659986983968471108e+00
-5.150823318202748524e-01 -6.521372357991525592e-02 5.462439232545074574e+00 2.337186178408787729e+00 4.674372356817575458e+00
-5.103108419469977175e-01 -5.656064784433278286e-02 5.557174848010006940e+00 2.357366082730895318e+00 4.714732165461790636e+00
-5.055393520737204716e-01 -5.995620491040590250e-02 5.594666296727845989e+00 2.365304694268340224e+00 4.730609388536680449e+00
-5.007678622004432256e-01 -4.723070273822536219e-02 5.512372587189489082e+00 2.347844242531750503e+00 4.695688485063501005e+00
-4.959963723271660352e-01 -3.815958702096028388e-02 5.586331810227086692e+00 2.363542216721987721e+00 4.727084433443975442e+00
-4.912248824538888448e-01 -2.490988769611391859e-02 5.708413027408752782e+00 2.389228542314182580e+00 4.778457084628365159e+00
-4.864533925806116543e-01 -8.007462356545208201e-03 5.678634459264083389e+00 2.382988556259572732e+00 4.765977112519145464e+00
-4.816819027073344084e-01 4.353041018147729181e-03 5.488295340328498639e+00 2.342711109020593430e+00 4.685422218041186859e+00
-4.769104128340572180e-01 8.060670598223573791e-03 5.233439947438226270e+00 2.287671293573057429e+00 4.575342587146114859e+00
-4.721389229607799720e-01 -2.329570095453625464e-03 5.028039708436146782e+00 2.242329081209122332e+00 4.484658162418244665e+00
-4.673674330875027816e-01 -1.613226514869555567e-02 4.955983489855784185e+00 2.226203829359698183e+00 4.452407658719396366e+00
-4.625959432142255912e-01 -2.538269979851487043e-02 4.976841776734790557e+00 2.230883631374525500e+00 4.461767262749051000e+00
-4.578244533409483452e-01 -2.950824450572652261e-02 5.032234185962520812e+00 2.243264181045674377e+00 4.486528362091348754e+00
-4.530529634676711548e-01 -3.306280685354519300e-02 5.121328225900803943e+00 2.263035179996281787e+00 4.526070359992563574e+00
-4.482814735943939644e-01 -3.799906091006367836e-02 5.241969688915810721e+00 2.289534819328112203e+00 4.579069638656224406e+00
-4.435099837211167184e-01 -4.417147214261518684e-02 5.375711702027629713e+00 2.318558108400052387e+00 4.637116216800104773e+00
-4.387384938478395280e-01 -5.173949275529109854e-02 5.497778898768746814e+00 2.344734291720225183e+00 4.689468583440450367e+00
-4.339670039745623376e-01 -6.107615641499309495e-02 5.593130337132018681e+00 2.364979986623992225e+00 4.729959973247984450e+00
-4.291955141012850916e-01 -7.170741527431341578e-02 5.647045807216088065e+00 2.376351364427425672e+00 4.752702728854851344e+00
-4.244240242280079012e-01 -8.218582523812779927e-02 5.644899185942497510e+00 2.375899658222648370e+00 4.751799316445296739e+00
-4.196525343547306552e-01 -9.160783886855593250e-02 5.591422613852097712e+00 2.364618915143008149e+00 4.729237830286016298e+00
-4.148810444814534648e-01 -9.942533929692076722e-02 5.521842155669578034e+00 2.349860028952698521e+00 4.699720057905397042e+00
-4.101095546081762744e-01 -1.032287389664155869e-01 5.483242093474030909e+00 2.341632356599564702e+00 4.683264713199129403e+00
-4.053380647348990284e-01 -1.034097982511256730e-01 5.486859457823621611e+00 2.342404631532225778e+00 4.684809263064451557e+00
-4.005665748616218380e-01 -1.017843820282008510e-01 5.506061436804920106e+00 2.346499826721689885e+00 4.692999653443379771e+00
-3.957950849883446476e-01 -9.422328288499930149e-02 5.491128015255672068e+00 2.343315602998382374e+00 4.686631205996764749e+00
-3.910235951150674016e-01 -7.703763822957511442e-02 5.416595737669782196e+00 2.327358102585372013e+00 4.654716205170744026e+00
-3.862521052417902112e-01 -5.584829146468490990e-02 5.347961951872795439e+00 2.312566096757624479e+00 4.625132193515248957e+00
-3.814806153685130208e-01 -2.536702640906855766e-02 5.238737209317227084e+00 2.288828785496465734e+00 4.577657570992931468e+00
-3.767091254952357748e-01 1.741661467649857241e-03 5.063558215378552774e+00 2.250235146685464205e+00 4.500470293370928410e+00
-3.719376356219585844e-01 2.025149652550349913e-02 5.105500356099298642e+00 2.259535429264011075e+00 4.519070858528022150e+00
-3.671661457486813385e-01 1.771387474688274066e-02 5.287968746791639418e+00 2.299558380818290892e+00 4.599116761636581785e+00
-3.623946558754041480e-01 2.621001279017188407e-02 5.203519979771126458e+00 2.281122526251302851e+00 4.562245052502605702e+00
-3.576231660021269576e-01 2.911099063518144542e-02 5.184601178995141169e+00 2.276971931973501562e+00 4.553943863947003123e+00
-3.528516761288497117e-01 2.789546366161712448e-02 5.245772533656460013e+00 2.290365152908256263e+00 4.580730305816512526e+00
-3.480801862555725212e-01 7.317733983222942176e-03 5.336333551859571145e+00 2.310050551797421470e+00 4.620101103594842940e+00
-3.433086963822953308e-01 1.560535402901697989e-02 5.341001057526511886e+00 2.311060591487490878e+00 4.622121182974981757e+00
-3.385372065090180849e-01 3.041106991862308276e-02 5.254163890725537911e+00 2.292196302833930055e+00 4.584392605667860110e+00
-3.337657166357408944e-01 6.127601301923589483e-02 4.980210061982297987e+00 2.231638425458366548e+00 4.463276850916733096e+00
-3.289942267624636485e-01 9.029092004141500705e-02 4.753597892887539089e+00 2.180274728764138636e+00 4.360549457528277273e+00
-3.242227368891864581e-01 1.050611805159256534e-01 4.772344353460953315e+00 2.184569603711667973e+00 4.369139207423335947e+00
-3.194512470159092676e-01 1.298419383654355053e-01 4.804648097221724257e+00 2.191950751550254317e+00 4.383901503100508634e+00
-3.146797571426320217e-01 1.372034885856457109e-01 4.905470611528965463e+00 2.214829702602203465e+00 4.429659405204406930e+00
-3.099082672693548313e-01 1.028191669950537096e-01 5.405855553711331751e+00 2.325049580914637648e+00 4.650099161829275296e+00
-3.051367773960776408e-01 1.076719095703193713e-01 5.454920902067652122e+00 2.335577209613857175e+00 4.671154419227714349e+00
-3.003652875228003949e-01 1.579520260725912895e-01 5.062387503855248383e+00 2.249975000717840956e+00 4.499950001435681912e+00
-2.955937976495232045e-01 2.145511463359440207e-01 4.710301947708678938e+00 2.170323005386221027e+00 4.340646010772442054e+00
-2.908223077762460140e-01 1.841057514220837688e-01 4.726118526491500660e+00 2.173963782240058595e+00 4.347927564480117191e+00
-2.860508179029687681e-01 1.728996420251827093e-01 4.665213691246183458e+00 2.159910574826231944e+00 4.319821149652463887e+00
-2.812793280296915777e-01 1.552056245480895325e-01 4.915564294239793242e+00 2.217107190516460768e+00 4.434214381032921537e+00
-2.765078381564143317e-01 2.128960715065169873e-01 4.876744486197294393e+00 2.208335229578447301e+00 4.416670459156894601e+00
-2.717363482831371413e-01 3.114949083343411251e-01 4.145143587841788602e+00 2.035962570344010292e+00 4.071925140688020583e+00
-2.669648584098599509e-01 3.650140725724869695e-01 4.067952311987983904e+00 2.016916535701957169e+00 4.033833071403914339e+00
-2.621933685365827049e-01 3.506257169088603520e-01 4.288123529933283606e+00 2.070778484032824718e+00 4.141556968065649436e+00
-2.574218786633055145e-01 3.581196359641620197e-01 4.321670999231843169e+00 2.078862910158301602e+00 4.157725820316603205e+00
-2.526503887900283241e-01 3.644945549889728187e-01 4.128480106095093305e+00 2.031866163430823491e+00 4.063732326861646982e+00
-2.478788989167511059e-01 2.896791832086143548e-01 4.749318145772997823e+00 2.179293038068308430e+00 4.358586076136616860e+00
-2.431074090434738877e-01 2.861615830934914340e-01 5.301244807934820003e+00 2.302443225778829206e+00 4.604886451557658411e+00
-2.383359191701966695e-01 2.742815145599546423e-01 5.458836189543252004e+00 2.336415243389593055e+00 4.672830486779186110e+00
-2.335644292969194513e-01 2.960888000709867018e-01 4.995696056408972296e+00 2.235105379262680714e+00 4.470210758525361427e+00
-2.287929394236422609e-01 4.024530237296480850e-01 4.338952391296684752e+00 2.083015216290242222e+00 4.166030432580484444e+00
-2.240214495503650427e-01 4.683473623943980035e-01 4.514538292214011150e+00 2.124744288664876191e+00 4.249488577329752381e+00
-2.192499596770878245e-01 5.026141754113001570e-01 4.102403823468252497e+00 2.025439168049302907e+00 4.050878336098605814e+00
-2.144784698038106063e-01 5.395184825441584620e-01 4.186329924274263092e+00 2.046052277991513790e+00 4.092104555983027581e+00
-2.097069799305334159e-01 5.604651781350911133e-01 4.245235797154855106e+00 2.060396999889791747e+00 4.120793999779583494e+00
-2.049354900572561977e-01 5.368009691282030760e-01 4.238917213780233340e+00 2.058863087672473835e+00 4.117726175344947670e+00
-2.001640001839789795e-01 5.199660292609668000e-01 4.308995768152909633e+00 2.075812074382676453e+00 4.151624148765352906e+00
-1.953925103107017891e-01 5.018376571383921236e-01 4.126596270781389464e+00 2.031402537849499979e+00 4.062805075698999957e+00
-1.906210204374245709e-01 4.832543028307873523e-01 4.006646088098699821e+00 2.001660832433581838e+00 4.003321664867163676e+00
-1.858495305641473527e-01 4.702585839314615823e-01 4.000975142063621703e+00 2.000243770659871689e+00 4.000487541319743379e+00
-1.810780406908701345e-01 4.426315467737558240e-01 3.845424480957363222e+00 1.960975390196767254e+00 3.921950780393534508e+00
-1.763065508175929441e-01 4.172261109801386758e-01 3.800773616368662289e+00 1.949557287275411666e+00 3.899114574550823331e+00
-1.715350609443157259e-01 3.924077696833640494e-01 3.814743962749692407e+00 1.953136954427336702e+00 3.906273908854673405e+00
-1.667635710710385077e-01 3.754532717399040043e-01 4.013856709667305012e+00 2.003461182470802182e+00 4.006922364941604364e+00
-1.619920811977612896e-01 3.350998302978139831e-01 4.086376489102860887e+00 2.021478787695498269e+00 4.042957575390996539e+00
-1.572205913244840991e-01 3.542995917995160338e-01 4.100826023224236394e+00 2.025049634755710315e+00 4.050099269511420630e+00
-1.524491014512068809e-01 3.538991310117917122e-01 3.952559732976546059e+00 1.988104557858199284e+00 3.976209115716398568e+00
-1.476776115779296628e-01 3.356513905578267787e-01 3.850642791373757312e+00 1.962305478607690556e+00 3.924610957215381113e+00
-1.429061217046524723e-01 3.102057234991482115e-01 4.168851224385123899e+00 2.041776487371995241e+00 4.083552974743990482e+00
-1.381346318313752541e-01 2.983094416229161161e-01 4.381965877273581000e+00 2.093314567205220911e+00 4.186629134410441822e+00
-1.333631419580980360e-01 3.350780533329174027e-01 4.326810004710825552e+00 2.080098556489770267e+00 4.160197112979540535e+00
-1.285916520848208178e-01 3.798776739176760731e-01 4.156211375829844457e+00 2.038678830966232702e+00 4.077357661932465405e+00
-1.238201622115436135e-01 3.682847140569838196e-01 4.011116761018333143e+00 2.002777261958586852e+00 4.005554523917173704e+00
-1.190486723382664092e-01 3.913710383194674014e-01 3.900432223954122257e+00 1.974951195334740950e+00 3.949902390669481900e+00
-1.142771824649891910e-01 4.320479484239082568e-01 3.778225655466768806e+00 1.943765843785400182e+00 3.887531687570800365e+00
-1.095056925917119867e-01 4.712902080813122785e-01 3.863697062359491952e+00 1.965628922853825955e+00 3.931257845707651910e+00
-1.047342027184347685e-01 5.024538991200385718e-01 3.819560477626839035e+00 1.954369585730099113e+00 3.908739171460198225e+00
-9.996271284515756417e-02 5.407189569285670849e-01 3.817718410281905506e+00 1.953898259961839745e+00 3.907796519923679490e+00
-9.519122297188034598e-02 5.728750664226001099e-01 3.878990594705798767e+00 1.969515319743870174e+00 3.939030639487740348e+00
-9.041973309860314167e-02 5.997547366073415764e-01 3.929558537022648235e+00 1.982311412725722199e+00 3.964622825451444399e+00
-8.564824322532593737e-02 6.072983465691170757e-01 4.097211321171588594e+00 2.024156940845148078e+00 4.048313881690296157e+00
-8.087675335204871918e-02 5.939168664756194760e-01 4.196188213838519587e+00 2.048459961492662185e+00 4.096919922985324369e+00
-7.610526347877151487e-02 5.825112099015667955e-01 4.378100587953330347e+00 2.092391117347168095e+00 4.184782234694336189e+00
-7.133377360549429669e-02 5.618000449494552351e-01 4.338200368588418954e+00 2.082834695454351071e+00 4.165669390908702141e+00
-6.656228373221709238e-02 5.605806463499567460e-01 4.238019729865039054e+00 2.058645119942978052e+00 4.117290239885956105e+00
-6.179079385893988113e-02 5.705703472698092638e-01 3.938791254309095269e+00 1.984638822130892155e+00 3.969277644261784310e+00
-5.701930398566266989e-02 5.579018276823378697e-01 4.231755884440140392e+00 2.057123205945657674e+00 4.114246411891315347e+00
-5.224781411238545864e-02 5.447748407367803969e-01 4.493228792264394755e+00 2.119723753762360996e+00 4.239447507524721992e+00
-4.747632423910824739e-02 5.506574795126699673e-01 4.527127016914350932e+00 2.127704635731743288e+00 4.255409271463486576e+00
-4.270483436583103615e-02 5.411336259230112855e-01 4.347942939901637160e+00 2.085172160734368951e+00 4.170344321468737903e+00
-3.793334449255382490e-02 5.459666319146128100e-01 4.230449823663484210e+00 2.056805733087955890e+00 4.113611466175911779e+00
-3.316185461927661365e-02 5.480223606756983168e-01 4.166251431655545900e+00 2.041139738395082670e+00 4.082279476790165340e+00
-2.839036474599940241e-02 5.479449751240437205e-01 4.407898993863575754e+00 2.099499700848651340e+00 4.198999401697302680e+00
-2.361887487272219116e-02 5.444865473843851778e-01 4.564882557487738524e+00 2.136558578061396929e+00 4.273117156122793858e+00
-1.884738499944498338e-02 5.829430032173352760e-01 4.266820160656701333e+00 2.065628272622327621e+00 4.131256545244655243e+00
-1.407589512616777214e-02 5.815545290309386273e-01 3.821056853599464009e+00 1.954752376542733261e+00 3.909504753085466522e+00
-9.304405252890560890e-03 5.380318480704502360e-01 3.796543810727170065e+00 1.948472173454671053e+00 3.896944346909342105e+00
-4.532915379613350511e-03 4.942999236254027595e-01 3.836875632570013295e+00 1.958794433464117635e+00 3.917588866928235269e+00
2.385744936638605461e-04 4.485363958016794217e-01 3.883088673706692973e+00 1.970555422642736199e+00 3.941110845285472397e+00
5.010064366941071115e-03 4.359111850146490386e-01 3.935402881076984105e+00 1.983784988620738599e+00 3.967569977241477197e+00
9.781554240218282362e-03 3.987697158779544560e-01 4.144302034987148886e+00 2.035755887867489289e+00 4.071511775734978578e+00
1.455304411349549187e-02 3.539617361325179123e-01 4.405445779127999728e+00 2.098915381602602714e+00 4.197830763205205429e+00
1.932453398677270312e-02 3.133642327277735284e-01 4.494445110105438346e+00 2.120010639149114695e+00 4.240021278298229390e+00
2.409602386004991437e-02 2.925922708479404277e-01 4.484008467024082734e+00 2.117547748463793678e+00 4.235095496927587355e+00
2.886751373332712561e-02 2.559206925059692161e-01 4.558272564495043255e+00 2.135011139196946406e+00 4.270022278393892812e+00
3.363900360660433686e-02 2.308238737456707601e-01 4.724382749949414873e+00 2.173564526290722831e+00 4.347129052581445663e+00
3.841049347988154811e-02 2.325845296901623838e-01 4.809714168162081194e+00 2.193106054928051218e+00 4.386212109856102437e+00
4.318198335315875935e-02 2.471220638712048334e-01 4.615080851901513626e+00 2.148273923851777845e+00 4.296547847703555689e+00
4.795347322643597060e-02 2.516188354395849647e-01 4.488063152309761605e+00 2.118504933274822921e+00 4.237009866549645842e+00
5.272496309971317491e-02 2.610073182976313522e-01 4.441258355381711098e+00 2.107429323935137599e+00 4.214858647870275199e+00
5.749645297299038615e-02 2.837728892866919206e-01 4.426207943377402643e+00 2.103855494889656619e+00 4.207710989779313238e+00
6.226794284626759740e-02 2.921876736057417712e-01 4.475322954777762874e+00 2.115495912257398636e+00 4.230991824514797273e+00
6.703943271954480865e-02 2.970855850407333465e-01 4.515456335813210487e+00 2.124960313938406564e+00 4.249920627876813128e+00
7.181092259282202683e-02 3.058153021607718514e-01 4.832026459633061322e+00 2.198187084766230814e+00 4.396374169532461629e+00
7.658241246609923114e-02 3.080183709102860545e-01 5.271342724464100016e+00 2.295940488005753899e+00 4.591880976011507798e+00
8.135390233937643545e-02 2.916060646594814121e-01 5.517608759787021810e+00 2.348959080058020454e+00 4.697918160116040909e+00
8.612539221265365363e-02 2.650117626999025089e-01 5.495578452633234079e+00 2.344265013310831591e+00 4.688530026621663183e+00
9.089688208593085794e-02 2.433880487935493331e-01 5.645048862759955099e+00 2.375931156990866100e+00 4.751862313981732200e+00
9.566837195920807613e-02 2.518950924408582259e-01 5.534069919979121011e+00 2.352460397111739265e+00 4.704920794223478531e+00
1.004398618324852804e-01 2.600100944717952944e-01 5.408916424817110880e+00 2.325707725578842311e+00 4.651415451157684622e+00
1.052113517057624986e-01 2.541037457466492344e-01 5.404856440804454820e+00 2.324834712577316775e+00 4.649669425154633551e+00
1.099828415790397029e-01 2.564155036158892176e-01 5.473006890458213647e+00 2.339445851148988176e+00 4.678891702297976352e+00
1.147543314523169211e-01 2.695933535429397288e-01 5.283310803563900038e+00 2.298545366870947682e+00 4.597090733741895363e+00
1.195258213255941254e-01 2.802268018060738997e-01 5.073818545533201885e+00 2.252513828044836242e+00 4.505027656089672483e+00
1.242973111988713436e-01 2.963861204213231737e-01 4.877104157385495853e+00 2.208416662993081037e+00 4.416833325986162073e+00
1.290688010721485479e-01 3.210118357346901652e-01 4.776274006781976667e+00 2.185468829972639249e+00 4.370937659945278497e+00
1.338402909454257661e-01 3.500656911063602661e-01 4.898439610697272073e+00 2.213241878037118582e+00 4.426483756074237164e+00
1.386117808187029565e-01 3.520672725508437462e-01 5.063230963440053856e+00 2.250162430456978058e+00 4.500324860913956115e+00
1.433832706919801747e-01 3.225795937488118437e-01 5.204516634361270988e+00 2.281340972840594894e+00 4.562681945681189788e+00
1.481547605652573929e-01 2.659899971519762429e-01 5.259902054726408593e+00 2.293447635052173528e+00 4.586895270104347055e+00
1.529262504385346111e-01 2.407560494062602474e-01 5.241054798921281233e+00 2.289335012382696544e+00 4.578670024765393087e+00
1.576977403118118015e-01 2.228099292015615629e-01 5.037806901579063634e+00 2.244505937078149937e+00 4.489011874156299875e+00
1.624692301850890197e-01 2.524832146494035978e-01 4.760810406368008785e+00 2.181928139597637983e+00 4.363856279195275967e+00
1.672407200583662379e-01 2.970958754373404509e-01 4.498089858737658986e+00 2.120870071158924119e+00 4.241740142317848239e+00
1.720122099316434561e-01 3.322937973303521364e-01 4.504664834801484830e+00 2.122419570867524197e+00 4.244839141735048393e+00
1.767836998049206465e-01 3.604255124193762594e-01 4.414948691644209333e+00 2.101177929553851520e+00 4.202355859107703040e+00
1.815551896781978647e-01 3.422509003614765399e-01 4.538193628099135069e+00 2.130303646924338157e+00 4.260607293848676314e+00
1.863266795514750829e-01 3.387635527606765451e-01 4.780392492133417548e+00 2.186410869926651568e+00 4.372821739853303136e+00
1.910981694247523011e-01 3.349520835318001155e-01 4.949402225508407582e+00 2.224725202245978029e+00 4.449450404491956057e+00
1.958696592980294915e-01 3.092616711076704994e-01 5.260574984119662290e+00 2.293594337305457920e+00 4.587188674610915839e+00
2.006411491713067097e-01 2.730489347452844662e-01 5.485095869476873887e+00 2.342028153006892044e+00 4.684056306013784088e+00
2.054126390445839279e-01 2.443201941221820328e-01 5.412999252402503458e+00 2.326585320249937361e+00 4.653170640499874722e+00
2.101841289178611183e-01 2.431957867273923379e-01 5.248988499416695319e+00 2.291067109321919482e+00 4.582134218643838963e+00
2.149556187911383365e-01 2.480262320651659136e-01 5.013304690263531427e+00 2.239041020227975132e+00 4.478082040455950263e+00
2.197271086644155547e-01 2.062522251535905682e-01 5.056044968562936504e+00 2.248565091022035833e+00 4.497130182044071667e+00
2.244985985376927728e-01 1.612982817001830937e-01 5.298960682581789428e+00 2.301947150258187413e+00 4.603894300516374827e+00
2.292700884109699633e-01 1.668587178035701168e-01 5.365184512686660412e+00 2.316286794135531846e+00 4.632573588271063691e+00
2.340415782842471815e-01 2.018117098723246627e-01 4.985415622891325782e+00 2.232804430059051715e+00 4.465608860118103429e+00
2.388130681575243996e-01 2.156943855854089598e-01 4.819694652825130987e+00 2.195380297995117580e+00 4.390760595990235160e+00
2.435845580308016178e-01 2.565776237516920188e-01 4.919171804394023795e+00 2.217920603717370209e+00 4.435841207434740419e+00
2.483560479040788083e-01 3.211078544493768394e-01 5.060907359099598324e+00 2.249646051960085380e+00 4.499292103920170760e+00
2.531275377773560264e-01 3.626149370865566768e-01 4.834704894719722645e+00 2.198796237653621866e+00 4.397592475307243731e+00
2.578990276506332169e-01 4.005348932008372942e-01 4.659379855165054707e+00 2.158559671439512329e+00 4.317119342879024657e+00
2.626705175239104628e-01 4.053883326519124863e-01 4.430578503048980821e+00 2.104893941045244521e+00 4.209787882090489042e+00
2.674420073971876533e-01 3.625345067092354268e-01 4.408011032760642323e+00 2.099526382963701199e+00 4.199052765927402397e+00
2.722134972704648437e-01 3.108443166141543479e-01 4.719596355372685181e+00 2.172463200004245198e+00 4.344926400008490397e+00
2.769849871437420896e-01 3.211592008332427306e-01 4.697950200342775773e+00 2.167475536273195225e+00 4.334951072546390449e+00
2.817564770170192801e-01 3.696225123403227841e-01 4.553794168502124151e+00 2.133962082255006720e+00 4.267924164510013441e+00
2.865279668902965260e-01 3.996839476529637225e-01 4.531967230090806709e+00 2.128841757879341934e+00 4.257683515758683868e+00
2.912994567635737164e-01 4.123602546117119960e-01 4.835029875628023888e+00 2.198870136144475573e+00 4.397740272288951147e+00
2.960709466368509069e-01 4.010176685076359826e-01 4.988907434659337170e+00 2.233586227272038371e+00 4.467172454544076743e+00
3.008424365101281528e-01 3.461100838974621174e-01 5.203415328831347608e+00 2.281099587661912675e+00 4.562199175323825351e+00
3.056139263834053432e-01 2.454916480871779383e-01 5.397745752351111648e+00 2.323304920227026837e+00 4.646609840454053675e+00
3.103854162566825337e-01 2.136436433818190983e-01 5.268222590630994517e+00 2.295260898161905150e+00 4.590521796323810300e+00
3.151569061299597796e-01 1.887256597366235022e-01 5.315938073289361299e+00 2.305631816506998444e+00 4.611263633013996888e+00
3.199283960032369700e-01 1.762609839566519065e-01 5.638688658371664886e+00 2.374592314139769123e+00 4.749184628279538245e+00
3.246998858765141605e-01 1.909649217007464428e-01 5.751657527863756059e+00 2.398261355203755940e+00 4.796522710407511880e+00
3.294713757497914064e-01 1.840273511012124052e-01 6.307013028587233450e+00 2.511376719766915677e+00 5.022753439533831354e+00
3.342428656230685968e-01 1.133314936959291391e-01 6.379575747070783009e+00 2.525782204995272728e+00 5.051564409990545457e+00
3.390143554963458428e-01 1.496181676800835414e-02 6.292604541904786686e+00 2.508506436488610269e+00 5.017012872977220539e+00
3.437858453696230332e-01 4.247569603749385748e-04 6.346583045014877911e+00 2.519242553827415243e+00 5.038485107654830486e+00
3.485573352429002236e-01 -1.414256204107103634e-02 6.440733725629494089e+00 2.537860068173478645e+00 5.075720136346957290e+00
3.533288251161774696e-01 1.335768856826632066e-02 6.107590918970805305e+00 2.471354065885907225e+00 4.942708131771814450e+00
3.581003149894546600e-01 -3.297905522227214444e-03 5.952003554759018655e+00 2.439672837648322545e+00 4.879345675296645091e+00
3.628718048627318504e-01 -6.169858017192474120e-02 5.965668663221730839e+00 2.442471834683407561e+00 4.884943669366815122e+00
3.676432947360090964e-01 -6.918497534652201519e-02 6.142275347110768280e+00 2.478361423826389576e+00 4.956722847652779151e+00
3.724147846092862868e-01 -6.757027270926381501e-02 6.178488867459194012e+00 2.485656627022162724e+00 4.971313254044325447e+00
3.771862744825634772e-01 -8.880023766600500523e-02 6.353924007754162773e+00 2.520699110912320240e+00 5.041398221824640480e+00
3.819577643558407232e-01 -1.657224129205215057e-01 6.391692888899116909e+00 2.528179758027327750e+00 5.056359516054655501e+00
3.867292542291179136e-01 -1.908298296247235293e-01 6.404911762265466990e+00 2.530792714203490057e+00 5.061585428406980114e+00
3.915007441023951595e-01 -1.834083781489561360e-01 6.814198187587880540e+00 2.610401920698780298e+00 5.220803841397560596e+00
3.962722339756723500e-01 -2.540961969771295403e-01 6.927554218528880980e+00 2.632024737446227114e+00 5.264049474892454228e+00
4.010437238489495404e-01 -3.316837088946584244e-01 6.738929119025401704e+00 2.595944744986957708e+00 5.191889489973915417e+00
4.058152137222267863e-01 -3.887792305729909637e-01 6.677695598794867848e+00 2.584123758413065630e+00 5.168247516826131260e+00
4.105867035955039768e-01 -5.139186299870847074e-01 6.566275258356975897e+00 2.562474440527549024e+00 5.124948881055098049e+00
4.153581934687811672e-01 -5.523727794126157553e-01 6.559325115492065095e+00 2.561117942518865043e+00 5.122235885037730085e+00
4.201296833420584131e-01 -5.983548395091217165e-01 6.562826551164132383e+00 2.561801426958016936e+00 5.123602853916033872e+00
4.249011732153356036e-01 -5.921980398654238531e-01 7.004723649736916968e+00 2.646643846409432843e+00 5.293287692818865686e+00
4.296726630886127940e-01 -6.510827779245282887e-01 7.334571832389242374e+00 2.708241464934255660e+00 5.416482929868511320e+00
4.344441529618900399e-01 -7.016155859821234797e-01 7.720658437970554289e+00 2.778607283869124700e+00 5.557214567738249400e+00
4.392156428351672304e-01 -7.458131484958807622e-01 7.363381307003125542e+00 2.713555104839981968e+00 5.427110209679963937e+00
4.439871327084444763e-01 -8.243215764123695832e-01 7.122193074222501252e+00 2.668743725842273928e+00 5.337487451684547857e+00
4.487586225817216667e-01 -8.349413687642366355e-01 7.560464180956337543e+00 2.749629826168667801e+00 5.499259652337335602e+00
4.535301124549988572e-01 -8.362812366724962088e-01 7.737605656849432023e+00 2.781655200927935390e+00 5.563310401855870779e+00
4.583016023282761031e-01 -9.044980510419514674e-01 7.434313812399391708e+00 2.726593811406347267e+00 5.453187622812694535e+00
4.630730922015532935e-01 -9.538695182047463028e-01 7.100290636517065934e+00 2.664637055307357727e+00 5.329274110614715454e+00
4.678445820748304840e-01 -9.447019232483979678e-01 6.704443328728059370e+00 2.589293982677142836e+00 5.178587965354285672e+00
4.726160719481077299e-01 -9.812966855853930692e-01 6.342356525922927091e+00 2.518403566929440007e+00 5.036807133858880015e+00
4.773875618213849203e-01 -9.757440699110151439e-01 6.209258455350214589e+00 2.491838368624701872e+00 4.983676737249403743e+00
4.821590516946621108e-01 -9.666968479889551658e-01 6.318018925591474044e+00 2.513566972569355240e+00 5.027133945138710480e+00
4.869305415679393567e-01 -9.684609601595753903e-01 5.958793024329478882e+00 2.441063912381132184e+00 4.882127824762264368e+00
4.917020314412165471e-01 -8.716314435404027838e-01 5.439890108975768968e+00 2.332357200125179997e+00 4.664714400250359994e+00
4.964735213144937931e-01 -7.680162948899770248e-01 5.095237093872983181e+00 2.257263186664989707e+00 4.514526373329979414e+00
5.012450111877709835e-01 -7.436526278613331264e-01 4.881084469848392615e+00 2.209317648019042402e+00 4.418635296038084803e+00
5.060165010610482295e-01 -7.902041509049937407e-01 4.868948829436382297e+00 2.206569470793154686e+00 4.413138941586309372e+00
5.107879909343253644e-01 -8.804364188751010456e-01 5.422390198945194584e+00 2.328602627960639104e+00 4.657205255921278209e+00
5.155594808076026103e-01 -1.001114914758799213e+00 5.877895394787095995e+00 2.424437129477086561e+00 4.848874258954173122e+00
5.203309706808798563e-01 -1.087522358616655138e+00 6.194196309714039117e+00 2.488814237687103859e+00 4.977628475374207717e+00
5.251024605541569912e-01 -1.134045080556960405e+00 6.832881115235073466e+00 2.613978025009979778e+00 5.227956050019959555e+00
5.298739504274342371e-01 -1.136097703323514452e+00 7.590592087022905332e+00 2.755102917682550778e+00 5.510205835365101557e+00
5.346454403007114831e-01 -1.166920715302570244e+00 8.025153844139790493e+00 2.832870248377039601e+00 5.665740496754079203e+00
5.394169301739886180e-01 -1.236759812285694426e+00 8.552380692583158250e+00 2.924445364950960968e+00 5.848890729901921937e+00
5.441884200472658639e-01 -1.325457011117985084e+00 8.888575452925934428e+00 2.981371404727350516e+00 5.962742809454701032e+00
5.489599099205431099e-01 -1.369931860334289375e+00 8.856630409608218457e+00 2.976009141385190571e+00 5.952018282770381141e+00
5.537313997938202448e-01 -1.428543605750237644e+00 9.056247476677055985e+00 3.009359977915080808e+00 6.018719955830161616e+00
5.585028896670974907e-01 -1.471722736947165711e+00 9.143939120166612256e+00 3.023894693961185709e+00 6.047789387922371418e+00
5.632743795403747367e-01 -1.462814235566286092e+00 8.904257540077303190e+00 2.984000258055837129e+00 5.968000516111674258e+00
5.680458694136519826e-01 -1.474885158229511051e+00 8.841640424101152362e+00 2.973489603832701000e+00 5.946979207665402001e+00
5.728173592869291175e-01 -1.408269336582855802e+00 8.744677294509669352e+00 2.957140053245647326e+00 5.914280106491294653e+00
5.775888491602063635e-01 -1.374444353896563609e+00 8.482625615948473197e+00 2.912494740930612114e+00 5.824989481861224228e+00
5.823603390334836094e-01 -1.371624723326789974e+00 8.230876293821731693e+00 2.868950381903063285e+00 5.737900763806126569e+00
5.871318289067607443e-01 -1.381610324733045347e+00 8.131950848238542306e+00 2.851657561531282692e+00 5.703315123062565384e+00
5.919033187800379903e-01 -1.387392585378945276e+00 8.157272548513553545e+00 2.856093932018615167e+00 5.712187864037230334e+00
5.966748086533152362e-01 -1.417502138366142361e+00 8.150507264892851822e+00 2.854909326912652201e+00 5.709818653825304402e+00
6.014462985265923711e-01 -1.441827221947637572e+00 8.356218640108385998e+00 2.890712479668011703e+00 5.781424959336023406e+00
6.062177883998696171e-01 -1.507841519788330364e+00 8.882822252904773563e+00 2.980406390562329477e+00 5.960812781124658954e+00
6.109892782731468630e-01 -1.582292083167337937e+00 9.360840798987794642e+00 3.059549116943180547e+00 6.119098233886361093e+00
6.157607681464239979e-01 -1.611149204711856520e+00 9.624850005186331714e+00 3.102394237550464950e+00 6.204788475100929901e+00
6.205322580197012439e-01 -1.607757096119889040e+00 9.796071388162339133e+00 3.129867631092781544e+00 6.259735262185563087e+00
6.253037478929784898e-01 -1.615873021753632344e+00 9.712858236812211388e+00 3.116545882353123798e+00 6.233091764706247595e+00
6.300752377662556247e-01 -1.654714533313212055e+00 9.485932284124640290e+00 3.079924071162248644e+00 6.159848142324497289e+00
6.348467276395328707e-01 -1.676402729919650669e+00 9.306421004703725686e+00 3.050642719936853986e+00 6.101285439873707972e+00
6.396182175128101166e-01 -1.650145136115971356e+00 9.010158265447682169e+00 3.001692566777564242e+00 6.003385133555128483e+00
6.443897073860872515e-01 -1.608698638562426453e+00 8.882208064424791161e+00 2.980303351074315099e+00 5.960606702148630198e+00
6.491611972593644975e-01 -1.561625611675532932e+00 8.944088647908690959e+00 2.990666923598930271e+00 5.981333847197860543e+00
6.539326871326417434e-01 -1.535708788097417621e+00 8.935049985762328006e+00 2.989155396723684355e+00 5.978310793447368710e+00
6.587041770059188783e-01 -1.550991946582789716e+00 8.712312802615219454e+00 2.951662718302214827e+00 5.903325436604429655e+00
6.634756668791961243e-01 -1.588566212895445862e+00 8.568052055295778402e+00 2.927123512135382910e+00 5.854247024270765820e+00
6.682471567524733702e-01 -1.621628167361458095e+00 8.558690151247031253e+00 2.925523910558078367e+00 5.851047821116156733e+00
6.730186466257506162e-01 -1.654311143667565043e+00 8.755794616239876760e+00 2.959019198356083180e+00 5.918038396712166360e+00
6.777901364990277511e-01 -1.683558201809284505e+00 8.859852178080616980e+00 2.976550382251343052e+00 5.953100764502686104e+00
6.825616263723049970e-01 -1.704115461906712481e+00 8.833850334769012491e+00 2.972179391417855143e+00 5.944358782835710286e+00
6.873331162455822430e-01 -1.712413601162539267e+00 8.823893954829657105e+00 2.970503990037659747e+00 5.941007980075319495e+00
6.921046061188593779e-01 -1.711962142591626712e+00 8.841578012210629112e+00 2.973479109092685313e+00 5.946958218185370626e+00
6.968760959921366238e-01 -1.701194196969630479e+00 8.746301501931419864e+00 2.957414665198544679e+00 5.914829330397089358e+00
7.016475858654138698e-01 -1.679713629032165700e+00 8.613103259408100953e+00 2.934808896573693815e+00 5.869617793147387630e+00
7.064190757386910047e-01 -1.655513411580326055e+00 8.606569847255377326e+00 2.933695595533963640e+00 5.867391191067927281e+00
7.111905656119682506e-01 -1.631370150954076115e+00 8.693806602621668489e+00 2.948526174654325427e+00 5.897052349308650854e+00
7.159620554852454966e-01 -1.605509249103855396e+00 8.714151693897859374e+00 2.951974202783259393e+00 5.903948405566518787e+00
7.207335453585226315e-01 -1.580082719242426936e+00 8.569384194464477744e+00 2.927351054189517132e+00 5.854702108379034264e+00
7.255050352317998774e-01 -1.556642835463830643e+00 8.269319017751900702e+00 2.875642366107423520e+00 5.751284732214847040e+00
7.302765251050771234e-01 -1.537465337629241313e+00 7.984739270614733542e+00 2.825728095662201955e+00 5.651456191324403910e+00
7.350480149783542583e-01 -1.527395457632591436e+00 7.784868828273577179e+00 2.790137779442724231e+00 5.580275558885448461e+00
7.398195048516315042e-01 -1.520376304996392314e+00 7.664161756700849537e+00 2.768422250434505294e+00 5.536844500869010588e+00
7.445909947249087502e-01 -1.509992970660426703e+00 7.610174439848197636e+00 2.758654461843345285e+00 5.517308923686690569e+00
7.493624845981858851e-01 -1.496867777515395792e+00 7.640579186378719356e+00 2.764159761370300838e+00 5.528319522740601677e+00
7.541339744714631310e-01 -1.483687761707587649e+00 7.692809582619197784e+00 2.773591459212982002e+00 5.547182918425964004e+00
7.589054643447403770e-01 -1.475280986390685500e+00 7.710250114415211797e+00 2.776733713270902015e+00 5.553467426541804031e+00
7.636769542180176229e-01 -1.472006355161184166e+00 7.656709897238869189e+00 2.767076055557358583e+00 5.534152111114717165e+00
7.684484440912947578e-01 -1.460418211117648024e+00 7.508482200269417817e+00 2.740160980721646933e+00 5.480321961443293866e+00
7.732199339645720038e-01 -1.433747182135434395e+00 7.392852513047333929e+00 2.718980050137796312e+00 5.437960100275592623e+00
7.779914238378492497e-01 -1.399890353696855660e+00 7.381662909436462527e+00 2.716921586913480180e+00 5.433843173826960360e+00
7.827629137111263846e-01 -1.368947621109816604e+00 7.358636369616029071e+00 2.712680661194020626e+00 5.425361322388041252e+00
7.875344035844036306e-01 -1.349456729158719837e+00 7.298707669858266911e+00 2.701612050213403116e+00 5.403224100426806231e+00
7.923058934576808765e-01 -1.346934215494932641e+00 7.291277501148595519e+00 2.700236563923352762e+00 5.400473127846705523e+00
7.970773833309580114e-01 -1.360074305541578266e+00 7.350543234351320621e+00 2.711188527998619424e+00 5.422377055997238848e+00
8.018488732042352574e-01 -1.382502884861782189e+00 7.448691016088815786e+00 2.729229014958036714e+00 5.458458029916073428e+00
8.066203630775125033e-01 -1.407457219600305232e+00 7.562510569163530150e+00 2.750001921665425009e+00 5.500003843330850017e+00
8.113918529507896382e-01 -1.429724532063079590e+00 7.665296280523886452e+00 2.768627147256178755e+00 5.537254294512357511e+00
8.161633428240668842e-01 -1.446545226340329116e+00 7.735830556987925988e+00 2.781336110035593112e+00 5.562672220071186224e+00
8.209348326973441301e-01 -1.457606330944960504e+00 7.785151809428267455e+00 2.790188489946201944e+00 5.580376979892403888e+00
8.257063225706212650e-01 -1.464552336734924021e+00 7.838854250467676366e+00 2.799795394393611137e+00 5.599590788787222273e+00
8.304778124438985110e-01 -1.469807280581196363e+00 7.899224528078899965e+00 2.810555910861568307e+00 5.621111821723136615e+00
8.352493023171757569e-01 -1.474550371421455175e+00 7.954733846880428061e+00 2.820413772282433840e+00 5.640827544564867679e+00
8.400207921904528918e-01 -1.478341945935358392e+00 7.990572233382275513e+00 2.826760024017298090e+00 5.653520048034596179e+00
8.447922820637301378e-01 -1.480204339585159623e+00 7.994593670016369558e+00 2.827471250077774112e+00 5.654942500155548224e+00
8.495637719370073837e-01 -1.479789203374674234e+00 7.977071846854883574e+00 2.824371053324064018e+00 5.648742106648128036e+00
8.543352618102845186e-01 -1.477864601261990041e+00 7.957911261384589707e+00 2.820977004759980478e+00 5.641954009519960955e+00
8.591067516835617646e-01 -1.475223340363439606e+00 7.937881282058800281e+00 2.817424583206940003e+00 5.634849166413880006e+00
8.638782415568390105e-01 -1.471687481866925662e+00 7.910956459351504932e+00 2.812642255842627392e+00 5.625284511685254785e+00
8.686497314301162564e-01 -1.466469689829634548e+00 7.884972099161421610e+00 2.808019248360206888e+00 5.616038496720413775e+00
8.734212213033933914e-01 -1.458579217513451542e+00 7.878791878518558889e+00 2.806918573546186568e+00 5.613837147092373137e+00
8.781927111766706373e-01 -1.447221017493885320e+00 7.897535778484593649e+00 2.810255464986162632e+00 5.620510929972325265e+00
8.829642010499478832e-01 -1.432486012867103087e+00 7.921187075494177776e+00 2.814460352446659819e+00 5.628920704893319638e+00
8.877356909232250182e-01 -1.415613921097942596e+00 7.927475160282002165e+00 2.815577233940138591e+00 5.631154467880277181e+00
8.925071807965022641e-01 -1.398722448691944065e+00 7.915276103779083527e+00 2.813410048993762125e+00 5.626820097987524250e+00
8.972786706697795100e-01 -1.384301502036574094e+00 7.898876088348583124e+00 2.810493922489174068e+00 5.620987844978348136e+00
9.020501605430566450e-01 -1.374238902080389790e+00 7.887591346912644852e+00 2.808485596707350762e+00 5.616971193414701524e+00
9.068216504163338909e-01 -1.369245461618059823e+00 7.879969464485004238e+00 2.807128330604962585e+00 5.614256661209925170e+00
9.115931402896111369e-01 -1.369370377980300590e+00 7.870085139492367432e+00 2.805367202255770298e+00 5.610734404511540596e+00
9.163646301628882718e-01 -1.373732321597315398e+00 7.854155022215252302e+00 2.802526542642415741e+00 5.605053085284831482e+00
9.211361200361655177e-01 -1.379459620000888620e+00 7.836344942708365124e+00 2.799347235108278653e+00 5.598694470216557306e+00
9.259076099094427637e-01 -1.382663820830724921e+00 7.818175609252731917e+00 2.796100071394572062e+00 5.592200142789144124e+00
9.306790997827198986e-01 -1.380865231500780999e+00 7.807005570601344147e+00 2.794101925592791247e+00 5.588203851185582494e+00
9.354505896559971445e-01 -1.374407377337884872e+00 7.841961556323852278e+00 2.800350256007960947e+00 5.600700512015921895e+00
9.402220795292743905e-01 -1.364983598925479269e+00 7.884228885373145701e+00 2.807886907511259800e+00 5.615773815022519599e+00
9.449935694025515254e-01 -1.354358152017586248e+00 7.820541282657076820e+00 2.796523070288725155e+00 5.593046140577450309e+00
9.497650592758287713e-01 -1.346468625957199405e+00 7.707734708105583366e+00 2.776280732942110863e+00 5.552561465884221725e+00
9.545365491491060173e-01 -1.342323164636976207e+00 7.628017636127205847e+00 2.761886608122644304e+00 5.523773216245288609e+00
9.593080390223831522e-01 -1.338795330065313038e+00 7.578015755998540826e+00 2.752819601063342780e+00 5.505639202126685561e+00
9.640795288956603981e-01 -1.337068410891880443e+00 7.550476025436555716e+00 2.747812953138651260e+00 5.495625906277302519e+00
9.688510187689376441e-01 -1.342874630296257088e+00 7.520319030957780981e+00 2.742320008853412538e+00 5.484640017706825077e+00
9.736225086422148900e-01 -1.361102073685040104e+00 7.462260259227694092e+00 2.731713795262544320e+00 5.463427590525088640e+00
9.783939985154920249e-01 -1.389651469983744558e+00 7.416959964745402090e+00 2.723409621181764440e+00 5.446819242363528879e+00
9.831654883887692709e-01 -1.412138271786290700e+00 7.428214899801215410e+00 2.725475169544058662e+00 5.450950339088117325e+00
9.879369782620465168e-01 -1.430861428785401124e+00 7.504100676682421422e+00 2.739361362924289445e+00 5.478722725848578889e+00
9.927084681353236517e-01 -1.460243668026341091e+00 7.582305340283149064e+00 2.753598616407836097e+00 5.507197232815672194e+00
9.974799580086008977e-01 -1.485739568638696717e+00 7.720839632352204163e+00 2.778639888929870683e+00 5.557279777859741365e+00
1.002251447881878033e+00 -1.496484965942833201e+00 7.818255588146486801e+00 2.796114373223399951e+00 5.592228746446799903e+00
1.007022937755155390e+00 -1.499175778205810605e+00 7.828870469986295433e+00 2.798011878099572414e+00 5.596023756199144827e+00
1.011794427628432524e+00 -1.495233338632003139e+00 7.906105761364093709e+00 2.811779820925545792e+00 5.623559641851091584e+00
1.016565917501709659e+00 -1.491577010012519633e+00 7.974566163422480258e+00 2.823927435934301844e+00 5.647854871868603688e+00
1.021337407374987016e+00 -1.495523717559930521e+00 7.969713438261253557e+00 2.823068089554563453e+00 5.646136179109126907e+00
1.026108897248264151e+00 -1.514577672170484668e+00 7.985337897769449356e+00 2.825834018085536581e+00 5.651668036171073162e+00
1.030880387121541286e+00 -1.546866207352239231e+00 8.017955659185254547e+00 2.831599487778110102e+00 5.663198975556220205e+00
1.035651876994818643e+00 -1.589477444244423276e+00 8.109317643217597293e+00 2.847686366722570916e+00 5.695372733445141833e+00
1.040423366868095778e+00 -1.637495317083401236e+00 8.250335719503159027e+00 2.872339763938653423e+00 5.744679527877306846e+00
1.045194856741372913e+00 -1.679290420186040356e+00 8.314690160985849232e+00 2.883520445737440596e+00 5.767040891474881192e+00
1.049966346614650270e+00 -1.717269176396499786e+00 8.318410894600440031e+00 2.884165545630215544e+00 5.768331091260431087e+00
1.054737836487927405e+00 -1.726549247546202981e+00 8.442474810563426857e+00 2.905593710511403582e+00 5.811187421022807165e+00
1.059509326361204540e+00 -1.712421096489769701e+00 8.490280755695849280e+00 2.913808634021089805e+00 5.827617268042179610e+00
1.064280816234481897e+00 -1.723837275669304558e+00 8.445159984044984469e+00 2.906055743451075646e+00 5.812111486902151292e+00
1.069052306107759032e+00 -1.747567226451215427e+00 8.535553209209357561e+00 2.921566909931955891e+00 5.843133819863911782e+00
1.073823795981036167e+00 -1.786923731448471830e+00 8.631655593778496893e+00 2.937967936138598635e+00 5.875935872277197269e+00
1.078595285854313524e+00 -1.835285233875830979e+00 8.754360725922865072e+00 2.958776896949627311e+00 5.917553793899254622e+00
1.083366775727590658e+00 -1.877146747544712335e+00 8.968102691800023507e+00 2.994679063238667727e+00 5.989358126477335453e+00
1.088138265600867793e+00 -1.909316678022465963e+00 9.291612112245820398e+00 3.048214577789073676e+00 6.096429155578147352e+00
1.092909755474145150e+00 -1.919047996504918085e+00 9.414963895023964469e+00 3.068381315127564957e+00 6.136762630255129913e+00
1.097681245347422285e+00 -1.898239710776451483e+00 9.091169745058135021e+00 3.015156670068428468e+00 6.030313340136856937e+00
1.102452735220699420e+00 -1.862358062843205486e+00 8.587831644348703719e+00 2.930500237902857297e+00 5.861000475805714593e+00
1.107224225093976777e+00 -1.827848734170788081e+00 8.340533132841406072e+00 2.887998118566112549e+00 5.775996237132225097e+00
1.111995714967253912e+00 -1.801969269768435522e+00 8.335478726417356654e+00 2.887122915017190206e+00 5.774245830034380411e+00
1.116767204840531047e+00 -1.794790695368308153e+00 8.333764102489720216e+00 2.886825956390464576e+00 5.773651912780929152e+00
1.121538694713808404e+00 -1.810777259056994826e+00 8.274390676049065974e+00 2.876524061441006808e+00 5.753048122882013615e+00
1.126310184587085539e+00 -1.831360339454337627e+00 8.148887264075414194e+00 2.854625590874469321e+00 5.709251181748938642e+00
1.131081674460362896e+00 -1.837942625228844884e+00 8.239652288426130511e+00 2.870479452709273627e+00 5.740958905418547253e+00
1.135853164333640031e+00 -1.831475637439849091e+00 8.432704756547719782e+00 2.903911974655519757e+00 5.807823949311039513e+00
1.140624654206917166e+00 -1.825779899107220716e+00 8.384048817590434410e+00 2.895522201191079503e+00 5.791044402382159006e+00
1.145396144080194523e+00 -1.832165116110365810e+00 8.112097826683886126e+00 2.848174472655052636e+00 5.696348945310105272e+00
1.150167633953471658e+00 -1.827495950237038036e+00 7.879403272973844352e+00 2.807027479910705114e+00 5.614054959821410229e+00
1.154939123826748792e+00 -1.806253587145536299e+00 7.772495256636261729e+00 2.787919521190714178e+00 5.575839042381428357e+00
1.159710613700026149e+00 -1.793607351801433047e+00 7.735659803736206541e+00 2.781305413602793486e+00 5.562610827205586972e+00
1.164482103573303284e+00 -1.800496479492795343e+00 7.695906375180221914e+00 2.774149667047584256e+00 5.548299334095168511e+00
1.169253593446580419e+00 -1.822111385792482219e+00 7.857516582988402831e+00 2.803126216028882567e+00 5.606252432057765134e+00
1.174025083319857776e+00 -1.845679205818937518e+00 8.081212589684232839e+00 2.842747366489719152e+00 5.685494732979438304e+00
1.178796573193134911e+00 -1.870186147708801538e+00 8.201017552570082358e+00 2.863741879529313028e+00 5.727483759058626056e+00
1.183568063066412046e+00 -1.893217017363066024e+00 8.240122895813277282e+00 2.870561425194255722e+00 5.741122850388511445e+00
1.188339552939689403e+00 -1.907798318460758757e+00 8.204525318222948727e+00 2.864354258506260464e+00 5.728708517012520929e+00
1.193111042812966538e+00 -1.923434876327043686e+00 8.142085806363869693e+00 2.853434037500055975e+00 5.706868075000111951e+00
1.197882532686243673e+00 -1.946255437030677715e+00 8.175797233905671035e+00 2.859335103464732075e+00 5.718670206929464150e+00
1.202654022559521030e+00 -1.971394991177422895e+00 8.342922567498904485e+00 2.888411772496938035e+00 5.776823544993876069e+00
1.207425512432798165e+00 -1.990688765905054503e+00 8.471183292162736578e+00 2.910529727070784833e+00 5.821059454141569667e+00
1.212197002306075300e+00 -1.999698171504844968e+00 8.656645550723546023e+00 2.942217794576660328e+00 5.884435589153320656e+00
1.216968492179352657e+00 -2.005625780122286095e+00 8.723263129576475094e+00 2.953517077921926415e+00 5.907034155843852830e+00
1.221739982052629792e+00 -2.001675319801397013e+00 8.594380552249786476e+00 2.931617395270021742e+00 5.863234790540043484e+00
1.226511471925906926e+00 -1.985607710668116255e+00 8.416758245305043573e+00 2.901164980711204322e+00 5.802329961422408644e+00
1.231282961799184283e+00 -1.970150927466036039e+00 8.255305112004435841e+00 2.873204676316053252e+00 5.746409352632106504e+00
1.236054451672461418e+00 -1.964020535428474767e+00 8.145945693000616217e+00 2.854110315492485839e+00 5.708220630984971677e+00
1.240825941545738553e+00 -1.952305652314222817e+00 8.070878559445821665e+00 2.840929171846039214e+00 5.681858343692078428e+00
1.245597431419015910e+00 -1.943228803624276191e+00 8.129564850597875036e+00 2.851239178076415914e+00 5.702478356152831829e+00
1.250368921292293045e+00 -1.939564481357632486e+00 8.238744434002285288e+00 2.870321311979250556e+00 5.740642623958501112e+00
1.255140411165570180e+00 -1.909966645108029271e+00 8.122802063499975134e+00 2.850052993103807886e+00 5.700105986207615771e+00
1.259911901038847537e+00 -1.882131841082925083e+00 8.063708927382544189e+00 2.839667045162609149e+00 5.679334090325218298e+00
1.264683390912124672e+00 -1.874049287147996790e+00 8.161502183177733016e+00 2.856834293965565763e+00 5.713668587931131526e+00
1.269454880785401807e+00 -1.877158973539518216e+00 8.203362241756558149e+00 2.864151225364428566e+00 5.728302450728857131e+00
1.274226370658679164e+00 -1.878465685217931336e+00 8.201904217322619317e+00 2.863896684121586489e+00 5.727793368243172978e+00
1.278997860531956299e+00 -1.881291259922164505e+00 8.352305493647429913e+00 2.890035552315477929e+00 5.780071104630955858e+00
1.283769350405233434e+00 -1.881995811326437451e+00 8.392259671330734250e+00 2.896939707921228901e+00 5.793879415842457803e+00
1.288540840278510791e+00 -1.900737876637154988e+00 8.310753898281983965e+00 2.882837820322535105e+00 5.765675640645070210e+00
1.293312330151787926e+00 -1.923434786072258262e+00 8.386638662703401081e+00 2.895969382210972221e+00 5.791938764421944441e+00
1.298083820025065060e+00 -1.939693985974543233e+00 8.446392911734839970e+00 2.906267866480108264e+00 5.812535732960216528e+00
1.302855309898342417e+00 -1.958499475936532397e+00 8.440680561393090642e+00 2.905284936351870240e+00 5.810569872703740479e+00
1.307626799771619552e+00 -1.970603105629947560e+00 8.364385392055332602e+00 2.892124719311968573e+00 5.784249438623937145e+00
1.312398289644896687e+00 -1.992118878192191245e+00 8.401914298157031169e+00 2.898605578231890245e+00 5.797211156463780490e+00
1.317169779518174044e+00 -2.014769349681166943e+00 8.361461734324674211e+00 2.891619223605465194e+00 5.783238447210930389e+00
1.321941269391451179e+00 -2.027323125929952230e+00 8.339680106589854702e+00 2.887850430093264809e+00 5.775700860186529617e+00
1.326712759264728536e+00 -2.030735444616712737e+00 8.427053413732721765e+00 2.902938754733334292e+00 5.805877509466668585e+00
1.331484249138005671e+00 -2.023222768821673068e+00 8.467093175510978398e+00 2.909827000959159804e+00 5.819654001918319608e+00
1.336255739011282806e+00 -2.014555004757365264e+00 8.516067062487861605e+00 2.918230125005199405e+00 5.836460250010398809e+00
1.341027228884560163e+00 -1.994564530593500251e+00 8.555670158233164457e+00 2.925007719345910306e+00 5.850015438691820613e+00
1.345798718757837298e+00 -2.007948785210956988e+00 8.421549215697790913e+00 2.901990560924998963e+00 5.803981121849997926e+00
1.350570208631114433e+00 -2.015693049003703496e+00 8.447957133170376665e+00 2.906536965732652966e+00 5.813073931465305932e+00
1.355341698504391790e+00 -2.014753213646002905e+00 8.511285093042381789e+00 2.917410682958842649e+00 5.834821365917685299e+00
1.360113188377668925e+00 -2.023272166155987595e+00 8.563568739982684974e+00 2.926357589219520605e+00 5.852715178439041210e+00
1.364884678250946060e+00 -2.029790246614779470e+00 8.724920392906888367e+00 2.953797622198732764e+00 5.907595244397465528e+00
1.369656168124223417e+00 -2.022549698000260410e+00 8.784118797086614805e+00 2.963801409859745384e+00 5.927602819719490768e+00
1.374427657997500551e+00 -1.996689877278382097e+00 8.727973215515241634e+00 2.954314339320587735e+00 5.908628678641175469e+00
1.379199147870777686e+00 -1.981697919346900205e+00 8.522583972075981507e+00 2.919346497433283893e+00 5.838692994866567787e+00
1.383970637744055043e+00 -1.964264409196237793e+00 8.352086300589318668e+00 2.889997629858771955e+00 5.779995259717543910e+00
1.388742127617332178e+00 -1.939853117286115758e+00 8.316566227743052764e+00 2.883845735774202890e+00 5.767691471548405779e+00
1.393513617490609313e+00 -1.934985160839728824e+00 8.400360985581263762e+00 2.898337624498095622e+00 5.796675248996191243e+00
1.398285107363886670e+00 -1.935298129854865490e+00 8.580781460510582548e+00 2.929297093247897887e+00 5.858594186495795775e+00
1.403056597237163805e+00 -1.920230395753657060e+00 8.752340519370797267e+00 2.958435485078354077e+00 5.916870970156708154e+00
1.407828087110440940e+00 -1.909592209758596670e+00 8.825954019400942485e+00 2.970850723176939212e+00 5.941701446353878424e+00
1.412599576983718297e+00 -1.904009909176704651e+00 8.774029577722336271e+00 2.962098846717025946e+00 5.924197693434051892e+00
1.417371066856995432e+00 -1.901893421076731761e+00 8.721206142993665367e+00 2.953168830763603037e+00 5.906337661527206073e+00
1.422142556730272567e+00 -1.882717965264328219e+00 8.884946122408987179e+00 2.980762674620203168e+00 5.961525349240406335e+00
1.426914046603549924e+00 -1.844947762053246398e+00 8.947138717269886854e+00 2.991176811435574123e+00 5.982353622871148247e+00
1.431685536476827059e+00 -1.832847198611396999e+00 8.810039697689957094e+00 2.968171103169417346e+00 5.936342206338834693e+00
1.436457026350104194e+00 -1.787199713369980181e+00 8.535668187520913719e+00 2.921586587373530719e+00 5.843173174747061438e+00
1.441228516223381551e+00 -1.733483305926670548e+00 8.209322296326019952e+00 2.865191493831785952e+00 5.730382987663571903e+00
1.446000006096658685e+00 -1.716906247179559530e+00 8.092383028756680474e+00 2.844711413967448532e+00 5.689422827934897064e+00
1.450771495969935820e+00 -1.704018294998706606e+00 7.989993020652045530e+00 2.826657570462337787e+00 5.653315140924675575e+00
1.455542985843213177e+00 -1.656078129716675118e+00 7.929029523156023274e+00 2.815853249577474404e+00 5.631706499154948808e+00
1.460314475716490312e+00 -1.623624731937430177e+00 7.856701332762829892e+00 2.802980794219402050e+00 5.605961588438804100e+00
1.465085965589767447e+00 -1.598645497556504980e+00 7.620091746158598411e+00 2.760451366381700744e+00 5.520902732763401488e+00
1.469857455463044804e+00 -1.586382370837542632e+00 7.580332988622036083e+00 2.753240452380074199e+00 5.506480904760148398e+00
1.474628945336321939e+00 -1.544051812280726965e+00 7.408015672310771293e+00 2.721767012863292479e+00 5.443534025726584957e+00
1.479400435209599074e+00 -1.511929347929680922e+00 7.248314049586786822e+00 2.692269312232115297e+00 5.384538624464230594e+00
1.484171925082876431e+00 -1.501684298827649089e+00 7.052149641664286150e+00 2.655588379561916401e+00 5.311176759123832802e+00
1.488943414956153566e+00 -1.482248780209911576e+00 7.058839306933126778e+00 2.656847625840279115e+00 5.313695251680558229e+00
1.493714904829430701e+00 -1.472332185666049842e+00 7.195006373027819535e+00 2.682350904156244109e+00 5.364701808312488218e+00
1.498486394702708058e+00 -1.481020290941087891e+00 7.278631897802947393e+00 2.697893974529567807e+00 5.395787949059135613e+00
1.503257884575985193e+00 -1.492173543976929029e+00 7.464373919051423556e+00 2.732100642189343453e+00 5.464201284378686907e+00
1.508029374449262328e+00 -1.499311515125287819e+00 7.661785349510655152e+00 2.767993018327657317e+00 5.535986036655314635e+00
1.512800864322539685e+00 -1.518244720526996216e+00 7.761347180320015582e+00 2.785919449718533336e+00 5.571838899437066672e+00
1.517572354195816819e+00 -1.526639735507210327e+00 7.785165020802564229e+00 2.790190857415055792e+00 5.580381714830111584e+00
1.522343844069093954e+00 -1.540401662016422479e+00 7.856929843670632962e+00 2.803021556048157503e+00 5.606043112096315006e+00
1.527115333942371311e+00 -1.559905223629706850e+00 8.064760480780522656e+00 2.839852193474252218e+00 5.679704386948504435e+00
1.531886823815648446e+00 -1.577570938714055737e+00 8.344284100684747685e+00 2.888647451781672260e+00 5.777294903563344519e+00
1.536658313688925803e+00 -1.575028478415676725e+00 8.493749282272137435e+00 2.914403761024223272e+00 5.828807522048446543e+00
1.541429803562202938e+00 -1.563462951732905060e+00 8.549401175291187371e+00 2.923935904785053275e+00 5.847871809570106549e+00
1.546201293435480073e+00 -1.553979568251840693e+00 8.504098444644466070e+00 2.916178740174282691e+00 5.832357480348565382e+00
1.550972783308757430e+00 -1.550392989879947558e+00 8.418724370449174543e+00 2.901503811896371410e+00 5.803007623792742820e+00
1.555744273182034565e+00 -1.549755745191022882e+00 8.339025769762901774e+00 2.887737136541846272e+00 5.775474273083692545e+00
1.560515763055311700e+00 -1.550213910988733401e+00 8.191931186093285078e+00 2.862154989879703404e+00 5.724309979759406808e+00
1.565287252928589057e+00 -1.546007654915121599e+00 8.052082284318567318e+00 2.837619122489585699e+00 5.675238244979171398e+00
1.570058742801866192e+00 -1.537385025061907440e+00 7.956610013958906436e+00 2.820746357608018950e+00 5.641492715216037901e+00
1.574830232675143327e+00 -1.535353181583843929e+00 7.893728612609880457e+00 2.809578013262824747e+00 5.619156026525649494e+00
1.579601722548420684e+00 -1.543694124566446613e+00 7.847816007488010115e+00 2.801395367935060055e+00 5.602790735870120109e+00
1.584373212421697819e+00 -1.556836547265455284e+00 7.857718457919609989e+00 2.803162224688326987e+00 5.606324449376653973e+00
1.589144702294974953e+00 -1.571080880911666533e+00 7.909015076268214983e+00 2.812297117352328346e+00 5.624594234704656692e+00
1.593916192168252310e+00 -1.590591242745456046e+00 7.991730598783970407e+00 2.826964909365514256e+00 5.653929818731028512e+00
1.598687682041529445e+00 -1.614616883599147901e+00 8.060045533222757186e+00 2.839021932501184065e+00 5.678043865002368129e+00
1.603459171914806580e+00 -1.637268130281819056e+00 8.055179680434880751e+00 2.838164843774032775e+00 5.676329687548065550e+00
1.608230661788083937e+00 -1.654658919344744739e+00 8.014198836638753320e+00 2.830936035419866936e+00 5.661872070839733873e+00
1.613002151661361072e+00 -1.666990215489116078e+00 8.045887634783325026e+00 2.836527390099261137e+00 5.673054780198522273e+00
1.617773641534638207e+00 -1.675656274557347336e+00 8.168792863272505755e+00 2.858110015949789418e+00 5.716220031899578835e+00
1.622545131407915564e+00 -1.680838867064158970e+00 8.326127901065378367e+00 2.885503058578413160e+00 5.771006117156826321e+00
1.627316621281192699e+00 -1.683462085129842967e+00 8.456963782707228816e+00 2.908085931107818656e+00 5.816171862215637312e+00
1.632088111154469834e+00 -1.685690287210558802e+00 8.530527167902450358e+00 2.920706621333688524e+00 5.841413242667377048e+00
1.636859601027747191e+00 -1.688753737507370012e+00 8.567981800913482715e+00 2.927111511526932386e+00 5.854223023053864772e+00
1.641631090901024326e+00 -1.694652697691158671e+00 8.587648502395747840e+00 2.930468990178150435e+00 5.860937980356300869e+00
1.646402580774301461e+00 -1.704560502318795079e+00 8.605838291962202291e+00 2.933570911357385569e+00 5.867141822714771138e+00
1.651174070647578818e+00 -1.715187971112401843e+00 8.614714639302858856e+00 2.935083412665278946e+00 5.870166825330557892e+00
1.655945560520855953e+00 -1.722654588016762967e+00 8.536206572971469342e+00 2.921678725146122257e+00 5.843357450292244515e+00
1.660717050394133087e+00 -1.728014787596076296e+00 8.509343592502512266e+00 2.917077920197284069e+00 5.834155840394568138e+00
1.665488540267410444e+00 -1.732357630243885449e+00 8.636443974343841035e+00 2.938782736839156140e+00 5.877565473678312280e+00
1.670260030140687579e+00 -1.736403742111731097e+00 8.835899140687589082e+00 2.972524035342286375e+00 5.945048070684572750e+00
1.675031520013964714e+00 -1.747111740358271437e+00 8.995743504209935182e+00 2.999290500136646553e+00 5.998581000273293107e+00
1.679803009887242071e+00 -1.769403845952363330e+00 9.097100325511783936e+00 3.016139971140560760e+00 6.032279942281121521e+00
1.684574499760519206e+00 -1.795254487836205781e+00 9.172597277472860355e+00 3.028629603875796050e+00 6.057259207751592101e+00
1.689345989633796341e+00 -1.816871737762530525e+00 9.117685131539948529e+00 3.019550485012620022e+00 6.039100970025240045e+00
1.694117479507073698e+00 -1.835544433380214224e+00 8.996808071278350027e+00 2.999467964702798639e+00 5.998935929405597278e+00
1.698888969380350833e+00 -1.853972584317251870e+00 8.963506144644924234e+00 2.993911512494135785e+00 5.987823024988271570e+00
1.703660459253627968e+00 -1.873188271653340342e+00 8.964750138125591405e+00 2.994119259168811276e+00 5.988238518337622551e+00
1.708431949126905325e+00 -1.891336504713496680e+00 8.970187165318662892e+00 2.995027072551876390e+00 5.990054145103752781e+00
1.713203439000182460e+00 -1.895311593662953653e+00 8.983248576030355537e+00 2.997206795673324375e+00 5.994413591346648751e+00
1.717974928873459595e+00 -1.904323283317939985e+00 9.003274397113925076e+00 3.000545683223957205e+00 6.001091366447914410e+00
1.722746418746736952e+00 -1.912985438824581275e+00 8.839365139629022039e+00 2.973106984221896898e+00 5.946213968443793796e+00
1.727517908620014087e+00 -1.903963323557819276e+00 8.770960398317674489e+00 2.961580726287513343e+00 5.923161452575026686e+00
