# position velocity action_std action_loc_std action_std_diff action_mean_p_0 action_p_0_mean action_p_0_std
-2.000000000000000000e+00 -3.000000000000000000e+00 7.612839570144832591e-01 6.356225294937259962e-01 1.256614275207572629e-01 9.030659820532322968e-01 8.085107789164422964e-01 2.179625605726885351e-01
-1.750000000000000000e+00 -3.000000000000000000e+00 5.764278138816771868e-01 3.823924685450785232e-01 1.940353453365986636e-01 9.590878340663805401e-01 8.963826312124492102e-01 1.658441051569562175e-01
-1.500000000000000000e+00 -3.000000000000000000e+00 4.159999555462181031e-01 2.349808502835918633e-01 1.810191052626262398e-01 9.833972683937900472e-01 9.459355093665434699e-01 1.100057591082482800e-01
-1.250000000000000000e+00 -3.000000000000000000e+00 2.922258314633484622e-01 8.935323161475478004e-02 2.028725998485936821e-01 9.938196618988522912e-01 9.762874852729228614e-01 5.665248784500875184e-02
-1.000000000000000000e+00 -3.000000000000000000e+00 2.485328762057658625e-01 8.935323161475478004e-02 1.591796445910110824e-01 9.971008779094568952e-01 9.865570352008724564e-01 5.131329700029059471e-02
-7.500000000000000000e-01 -3.000000000000000000e+00 1.589208430885094558e-01 1.262378707044760351e-01 3.268297238403342075e-02 9.986287535634748025e-01 9.923997477638387688e-01 4.149525008986339886e-02
-5.000000000000000000e-01 -3.000000000000000000e+00 1.267818305907939536e-01 8.935323161475472453e-02 3.742859897603922903e-02 9.990802277549597488e-01 9.943230798966210537e-01 3.171858010141770379e-02
-2.500000000000000000e-01 -3.000000000000000000e+00 1.875175799212097094e-01 8.935323161475473841e-02 9.816434830645497100e-02 9.991383402997769947e-01 9.943396775351293071e-01 3.558767279226410923e-02
0.000000000000000000e+00 -3.000000000000000000e+00 1.767636633982212213e-01 8.935323161475478004e-02 8.741043178346644127e-02 9.986087113046784314e-01 9.917845241046422400e-01 4.123954757480745303e-02
2.500000000000000000e-01 -3.000000000000000000e+00 1.950609013021497584e-01 0.000000000000000000e+00 1.950609013021497584e-01 9.974050965627404564e-01 9.913581171635619249e-01 2.266252858473497694e-02
5.000000000000000000e-01 -3.000000000000000000e+00 3.025635961707023869e-01 8.935323161475476617e-02 2.132103645559476068e-01 9.934566929751483810e-01 9.802413053950664867e-01 4.569505843451837634e-02
7.500000000000000000e-01 -3.000000000000000000e+00 4.649205993848950502e-01 2.349808502835914747e-01 2.299397491013035755e-01 9.801500167358386806e-01 9.410448576649578234e-01 1.096668311023772241e-01
1.000000000000000000e+00 -3.000000000000000000e+00 5.640431833307318898e-01 4.275324549083956427e-01 1.365107284223362472e-01 9.453288682305798218e-01 8.809654910201939471e-01 1.548106081058674144e-01
1.250000000000000000e+00 -3.000000000000000000e+00 7.957075756490636920e-01 7.141428428542861973e-01 8.156473279477749472e-02 8.496733132512644948e-01 7.607558563177218014e-01 2.329999237433902082e-01
1.500000000000000000e+00 -3.000000000000000000e+00 9.218767096349383960e-01 9.129819275319709382e-01 8.894782102967457860e-03 7.046245214294417636e-01 6.377099682482170184e-01 2.801760588382408712e-01
1.750000000000000000e+00 -3.000000000000000000e+00 9.670107559106284612e-01 9.932492134404103945e-01 -2.623845752978193335e-02 5.784013598073280971e-01 5.501097030882454719e-01 2.911733153313262323e-01
2.000000000000000000e+00 -3.000000000000000000e+00 9.561502166554550763e-01 9.781288258711164918e-01 -2.197860921566141545e-02 3.949419461433663625e-01 4.311322124608963913e-01 3.040879884429945612e-01
-2.000000000000000000e+00 -2.750000000000000000e+00 7.331003342617010698e-01 5.780519007840011492e-01 1.550484334776999207e-01 9.195703733741213970e-01 8.390268286232706041e-01 1.999794497123746628e-01
-1.750000000000000000e+00 -2.750000000000000000e+00 5.200647740879482672e-01 3.411744421846384934e-01 1.788903319033097739e-01 9.690563935349483238e-01 9.138213291803705118e-01 1.421916270601466525e-01
-1.500000000000000000e+00 -2.750000000000000000e+00 4.070380743848867056e-01 2.349808502835914470e-01 1.720572241012952586e-01 9.903795333143382562e-01 9.595639924426376810e-01 9.870040994650730592e-02
-1.250000000000000000e+00 -2.750000000000000000e+00 2.341832112700183433e-01 8.935323161475472453e-02 1.448299796552636187e-01 9.968592231219023381e-01 9.863764569450073072e-01 3.786411152081557707e-02
-1.000000000000000000e+00 -2.750000000000000000e+00 1.737915703444160853e-01 0.000000000000000000e+00 1.737915703444160853e-01 9.988305487256913251e-01 9.944961942398541366e-01 1.826656878345761861e-02
-7.500000000000000000e-01 -2.750000000000000000e+00 9.984758729469189308e-04 8.935323161475475229e-02 -8.835475574180783054e-02 9.994021140570653605e-01 9.955430761849054511e-01 2.917502977446931670e-02
-5.000000000000000000e-01 -2.750000000000000000e+00 1.667277660536931570e-03 0.000000000000000000e+00 1.667277660536931570e-03 9.996492848627247518e-01 9.972022499562855913e-01 1.773599965213265919e-02
-2.500000000000000000e-01 -2.750000000000000000e+00 2.232667923756791184e-02 0.000000000000000000e+00 2.232667923756791184e-02 9.996670316065352502e-01 9.974015666727782392e-01 2.384534676459140398e-02
0.000000000000000000e+00 -2.750000000000000000e+00 1.816187432107140842e-01 0.000000000000000000e+00 1.816187432107140842e-01 9.995221072133040341e-01 9.981069715609502957e-01 6.352419349619912656e-03
2.500000000000000000e-01 -2.750000000000000000e+00 1.808537641885056002e-01 0.000000000000000000e+00 1.808537641885056002e-01 9.988337920463845609e-01 9.953711648498968501e-01 1.793482137100985141e-02
5.000000000000000000e-01 -2.750000000000000000e+00 2.323429971901746771e-01 0.000000000000000000e+00 2.323429971901746771e-01 9.963758889162334098e-01 9.870919815318184298e-01 3.699829830729899766e-02
7.500000000000000000e-01 -2.750000000000000000e+00 3.409780199214137997e-01 8.935323161475479392e-02 2.516247883066590196e-01 9.880877592946827326e-01 9.648564810344076870e-01 6.736851947251157324e-02
1.000000000000000000e+00 -2.750000000000000000e+00 5.473371667221622605e-01 3.182703253525226983e-01 2.290668413696395622e-01 9.600948092199437234e-01 9.104018810262075601e-01 1.322833582027251043e-01
1.250000000000000000e+00 -2.750000000000000000e+00 7.716219742054235553e-01 6.356225294937256631e-01 1.359994447116978922e-01 8.804691366005819031e-01 7.939954956801980046e-01 2.252546323068756740e-01
1.500000000000000000e+00 -2.750000000000000000e+00 9.341060422760685267e-01 9.539392014169473244e-01 -1.983315914087879772e-02 6.923802366455412693e-01 6.245691637788877149e-01 2.892673017488348597e-01
1.750000000000000000e+00 -2.750000000000000000e+00 9.698124729368309271e-01 9.964657545545682060e-01 -2.665328161773727889e-02 5.274001243943686745e-01 5.209452251868359474e-01 2.888720044721208580e-01
2.000000000000000000e+00 -2.750000000000000000e+00 9.616936674001992369e-01 9.907088371464130017e-01 -2.901516974621376477e-02 4.050862537027642984e-01 4.399795034904483426e-01 3.049704775080856467e-01
-2.000000000000000000e+00 -2.500000000000000000e+00 6.457961019200165742e-01 4.440540507640952095e-01 2.017420511559213647e-01 9.497503056418283851e-01 8.815725615004588178e-01 1.679464237114355329e-01
-1.750000000000000000e+00 -2.500000000000000000e+00 5.135882746614381933e-01 2.349808502835919188e-01 2.786074243778462467e-01 9.780176108834418569e-01 9.402898089739106791e-01 9.946342406730350472e-02
-1.500000000000000000e+00 -2.500000000000000000e+00 3.598325660951253724e-01 8.935323161475473841e-02 2.704793344803706479e-01 9.944641972514409733e-01 9.792061908499717360e-01 4.785483340004821617e-02
-1.250000000000000000e+00 -2.500000000000000000e+00 1.273466956742107803e-01 8.935323161475479392e-02 3.799346405945598637e-02 9.984051670171070203e-01 9.899780571859617684e-01 4.141819109648581937e-02
-1.000000000000000000e+00 -2.500000000000000000e+00 1.993767774658186387e-01 0.000000000000000000e+00 1.993767774658186387e-01 9.993740800740620323e-01 9.967420622951995712e-01 1.163392203660664447e-02
-7.500000000000000000e-01 -2.500000000000000000e+00 2.308584071207498694e-08 0.000000000000000000e+00 2.308584071207498694e-08 9.997706116348812344e-01 9.977307293526362919e-01 1.667303631924247492e-02
-5.000000000000000000e-01 -2.500000000000000000e+00 1.320853643738021006e-02 0.000000000000000000e+00 1.320853643738021006e-02 9.998258045480927780e-01 9.985379619094055803e-01 9.491926299104011880e-03
-2.500000000000000000e-01 -2.500000000000000000e+00 8.362330339805201795e-02 0.000000000000000000e+00 8.362330339805201795e-02 9.998381176658298619e-01 9.992298000966048921e-01 3.722965113938972361e-03
0.000000000000000000e+00 -2.500000000000000000e+00 9.049951849214772377e-05 0.000000000000000000e+00 9.049951849214772377e-05 9.997295242396279091e-01 9.981191386786303354e-01 1.500226417568254964e-02
2.500000000000000000e-01 -2.500000000000000000e+00 1.042490932454519098e-01 0.000000000000000000e+00 1.042490932454519098e-01 9.993138613757887034e-01 9.972265951968077857e-01 1.656572762175669011e-02
5.000000000000000000e-01 -2.500000000000000000e+00 2.182358466741915193e-01 8.935323161475475229e-02 1.288826150594367670e-01 9.977486555098548093e-01 9.922312820105504416e-01 3.461949175421270147e-02
7.500000000000000000e-01 -2.500000000000000000e+00 2.686201266335389026e-01 0.000000000000000000e+00 2.686201266335389026e-01 9.909679102992544619e-01 9.736822793788216801e-01 4.451145822503801280e-02
1.000000000000000000e+00 -2.500000000000000000e+00 4.800588654366471641e-01 2.659022376739256788e-01 2.141566277627214854e-01 9.641571214378843457e-01 9.164662294217091887e-01 1.190768116991735154e-01
1.250000000000000000e+00 -2.500000000000000000e+00 7.951760866370348735e-01 6.769815359372780561e-01 1.181945506997568174e-01 8.725512644774262583e-01 7.888339352225381962e-01 2.242655246495490196e-01
1.500000000000000000e+00 -2.500000000000000000e+00 9.127243664133730672e-01 9.037787339830438693e-01 8.945632430329197859e-03 7.327610669924173870e-01 6.581625760550378068e-01 2.716545168049528391e-01
1.750000000000000000e+00 -2.500000000000000000e+00 9.729572037741904822e-01 9.999279974078089106e-01 -2.697079363361842841e-02 5.192047283590222051e-01 5.016341731884758071e-01 3.026703384813896891e-01
2.000000000000000000e+00 -2.500000000000000000e+00 9.311782250390533422e-01 9.576304088739018283e-01 -2.645218383484848612e-02 3.549756165840105004e-01 3.978963906873350664e-01 2.793017315720344729e-01
-2.000000000000000000e+00 -2.250000000000000000e+00 5.296386271596761341e-01 3.182703253525227538e-01 2.113683018071533803e-01 9.616367562287716497e-01 9.075076228364687969e-01 1.365970685706606180e-01
-1.750000000000000000e+00 -2.250000000000000000e+00 3.840981974735696580e-01 1.544538766104630589e-01 2.296443208631065991e-01 9.877529084882642474e-01 9.627069452547435402e-01 7.573650127367639873e-02
-1.500000000000000000e+00 -2.250000000000000000e+00 2.322617317735437004e-01 0.000000000000000000e+00 2.322617317735437004e-01 9.965734822178612395e-01 9.870163533633760089e-01 3.912936993889318260e-02
-1.250000000000000000e+00 -2.250000000000000000e+00 1.445175784634153415e-01 0.000000000000000000e+00 1.445175784634153415e-01 9.990286806859629554e-01 9.952774182905412825e-01 2.029175943443196559e-02
-1.000000000000000000e+00 -2.250000000000000000e+00 1.566336336846590510e-07 0.000000000000000000e+00 1.566336336846590510e-07 9.996809291502860573e-01 9.978911580336985443e-01 1.107032961914403320e-02
-7.500000000000000000e-01 -2.250000000000000000e+00 8.315093869124097481e-02 0.000000000000000000e+00 8.315093869124097481e-02 9.998902705410894765e-01 9.991152953419899507e-01 1.017650577180860723e-02
-5.000000000000000000e-01 -2.250000000000000000e+00 4.117594129445376163e-10 0.000000000000000000e+00 4.117594129445376163e-10 9.999136062160303151e-01 9.992752500376680391e-01 5.188260371244301887e-03
-2.500000000000000000e-01 -2.250000000000000000e+00 9.366137379647735617e-09 0.000000000000000000e+00 9.366137379647735617e-09 9.999120468199291789e-01 9.994215008101985376e-01 2.942597775984767249e-03
0.000000000000000000e+00 -2.250000000000000000e+00 1.349581643114826021e-03 0.000000000000000000e+00 1.349581643114826021e-03 9.998525752347648954e-01 9.991734372206836357e-01 4.417806295632025620e-03
2.500000000000000000e-01 -2.250000000000000000e+00 8.121046798883457471e-03 0.000000000000000000e+00 8.121046798883457471e-03 9.995889198299755529e-01 9.982679820843393115e-01 7.175411356313618830e-03
5.000000000000000000e-01 -2.250000000000000000e+00 1.248147270567898509e-01 8.935323161475476617e-02 3.546149544203508475e-02 9.984399843703217758e-01 9.931550893782168377e-01 3.066005801256676405e-02
7.500000000000000000e-01 -2.250000000000000000e+00 2.608182873987020534e-01 8.935323161475478004e-02 1.714650557839472733e-01 9.928350010221649313e-01 9.784395026162354680e-01 4.436294270747193069e-02
1.000000000000000000e+00 -2.250000000000000000e+00 5.265365177315921574e-01 2.177705214210577389e-01 3.087659963105344185e-01 9.690142062954497648e-01 9.289735995187881068e-01 1.042372080805815254e-01
1.250000000000000000e+00 -2.250000000000000000e+00 7.988926152552405791e-01 6.769815359372789443e-01 1.219110793179616348e-01 8.776020633011292205e-01 7.904376927164584732e-01 2.183781277301330981e-01
1.500000000000000000e+00 -2.250000000000000000e+00 9.279022386629657282e-01 9.182505104817559882e-01 9.651728181209739965e-03 7.072035302166918003e-01 6.423875917914758649e-01 2.796550738775363532e-01
1.750000000000000000e+00 -2.250000000000000000e+00 9.669697959291935208e-01 9.961204746414954458e-01 -2.915067871230192509e-02 4.643436713395234783e-01 4.782376283130982397e-01 2.904139710610931790e-01
2.000000000000000000e+00 -2.250000000000000000e+00 9.516136539544541861e-01 9.539392014169474354e-01 -2.325547462493249284e-03 3.381937691748829189e-01 3.930884898603339006e-01 2.991741127662401745e-01
-2.000000000000000000e+00 -2.000000000000000000e+00 4.933269556834840586e-01 3.519999999999975926e-01 1.413269556834864660e-01 9.708350939949567104e-01 9.187441712773042335e-01 1.374873800312237104e-01
-1.750000000000000000e+00 -2.000000000000000000e+00 3.266739877256546465e-01 1.781684596105609364e-01 1.485055281150937101e-01 9.917713616950698530e-01 9.716480105464894157e-01 7.291412065159659506e-02
-1.500000000000000000e+00 -2.000000000000000000e+00 2.047812940645624136e-01 8.935323161475478004e-02 1.154280624498076335e-01 9.974588459794584416e-01 9.872016653105464279e-01 4.740223932948735980e-02
-1.250000000000000000e+00 -2.000000000000000000e+00 1.403006777917699122e-01 0.000000000000000000e+00 1.403006777917699122e-01 9.994462477165383385e-01 9.976821289428524642e-01 7.713338898970196165e-03
-1.000000000000000000e+00 -2.000000000000000000e+00 8.935285882696678006e-02 0.000000000000000000e+00 8.935285882696678006e-02 9.997960715265841181e-01 9.986646298292881641e-01 8.499096559717284061e-03
-7.500000000000000000e-01 -2.000000000000000000e+00 2.208261589717178184e-04 0.000000000000000000e+00 2.208261589717178184e-04 9.999223909100648511e-01 9.990782060655778452e-01 7.358979442201533071e-03
-5.000000000000000000e-01 -2.000000000000000000e+00 3.768041276346646903e-13 0.000000000000000000e+00 3.768041276346646903e-13 9.999527548005450184e-01 9.997480397523157425e-01 1.055464286972759456e-03
-2.500000000000000000e-01 -2.000000000000000000e+00 8.935031506391233336e-02 0.000000000000000000e+00 8.935031506391233336e-02 9.999458578140998366e-01 9.997175742622878003e-01 1.950464609398813373e-03
0.000000000000000000e+00 -2.000000000000000000e+00 1.740510877264902682e-13 0.000000000000000000e+00 1.740510877264902682e-13 9.998928196004950308e-01 9.995908887698382594e-01 1.982985165346488714e-03
2.500000000000000000e-01 -2.000000000000000000e+00 8.917148723120237042e-02 0.000000000000000000e+00 8.917148723120237042e-02 9.996672933034311814e-01 9.989372974709593844e-01 3.694605127639566129e-03
5.000000000000000000e-01 -2.000000000000000000e+00 1.662392185818686585e-01 0.000000000000000000e+00 1.662392185818686585e-01 9.985361696472231374e-01 9.960410224140741065e-01 9.688702417632612945e-03
7.500000000000000000e-01 -2.000000000000000000e+00 2.683259366796282297e-01 0.000000000000000000e+00 2.683259366796282297e-01 9.921982042961169368e-01 9.814480681452887323e-01 3.191980021391697953e-02
1.000000000000000000e+00 -2.000000000000000000e+00 4.895992548326426608e-01 2.933666647729433197e-01 1.962325900596993411e-01 9.585790192155815292e-01 9.095514224494174460e-01 1.279752725426348547e-01
1.250000000000000000e+00 -2.000000000000000000e+00 7.922107608919467525e-01 6.813046308370414028e-01 1.109061300549053497e-01 8.690530781910666969e-01 7.817904036200061801e-01 2.228247394382328883e-01
1.500000000000000000e+00 -2.000000000000000000e+00 9.363824370900202254e-01 9.551879396223554863e-01 -1.880550253233526092e-02 6.514541946000704797e-01 5.995759736538879281e-01 2.819363162656539634e-01
1.750000000000000000e+00 -2.000000000000000000e+00 9.640267151805180790e-01 9.850969495435464296e-01 -2.107023436302835062e-02 4.026007235995217592e-01 4.330623655478952894e-01 3.023227851237433872e-01
2.000000000000000000e+00 -2.000000000000000000e+00 9.241707409400327089e-01 8.899797750510944905e-01 3.419096588893821842e-02 2.624119332700245444e-01 3.344512769936842100e-01 2.747009434913949000e-01
-2.000000000000000000e+00 -1.750000000000000000e+00 4.429387056048713633e-01 1.781684596105611307e-01 2.647702459943102049e-01 9.836749358789662612e-01 9.517418641694840309e-01 8.775320081565286812e-02
-1.750000000000000000e+00 -1.750000000000000000e+00 2.533656493383414920e-01 1.544538766104628091e-01 9.891177272787868291e-02 9.935465507485259362e-01 9.744968254592436541e-01 7.345024772620493969e-02
-1.500000000000000000e+00 -1.750000000000000000e+00 1.686212283849198579e-01 0.000000000000000000e+00 1.686212283849198579e-01 9.982644181276508766e-01 9.934627178883430609e-01 1.974566413506433776e-02
-1.250000000000000000e+00 -1.750000000000000000e+00 8.800218235089025953e-02 0.000000000000000000e+00 8.800218235089025953e-02 9.996164731526355762e-01 9.982710315686376124e-01 6.047246023061506742e-03
-1.000000000000000000e+00 -1.750000000000000000e+00 8.935321900003680151e-02 0.000000000000000000e+00 8.935321900003680151e-02 9.998846788043844747e-01 9.990969955198536478e-01 6.819202563599730156e-03
-7.500000000000000000e-01 -1.750000000000000000e+00 1.141472704427444040e-03 0.000000000000000000e+00 1.141472704427444040e-03 9.999521124450636567e-01 9.997310125458304109e-01 1.344635675537917329e-03
-5.000000000000000000e-01 -1.750000000000000000e+00 4.386253481430632947e-13 0.000000000000000000e+00 4.386253481430632947e-13 9.999656151217436451e-01 9.998822578664798844e-01 3.775022768891691366e-04
-2.500000000000000000e-01 -1.750000000000000000e+00 4.965068306494546020e-18 0.000000000000000000e+00 4.965068306494546020e-18 9.999534147609235868e-01 9.998186708939625911e-01 6.189472005026349028e-04
0.000000000000000000e+00 -1.750000000000000000e+00 7.504403278393438222e-10 0.000000000000000000e+00 7.504403278393438222e-10 9.999027936428760421e-01 9.994530951385595108e-01 4.916152290642634114e-03
2.500000000000000000e-01 -1.750000000000000000e+00 3.783307315264794923e-04 0.000000000000000000e+00 3.783307315264794923e-04 9.996171605001872296e-01 9.988852079995991229e-01 3.022966862701319431e-03
5.000000000000000000e-01 -1.750000000000000000e+00 1.553398001811678308e-01 0.000000000000000000e+00 1.553398001811678308e-01 9.981351382633061320e-01 9.954229913050153256e-01 8.802352396689095901e-03
7.500000000000000000e-01 -1.750000000000000000e+00 2.143940525388730867e-01 0.000000000000000000e+00 2.143940525388730867e-01 9.908826019476921765e-01 9.773147442704274157e-01 3.874356802174320352e-02
1.000000000000000000e+00 -1.750000000000000000e+00 6.345170626120308910e-01 3.299454500368189103e-01 3.045716125752119807e-01 9.471536878261995751e-01 8.953693889565701447e-01 1.364975378252763494e-01
1.250000000000000000e+00 -1.750000000000000000e+00 8.318477452528770799e-01 7.257106861553010990e-01 1.061370590975759809e-01 8.306721196524986528e-01 7.487172863656788024e-01 2.305582801855946273e-01
1.500000000000000000e+00 -1.750000000000000000e+00 9.516941503714332340e-01 9.927738916792685497e-01 -4.107974130783531574e-02 5.725176662054320964e-01 5.461806769962095354e-01 2.857117366393641666e-01
1.750000000000000000e+00 -1.750000000000000000e+00 9.639843461950078352e-01 9.927738916792682167e-01 -2.878954548426038151e-02 4.239556381162579712e-01 4.508006562689240715e-01 2.930802782554640662e-01
2.000000000000000000e+00 -1.750000000000000000e+00 9.181852442377194112e-01 8.837284650841612521e-01 3.445677915355815912e-02 2.354391950693813240e-01 3.222295184505432064e-01 2.739188634091148655e-01
-2.000000000000000000e+00 -1.500000000000000000e+00 3.710891435366749924e-01 0.000000000000000000e+00 3.710891435366749924e-01 9.860517856699773098e-01 9.640933617696870739e-01 5.885984223264088822e-02
-1.750000000000000000e+00 -1.500000000000000000e+00 2.663263519132734736e-01 1.262378707044762016e-01 1.400884812087972719e-01 9.961379024364018786e-01 9.855006730408651938e-01 4.574323476917033227e-02
-1.500000000000000000e+00 -1.500000000000000000e+00 8.859263372687015137e-02 0.000000000000000000e+00 8.859263372687015137e-02 9.988808412650055368e-01 9.954350505554171447e-01 2.247995073573036059e-02
-1.250000000000000000e+00 -1.500000000000000000e+00 2.048903195620897497e-08 0.000000000000000000e+00 2.048903195620897497e-08 9.997048145389495488e-01 9.978617527591358005e-01 1.281262887439673336e-02
-1.000000000000000000e+00 -1.500000000000000000e+00 8.936385718320959126e-02 0.000000000000000000e+00 8.936385718320959126e-02 9.999035501582933527e-01 9.992359961740319152e-01 5.927740795528672370e-03
-7.500000000000000000e-01 -1.500000000000000000e+00 1.352951140573584055e-14 0.000000000000000000e+00 1.352951140573584055e-14 9.999615009956889233e-01 9.998330022127384087e-01 8.517571046235887337e-04
-5.000000000000000000e-01 -1.500000000000000000e+00 7.021666937153401587e-18 0.000000000000000000e+00 7.021666937153401587e-18 9.999629150878496242e-01 9.998485395435458001e-01 8.348061468219402422e-04
-2.500000000000000000e-01 -1.500000000000000000e+00 7.032796092044244232e-09 0.000000000000000000e+00 7.032796092044244232e-09 9.999468184216081523e-01 9.998134156501432557e-01 6.957983241916797625e-04
0.000000000000000000e+00 -1.500000000000000000e+00 6.089739304406595333e-02 0.000000000000000000e+00 6.089739304406595333e-02 9.998633519051967067e-01 9.993838662824747754e-01 4.378347059169684224e-03
2.500000000000000000e-01 -1.500000000000000000e+00 8.864524816697816334e-02 0.000000000000000000e+00 8.864524816697816334e-02 9.994302107998753737e-01 9.987826537251913717e-01 2.261295027799556032e-03
5.000000000000000000e-01 -1.500000000000000000e+00 1.259602876167643659e-01 0.000000000000000000e+00 1.259602876167643659e-01 9.973670046843352566e-01 9.949437272080765560e-01 7.280507777022095402e-03
7.500000000000000000e-01 -1.500000000000000000e+00 3.003830820924134337e-01 1.544538766104630312e-01 1.459292054819504025e-01 9.865288113548061899e-01 9.681143428224300296e-01 6.238125085639670275e-02
1.000000000000000000e+00 -1.500000000000000000e+00 6.669400780848315780e-01 3.919183588453077904e-01 2.750217192395237875e-01 9.327336330812580067e-01 8.728727837068634976e-01 1.509440462584927534e-01
1.250000000000000000e+00 -1.500000000000000000e+00 8.764032739100235947e-01 7.782133383590889020e-01 9.818993555093469272e-02 7.994293095878174382e-01 7.245018105399756436e-01 2.368698929486998117e-01
1.500000000000000000e+00 -1.500000000000000000e+00 9.660301118687874000e-01 9.986470848102443343e-01 -3.261697294145693427e-02 5.407091540725010859e-01 5.220213392969866861e-01 2.930336874580539708e-01
1.750000000000000000e+00 -1.500000000000000000e+00 9.476310250011279468e-01 9.418619856433347870e-01 5.769039357793159795e-03 3.227863667301818507e-01 3.843584738855944649e-01 2.824593062585630809e-01
2.000000000000000000e+00 -1.500000000000000000e+00 8.977993297103988857e-01 8.257747876994063763e-01 7.202454201099250941e-02 2.281262460781960100e-01 3.094690874844037709e-01 2.677050944890166928e-01
-2.000000000000000000e+00 -1.250000000000000000e+00 4.467597569446353223e-01 8.935323161475476617e-02 3.574065253298805422e-01 9.888579109539670231e-01 9.644712956933504389e-01 7.569330542944788243e-02
-1.750000000000000000e+00 -1.250000000000000000e+00 1.265999184250571341e-01 0.000000000000000000e+00 1.265999184250571341e-01 9.964557347597735593e-01 9.897348399470227154e-01 2.103419468318985797e-02
-1.500000000000000000e+00 -1.250000000000000000e+00 1.516558861274273917e-01 0.000000000000000000e+00 1.516558861274273917e-01 9.989736090096159593e-01 9.954281834684545194e-01 2.306582271312366747e-02
-1.250000000000000000e+00 -1.250000000000000000e+00 8.935321722654264442e-02 0.000000000000000000e+00 8.935321722654264442e-02 9.997496453899605839e-01 9.991748936306994455e-01 2.339191469930236231e-03
-1.000000000000000000e+00 -1.250000000000000000e+00 8.936169713173060247e-02 0.000000000000000000e+00 8.936169713173060247e-02 9.999005301329214612e-01 9.987845665077663693e-01 2.093609615943946983e-02
-7.500000000000000000e-01 -1.250000000000000000e+00 5.663292337622395096e-08 0.000000000000000000e+00 5.663292337622395096e-08 9.999439958799805073e-01 9.996596987665169465e-01 2.067600773145229429e-03
-5.000000000000000000e-01 -1.250000000000000000e+00 3.077389672274237015e-13 0.000000000000000000e+00 3.077389672274237015e-13 9.999496761349525586e-01 9.996292010615600576e-01 3.099762919882505501e-03
-2.500000000000000000e-01 -1.250000000000000000e+00 1.836609952673260087e-11 0.000000000000000000e+00 1.836609952673260087e-11 9.999214986523322635e-01 9.997481401617789309e-01 1.469932755048557714e-03
0.000000000000000000e+00 -1.250000000000000000e+00 8.935321930172780702e-02 0.000000000000000000e+00 8.935321930172780702e-02 9.997643726991108926e-01 9.993147151572571163e-01 3.396529073741872979e-03
2.500000000000000000e-01 -1.250000000000000000e+00 8.931887511935758528e-02 0.000000000000000000e+00 8.931887511935758528e-02 9.990498828588654234e-01 9.982736828047722444e-01 3.293823813797571842e-03
5.000000000000000000e-01 -1.250000000000000000e+00 1.633363272289684587e-01 0.000000000000000000e+00 1.633363272289684587e-01 9.951409913312287969e-01 9.914276265981148972e-01 1.107004215082364393e-02
7.500000000000000000e-01 -1.250000000000000000e+00 4.204832719558165288e-01 0.000000000000000000e+00 4.204832719558165288e-01 9.743581253413303722e-01 9.507422961132515615e-01 6.708216870476041427e-02
1.000000000000000000e+00 -1.250000000000000000e+00 7.336227314255555632e-01 5.487294415283334725e-01 1.848932898972220906e-01 8.928875250031690358e-01 8.247917098700848770e-01 1.829630800320539707e-01
1.250000000000000000e+00 -1.250000000000000000e+00 9.343383730751395611e-01 8.899797750510952676e-01 4.435859802404429342e-02 7.022865279557858331e-01 6.459075091661187207e-01 2.638636322457785788e-01
1.500000000000000000e+00 -1.250000000000000000e+00 9.657494697736518363e-01 9.967948635501723276e-01 -3.104539377652049126e-02 4.748058595677275284e-01 4.813602572592985407e-01 2.875766764715104173e-01
1.750000000000000000e+00 -1.250000000000000000e+00 9.371062511089930380e-01 9.266196630764990116e-01 1.048658803249402638e-02 2.824530746397791447e-01 3.595325690907234528e-01 2.914735912998960288e-01
2.000000000000000000e+00 -1.250000000000000000e+00 9.011354510273742457e-01 8.589854480723143615e-01 4.215000295505988426e-02 2.317859084934436320e-01 3.100905660039526834e-01 2.712229389848382910e-01
-2.000000000000000000e+00 -1.000000000000000000e+00 3.463657723262014709e-01 0.000000000000000000e+00 3.463657723262014709e-01 9.886152283119257200e-01 9.668593275663959208e-01 6.319435944962033258e-02
-1.750000000000000000e+00 -1.000000000000000000e+00 2.574463622618288761e-01 1.781684596105609641e-01 7.927790265126791192e-02 9.952712096382896334e-01 9.811963118761778402e-01 6.051896321134770523e-02
-1.500000000000000000e+00 -1.000000000000000000e+00 9.669736479803879570e-02 0.000000000000000000e+00 9.669736479803879570e-02 9.987791382161849141e-01 9.967289606664933022e-01 8.577267799560372302e-03
-1.250000000000000000e+00 -1.000000000000000000e+00 9.904983305013501452e-03 0.000000000000000000e+00 9.904983305013501452e-03 9.995521279933564651e-01 9.981810008785200194e-01 6.899766513573594127e-03
-1.000000000000000000e+00 -1.000000000000000000e+00 1.422105895290949893e-06 0.000000000000000000e+00 1.422105895290949893e-06 9.998107808429995691e-01 9.988575777605587236e-01 1.266623109670449512e-02
-7.500000000000000000e-01 -1.000000000000000000e+00 1.277251508884142662e-11 0.000000000000000000e+00 1.277251508884142662e-11 9.998938580617929839e-01 9.995930238152556102e-01 1.713393148517813186e-03
-5.000000000000000000e-01 -1.000000000000000000e+00 2.660246985675880117e-03 0.000000000000000000e+00 2.660246985675880117e-03 9.998838107785794627e-01 9.989521113662859220e-01 1.338784850917824898e-02
-2.500000000000000000e-01 -1.000000000000000000e+00 8.940919043211406972e-03 0.000000000000000000e+00 8.940919043211406972e-03 9.998105750859045404e-01 9.995637478883738769e-01 1.543391647290054099e-03
0.000000000000000000e+00 -1.000000000000000000e+00 1.262797302318235948e-01 0.000000000000000000e+00 1.262797302318235948e-01 9.994319911687941094e-01 9.987731393072902808e-01 5.904890911661428952e-03
2.500000000000000000e-01 -1.000000000000000000e+00 8.935090122032916804e-02 0.000000000000000000e+00 8.935090122032916804e-02 9.974434673889275293e-01 9.960294314989167619e-01 6.384440141553878768e-03
5.000000000000000000e-01 -1.000000000000000000e+00 3.378231376813941589e-01 0.000000000000000000e+00 3.378231376813941589e-01 9.887700666259916504e-01 9.813997524860030852e-01 2.363176130654031856e-02
7.500000000000000000e-01 -1.000000000000000000e+00 5.683046102960641610e-01 2.349808502835914470e-01 3.333237600124727140e-01 9.409742418990344470e-01 9.052369175050760663e-01 1.055410118022393068e-01
1.000000000000000000e+00 -1.000000000000000000e+00 8.517874119102984976e-01 7.369016216565120736e-01 1.148857902537864240e-01 7.882624364171472164e-01 7.304382932886878121e-01 2.076958205365996013e-01
1.250000000000000000e+00 -1.000000000000000000e+00 9.610055307862259699e-01 9.941508939793781696e-01 -3.314536319315219970e-02 5.751899853430345599e-01 5.466072709182472344e-01 2.766557906776718201e-01
1.500000000000000000e+00 -1.000000000000000000e+00 9.517601248903005962e-01 9.797958971132678663e-01 -2.803577222296727012e-02 3.930823456690347717e-01 4.255094920623673227e-01 2.930188677016655197e-01
1.750000000000000000e+00 -1.000000000000000000e+00 9.445367544184946063e-01 9.282327294380444682e-01 1.630402498045013804e-02 2.872809163986201342e-01 3.589069400047962266e-01 2.822031429395834845e-01
2.000000000000000000e+00 -1.000000000000000000e+00 8.796532219684276566e-01 8.613570688164156053e-01 1.829615315201205128e-02 2.211073949859288512e-01 3.064276292785832467e-01 2.831960973019512218e-01
-2.000000000000000000e+00 -7.500000000000000000e-01 4.633295766991734621e-01 1.781684596105607976e-01 2.851611170886126922e-01 9.829522621613975275e-01 9.567816717808363958e-01 7.859793739265817647e-02
-1.750000000000000000e+00 -7.500000000000000000e-01 2.675125703307230096e-01 0.000000000000000000e+00 2.675125703307230096e-01 9.933158052495701940e-01 9.829044832858075953e-01 3.486776677973205119e-02
-1.500000000000000000e+00 -7.500000000000000000e-01 1.957933464400675727e-01 0.000000000000000000e+00 1.957933464400675727e-01 9.969885718896346338e-01 9.914354058331831254e-01 2.302352074093364995e-02
-1.250000000000000000e+00 -7.500000000000000000e-01 1.778944648831920217e-01 0.000000000000000000e+00 1.778944648831920217e-01 9.989023278225573899e-01 9.965118798574089665e-01 1.455106294756301072e-02
-1.000000000000000000e+00 -7.500000000000000000e-01 1.949554452817853678e-04 0.000000000000000000e+00 1.949554452817853678e-04 9.994154919378623880e-01 9.978163826530060954e-01 1.383834600343121848e-02
-7.500000000000000000e-01 -7.500000000000000000e-01 8.935979316166541009e-02 8.935323161475473841e-02 6.561546910671678390e-06 9.995913415376471711e-01 9.981064256463353379e-01 2.444688501683537143e-02
-5.000000000000000000e-01 -7.500000000000000000e-01 1.232247337991169572e-05 0.000000000000000000e+00 1.232247337991169572e-05 9.995049599799962214e-01 9.990284732103775767e-01 2.992561223992874081e-03
-2.500000000000000000e-01 -7.500000000000000000e-01 3.319417218077913112e-04 0.000000000000000000e+00 3.319417218077913112e-04 9.991214226701223833e-01 9.982159933246979033e-01 7.864346139546474559e-03
0.000000000000000000e+00 -7.500000000000000000e-01 3.994748436477142846e-03 0.000000000000000000e+00 3.994748436477142846e-03 9.974891057794531557e-01 9.964452524801904465e-01 6.955682824624910381e-03
2.500000000000000000e-01 -7.500000000000000000e-01 2.554668790841894688e-01 0.000000000000000000e+00 2.554668790841894688e-01 9.905187731268523255e-01 9.874936445720323697e-01 1.099299724335349969e-02
5.000000000000000000e-01 -7.500000000000000000e-01 4.426792829317489630e-01 8.935323161475471065e-02 3.533260513169942385e-01 9.568610099732267615e-01 9.370435328317575641e-01 6.375765837561110649e-02
7.500000000000000000e-01 -7.500000000000000000e-01 7.065182639167618683e-01 4.520353968440958270e-01 2.544828670726660413e-01 8.571515592463735400e-01 8.107709978008341700e-01 1.523538442365424128e-01
1.000000000000000000e+00 -7.500000000000000000e-01 9.561151874822902963e-01 9.551879396223552643e-01 9.272478599350320039e-04 6.212437708265494685e-01 5.903521029011988830e-01 2.407015977700173726e-01
1.250000000000000000e+00 -7.500000000000000000e-01 9.368497651750040678e-01 9.666767815562787858e-01 -2.982701638127471799e-02 3.953019994238388124e-01 4.233263200823851879e-01 2.756492089228638198e-01
1.500000000000000000e+00 -7.500000000000000000e-01 9.178653115457025002e-01 8.683225207260251155e-01 4.954279081967738474e-02 2.628397219042270527e-01 3.316595225769962130e-01 2.721328514045042724e-01
1.750000000000000000e+00 -7.500000000000000000e-01 9.041859860629044565e-01 8.416650165000307826e-01 6.252096956287367391e-02 2.141651910900257416e-01 3.000460970331197963e-01 2.684365937250640655e-01
2.000000000000000000e+00 -7.500000000000000000e-01 8.653308123316341138e-01 8.230285535751447057e-01 4.230225875648940814e-02 1.886320712613256678e-01 2.816495367388985871e-01 2.732573488011812435e-01
-2.000000000000000000e+00 -5.000000000000000000e-01 5.305374043093935565e-01 2.349808502835915025e-01 2.955565540258020540e-01 9.616584614151924004e-01 9.203568159611961175e-01 1.192422446701232180e-01
-1.750000000000000000e+00 -5.000000000000000000e-01 4.151113652647011598e-01 2.349808502835920299e-01 1.801305149811091300e-01 9.771526137642724263e-01 9.489525767806280543e-01 9.572344053603494551e-02
-1.500000000000000000e+00 -5.000000000000000000e-01 3.617341420270646646e-01 8.935323161475473841e-02 2.723809104123099400e-01 9.889508847868380137e-01 9.786528080752445735e-01 4.320452429033635328e-02
-1.250000000000000000e+00 -5.000000000000000000e-01 2.198002366163503418e-01 0.000000000000000000e+00 2.198002366163503418e-01 9.942654076711763267e-01 9.893552321544303307e-01 2.369469701829008887e-02
-1.000000000000000000e+00 -5.000000000000000000e-01 1.766582285885355819e-01 0.000000000000000000e+00 1.766582285885355819e-01 9.962021775855032235e-01 9.934291649171758110e-01 1.367471048676287618e-02
-7.500000000000000000e-01 -5.000000000000000000e-01 1.846869699099632639e-02 0.000000000000000000e+00 1.846869699099632639e-02 9.968178301801436936e-01 9.948516960828424072e-01 1.217371450640377523e-02
-5.000000000000000000e-01 -5.000000000000000000e-01 8.935295323056768879e-02 0.000000000000000000e+00 8.935295323056768879e-02 9.958522990613207782e-01 9.937199697215661764e-01 1.160535653932568724e-02
-2.500000000000000000e-01 -5.000000000000000000e-01 1.254404283857021574e-01 0.000000000000000000e+00 1.254404283857021574e-01 9.926928498683903479e-01 9.909474124444537235e-01 9.413205216668153047e-03
0.000000000000000000e+00 -5.000000000000000000e-01 2.766920436378890180e-01 0.000000000000000000e+00 2.766920436378890180e-01 9.801802936628882801e-01 9.763113424554437092e-01 1.682342952094967314e-02
2.500000000000000000e-01 -5.000000000000000000e-01 4.825434015812559152e-01 0.000000000000000000e+00 4.825434015812559152e-01 9.397918154002805613e-01 9.265671166580322637e-01 5.190153368499639958e-02
5.000000000000000000e-01 -5.000000000000000000e-01 7.883055959382434530e-01 4.358898943540683302e-01 3.524157015841751228e-01 8.069107870502214563e-01 7.741672067572558102e-01 1.388870681053164802e-01
7.500000000000000000e-01 -5.000000000000000000e-01 9.563917518748695779e-01 9.836666101886348823e-01 -2.727485831376530445e-02 5.775771610082059970e-01 5.600404828596095008e-01 2.177143549049335991e-01
1.000000000000000000e+00 -5.000000000000000000e-01 9.459182379915558325e-01 9.266196630764994557e-01 1.929857491505637679e-02 3.568456062994122546e-01 3.849082283479148270e-01 2.425573086649893961e-01
1.250000000000000000e+00 -5.000000000000000000e-01 9.042577043468853493e-01 8.683225207260247824e-01 3.593518362086056683e-02 2.465352834913231983e-01 3.160352071764779280e-01 2.667978042094401592e-01
1.500000000000000000e+00 -5.000000000000000000e-01 8.887596405105179231e-01 7.814243405474377013e-01 1.073352999630802218e-01 1.934160490911803754e-01 2.760859161273631068e-01 2.624090893751023779e-01
1.750000000000000000e+00 -5.000000000000000000e-01 8.263592897867810816e-01 7.512655988397158868e-01 7.509369094706519476e-02 1.594004877705887391e-01 2.503804569958586468e-01 2.565088538626107972e-01
2.000000000000000000e+00 -5.000000000000000000e-01 8.300861818534113201e-01 7.908577621797756585e-01 3.922841967363566162e-02 1.603309661885775617e-01 2.616940349892067363e-01 2.675761799233640770e-01
-2.000000000000000000e+00 -2.500000000000000000e-01 7.363864344253684413e-01 4.674868982121337391e-01 2.688995362132347022e-01 8.948024902701369188e-01 8.355600726756894359e-01 1.680467753055491231e-01
-1.750000000000000000e+00 -2.500000000000000000e-01 6.485335365808521102e-01 3.182703253525231424e-01 3.302632112283289678e-01 9.110363018149845171e-01 8.679900339791989383e-01 1.328092138059517313e-01
-1.500000000000000000e+00 -2.500000000000000000e-01 5.721565090135716236e-01 2.659022376739250126e-01 3.062542713396466110e-01 9.292314070783267432e-01 8.987037989501790447e-01 1.114417073442241779e-01
-1.250000000000000000e+00 -2.500000000000000000e-01 4.682531365023387959e-01 1.544538766104630867e-01 3.137992598918757370e-01 9.479570260818656058e-01 9.329685426236138390e-01 6.714391390076870914e-02
-1.000000000000000000e+00 -2.500000000000000000e-01 4.465051583938945412e-01 8.935323161475476617e-02 3.571519267791397612e-01 9.555920544654197268e-01 9.450447890540126794e-01 5.513816345941348340e-02
-7.500000000000000000e-01 -2.500000000000000000e-01 3.982176966274060259e-01 0.000000000000000000e+00 3.982176966274060259e-01 9.563640284804120206e-01 9.500364872143273187e-01 3.152542359514180770e-02
-5.000000000000000000e-01 -2.500000000000000000e-01 4.331231039234249014e-01 0.000000000000000000e+00 4.331231039234249014e-01 9.433827211617175079e-01 9.361248318253645451e-01 3.642644942556874654e-02
-2.500000000000000000e-01 -2.500000000000000000e-01 5.603343628643789875e-01 8.935323161475475229e-02 4.709811312496242630e-01 9.047284915006682526e-01 8.951431191114090913e-01 5.185081021355187475e-02
0.000000000000000000e+00 -2.500000000000000000e-01 7.828276626296268859e-01 1.781684596105611862e-01 6.046592030190657274e-01 8.078104195891818717e-01 7.921258613992777642e-01 8.961673448088748606e-02
2.500000000000000000e-01 -2.500000000000000000e-01 9.228762905504078740e-01 8.565885826929985347e-01 6.628770785740933924e-02 6.204864478551012086e-01 6.066212099614515241e-01 1.485224890541027021e-01
5.000000000000000000e-01 -2.500000000000000000e-01 9.375607584866869626e-01 9.075241043630768445e-01 3.003665412361011811e-02 3.849556324243526007e-01 3.999093850384650151e-01 1.879325912741721394e-01
7.500000000000000000e-01 -2.500000000000000000e-01 8.422313492371604760e-01 6.939740629158971386e-01 1.482572863212633374e-01 2.121633528849323769e-01 2.598549544057967564e-01 2.020908611500317476e-01
1.000000000000000000e+00 -2.500000000000000000e-01 8.285141241304998516e-01 5.780519007840003720e-01 2.504622233464994796e-01 1.411952701303752222e-01 2.018347603646061250e-01 1.976382456116560493e-01
1.250000000000000000e+00 -2.500000000000000000e-01 7.857871770131219513e-01 6.545716156388093898e-01 1.312155613743125615e-01 1.176047891312362315e-01 1.989074726039170848e-01 2.189772702636869073e-01
1.500000000000000000e+00 -2.500000000000000000e-01 7.880556327861941712e-01 6.939740629158965834e-01 9.408156987029758778e-02 1.301412986594598920e-01 2.170704559262076061e-01 2.321145544273204575e-01
1.750000000000000000e+00 -2.500000000000000000e-01 7.949911855630930058e-01 7.101999718389164773e-01 8.479121372417652847e-02 1.265273181663125746e-01 2.174282569738304471e-01 2.405979200557147035e-01
2.000000000000000000e+00 -2.500000000000000000e-01 8.294779930793767520e-01 7.969843160313730968e-01 3.249367704800365519e-02 1.515155576511028612e-01 2.577149795477838845e-01 2.716284003198893848e-01
-2.000000000000000000e+00 0.000000000000000000e+00 9.407522155060317193e-01 9.216593730874759194e-01 1.909284241855579989e-02 6.498968465742510636e-01 6.156299401502411950e-01 2.412933595799924558e-01
-1.750000000000000000e+00 0.000000000000000000e+00 9.437850299316841163e-01 9.500821017154231773e-01 -6.297071783739061068e-03 6.047963956005314445e-01 5.854589679546527980e-01 2.182326425697854455e-01
-1.500000000000000000e+00 0.000000000000000000e+00 9.570590238490711554e-01 9.611576353543699325e-01 -4.098611505298777047e-03 5.654513637764050360e-01 5.589678108174523929e-01 1.783591830074023332e-01
-1.250000000000000000e+00 0.000000000000000000e+00 9.537597979481655663e-01 9.539392014169473244e-01 -1.794034687817580576e-04 5.471884834964726441e-01 5.451649480883820065e-01 1.504802205213319477e-01
-1.000000000000000000e+00 0.000000000000000000e+00 9.568450158660455340e-01 9.789708882290633074e-01 -2.212587236301777338e-02 5.237650292989782796e-01 5.236011865320326919e-01 1.206093172401313668e-01
-7.500000000000000000e-01 0.000000000000000000e+00 9.521780157028266744e-01 9.949874371066187440e-01 -4.280942140379206950e-02 4.927618413246246387e-01 4.922915284792882540e-01 1.136215173059481054e-01
-5.000000000000000000e-01 0.000000000000000000e+00 9.508975255716506370e-01 8.815985480931761709e-01 6.929897747847446610e-02 4.310260159345503106e-01 4.342427218992039317e-01 1.161407062652733274e-01
-2.500000000000000000e-01 0.000000000000000000e+00 9.195759522782589457e-01 5.363431737236923347e-01 3.832327785545666110e-01 3.184064706429712288e-01 3.280242400007439829e-01 1.158393877600263633e-01
0.000000000000000000e+00 0.000000000000000000e+00 7.639562763362430786e-01 4.275324549083956427e-01 3.364238214278474359e-01 2.103423700706868460e-01 2.291335580093322444e-01 1.249527600965118501e-01
2.500000000000000000e-01 0.000000000000000000e+00 6.918210193812489583e-01 3.919183588453077904e-01 2.999026605359411679e-01 1.327546855355662414e-01 1.632219575048796389e-01 1.428371434193262957e-01
5.000000000000000000e-01 0.000000000000000000e+00 6.377978086221649523e-01 3.411744421846384934e-01 2.966233664375264589e-01 7.527432190896099495e-02 1.075925995280382907e-01 1.339638609660109281e-01
7.500000000000000000e-01 0.000000000000000000e+00 5.268061266194129511e-01 2.659022376739253457e-01 2.609038889454876053e-01 5.373915978825362372e-02 8.628305083384515961e-02 1.103581517951236629e-01
1.000000000000000000e+00 0.000000000000000000e+00 5.766628783573158890e-01 3.519999999999971485e-01 2.246628783573187405e-01 4.711082913306868097e-02 9.378703778607018482e-02 1.370889068480865280e-01
1.250000000000000000e+00 0.000000000000000000e+00 5.327725656127574316e-01 3.411744421846380493e-01 1.915981234281193823e-01 4.664409373706839695e-02 9.572004343376855351e-02 1.393535338102225851e-01
1.500000000000000000e+00 0.000000000000000000e+00 6.469159588426569574e-01 5.299962264016597757e-01 1.169197324409971817e-01 5.982020747836082342e-02 1.364897941050100816e-01 1.860274466008734473e-01
1.750000000000000000e+00 0.000000000000000000e+00 7.517323643230382491e-01 6.156752390668283059e-01 1.360571252562099431e-01 9.022782012446652067e-02 1.793595806308800333e-01 2.122979891380276374e-01
2.000000000000000000e+00 0.000000000000000000e+00 8.417203282793136454e-01 7.582189657348348266e-01 8.350136254447881878e-02 1.372325293312363914e-01 2.407788575718921853e-01 2.564973959540411963e-01
-2.000000000000000000e+00 2.500000000000000000e-01 8.985232698906526760e-01 8.338441101309023162e-01 6.467915975975035980e-02 2.790517222416259435e-01 3.269313961182702677e-01 2.160165550689821246e-01
-1.750000000000000000e+00 2.500000000000000000e-01 8.112151459478573745e-01 5.425863986500195635e-01 2.686287472978378110e-01 1.805168791628966318e-01 2.237951192019455304e-01 1.612768142210937172e-01
-1.500000000000000000e+00 2.500000000000000000e-01 6.251760691544956394e-01 1.262378707044762016e-01 4.989381984500194100e-01 1.099474367195219932e-01 1.358944969933228164e-01 9.577442552893791761e-02
-1.250000000000000000e+00 2.500000000000000000e-01 5.153588889661504524e-01 8.935323161475473841e-02 4.260056573513957279e-01 6.936819930602848572e-02 8.335354014147258739e-02 5.885955231238053365e-02
-1.000000000000000000e+00 2.500000000000000000e-01 4.056161360403298666e-01 8.935323161475478004e-02 3.162629044255750865e-01 5.371768124743001027e-02 6.343263722988656816e-02 5.193133831342382906e-02
-7.500000000000000000e-01 2.500000000000000000e-01 3.935854137772896721e-01 8.935323161475473841e-02 3.042321821625349476e-01 3.878236978286085657e-02 4.680437109735535034e-02 4.535515012136170226e-02
-5.000000000000000000e-01 2.500000000000000000e-01 4.022451755218777736e-01 8.935323161475472453e-02 3.128919439071230491e-01 3.160892814001292628e-02 3.898997313620296973e-02 3.896108072692135160e-02
-2.500000000000000000e-01 2.500000000000000000e-01 3.279810985838423343e-01 0.000000000000000000e+00 3.279810985838423343e-01 2.368856473540962085e-02 3.016501118765236092e-02 2.999965172217858300e-02
0.000000000000000000e+00 2.500000000000000000e-01 2.691762451553074698e-01 0.000000000000000000e+00 2.691762451553074698e-01 1.748012914828134950e-02 2.432487715567781261e-02 3.236425338641409771e-02
2.500000000000000000e-01 2.500000000000000000e-01 2.271254292072122372e-01 0.000000000000000000e+00 2.271254292072122372e-01 1.356511856005327039e-02 2.043739105637777664e-02 2.900505901011787499e-02
5.000000000000000000e-01 2.500000000000000000e-01 2.868778082991777501e-01 8.935323161475471065e-02 1.975245766844230255e-01 1.191193505985390332e-02 2.286702522446727379e-02 4.600274752076632251e-02
7.500000000000000000e-01 2.500000000000000000e-01 3.063075948454924702e-01 1.262378707044762294e-01 1.800697241410162408e-01 1.248911151731616799e-02 2.602726522110750465e-02 5.963789899921551757e-02
1.000000000000000000e+00 2.500000000000000000e-01 2.755585071228892624e-01 2.349808502835917523e-01 4.057765683929751011e-02 1.591367232884760563e-02 4.196026262381224309e-02 9.669292279166290249e-02
1.250000000000000000e+00 2.500000000000000000e-01 4.887199206783568450e-01 2.800000000000020250e-01 2.087199206783548200e-01 2.570947741121558383e-02 6.894044035827071037e-02 1.210386774990695191e-01
1.500000000000000000e+00 2.500000000000000000e-01 6.046007722164014053e-01 3.411744421846381048e-01 2.634263300317633005e-01 4.166765714199816006e-02 9.769384424148729040e-02 1.444672156577704869e-01
1.750000000000000000e+00 2.500000000000000000e-01 7.034469348763267016e-01 5.299962264016605529e-01 1.734507084746661487e-01 7.431930833429647998e-02 1.556070008754439904e-01 2.023763513371962808e-01
2.000000000000000000e+00 2.500000000000000000e-01 7.855835325066784502e-01 6.897999710060891410e-01 9.578356150058930929e-02 1.047189916760277034e-01 1.994652769796245451e-01 2.299052654659384798e-01
-2.000000000000000000e+00 5.000000000000000000e-01 7.353108638195023916e-01 3.919183588453078460e-01 3.433925049741945457e-01 9.165240076022733440e-02 1.470651850173042841e-01 1.481962557807871561e-01
-1.750000000000000000e+00 5.000000000000000000e-01 4.429702670873818526e-01 0.000000000000000000e+00 4.429702670873818526e-01 3.442991063631930387e-02 5.687980989065804377e-02 6.688939107099374504e-02
-1.500000000000000000e+00 5.000000000000000000e-01 2.741213209122647654e-01 0.000000000000000000e+00 2.741213209122647654e-01 1.435883095456570377e-02 2.447861212016442384e-02 3.582818036053053018e-02
-1.250000000000000000e+00 5.000000000000000000e-01 1.548455340526977697e-01 0.000000000000000000e+00 1.548455340526977697e-01 6.512042004838842872e-03 1.103314028408233088e-02 2.539270871762928580e-02
-1.000000000000000000e+00 5.000000000000000000e-01 1.261429667916437736e-01 0.000000000000000000e+00 1.261429667916437736e-01 3.753196759150550024e-03 6.227782810707276767e-03 1.336093338422636098e-02
-7.500000000000000000e-01 5.000000000000000000e-01 5.717729197328706063e-04 0.000000000000000000e+00 5.717729197328706063e-04 2.569376591607211522e-03 3.841000817754187512e-03 6.204634607608071166e-03
-5.000000000000000000e-01 5.000000000000000000e-01 1.699839280990402268e-01 0.000000000000000000e+00 1.699839280990402268e-01 2.176445872534560171e-03 4.323332695908280697e-03 1.986482245755511952e-02
-2.500000000000000000e-01 5.000000000000000000e-01 1.936937955764898578e-01 8.935323161475471065e-02 1.043405639617351471e-01 1.966879305481106927e-03 4.877115672182580873e-03 2.905237740856231668e-02
0.000000000000000000e+00 5.000000000000000000e-01 1.897853197156409710e-01 0.000000000000000000e+00 1.897853197156409710e-01 1.998108701872851247e-03 5.623840916483649130e-03 2.833724602419067720e-02
2.500000000000000000e-01 5.000000000000000000e-01 1.198583069408822865e-01 0.000000000000000000e+00 1.198583069408822865e-01 2.143422629195058330e-03 4.123137558372938841e-03 8.942968252716345171e-03
5.000000000000000000e-01 5.000000000000000000e-01 1.005200332597104146e-01 0.000000000000000000e+00 1.005200332597104146e-01 2.856431973334458158e-03 6.733036271685954519e-03 2.542219699074791880e-02
7.500000000000000000e-01 5.000000000000000000e-01 2.171041262622360746e-01 0.000000000000000000e+00 2.171041262622360746e-01 3.887120166537157747e-03 8.457323119733102870e-03 1.521174789836069949e-02
1.000000000000000000e+00 5.000000000000000000e-01 2.715954193580389919e-01 1.262378707044762016e-01 1.453575486535627903e-01 7.335259554145301918e-03 1.885388438316228099e-02 4.754541452381722683e-02
1.250000000000000000e+00 5.000000000000000000e-01 3.251150922049280134e-01 1.262378707044762294e-01 1.988772215004517840e-01 1.434100829844494468e-02 3.599819979995093344e-02 6.878355559797288965e-02
1.500000000000000000e+00 5.000000000000000000e-01 5.194999054822807549e-01 2.659022376739244020e-01 2.535976678083563529e-01 2.854162546310438919e-02 7.274268833701763581e-02 1.224559199808154947e-01
1.750000000000000000e+00 5.000000000000000000e-01 6.837080960508435945e-01 5.235417843878390487e-01 1.601663116630045458e-01 5.806839510766397677e-02 1.350587330039101364e-01 1.858165564235655653e-01
2.000000000000000000e+00 5.000000000000000000e-01 7.818152893845476958e-01 6.591631057636676561e-01 1.226521836208800398e-01 1.086869264459904005e-01 2.044114905384331882e-01 2.291762773967688793e-01
-2.000000000000000000e+00 7.500000000000000000e-01 4.499081568293286648e-01 1.544538766104624761e-01 2.954542802188662165e-01 3.226229035779033111e-02 6.325598477767645222e-02 8.403784346668670413e-02
-1.750000000000000000e+00 7.500000000000000000e-01 2.450433280806691150e-01 0.000000000000000000e+00 2.450433280806691150e-01 8.479230957770972701e-03 1.702297980232482175e-02 2.686108805151881870e-02
-1.500000000000000000e+00 7.500000000000000000e-01 1.100623059548993810e-01 0.000000000000000000e+00 1.100623059548993810e-01 2.749131004878181336e-03 5.402094005877523808e-03 1.083334047277532269e-02
-1.250000000000000000e+00 7.500000000000000000e-01 8.773447490874715371e-02 0.000000000000000000e+00 8.773447490874715371e-02 9.060081263596698282e-04 2.028407632505039530e-03 6.891191835431903848e-03
-1.000000000000000000e+00 7.500000000000000000e-01 1.262378653159076103e-01 0.000000000000000000e+00 1.262378653159076103e-01 4.719258102568651210e-04 2.122734130358347633e-03 2.093334808555074103e-02
-7.500000000000000000e-01 7.500000000000000000e-01 2.060223976424957202e-05 0.000000000000000000e+00 2.060223976424957202e-05 2.948862184190894644e-04 7.732775588577278387e-04 3.511631746083715942e-03
-5.000000000000000000e-01 7.500000000000000000e-01 8.933931837520325825e-02 0.000000000000000000e+00 8.933931837520325825e-02 2.476138530374478509e-04 5.223632397000982841e-04 1.311094176268905783e-03
-2.500000000000000000e-01 7.500000000000000000e-01 3.350470850296403307e-04 0.000000000000000000e+00 3.350470850296403307e-04 2.740685742954074322e-04 6.436797626596372406e-04 2.138091873183014559e-03
0.000000000000000000e+00 7.500000000000000000e-01 1.505253914503997814e-01 8.935323161475479392e-02 6.117215983564498749e-02 3.595329424689864520e-04 2.001598671398303973e-03 2.490705352407593734e-02
2.500000000000000000e-01 7.500000000000000000e-01 9.576528679518570594e-08 0.000000000000000000e+00 9.576528679518570594e-08 5.745540377256143144e-04 1.622243942500143027e-03 9.890921792544669217e-03
5.000000000000000000e-01 7.500000000000000000e-01 3.800798734097518349e-05 0.000000000000000000e+00 3.800798734097518349e-05 1.004657596140083424e-03 3.376686993466141654e-03 1.507427169333699565e-02
7.500000000000000000e-01 7.500000000000000000e-01 1.111750917604218958e-01 0.000000000000000000e+00 1.111750917604218958e-01 1.911335011800327109e-03 4.083037973503495996e-03 8.535439459085584352e-03
1.000000000000000000e+00 7.500000000000000000e-01 1.299417327675859435e-01 0.000000000000000000e+00 1.299417327675859435e-01 4.027726300315105819e-03 1.247362279248244617e-02 3.676164913991913918e-02
1.250000000000000000e+00 7.500000000000000000e-01 3.400613509235289045e-01 0.000000000000000000e+00 3.400613509235289045e-01 1.070683483861194565e-02 2.656241786893046367e-02 4.833519129592150909e-02
1.500000000000000000e+00 7.500000000000000000e-01 5.040628510218816416e-01 2.659022376739253457e-01 2.381606133479562959e-01 2.825120377362227292e-02 6.577174483759971879e-02 1.077161558610515019e-01
1.750000000000000000e+00 7.500000000000000000e-01 6.412381762338247304e-01 4.358898943540685522e-01 2.053482818797561782e-01 5.326048396908131255e-02 1.184653831251615136e-01 1.612310711071091029e-01
2.000000000000000000e+00 7.500000000000000000e-01 7.856002660972100093e-01 6.499230723708776525e-01 1.356771937263323569e-01 1.162632613864872655e-01 2.042324192290335128e-01 2.242453574414852435e-01
-2.000000000000000000e+00 1.000000000000000000e+00 4.482562564114179748e-01 8.935323161475475229e-02 3.589030247966632503e-01 1.763800507908333190e-02 4.479429920176083296e-02 7.247695541948970255e-02
-1.750000000000000000e+00 1.000000000000000000e+00 1.989901132300502529e-01 0.000000000000000000e+00 1.989901132300502529e-01 4.188261284627212838e-03 9.930584291481152695e-03 2.075137274364423356e-02
-1.500000000000000000e+00 1.000000000000000000e+00 4.168777790062517174e-04 0.000000000000000000e+00 4.168777790062517174e-04 8.773686655879841482e-04 1.845640905749208228e-03 3.082152235963520320e-03
-1.250000000000000000e+00 1.000000000000000000e+00 1.262415723565900793e-03 0.000000000000000000e+00 1.262415723565900793e-03 3.063598412816514105e-04 1.149706591817985582e-03 9.411276728734345107e-03
-1.000000000000000000e+00 1.000000000000000000e+00 8.602097713601061790e-02 0.000000000000000000e+00 8.602097713601061790e-02 1.193688956285878677e-04 9.441209380821864814e-04 1.090587820982926240e-02
-7.500000000000000000e-01 1.000000000000000000e+00 7.460193788214329435e-14 0.000000000000000000e+00 7.460193788214329435e-14 7.250275951293285717e-05 5.109599000093568207e-04 5.122618782763288872e-03
-5.000000000000000000e-01 1.000000000000000000e+00 0.000000000000000000e+00 0.000000000000000000e+00 0.000000000000000000e+00 6.814540118756747986e-05 1.854616372706323606e-04 7.502206820565287789e-04
-2.500000000000000000e-01 1.000000000000000000e+00 1.597395820187206909e-07 0.000000000000000000e+00 1.597395820187206909e-07 8.460163218507260011e-05 1.835274941186944536e-04 4.748493597678273524e-04
0.000000000000000000e+00 1.000000000000000000e+00 6.649482430994956700e-06 0.000000000000000000e+00 6.649482430994956700e-06 1.422426054564394579e-04 4.266105891474575003e-04 2.719820582909975894e-03
2.500000000000000000e-01 1.000000000000000000e+00 9.507292351064906703e-12 0.000000000000000000e+00 9.507292351064906703e-12 2.628361985675812303e-04 6.596093927136878693e-04 2.376663888375274165e-03
5.000000000000000000e-01 1.000000000000000000e+00 7.949184494298136561e-02 0.000000000000000000e+00 7.949184494298136561e-02 6.644975642045473441e-04 1.796420862620453978e-03 6.527338648909261978e-03
7.500000000000000000e-01 1.000000000000000000e+00 1.255781091149889839e-01 0.000000000000000000e+00 1.255781091149889839e-01 1.419163668243615369e-03 3.192224921025834609e-03 6.722298918024248449e-03
1.000000000000000000e+00 1.000000000000000000e+00 2.635913032692305258e-01 1.544538766104625593e-01 1.091374266587679664e-01 4.620826439579683170e-03 1.514120821610574069e-02 5.240368322522365174e-02
1.250000000000000000e+00 1.000000000000000000e+00 2.526229138902024163e-01 0.000000000000000000e+00 2.526229138902024163e-01 1.124565087346750605e-02 2.700523257189693313e-02 4.644088181700383594e-02
1.500000000000000000e+00 1.000000000000000000e+00 5.114614526977343534e-01 2.800000000000004152e-01 2.314614526977339382e-01 3.016998506806279484e-02 7.279546099645856083e-02 1.125487064430195638e-01
1.750000000000000000e+00 1.000000000000000000e+00 6.809914061362006832e-01 5.034918072819053458e-01 1.774995988542953373e-01 6.841005175012519757e-02 1.434749384063810917e-01 1.812243983282021964e-01
2.000000000000000000e+00 1.000000000000000000e+00 7.957418404958445102e-01 7.547608892887861520e-01 4.098095120705835814e-02 1.387731443911955909e-01 2.333109646617459176e-01 2.378766901235025988e-01
-2.000000000000000000e+00 1.250000000000000000e+00 3.875710510346557225e-01 8.935323161475473841e-02 2.982178194199009980e-01 1.612887203743838122e-02 4.229643088745587559e-02 6.820189849698128637e-02
-1.750000000000000000e+00 1.250000000000000000e+00 1.357639025667002619e-01 0.000000000000000000e+00 1.357639025667002619e-01 3.240278335238989428e-03 8.539651923836391600e-03 1.583552650967254283e-02
-1.500000000000000000e+00 1.250000000000000000e+00 2.997859775723167195e-04 0.000000000000000000e+00 2.997859775723167195e-04 6.224123148313477627e-04 2.000062410858533327e-03 7.369019343120644834e-03
-1.250000000000000000e+00 1.250000000000000000e+00 1.189899007400938736e-06 0.000000000000000000e+00 1.189899007400938736e-06 1.612998250084558133e-04 7.321671333972991054e-04 4.454028405058500263e-03
-1.000000000000000000e+00 1.250000000000000000e+00 1.117963113123467714e-08 0.000000000000000000e+00 1.117963113123467714e-08 7.219800583772022922e-05 3.631258218759413309e-04 2.545958496379280202e-03
-7.500000000000000000e-01 1.250000000000000000e+00 1.489520491948363883e-17 0.000000000000000000e+00 1.489520491948363883e-17 3.678269268221438375e-05 8.910881572152730033e-05 2.689214627020180669e-04
-5.000000000000000000e-01 1.250000000000000000e+00 6.476847599672516057e-04 0.000000000000000000e+00 6.476847599672516057e-04 4.119587702967006675e-05 5.209059143790023116e-04 8.577135872362414565e-03
-2.500000000000000000e-01 1.250000000000000000e+00 2.835326633913651910e-07 0.000000000000000000e+00 2.835326633913651910e-07 4.775196872120375535e-05 1.484033236389423552e-04 5.463051530462261591e-04
0.000000000000000000e+00 1.250000000000000000e+00 5.813350815037832525e-15 0.000000000000000000e+00 5.813350815037832525e-15 8.799460459884734403e-05 2.041057413773290463e-04 7.005316340826810064e-04
2.500000000000000000e-01 1.250000000000000000e+00 3.325153816073348942e-05 0.000000000000000000e+00 3.325153816073348942e-05 1.943478821120910960e-04 4.506501673614266143e-04 1.285046547814309732e-03
5.000000000000000000e-01 1.250000000000000000e+00 1.403759202486248446e-04 0.000000000000000000e+00 1.403759202486248446e-04 5.592416951770466053e-04 1.373349647644594258e-03 4.017493535312487499e-03
7.500000000000000000e-01 1.250000000000000000e+00 1.262378584814792259e-01 0.000000000000000000e+00 1.262378584814792259e-01 1.467378564264559641e-03 3.761051783034409946e-03 9.838146683624805072e-03
1.000000000000000000e+00 1.250000000000000000e+00 1.867542144912529289e-01 8.935323161475476617e-02 9.740098287649816278e-02 4.954948748912512552e-03 1.411016897680762716e-02 4.360297073367128823e-02
1.250000000000000000e+00 1.250000000000000000e+00 2.727516620942573300e-01 0.000000000000000000e+00 2.727516620942573300e-01 1.319746882313785341e-02 2.982931627206485137e-02 4.443490185492805084e-02
1.500000000000000000e+00 1.250000000000000000e+00 5.990465200711456717e-01 2.933666647729431531e-01 3.056798552982025186e-01 3.715644025818051061e-02 8.845075371952063059e-02 1.263922205088104656e-01
1.750000000000000000e+00 1.250000000000000000e+00 7.431074779798171326e-01 5.235417843878397148e-01 2.195656935919774178e-01 8.550207416465874233e-02 1.657862660994770809e-01 1.912562632396729023e-01
2.000000000000000000e+00 1.250000000000000000e+00 8.473923435319221653e-01 7.908577621797753254e-01 5.653458135214683988e-02 1.710455592178647399e-01 2.631251614006988593e-01 2.502710790494588888e-01
-2.000000000000000000e+00 1.500000000000000000e+00 3.273595656212087701e-01 1.262378707044762294e-01 2.011216949167325407e-01 1.804297779089873016e-02 4.548288799942266925e-02 7.330567675026551655e-02
-1.750000000000000000e+00 1.500000000000000000e+00 1.777533583101325032e-01 0.000000000000000000e+00 1.777533583101325032e-01 3.951331674342352558e-03 1.239203436843502350e-02 2.757051927185782611e-02
-1.500000000000000000e+00 1.500000000000000000e+00 1.262630597131478294e-01 0.000000000000000000e+00 1.262630597131478294e-01 7.861555130763555688e-04 2.629335843795724704e-03 7.579929616628186886e-03
-1.250000000000000000e+00 1.500000000000000000e+00 1.700576513691611947e-10 0.000000000000000000e+00 1.700576513691611947e-10 1.826831943316352554e-04 6.027479596644705513e-04 3.597909992304955916e-03
-1.000000000000000000e+00 1.500000000000000000e+00 1.931347633227716606e-05 0.000000000000000000e+00 1.931347633227716606e-05 8.148638069660874385e-05 6.987228823518939515e-04 5.078769179964371869e-03
-7.500000000000000000e-01 1.500000000000000000e+00 1.269352350828381549e-04 0.000000000000000000e+00 1.269352350828381549e-04 4.128168764247210450e-05 1.333179710620262920e-04 5.347506512698385834e-04
-5.000000000000000000e-01 1.500000000000000000e+00 2.246521956417934594e-15 0.000000000000000000e+00 2.246521956417934594e-15 3.079651797802397233e-05 1.016099204300214214e-04 8.591066961990406889e-04
-2.500000000000000000e-01 1.500000000000000000e+00 3.475547814546182291e-17 0.000000000000000000e+00 3.475547814546182291e-17 4.548033158128011110e-05 1.740983760663122317e-04 1.116866843786175258e-03
0.000000000000000000e+00 1.500000000000000000e+00 6.671227336128499087e-09 0.000000000000000000e+00 6.671227336128499087e-09 8.352355124344670195e-05 2.315011622341464235e-04 9.233956949922050936e-04
2.500000000000000000e-01 1.500000000000000000e+00 1.501412668808300711e-07 0.000000000000000000e+00 1.501412668808300711e-07 2.016399697392452968e-04 5.338870370984288545e-04 1.554731517371779701e-03
5.000000000000000000e-01 1.500000000000000000e+00 5.305112193758053374e-02 0.000000000000000000e+00 5.305112193758053374e-02 5.106648461512296785e-04 1.105575753676423922e-03 1.972451027798529169e-03
7.500000000000000000e-01 1.500000000000000000e+00 1.610152687296177443e-01 0.000000000000000000e+00 1.610152687296177443e-01 1.909945345436295586e-03 5.248894986153453644e-03 1.394186227779986575e-02
1.000000000000000000e+00 1.500000000000000000e+00 2.528143383094302865e-01 1.262378707044762016e-01 1.265764676049540849e-01 5.743482208136347841e-03 1.615437754579990282e-02 4.649676563179275246e-02
1.250000000000000000e+00 1.500000000000000000e+00 4.437573048614935067e-01 1.262378707044761461e-01 3.175194341570173329e-01 1.798322387210883957e-02 4.475711541334049387e-02 7.232393268245651541e-02
1.500000000000000000e+00 1.500000000000000000e+00 5.338401197636806206e-01 2.659022376739242910e-01 2.679378820897563296e-01 4.482709001113690389e-02 9.029491739597017563e-02 1.221675803542945082e-01
1.750000000000000000e+00 1.500000000000000000e+00 7.577437462202608609e-01 5.169758214849120570e-01 2.407679247353488039e-01 9.396407701090095377e-02 1.696894461949745303e-01 1.894730453333941522e-01
2.000000000000000000e+00 1.500000000000000000e+00 8.279155022643113204e-01 7.939370252104370751e-01 3.397847705387424533e-02 1.639760667573769704e-01 2.523974328525716015e-01 2.465363589354238327e-01
-2.000000000000000000e+00 1.750000000000000000e+00 4.176404692021901677e-01 1.989974874213243095e-01 2.186429817808658582e-01 2.515325947151639263e-02 6.623015677547973434e-02 1.021037922319902036e-01
-1.750000000000000000e+00 1.750000000000000000e+00 3.088735049312648084e-01 8.935323161475471065e-02 2.195202733165100839e-01 5.963919484493123389e-03 1.914359727850364901e-02 4.412346156742900233e-02
-1.500000000000000000e+00 1.750000000000000000e+00 1.379841446253320947e-01 0.000000000000000000e+00 1.379841446253320947e-01 1.200825480888852376e-03 4.779300613482389236e-03 1.694952213601658847e-02
-1.250000000000000000e+00 1.750000000000000000e+00 2.989699889077931278e-08 0.000000000000000000e+00 2.989699889077931278e-08 3.385884866415326449e-04 1.235905432696797696e-03 5.068150278961619862e-03
-1.000000000000000000e+00 1.750000000000000000e+00 1.526644675958928026e-11 0.000000000000000000e+00 1.526644675958928026e-11 1.026119434619586609e-04 3.721252597667785685e-04 1.348396395886746965e-03
-7.500000000000000000e-01 1.750000000000000000e+00 1.178271172348766731e-10 0.000000000000000000e+00 1.178271172348766731e-10 5.140254526905766873e-05 2.081535710354320313e-04 1.284378024925331195e-03
-5.000000000000000000e-01 1.750000000000000000e+00 4.509943750672410647e-06 0.000000000000000000e+00 4.509943750672410647e-06 4.697138826753300783e-05 1.638394415321124545e-04 7.850230356132564119e-04
-2.500000000000000000e-01 1.750000000000000000e+00 1.369606520978907598e-13 0.000000000000000000e+00 1.369606520978907598e-13 5.063745424704735575e-05 1.521844793983875561e-04 4.476179088710077855e-04
0.000000000000000000e+00 1.750000000000000000e+00 6.362599466339069240e-06 0.000000000000000000e+00 6.362599466339069240e-06 9.005631390839732918e-05 3.231240024813223223e-04 1.584454088216532500e-03
2.500000000000000000e-01 1.750000000000000000e+00 1.692546752832951310e-13 0.000000000000000000e+00 1.692546752832951310e-13 2.228598810597470802e-04 6.153470962271096432e-04 2.202374981649323892e-03
5.000000000000000000e-01 1.750000000000000000e+00 6.199780607396634946e-02 0.000000000000000000e+00 6.199780607396634946e-02 6.156798628743579554e-04 1.698839684281535896e-03 4.581512248571387690e-03
7.500000000000000000e-01 1.750000000000000000e+00 1.254318871263445101e-01 0.000000000000000000e+00 1.254318871263445101e-01 1.952466984352242219e-03 4.982266374544179477e-03 9.422558002110279982e-03
1.000000000000000000e+00 1.750000000000000000e+00 3.208426550839188485e-01 8.935323161475473841e-02 2.314894234691641239e-01 6.550310883198492799e-03 1.913319762295292645e-02 4.641323822268571264e-02
1.250000000000000000e+00 1.750000000000000000e+00 4.203883409372859981e-01 1.544538766104623928e-01 2.659344643268236053e-01 1.765118439607775078e-02 4.296475322238965666e-02 8.294415516287817480e-02
1.500000000000000000e+00 1.750000000000000000e+00 6.339830554190577505e-01 3.519999999999983142e-01 2.819830554190594363e-01 4.899242312053617154e-02 1.062154724797070571e-01 1.442313955740650022e-01
1.750000000000000000e+00 1.750000000000000000e+00 8.077363783736423164e-01 6.769815359372780561e-01 1.307548424363642603e-01 1.224750608885634001e-01 2.100193217854726957e-01 2.222023930483233989e-01
2.000000000000000000e+00 1.750000000000000000e+00 8.711695895460429551e-01 8.442179813294679036e-01 2.695160821657505146e-02 2.339969988003978707e-01 3.121258777370262139e-01 2.700390671322215330e-01
-2.000000000000000000e+00 2.000000000000000000e+00 5.388600952996527305e-01 2.800000000000008593e-01 2.588600952996518711e-01 3.950588588860173139e-02 9.098815411903807271e-02 1.335922042206065252e-01
-1.750000000000000000e+00 2.000000000000000000e+00 3.300463008041397139e-01 8.935323161475478004e-02 2.406930691893849339e-01 9.608931328715047612e-03 2.813873849181497064e-02 5.737374843333641755e-02
-1.500000000000000000e+00 2.000000000000000000e+00 2.494318403380817450e-01 0.000000000000000000e+00 2.494318403380817450e-01 2.248680580170267593e-03 8.260195684895475093e-03 2.185572656918977758e-02
-1.250000000000000000e+00 2.000000000000000000e+00 3.116426581219497796e-02 0.000000000000000000e+00 3.116426581219497796e-02 5.865150080764752706e-04 2.736489767685426882e-03 1.035263824922623768e-02
-1.000000000000000000e+00 2.000000000000000000e+00 2.247552233296939476e-08 0.000000000000000000e+00 2.247552233296939476e-08 1.739511474168725343e-04 8.319894517371780387e-04 3.658182400897039364e-03
-7.500000000000000000e-01 2.000000000000000000e+00 1.421109688889999068e-08 0.000000000000000000e+00 1.421109688889999068e-08 8.987838153455694117e-05 5.164083508621649440e-04 3.509436763892533756e-03
-5.000000000000000000e-01 2.000000000000000000e+00 1.924679766429916878e-15 0.000000000000000000e+00 1.924679766429916878e-15 6.051027782696630924e-05 2.425016607835174228e-04 1.035357434543684009e-03
-2.500000000000000000e-01 2.000000000000000000e+00 1.877770884956141522e-10 0.000000000000000000e+00 1.877770884956141522e-10 6.474985941433349405e-05 2.019210494734433882e-04 9.134615445712099182e-04
0.000000000000000000e+00 2.000000000000000000e+00 1.055321268218156216e-14 0.000000000000000000e+00 1.055321268218156216e-14 1.099508962301701449e-04 3.138472706416099993e-04 9.723557227722825049e-04
2.500000000000000000e-01 2.000000000000000000e+00 5.648604914725798704e-02 0.000000000000000000e+00 5.648604914725798704e-02 2.397051121906443305e-04 8.399057992084375509e-04 5.355586756421480861e-03
5.000000000000000000e-01 2.000000000000000000e+00 1.270150210648121267e-02 0.000000000000000000e+00 1.270150210648121267e-02 7.652757678951425946e-04 2.377854768343347705e-03 6.218331278410369964e-03
7.500000000000000000e-01 2.000000000000000000e+00 1.251629446906366572e-01 0.000000000000000000e+00 1.251629446906366572e-01 2.601730575156466739e-03 7.263120171573814697e-03 1.770786158227077509e-02
1.000000000000000000e+00 2.000000000000000000e+00 2.202024358011899774e-01 8.935323161475476617e-02 1.308492041864351974e-01 6.914732218935589966e-03 2.053427615428320488e-02 5.229032095821991438e-02
1.250000000000000000e+00 2.000000000000000000e+00 4.001136536590045312e-01 1.262378707044762294e-01 2.738757829545283018e-01 2.006096788632724670e-02 5.291447879639014223e-02 8.430224149761038344e-02
1.500000000000000000e+00 2.000000000000000000e+00 6.124092145799976405e-01 4.189701660023059104e-01 1.934390485776917301e-01 5.564151114844901463e-02 1.244930765005630852e-01 1.648886495348698134e-01
1.750000000000000000e+00 2.000000000000000000e+00 7.382213145160345658e-01 6.356225294937252190e-01 1.025987850223093467e-01 1.018277190119966785e-01 1.884759082059425106e-01 2.198274516197384898e-01
2.000000000000000000e+00 2.000000000000000000e+00 8.644422003899603357e-01 8.284926070883213978e-01 3.594959330163893796e-02 2.095475447305534811e-01 2.925377869434666045e-01 2.610853548157123782e-01
-2.000000000000000000e+00 2.250000000000000000e+00 6.242367134742017321e-01 4.520353968440960490e-01 1.722013166301056830e-01 5.215289057197106809e-02 1.195479595795469474e-01 1.614002099219650765e-01
-1.750000000000000000e+00 2.250000000000000000e+00 2.802259136594577593e-01 1.262378707044761739e-01 1.539880429549815855e-01 1.264568257584937870e-02 3.526066896408483475e-02 6.349019820042225981e-02
-1.500000000000000000e+00 2.250000000000000000e+00 2.148664704879544030e-01 0.000000000000000000e+00 2.148664704879544030e-01 3.492656810331252418e-03 9.580393351080426431e-03 2.141194278605756951e-02
-1.250000000000000000e+00 2.250000000000000000e+00 1.570283401895806730e-01 0.000000000000000000e+00 1.570283401895806730e-01 9.909647454859472730e-04 3.441352308404988132e-03 1.143406291826156752e-02
-1.000000000000000000e+00 2.250000000000000000e+00 8.875933837144871219e-02 0.000000000000000000e+00 8.875933837144871219e-02 2.593153805808650334e-04 1.018054374685575759e-03 5.321904421211861094e-03
-7.500000000000000000e-01 2.250000000000000000e+00 1.636613403864590712e-10 0.000000000000000000e+00 1.636613403864590712e-10 1.492446488364689375e-04 6.156500032733292285e-04 3.321439172406855100e-03
-5.000000000000000000e-01 2.250000000000000000e+00 8.932097160291384286e-02 0.000000000000000000e+00 8.932097160291384286e-02 8.351229431749142187e-05 3.136166411227172125e-04 1.916788993152288489e-03
-2.500000000000000000e-01 2.250000000000000000e+00 6.721828494745850846e-04 0.000000000000000000e+00 6.721828494745850846e-04 9.150077692080370718e-05 3.230991038362733786e-04 1.238126577234220259e-03
0.000000000000000000e+00 2.250000000000000000e+00 1.726331580693615015e-10 0.000000000000000000e+00 1.726331580693615015e-10 1.411141324072408699e-04 4.301433593632978726e-04 1.151459885488452821e-03
2.500000000000000000e-01 2.250000000000000000e+00 2.875473455441663088e-05 0.000000000000000000e+00 2.875473455441663088e-05 3.027541723393146621e-04 1.382233200193639733e-03 8.536882609181428369e-03
5.000000000000000000e-01 2.250000000000000000e+00 1.262907420286306925e-01 0.000000000000000000e+00 1.262907420286306925e-01 8.104613097558718360e-04 2.685486967248069783e-03 1.197170540277049146e-02
7.500000000000000000e-01 2.250000000000000000e+00 1.424016445844877021e-01 0.000000000000000000e+00 1.424016445844877021e-01 2.359162037338422436e-03 6.875619241352712470e-03 1.730060264151174476e-02
1.000000000000000000e+00 2.250000000000000000e+00 2.379074156274862129e-01 0.000000000000000000e+00 2.379074156274862129e-01 7.677532285657401312e-03 2.308122951861658195e-02 4.616876734763640522e-02
1.250000000000000000e+00 2.250000000000000000e+00 4.966169098514873759e-01 2.177705214210583773e-01 2.788463884304289708e-01 2.218386772813487479e-02 6.146252682024299502e-02 1.043963686196307944e-01
1.500000000000000000e+00 2.250000000000000000e+00 6.270277505269453711e-01 4.520353968440954939e-01 1.749923536828498771e-01 5.766165113348414861e-02 1.244089229804038743e-01 1.675288796853993678e-01
1.750000000000000000e+00 2.250000000000000000e+00 8.209084329897095023e-01 6.813046308370418469e-01 1.396038021526676554e-01 1.314862136495207612e-01 2.223156378232153674e-01 2.246387313570777644e-01
2.000000000000000000e+00 2.250000000000000000e+00 8.969680017692904794e-01 8.202536193153905364e-01 7.671438245389994304e-02 2.131858101008327067e-01 2.937928780965110565e-01 2.548986912556154838e-01
-2.000000000000000000e+00 2.500000000000000000e+00 6.278360619503864370e-01 5.034918072819053458e-01 1.243442546684810912e-01 7.031306284632304893e-02 1.442485891672786458e-01 1.826595493596847586e-01
-1.750000000000000000e+00 2.500000000000000000e+00 4.399040865424233004e-01 2.349808502835914470e-01 2.049232362588318535e-01 1.865551790180436029e-02 5.206003324199805909e-02 9.570305082238325656e-02
-1.500000000000000000e+00 2.500000000000000000e+00 1.670593702680372994e-01 0.000000000000000000e+00 1.670593702680372994e-01 6.027643093439128893e-03 1.897170878609442946e-02 3.654815612465849711e-02
-1.250000000000000000e+00 2.500000000000000000e+00 1.115942795400789028e-01 0.000000000000000000e+00 1.115942795400789028e-01 1.541827811248559603e-03 5.259028747325845965e-03 1.741171643006600087e-02
-1.000000000000000000e+00 2.500000000000000000e+00 8.951499888101981106e-02 0.000000000000000000e+00 8.951499888101981106e-02 5.144598960342566547e-04 1.699545591116037634e-03 4.379595616195468798e-03
-7.500000000000000000e-01 2.500000000000000000e+00 1.029817112605050794e-01 0.000000000000000000e+00 1.029817112605050794e-01 2.325176285523278448e-04 1.356358375683030691e-03 8.633331039471231136e-03
-5.000000000000000000e-01 2.500000000000000000e+00 7.201827648310019505e-07 0.000000000000000000e+00 7.201827648310019505e-07 1.385477313280600276e-04 8.778792283285290730e-04 6.743252059414907816e-03
-2.500000000000000000e-01 2.500000000000000000e+00 4.731251177489399870e-05 0.000000000000000000e+00 4.731251177489399870e-05 1.325768079701116051e-04 6.631422154632459062e-04 4.191018508736709357e-03
0.000000000000000000e+00 2.500000000000000000e+00 2.263503902208392368e-11 0.000000000000000000e+00 2.263503902208392368e-11 1.667037888900553923e-04 4.981725499767777291e-04 1.225882090035291475e-03
2.500000000000000000e-01 2.500000000000000000e+00 1.015064082135275214e-01 0.000000000000000000e+00 1.015064082135275214e-01 3.382005806867463354e-04 1.361683001934878724e-03 6.739360173609298607e-03
5.000000000000000000e-01 2.500000000000000000e+00 1.305093993758035531e-01 0.000000000000000000e+00 1.305093993758035531e-01 9.249059599929628991e-04 4.111241295861355234e-03 2.025625523837010916e-02
7.500000000000000000e-01 2.500000000000000000e+00 8.935381748186020656e-02 0.000000000000000000e+00 8.935381748186020656e-02 2.414508691745150416e-03 6.871539673998235120e-03 1.683362787427129456e-02
1.000000000000000000e+00 2.500000000000000000e+00 3.031891915379802960e-01 0.000000000000000000e+00 3.031891915379802960e-01 7.266717870085846048e-03 2.442967918331171578e-02 4.980506020498973868e-02
1.250000000000000000e+00 2.500000000000000000e+00 4.025553538688872446e-01 2.177705214210584050e-01 1.847848324478288395e-01 2.228533547651836977e-02 6.107911007796130304e-02 9.908466355218177590e-02
1.500000000000000000e+00 2.500000000000000000e+00 6.313102094321855207e-01 4.598434516223985358e-01 1.714667578097869849e-01 6.184781544914717127e-02 1.328633579349974281e-01 1.698169989990557516e-01
1.750000000000000000e+00 2.500000000000000000e+00 8.033958644622914980e-01 7.141428428542859752e-01 8.925302160800552276e-02 1.203066201045995959e-01 2.148486633874920615e-01 2.272109583119381326e-01
2.000000000000000000e+00 2.500000000000000000e+00 9.239018281438685642e-01 8.660254037844385966e-01 5.787642435942996766e-02 2.456765468230313054e-01 3.186762679365857664e-01 2.649106288930245245e-01
-2.000000000000000000e+00 2.750000000000000000e+00 7.158152712502210413e-01 5.487294415283333615e-01 1.670858297218876798e-01 8.130548825609787422e-02 1.625283878419122585e-01 1.989297751399476677e-01
-1.750000000000000000e+00 2.750000000000000000e+00 4.121898063597166928e-01 2.349808502835913637e-01 1.772089560761253291e-01 2.392277365235892517e-02 6.477701420495883544e-02 1.022778851643742215e-01
-1.500000000000000000e+00 2.750000000000000000e+00 3.219800405010356248e-01 8.935323161475478004e-02 2.326268088862808447e-01 7.980849540946088200e-03 2.392026724136575577e-02 5.587610911810406839e-02
-1.250000000000000000e+00 2.750000000000000000e+00 2.108102519644948214e-01 8.935323161475478004e-02 1.214570203497400414e-01 2.525269216086844723e-03 9.138218387719384411e-03 3.869331332390853195e-02
-1.000000000000000000e+00 2.750000000000000000e+00 8.944147710046129740e-02 0.000000000000000000e+00 8.944147710046129740e-02 9.002640942500749876e-04 3.689689888851841858e-03 1.383449581215843646e-02
-7.500000000000000000e-01 2.750000000000000000e+00 1.549875975677954092e-02 0.000000000000000000e+00 1.549875975677954092e-02 3.454949087589631639e-04 1.472852939691303908e-03 1.037686907777307134e-02
-5.000000000000000000e-01 2.750000000000000000e+00 1.704676699085806019e-02 0.000000000000000000e+00 1.704676699085806019e-02 2.320720282210067184e-04 7.916170611251446528e-04 2.232961783874270502e-03
-2.500000000000000000e-01 2.750000000000000000e+00 8.935200680848748300e-02 0.000000000000000000e+00 8.935200680848748300e-02 2.168129639363151917e-04 1.179843651113903760e-03 5.024471073268821537e-03
0.000000000000000000e+00 2.750000000000000000e+00 8.919970138609110977e-02 0.000000000000000000e+00 8.919970138609110977e-02 2.661546375411048696e-04 1.662931243056023096e-03 1.128086789258665734e-02
2.500000000000000000e-01 2.750000000000000000e+00 2.760663121722810222e-04 0.000000000000000000e+00 2.760663121722810222e-04 4.719110672869522029e-04 3.299927248143724994e-03 2.105021628865843403e-02
5.000000000000000000e-01 2.750000000000000000e+00 1.485549933811314005e-01 0.000000000000000000e+00 1.485549933811314005e-01 9.885764441889754398e-04 4.671532881686168460e-03 2.088030871955127987e-02
7.500000000000000000e-01 2.750000000000000000e+00 2.044706218293545485e-01 8.935323161475471065e-02 1.151173902145998379e-01 2.917418237592251176e-03 1.175913455568747441e-02 4.178219375714119915e-02
1.000000000000000000e+00 2.750000000000000000e+00 3.537276339272295012e-01 1.781684596105612417e-01 1.755591743166682595e-01 8.885430729413170206e-03 3.204704952075494717e-02 7.751564694494242347e-02
1.250000000000000000e+00 2.750000000000000000e+00 3.994582599316631177e-01 2.800000000000001932e-01 1.194582599316629246e-01 2.374711847002279955e-02 6.599386447819148571e-02 1.146251592528002017e-01
1.500000000000000000e+00 2.750000000000000000e+00 6.592146363375741558e-01 4.674868982121337946e-01 1.917277381254403612e-01 5.965285914867445721e-02 1.282818996041266146e-01 1.687761839721056978e-01
1.750000000000000000e+00 2.750000000000000000e+00 7.903946930843245289e-01 6.499230723708779855e-01 1.404716207134465433e-01 1.147110006945717825e-01 2.016328493286202173e-01 2.154512036459667046e-01
2.000000000000000000e+00 2.750000000000000000e+00 8.926346954273881584e-01 8.772684879784514722e-01 1.536620744893668622e-02 2.382635749622021570e-01 3.243618727175698879e-01 2.746632890689248430e-01
-2.000000000000000000e+00 3.000000000000000000e+00 7.508456321706156178e-01 6.000000000000004219e-01 1.508456321706151959e-01 9.337302490853639780e-02 1.846003886823483486e-01 2.151985982046419055e-01
-1.750000000000000000e+00 3.000000000000000000e+00 5.570272941481893003e-01 3.182703253525229203e-01 2.387569687956663800e-01 3.571090405512151317e-02 9.263339264592118649e-02 1.415600398681726435e-01
-1.500000000000000000e+00 3.000000000000000000e+00 3.954287644273845603e-01 1.781684596105610474e-01 2.172603048168235129e-01 1.302030424294241609e-02 3.819403402276562443e-02 7.737215708931789726e-02
-1.250000000000000000e+00 3.000000000000000000e+00 2.850152043895374798e-01 1.544538766104621430e-01 1.305613277790753368e-01 4.104920602978676288e-03 1.666498823307449584e-02 5.946233978931721176e-02
-1.000000000000000000e+00 3.000000000000000000e+00 1.952432729855253790e-01 8.935323161475479392e-02 1.058900413707705851e-01 1.600207134528983848e-03 7.266928925867552520e-03 4.194520502122516675e-02
-7.500000000000000000e-01 3.000000000000000000e+00 1.456640415224962903e-01 0.000000000000000000e+00 1.456640415224962903e-01 6.582340778537159329e-04 3.202522840878730542e-03 1.469382083223314851e-02
-5.000000000000000000e-01 3.000000000000000000e+00 1.260456456072275300e-01 0.000000000000000000e+00 1.260456456072275300e-01 4.467232916350268360e-04 2.230952083248077724e-03 1.112290584007730003e-02
-2.500000000000000000e-01 3.000000000000000000e+00 8.896980707352278306e-02 0.000000000000000000e+00 8.896980707352278306e-02 3.795808652830593636e-04 1.980232186758462166e-03 8.460669841561895346e-03
0.000000000000000000e+00 3.000000000000000000e+00 1.262243805076272984e-01 0.000000000000000000e+00 1.262243805076272984e-01 4.787518500635892056e-04 3.346274012081236829e-03 2.219764515183019968e-02
2.500000000000000000e-01 3.000000000000000000e+00 9.105436140290348868e-02 0.000000000000000000e+00 9.105436140290348868e-02 6.969293864545025082e-04 2.696384481133905307e-03 8.379368780693403906e-03
5.000000000000000000e-01 3.000000000000000000e+00 1.549454355596339150e-01 8.935323161475473841e-02 6.559220394487917660e-02 1.687355947556749185e-03 8.744262477894617150e-03 3.836446808978833528e-02
7.500000000000000000e-01 3.000000000000000000e+00 2.654828078366663346e-01 8.935323161475479392e-02 1.761295762219115546e-01 3.998175484910261764e-03 1.493469599916778454e-02 4.419677183197124465e-02
1.000000000000000000e+00 3.000000000000000000e+00 3.441524525377421817e-01 1.262378707044762294e-01 2.179145818332659523e-01 1.016952705484315891e-02 3.656538435085621846e-02 7.398426054497243831e-02
1.250000000000000000e+00 3.000000000000000000e+00 5.676583595648453384e-01 3.411744421846384934e-01 2.264839173802068450e-01 3.130857603677581619e-02 8.398742275457966866e-02 1.333027542869410220e-01
1.500000000000000000e+00 3.000000000000000000e+00 6.764845808675933325e-01 4.823111029200990996e-01 1.941734779474942330e-01 6.486285373954731037e-02 1.409001199017978490e-01 1.814762359586256646e-01
1.750000000000000000e+00 3.000000000000000000e+00 8.358727457722112675e-01 7.716890565506298039e-01 6.418368922158146361e-02 1.495531337922215154e-01 2.518408116157691001e-01 2.538530642589004183e-01
2.000000000000000000e+00 3.000000000000000000e+00 9.299208722546061789e-01 8.858351991200213993e-01 4.408567313458477965e-02 2.359294308885871994e-01 3.259735059815000446e-01 2.942289459359901382e-01
