# position velocity action_std action_loc_std action_std_diff action_mean_p_0 action_p_0_mean action_p_0_std
-2.000000000000000000e+00 -3.000000000000000000e+00 8.098007991900284530e-01 7.512655988397164419e-01 5.853520035031201108e-02 8.369377403999544995e-01 7.492705959764774937e-01 2.335210794978554438e-01
-1.750000000000000000e+00 -3.000000000000000000e+00 7.297141763632287725e-01 5.780519007840013712e-01 1.516622755792274013e-01 9.112607377542730758e-01 8.271025034530312681e-01 2.108791985291409155e-01
-1.500000000000000000e+00 -3.000000000000000000e+00 5.144378015260190340e-01 3.624582734605460432e-01 1.519795280654729908e-01 9.634729136944205630e-01 9.050564463659759307e-01 1.511181681795103759e-01
-1.250000000000000000e+00 -3.000000000000000000e+00 5.186788760845272295e-01 3.182703253525232534e-01 2.004085507320039761e-01 9.831497636365328363e-01 9.434584480884540270e-01 1.189410453175814425e-01
-1.000000000000000000e+00 -3.000000000000000000e+00 3.440988966846834640e-01 1.989974874213237821e-01 1.451014092633596819e-01 9.915126589775216104e-01 9.691380204749140415e-01 8.011806521913279744e-02
-7.500000000000000000e-01 -3.000000000000000000e+00 2.412398436972974236e-01 1.544538766104624761e-01 8.678596708683494754e-02 9.958950869247065185e-01 9.809188078182616843e-01 6.274628882990054835e-02
-5.000000000000000000e-01 -3.000000000000000000e+00 2.655845557943176671e-01 1.544538766104626426e-01 1.111306791838550245e-01 9.970206998808859300e-01 9.838309094157239310e-01 6.304412166667193451e-02
-2.500000000000000000e-01 -3.000000000000000000e+00 2.735239038178818860e-01 8.935323161475476617e-02 1.841706722031271060e-01 9.968419895632224526e-01 9.855941823545484315e-01 4.803794623644616624e-02
0.000000000000000000e+00 -3.000000000000000000e+00 2.258214867727164621e-01 8.935323161475478004e-02 1.364682551579616820e-01 9.951444813744174667e-01 9.798897015370707786e-01 5.356983202087973323e-02
2.500000000000000000e-01 -3.000000000000000000e+00 2.689847213294441763e-01 1.781684596105609641e-01 9.081626171888321220e-02 9.915986365014017867e-01 9.727908901443700351e-01 7.753525591961185626e-02
5.000000000000000000e-01 -3.000000000000000000e+00 4.484687352706978047e-01 1.544538766104628369e-01 2.940148586602349678e-01 9.811202306465431899e-01 9.506994313233847471e-01 8.479880156177846406e-02
7.500000000000000000e-01 -3.000000000000000000e+00 5.305470849453667315e-01 3.299454500368202980e-01 2.006016349085464334e-01 9.538245888239101911e-01 8.998447842247450090e-01 1.450417155925242951e-01
1.000000000000000000e+00 -3.000000000000000000e+00 7.092226265872791924e-01 5.946292962846712049e-01 1.145933303026079875e-01 8.993697481084598211e-01 8.214934343471911316e-01 2.003088690789512072e-01
1.250000000000000000e+00 -3.000000000000000000e+00 8.802930081979998267e-01 8.284926070883212867e-01 5.180040110967853995e-02 7.739697715460838179e-01 6.983132564174543422e-01 2.554267014152692972e-01
1.500000000000000000e+00 -3.000000000000000000e+00 9.633392008273269358e-01 9.806038955663961554e-01 -1.726469473906921959e-02 6.371001706210429605e-01 5.870126749688369117e-01 2.945155286122511096e-01
1.750000000000000000e+00 -3.000000000000000000e+00 9.721622088052301880e-01 9.999679994879848710e-01 -2.780579068275468302e-02 5.142711662957599739e-01 5.033052181911190637e-01 2.798141742318049907e-01
2.000000000000000000e+00 -3.000000000000000000e+00 9.641096381712760399e-01 9.821690282227357738e-01 -1.805939005145973386e-02 4.243873358637349491e-01 4.458388536591120777e-01 2.851883327852953176e-01
-2.000000000000000000e+00 -2.750000000000000000e+00 7.781153962450042538e-01 6.981002793295553177e-01 8.001511691544893612e-02 8.677257062285640421e-01 7.854382027131554533e-01 2.215901548777620966e-01
-1.750000000000000000e+00 -2.750000000000000000e+00 6.598849648756688335e-01 3.725801927102404543e-01 2.873047721654283793e-01 9.411897097151318281e-01 8.769035640708764401e-01 1.576122575721041474e-01
-1.500000000000000000e+00 -2.750000000000000000e+00 5.036522431402694622e-01 2.933666647729433197e-01 2.102855783673261425e-01 9.748006180806654264e-01 9.309600323498311569e-01 1.223095391296456363e-01
-1.250000000000000000e+00 -2.750000000000000000e+00 3.658508836345201187e-01 2.349808502835920576e-01 1.308700333509280611e-01 9.889854573809008231e-01 9.586375763803741679e-01 1.034601413690312555e-01
-1.000000000000000000e+00 -2.750000000000000000e+00 2.574510494391392124e-01 0.000000000000000000e+00 2.574510494391392124e-01 9.963482120939241016e-01 9.872361210952310673e-01 3.139901341117892763e-02
-7.500000000000000000e-01 -2.750000000000000000e+00 1.517690738543279738e-01 1.544538766104639471e-01 -2.684802756135973301e-03 9.981694412549313444e-01 9.884978683521608023e-01 5.538066955418013970e-02
-5.000000000000000000e-01 -2.750000000000000000e+00 1.154141517863488398e-01 0.000000000000000000e+00 1.154141517863488398e-01 9.985299670978770026e-01 9.908451141955870733e-01 3.467080737625564957e-02
-2.500000000000000000e-01 -2.750000000000000000e+00 1.551210953037166218e-01 0.000000000000000000e+00 1.551210953037166218e-01 9.986759380138560127e-01 9.936422041762957846e-01 2.297403835447867082e-02
0.000000000000000000e+00 -2.750000000000000000e+00 9.708357552207882990e-02 1.262378707044761739e-01 -2.915429518239734397e-02 9.981997461872004207e-01 9.904876976932408539e-01 5.311935152930609416e-02
2.500000000000000000e-01 -2.750000000000000000e+00 2.539039451207146247e-01 8.935323161475478004e-02 1.645507135059598447e-01 9.958590139779254224e-01 9.844405620434139026e-01 4.374924343344623739e-02
5.000000000000000000e-01 -2.750000000000000000e+00 3.425502499143029400e-01 1.262378707044761739e-01 2.163123792098267661e-01 9.892578182856011093e-01 9.699460662114687270e-01 6.268634271821391102e-02
7.500000000000000000e-01 -2.750000000000000000e+00 4.904313334310251848e-01 2.509501942617304859e-01 2.394811391692946989e-01 9.679931375713166641e-01 9.238328437910460211e-01 1.198067583027746796e-01
1.000000000000000000e+00 -2.750000000000000000e+00 6.839428972901617776e-01 4.101901997854186521e-01 2.737526975047431255e-01 9.228885311228424149e-01 8.570151652299766720e-01 1.664023022026715204e-01
1.250000000000000000e+00 -2.750000000000000000e+00 8.400045004524001602e-01 7.477325725150698599e-01 9.227192793733030030e-02 8.128295834605098191e-01 7.328280045002995013e-01 2.434184025012504082e-01
1.500000000000000000e+00 -2.750000000000000000e+00 9.520339214387661952e-01 9.656086163658634813e-01 -1.357469492709728609e-02 6.216431844289727060e-01 5.808244471153261035e-01 2.798041169761286695e-01
1.750000000000000000e+00 -2.750000000000000000e+00 9.599239725432011650e-01 9.907088371464131127e-01 -3.078486460321194773e-02 4.513538568252353778e-01 4.641172797231446490e-01 2.878847290890022559e-01
2.000000000000000000e+00 -2.750000000000000000e+00 9.633116200253671879e-01 9.857869952479596520e-01 -2.247537522259246412e-02 3.928613688393331471e-01 4.334370468763992235e-01 2.897720686908999976e-01
-2.000000000000000000e+00 -2.500000000000000000e+00 7.596985147724624188e-01 5.946292962846708718e-01 1.650692184877915469e-01 8.846763754129746138e-01 8.121160387517585288e-01 1.980424515868976776e-01
-1.750000000000000000e+00 -2.500000000000000000e+00 6.163269908571623601e-01 3.519999999999984808e-01 2.643269908571638793e-01 9.550196918292149784e-01 8.996293726918633826e-01 1.385586023524444377e-01
-1.500000000000000000e+00 -2.500000000000000000e+00 3.980244608028323250e-01 1.989974874213249478e-01 1.990269733815073772e-01 9.849633196470181096e-01 9.558934049598213356e-01 8.669186175040810571e-02
-1.250000000000000000e+00 -2.500000000000000000e+00 2.447081733778845858e-01 8.935323161475476617e-02 1.553549417631298057e-01 9.949194387945579088e-01 9.810411080565076825e-01 5.194155365348793879e-02
-1.000000000000000000e+00 -2.500000000000000000e+00 2.089532884649395461e-01 8.935323161475471065e-02 1.196000568501848355e-01 9.981903900165913779e-01 9.893000735558259429e-01 5.034710420078309517e-02
-7.500000000000000000e-01 -2.500000000000000000e+00 1.827854945459349567e-01 0.000000000000000000e+00 1.827854945459349567e-01 9.991194403275889258e-01 9.925981995764042720e-01 3.299076325955564715e-02
-5.000000000000000000e-01 -2.500000000000000000e+00 1.970726021014147789e-01 8.935323161475478004e-02 1.077193704866599988e-01 9.993628847991613551e-01 9.956801398517303170e-01 2.680781957735767218e-02
-2.500000000000000000e-01 -2.500000000000000000e+00 8.938160925012939018e-02 0.000000000000000000e+00 8.938160925012939018e-02 9.994196692920815916e-01 9.969504449894440734e-01 1.177534873574511386e-02
0.000000000000000000e+00 -2.500000000000000000e+00 8.935272884596667797e-02 0.000000000000000000e+00 8.935272884596667797e-02 9.991067362724718182e-01 9.957412295918807166e-01 1.970997568931920699e-02
2.500000000000000000e-01 -2.500000000000000000e+00 1.495369900943046282e-01 0.000000000000000000e+00 1.495369900943046282e-01 9.979879583017592370e-01 9.912779689062100053e-01 3.470295384807463995e-02
5.000000000000000000e-01 -2.500000000000000000e+00 2.718288632467752985e-01 8.935323161475478004e-02 1.824756316320205185e-01 9.937323994631318547e-01 9.818000235966622968e-01 4.480542151244518156e-02
7.500000000000000000e-01 -2.500000000000000000e+00 4.400071988063857797e-01 2.177705214210585161e-01 2.222366773853272637e-01 9.789851712512490645e-01 9.433553949995544530e-01 1.002965396464411546e-01
1.000000000000000000e+00 -2.500000000000000000e+00 6.535448920573901921e-01 4.275324549083953096e-01 2.260124371489948825e-01 9.310556946053103466e-01 8.670909638233947891e-01 1.654973476423436396e-01
1.250000000000000000e+00 -2.500000000000000000e+00 8.673654060929836263e-01 7.782133383590882358e-01 8.915206773389539041e-02 8.137289332328512259e-01 7.318508737002280551e-01 2.433258913567833692e-01
1.500000000000000000e+00 -2.500000000000000000e+00 9.617854417473697959e-01 9.645226798784981570e-01 -2.737238131128361118e-03 6.366846377613843977e-01 5.925183460665944812e-01 2.759497083230595393e-01
1.750000000000000000e+00 -2.500000000000000000e+00 9.706150315336005141e-01 9.927738916792686608e-01 -2.215886014566814666e-02 4.438953000755366807e-01 4.578120963475358352e-01 2.848376375856486176e-01
2.000000000000000000e+00 -2.500000000000000000e+00 9.313431622177443803e-01 9.216593730874764745e-01 9.683789130267905776e-03 3.036454010011275795e-01 3.620481211133029231e-01 2.629102271295740145e-01
-2.000000000000000000e+00 -2.250000000000000000e+00 7.088660033292479845e-01 5.034918072819053458e-01 2.053741960473426387e-01 9.193295208983804923e-01 8.501414198580274917e-01 1.753073331408279978e-01
-1.750000000000000000e+00 -2.250000000000000000e+00 5.267086621226572118e-01 3.182703253525227538e-01 2.084383367701344580e-01 9.648728736066346512e-01 9.185818357307694582e-01 1.231903104116476300e-01
-1.500000000000000000e+00 -2.250000000000000000e+00 2.711881333621104506e-01 8.935323161475472453e-02 1.818349017473557261e-01 9.904836221579604860e-01 9.720829802269449482e-01 5.649185123491335531e-02
-1.250000000000000000e+00 -2.250000000000000000e+00 2.959620946734217162e-01 8.935323161475476617e-02 2.066088630586669361e-01 9.968763079021647489e-01 9.850758077107859556e-01 4.370239228394309783e-02
-1.000000000000000000e+00 -2.250000000000000000e+00 1.560542152306822472e-01 8.935323161475472453e-02 6.670098361592752267e-02 9.988883806907546958e-01 9.917038500057760997e-01 3.946115006323612506e-02
-7.500000000000000000e-01 -2.250000000000000000e+00 1.261877869753366410e-01 0.000000000000000000e+00 1.261877869753366410e-01 9.995066840855529877e-01 9.968751171369044650e-01 1.479344970890302501e-02
-5.000000000000000000e-01 -2.250000000000000000e+00 1.323205603207221091e-05 0.000000000000000000e+00 1.323205603207221091e-05 9.996430536382737708e-01 9.981158032906629618e-01 7.710397030453593550e-03
-2.500000000000000000e-01 -2.250000000000000000e+00 8.949390405906333668e-02 8.935323161475478004e-02 1.406724443085566323e-04 9.996107971230833167e-01 9.959907329572387225e-01 3.260364268881004585e-02
0.000000000000000000e+00 -2.250000000000000000e+00 1.905533074815720946e-03 0.000000000000000000e+00 1.905533074815720946e-03 9.994677722159722721e-01 9.976870710379532881e-01 9.515993550072446294e-03
2.500000000000000000e-01 -2.250000000000000000e+00 1.260493392009007785e-01 0.000000000000000000e+00 1.260493392009007785e-01 9.982961603157619601e-01 9.928284871660728594e-01 2.302758849501008315e-02
5.000000000000000000e-01 -2.250000000000000000e+00 1.975975476472127679e-01 0.000000000000000000e+00 1.975975476472127679e-01 9.950958241971312734e-01 9.870142183061649810e-01 2.526820623887705841e-02
7.500000000000000000e-01 -2.250000000000000000e+00 3.744866817090671263e-01 1.262378707044760906e-01 2.482488110045910357e-01 9.851045925719285057e-01 9.596318769089229317e-01 7.156072197983244509e-02
1.000000000000000000e+00 -2.250000000000000000e+00 6.050328010685402935e-01 3.919183588453078460e-01 2.131144422232324476e-01 9.322868014436563877e-01 8.663550725409087105e-01 1.595665760610062156e-01
1.250000000000000000e+00 -2.250000000000000000e+00 8.624893938484057276e-01 7.908577621797751034e-01 7.163163166863062425e-02 8.113936706232051099e-01 7.313524161534797896e-01 2.447192911749390409e-01
1.500000000000000000e+00 -2.250000000000000000e+00 9.428006248189938487e-01 9.745891442038507879e-01 -3.178851938485693918e-02 6.075563281655338432e-01 5.764070031208120559e-01 2.770739589854093188e-01
1.750000000000000000e+00 -2.250000000000000000e+00 9.649274124569512390e-01 9.967948635501723276e-01 -3.186745109322108860e-02 4.420203030064508432e-01 4.644623104692548465e-01 2.827554766819712073e-01
2.000000000000000000e+00 -2.250000000000000000e+00 9.202768305627594403e-01 9.216593730874768076e-01 -1.382542524717367272e-03 2.985920818123834475e-01 3.632793340644559499e-01 2.725870078025896537e-01
-2.000000000000000000e+00 -2.000000000000000000e+00 6.890126321234469886e-01 4.895058733049088007e-01 1.995067588185381879e-01 9.254620323342366284e-01 8.560831515893438937e-01 1.806190788949876558e-01
-1.750000000000000000e+00 -2.000000000000000000e+00 3.877091884557588020e-01 2.349808502835916135e-01 1.527283381721671884e-01 9.773291702727812114e-01 9.423269376912695172e-01 1.096567284583346569e-01
-1.500000000000000000e+00 -2.000000000000000000e+00 2.290768155758056146e-01 0.000000000000000000e+00 2.290768155758056146e-01 9.926426751596816311e-01 9.776146389359251510e-01 5.195664563930566665e-02
-1.250000000000000000e+00 -2.000000000000000000e+00 1.767752193936178162e-01 8.935323161475475229e-02 8.742198777886306393e-02 9.976621226387377694e-01 9.895242673542233858e-01 4.702524900003205582e-02
-1.000000000000000000e+00 -2.000000000000000000e+00 1.382461358897992265e-01 8.935323161475473841e-02 4.889290427504448810e-02 9.992457443081302904e-01 9.949872466072441357e-01 3.442517254503076746e-02
-7.500000000000000000e-01 -2.000000000000000000e+00 3.259795706470459964e-02 0.000000000000000000e+00 3.259795706470459964e-02 9.996710489560530766e-01 9.983435214796110291e-01 6.886470948955569077e-03
-5.000000000000000000e-01 -2.000000000000000000e+00 1.086284525604438028e-01 0.000000000000000000e+00 1.086284525604438028e-01 9.997560663495265176e-01 9.978935385845155714e-01 1.574746929976762397e-02
-2.500000000000000000e-01 -2.000000000000000000e+00 8.935318256967464401e-02 0.000000000000000000e+00 8.935318256967464401e-02 9.997369564181473045e-01 9.988540055306288634e-01 6.393917291297217947e-03
0.000000000000000000e+00 -2.000000000000000000e+00 5.460960531645658866e-03 0.000000000000000000e+00 5.460960531645658866e-03 9.994745897810047852e-01 9.978524480012982423e-01 8.666731080077585622e-03
2.500000000000000000e-01 -2.000000000000000000e+00 3.383275608036497711e-02 0.000000000000000000e+00 3.383275608036497711e-02 9.988198879166745314e-01 9.971763038579611882e-01 6.254240009422079756e-03
5.000000000000000000e-01 -2.000000000000000000e+00 1.945377214720242498e-01 0.000000000000000000e+00 1.945377214720242498e-01 9.957184619075628573e-01 9.894717800176099365e-01 2.315594943674824727e-02
7.500000000000000000e-01 -2.000000000000000000e+00 3.061015051530588948e-01 1.544538766104627536e-01 1.516476285425961412e-01 9.838421259260582419e-01 9.604699743087083963e-01 7.041602130416522998e-02
1.000000000000000000e+00 -2.000000000000000000e+00 6.587016583332275799e-01 3.624582734605459322e-01 2.962433848726816477e-01 9.404034126475242505e-01 8.797348302122022234e-01 1.473651305252461352e-01
1.250000000000000000e+00 -2.000000000000000000e+00 8.146837515877548563e-01 7.512655988397168860e-01 6.341815274803797031e-02 8.189369472476294431e-01 7.414159839317829848e-01 2.297423151697512433e-01
1.500000000000000000e+00 -2.000000000000000000e+00 9.327767342638939585e-01 9.912497162672985196e-01 -5.847298200340456109e-02 6.030554328513358930e-01 5.646309359691675800e-01 2.808497605213393644e-01
1.750000000000000000e+00 -2.000000000000000000e+00 9.396561640878444699e-01 9.645226798784981570e-01 -2.486651579065368711e-02 3.746338877134466894e-01 4.126390185501385144e-01 2.754162567859295141e-01
2.000000000000000000e+00 -2.000000000000000000e+00 9.224569935651820707e-01 9.018736053350300264e-01 2.058338823015204433e-02 2.632255211412833362e-01 3.381973083766328658e-01 2.730501057124435360e-01
-2.000000000000000000e+00 -1.750000000000000000e+00 5.824745246894610373e-01 3.060980235153434315e-01 2.763765011741176059e-01 9.420607076674030189e-01 8.883994998877321470e-01 1.386650568826834351e-01
-1.750000000000000000e+00 -1.750000000000000000e+00 4.015525386962282006e-01 1.544538766104635030e-01 2.470986620857646976e-01 9.812451266737697297e-01 9.531045387261773971e-01 8.287987331313018124e-02
-1.500000000000000000e+00 -1.750000000000000000e+00 2.591071740241828736e-01 8.935323161475473841e-02 1.697539424094281491e-01 9.937112905376652705e-01 9.802885833445764696e-01 5.048399718135062469e-02
-1.250000000000000000e+00 -1.750000000000000000e+00 1.267652983067746597e-01 0.000000000000000000e+00 1.267652983067746597e-01 9.979560112641392422e-01 9.921455467074220547e-01 2.792531117755511424e-02
-1.000000000000000000e+00 -1.750000000000000000e+00 1.252785607866875595e-01 0.000000000000000000e+00 1.252785607866875595e-01 9.993465584693989046e-01 9.955807709607977785e-01 2.307268150405503149e-02
-7.500000000000000000e-01 -1.750000000000000000e+00 8.057957613307895279e-04 0.000000000000000000e+00 8.057957613307895279e-04 9.996784073283900840e-01 9.979277978376008829e-01 1.095971848780044090e-02
-5.000000000000000000e-01 -1.750000000000000000e+00 6.385934648407510773e-10 0.000000000000000000e+00 6.385934648407510773e-10 9.997704692939053395e-01 9.988560592348985079e-01 5.253286618362158593e-03
-2.500000000000000000e-01 -1.750000000000000000e+00 8.935295890550574993e-02 0.000000000000000000e+00 8.935295890550574993e-02 9.997411912078709717e-01 9.991340412217117883e-01 3.635013823424384539e-03
0.000000000000000000e+00 -1.750000000000000000e+00 5.007889542857529080e-07 0.000000000000000000e+00 5.007889542857529080e-07 9.995012707664442386e-01 9.990068722304495941e-01 1.657260450391140859e-03
2.500000000000000000e-01 -1.750000000000000000e+00 4.148421334828871626e-02 0.000000000000000000e+00 4.148421334828871626e-02 9.986346413087104912e-01 9.962053188530975989e-01 1.101295693370857830e-02
5.000000000000000000e-01 -1.750000000000000000e+00 2.081922439373982414e-01 0.000000000000000000e+00 2.081922439373982414e-01 9.950532203961174327e-01 9.886003549274160473e-01 2.341740564692842627e-02
7.500000000000000000e-01 -1.750000000000000000e+00 3.673227821596606324e-01 8.935323161475471065e-02 2.779695505449059079e-01 9.818490518353677476e-01 9.598245344623000941e-01 6.140616108236609388e-02
1.000000000000000000e+00 -1.750000000000000000e+00 6.339392744042074979e-01 3.624582734605458767e-01 2.714810009436616212e-01 9.319151883772436307e-01 8.733918158014708499e-01 1.481088644928021947e-01
1.250000000000000000e+00 -1.750000000000000000e+00 8.329918060046831441e-01 7.582189657348349376e-01 7.477284026984820642e-02 8.049350177204495083e-01 7.300320275371553480e-01 2.327248924161446353e-01
1.500000000000000000e+00 -1.750000000000000000e+00 9.618553788559455198e-01 9.864603387871176965e-01 -2.460495993117217672e-02 5.682592687513674523e-01 5.488426908802178650e-01 2.759093324504237055e-01
1.750000000000000000e+00 -1.750000000000000000e+00 9.490103977024676452e-01 9.697752316903088809e-01 -2.076483398784123580e-02 3.618264780657271529e-01 4.077182596294574024e-01 2.707142423176279733e-01
2.000000000000000000e+00 -1.750000000000000000e+00 8.765455114153384297e-01 8.442179813294674595e-01 3.232753008587097021e-02 2.289237154862291679e-01 3.069863288289792491e-01 2.527512177871827359e-01
-2.000000000000000000e+00 -1.500000000000000000e+00 6.137633196593494933e-01 4.011782646156200061e-01 2.125850550437294872e-01 9.436739555752222675e-01 8.871626376354416754e-01 1.490933586830472946e-01
-1.750000000000000000e+00 -1.500000000000000000e+00 4.107883927709457539e-01 1.781684596105613527e-01 2.326199331603844012e-01 9.787897881215029683e-01 9.496178593303427062e-01 8.576321051407770346e-02
-1.500000000000000000e+00 -1.500000000000000000e+00 2.669324293330962994e-01 0.000000000000000000e+00 2.669324293330962994e-01 9.933104566265072988e-01 9.785738009397783044e-01 4.883394595247756570e-02
-1.250000000000000000e+00 -1.500000000000000000e+00 1.539095403543004614e-01 0.000000000000000000e+00 1.539095403543004614e-01 9.980944045222762684e-01 9.942573138685889544e-01 1.478866960448380237e-02
-1.000000000000000000e+00 -1.500000000000000000e+00 1.250442313688442109e-01 8.935323161475472453e-02 3.569099975408948633e-02 9.992667805594133146e-01 9.945324078304177418e-01 3.700214365577837033e-02
-7.500000000000000000e-01 -1.500000000000000000e+00 1.265286110388609275e-01 0.000000000000000000e+00 1.265286110388609275e-01 9.996380612880205740e-01 9.981067488156447620e-01 9.874944065405889121e-03
-5.000000000000000000e-01 -1.500000000000000000e+00 1.147638940723388033e-02 0.000000000000000000e+00 1.147638940723388033e-02 9.997011239277761030e-01 9.987919108815945801e-01 7.218381627436146718e-03
-2.500000000000000000e-01 -1.500000000000000000e+00 3.120501517597319740e-04 0.000000000000000000e+00 3.120501517597319740e-04 9.996250786528885213e-01 9.989374862980393566e-01 3.606486412975500478e-03
0.000000000000000000e+00 -1.500000000000000000e+00 1.125485544699789398e-01 0.000000000000000000e+00 1.125485544699789398e-01 9.992920601887833598e-01 9.978759319544762141e-01 9.308318688038110314e-03
2.500000000000000000e-01 -1.500000000000000000e+00 1.246695011989062268e-01 0.000000000000000000e+00 1.246695011989062268e-01 9.980961750789495435e-01 9.961462076492213491e-01 8.430633076198746842e-03
5.000000000000000000e-01 -1.500000000000000000e+00 2.186781863213785593e-01 0.000000000000000000e+00 2.186781863213785593e-01 9.935832252663240327e-01 9.869525007462701671e-01 2.049039582190416431e-02
7.500000000000000000e-01 -1.500000000000000000e+00 4.313207997369351010e-01 8.935323161475479392e-02 3.419675681221803210e-01 9.779839061428603486e-01 9.578619589398729151e-01 5.795195341536370920e-02
1.000000000000000000e+00 -1.500000000000000000e+00 6.098504282501263640e-01 3.411744421846382713e-01 2.686759860654880927e-01 9.194420973845722767e-01 8.663312251708523704e-01 1.387383166794811107e-01
1.250000000000000000e+00 -1.500000000000000000e+00 8.668256929686634082e-01 7.969843160313734298e-01 6.984137693728997842e-02 7.744502943539293138e-01 7.083622625570018538e-01 2.367302193153677792e-01
1.500000000000000000e+00 -1.500000000000000000e+00 9.499549404213083470e-01 9.754998718605798480e-01 -2.554493143927150101e-02 5.906417809853169443e-01 5.656899487369352331e-01 2.800658612381346502e-01
1.750000000000000000e+00 -1.500000000000000000e+00 9.505498769478255561e-01 9.717530550505062426e-01 -2.120317810268068648e-02 3.911748661267910321e-01 4.228861820112548298e-01 2.700028379732380968e-01
2.000000000000000000e+00 -1.500000000000000000e+00 8.992308962798031269e-01 8.589854480723155827e-01 4.024544820748754415e-02 2.581546356299132539e-01 3.262185548873299812e-01 2.532442569591699666e-01
-2.000000000000000000e+00 -1.250000000000000000e+00 5.717546622083545804e-01 3.519999999999989804e-01 2.197546622083556001e-01 9.486542989077570986e-01 8.996872107368995009e-01 1.328284637175160265e-01
-1.750000000000000000e+00 -1.250000000000000000e+00 3.490415363502968882e-01 1.262378707044761739e-01 2.228036656458207143e-01 9.831708503829441614e-01 9.583192007693022152e-01 8.085753214666098476e-02
-1.500000000000000000e+00 -1.250000000000000000e+00 2.655910325284940865e-01 0.000000000000000000e+00 2.655910325284940865e-01 9.937821187939643863e-01 9.836832814389994128e-01 3.529775181951539526e-02
-1.250000000000000000e+00 -1.250000000000000000e+00 1.781700547452482741e-01 0.000000000000000000e+00 1.781700547452482741e-01 9.977744163852309001e-01 9.924470901314510485e-01 2.771962245206208500e-02
-1.000000000000000000e+00 -1.250000000000000000e+00 6.081721683567402337e-03 0.000000000000000000e+00 6.081721683567402337e-03 9.990468547508509767e-01 9.976358172457371332e-01 6.051287472550781303e-03
-7.500000000000000000e-01 -1.250000000000000000e+00 4.976264600745430172e-02 0.000000000000000000e+00 4.976264600745430172e-02 9.994376057763133536e-01 9.980425233284860864e-01 7.185838103349272664e-03
-5.000000000000000000e-01 -1.250000000000000000e+00 2.234488124544596610e-02 0.000000000000000000e+00 2.234488124544596610e-02 9.995212738141441289e-01 9.986175787115707525e-01 5.836644698404938256e-03
-2.500000000000000000e-01 -1.250000000000000000e+00 2.715094755761680596e-03 0.000000000000000000e+00 2.715094755761680596e-03 9.993964748813292109e-01 9.987321005222409287e-01 3.345559258958107681e-03
0.000000000000000000e+00 -1.250000000000000000e+00 1.268470495126651776e-01 0.000000000000000000e+00 1.268470495126651776e-01 9.987592763832364717e-01 9.972608646124113685e-01 1.080429669299545758e-02
2.500000000000000000e-01 -1.250000000000000000e+00 6.559674788293977377e-02 0.000000000000000000e+00 6.559674788293977377e-02 9.968749079325617268e-01 9.950732048984031186e-01 6.164391373512292244e-03
5.000000000000000000e-01 -1.250000000000000000e+00 2.201794131002695887e-01 0.000000000000000000e+00 2.201794131002695887e-01 9.897801750538264276e-01 9.823706132852724204e-01 2.101624721463499906e-02
7.500000000000000000e-01 -1.250000000000000000e+00 3.956485496900066789e-01 0.000000000000000000e+00 3.956485496900066789e-01 9.668633142801900116e-01 9.391026313757021571e-01 7.408781426154882610e-02
1.000000000000000000e+00 -1.250000000000000000e+00 7.060131273144959474e-01 3.624582734605459322e-01 3.435548538539500152e-01 9.025434103790018758e-01 8.494874434629779980e-01 1.489076155398435242e-01
1.250000000000000000e+00 -1.250000000000000000e+00 8.726087568911057302e-01 7.969843160313730968e-01 7.562444085973263341e-02 7.638449486815993561e-01 7.021338580369024251e-01 2.299838947532882316e-01
1.500000000000000000e+00 -1.250000000000000000e+00 9.677531015881427612e-01 9.889873608899181212e-01 -2.123425930177536003e-02 5.750826763169446521e-01 5.491820179803932334e-01 2.855912878588647286e-01
1.750000000000000000e+00 -1.250000000000000000e+00 9.239022672495834643e-01 9.599999999999980771e-01 -3.609773275041461282e-02 3.568095201569546071e-01 4.006171264839378798e-01 2.720901343743036271e-01
2.000000000000000000e+00 -1.250000000000000000e+00 9.306014967696144558e-01 9.298257901349062937e-01 7.757066347081620350e-04 2.898814002652833621e-01 3.600040389986970402e-01 2.838422117103573394e-01
-2.000000000000000000e+00 -1.000000000000000000e+00 6.029599982034898886e-01 3.411744421846383823e-01 2.617855560188515063e-01 9.379518044156219814e-01 8.864269409773785080e-01 1.444060710227671185e-01
-1.750000000000000000e+00 -1.000000000000000000e+00 4.807872824495953434e-01 1.781684596105609086e-01 3.026188228390344070e-01 9.779155583182709277e-01 9.512486370618087328e-01 8.352910607625552153e-02
-1.500000000000000000e+00 -1.000000000000000000e+00 2.165950972600276803e-01 1.262378707044762294e-01 9.035722655555145089e-02 9.907540730273254326e-01 9.766213139805651755e-01 5.682161321979430774e-02
-1.250000000000000000e+00 -1.000000000000000000e+00 1.197506908050345320e-01 0.000000000000000000e+00 1.197506908050345320e-01 9.964297324529123312e-01 9.926279766655116132e-01 1.480780896635119220e-02
-1.000000000000000000e+00 -1.000000000000000000e+00 1.527692204753915983e-01 0.000000000000000000e+00 1.527692204753915983e-01 9.981644720587612429e-01 9.963500202233586123e-01 7.459256516287864069e-03
-7.500000000000000000e-01 -1.000000000000000000e+00 2.165800808845365095e-03 0.000000000000000000e+00 2.165800808845365095e-03 9.987092060344621158e-01 9.952927969389258056e-01 1.782977714396894939e-02
-5.000000000000000000e-01 -1.000000000000000000e+00 1.400165561424121241e-01 0.000000000000000000e+00 1.400165561424121241e-01 9.988732688345668409e-01 9.973359898307254667e-01 1.145595188047817542e-02
-2.500000000000000000e-01 -1.000000000000000000e+00 1.256195830041054173e-01 0.000000000000000000e+00 1.256195830041054173e-01 9.985146493355906427e-01 9.976347058635176568e-01 3.837465561693531504e-03
0.000000000000000000e+00 -1.000000000000000000e+00 2.047527366618940581e-01 0.000000000000000000e+00 2.047527366618940581e-01 9.967884337776580228e-01 9.951631759149023315e-01 6.356477351814415408e-03
2.500000000000000000e-01 -1.000000000000000000e+00 1.784684374383030958e-01 8.935323161475475229e-02 8.911520582354834352e-02 9.926149750103160363e-01 9.881144229653188171e-01 2.701555156520109996e-02
5.000000000000000000e-01 -1.000000000000000000e+00 3.670855129380715121e-01 0.000000000000000000e+00 3.670855129380715121e-01 9.798003417847250818e-01 9.674104814885183812e-01 3.704216757791486958e-02
7.500000000000000000e-01 -1.000000000000000000e+00 5.718366256691335137e-01 1.989974874213241152e-01 3.728391382478093985e-01 9.424037465810923830e-01 9.079730853991386796e-01 9.723544297746795906e-02
1.000000000000000000e+00 -1.000000000000000000e+00 8.155251959630688274e-01 6.257795138864774565e-01 1.897456820765913710e-01 8.431961923403397119e-01 7.808218313490179474e-01 1.954306319908568068e-01
1.250000000000000000e+00 -1.000000000000000000e+00 9.283708722843959649e-01 9.111838453352888445e-01 1.718702694910712037e-02 7.179593487681442676e-01 6.546013025787299489e-01 2.531267454862545785e-01
1.500000000000000000e+00 -1.000000000000000000e+00 9.565075486745472366e-01 9.998719918069520762e-01 -4.336444313240483961e-02 5.232337389688269669e-01 5.143651076352716567e-01 2.787406361920387599e-01
1.750000000000000000e+00 -1.000000000000000000e+00 9.340089999227833006e-01 9.697752316903093250e-01 -3.576623176752602440e-02 3.644584385549671235e-01 4.104823688735339537e-01 2.920431258138400654e-01
2.000000000000000000e+00 -1.000000000000000000e+00 9.164804612102221970e-01 9.037787339830437583e-01 1.270172722717843872e-02 2.758312891482690987e-01 3.451796265786857276e-01 2.711951732542123850e-01
-2.000000000000000000e+00 -7.500000000000000000e-01 6.513457222428440385e-01 3.519999999999970375e-01 2.993457222428470010e-01 9.287254753372499172e-01 8.766475845414738455e-01 1.427399072758565035e-01
-1.750000000000000000e+00 -7.500000000000000000e-01 4.835321287021516756e-01 2.800000000000020250e-01 2.035321287021496506e-01 9.632990127122486035e-01 9.286030913988911895e-01 1.058361885060903756e-01
-1.500000000000000000e+00 -7.500000000000000000e-01 3.050808269190291022e-01 8.935323161475475229e-02 2.157275953042743499e-01 9.835676803187816120e-01 9.665570850052733753e-01 5.657993343107303730e-02
-1.250000000000000000e+00 -7.500000000000000000e-01 3.058972182059011558e-01 0.000000000000000000e+00 3.058972182059011558e-01 9.914953837767928047e-01 9.833391586377694393e-01 3.369252054645259509e-02
-1.000000000000000000e+00 -7.500000000000000000e-01 1.317536813837236753e-01 8.935323161475471065e-02 4.240044976896896467e-02 9.953094378412072896e-01 9.903034145525461129e-01 2.858754288300711585e-02
-7.500000000000000000e-01 -7.500000000000000000e-01 1.262378534775783212e-01 0.000000000000000000e+00 1.262378534775783212e-01 9.959506268700989429e-01 9.921923087624285875e-01 1.880150772516286234e-02
-5.000000000000000000e-01 -7.500000000000000000e-01 1.787882767153924357e-01 0.000000000000000000e+00 1.787882767153924357e-01 9.961378880401560165e-01 9.940615583207971229e-01 9.939531114479233098e-03
-2.500000000000000000e-01 -7.500000000000000000e-01 2.448965901039674431e-01 0.000000000000000000e+00 2.448965901039674431e-01 9.944059075179185747e-01 9.919153619417415690e-01 1.037339924366107412e-02
0.000000000000000000e+00 -7.500000000000000000e-01 2.157241378828757272e-01 0.000000000000000000e+00 2.157241378828757272e-01 9.895839881464965071e-01 9.854606034179204110e-01 1.754800583032614311e-02
2.500000000000000000e-01 -7.500000000000000000e-01 3.373101140428343969e-01 0.000000000000000000e+00 3.373101140428343969e-01 9.765185888151447502e-01 9.664850864531746577e-01 3.546036413952527444e-02
5.000000000000000000e-01 -7.500000000000000000e-01 5.052471229255903751e-01 0.000000000000000000e+00 5.052471229255903751e-01 9.492210631869143489e-01 9.278916504232556095e-01 6.673045413808885440e-02
7.500000000000000000e-01 -7.500000000000000000e-01 7.082152225217416275e-01 4.598434516223985358e-01 2.483717708993430917e-01 8.844648433610196037e-01 8.285979469375603923e-01 1.638006968327464785e-01
1.000000000000000000e+00 -7.500000000000000000e-01 8.695898941652607794e-01 7.369016216565124067e-01 1.326882725087483728e-01 7.826752146438699098e-01 7.241088039409230293e-01 2.044354150020532002e-01
1.250000000000000000e+00 -7.500000000000000000e-01 9.550589049220092885e-01 9.707728879609289763e-01 -1.571398303891968773e-02 6.139449228776919787e-01 5.789642841336052337e-01 2.649854519620828408e-01
1.500000000000000000e+00 -7.500000000000000000e-01 9.702596139598437253e-01 9.991996797437442401e-01 -2.894006578390051487e-02 5.154590923169805050e-01 5.089702651846488290e-01 2.822854155078457494e-01
1.750000000000000000e+00 -7.500000000000000000e-01 9.497321833657413892e-01 9.576304088739016063e-01 -7.898225508160217068e-03 3.492811079725815504e-01 3.952203311948549458e-01 2.702806786537788053e-01
2.000000000000000000e+00 -7.500000000000000000e-01 9.139036431545153327e-01 9.526720317087127299e-01 -3.876838855419739716e-02 3.162182507516225205e-01 3.753424302295219062e-01 2.771281843822639424e-01
-2.000000000000000000e+00 -5.000000000000000000e-01 6.803437001104398751e-01 5.102940328869205455e-01 1.700496672235193296e-01 8.893858607597092680e-01 8.273359353439961872e-01 1.781424677356958641e-01
-1.750000000000000000e+00 -5.000000000000000000e-01 5.816780040096019011e-01 3.182703253525232534e-01 2.634076786570786477e-01 9.311186276897530645e-01 8.854945624538216320e-01 1.363042899356319282e-01
-1.500000000000000000e+00 -5.000000000000000000e-01 4.975433993116247233e-01 1.989974874213248646e-01 2.985459118902998865e-01 9.589393969109204496e-01 9.319404561302803147e-01 8.786964575450219306e-02
-1.250000000000000000e+00 -5.000000000000000000e-01 3.461250044775012746e-01 8.935323161475473841e-02 2.567717728627465501e-01 9.718741641023599387e-01 9.539047176386508120e-01 6.616604540724875527e-02
-1.000000000000000000e+00 -5.000000000000000000e-01 2.754053372980800884e-01 1.262378707044760906e-01 1.491674665936039978e-01 9.788721419213444186e-01 9.683378294284200605e-01 4.957746694656355035e-02
-7.500000000000000000e-01 -5.000000000000000000e-01 3.678446018916626814e-01 0.000000000000000000e+00 3.678446018916626814e-01 9.803975813733579736e-01 9.709924593786258828e-01 4.274197366658623320e-02
-5.000000000000000000e-01 -5.000000000000000000e-01 3.010008780648505411e-01 0.000000000000000000e+00 3.010008780648505411e-01 9.799227370249357083e-01 9.746579596623869968e-01 2.232033209754107073e-02
-2.500000000000000000e-01 -5.000000000000000000e-01 3.776520017738605461e-01 0.000000000000000000e+00 3.776520017738605461e-01 9.716070135137468977e-01 9.650191614450721600e-01 2.979042108534355263e-02
0.000000000000000000e+00 -5.000000000000000000e-01 5.025695787751665033e-01 0.000000000000000000e+00 5.025695787751665033e-01 9.513221452479246887e-01 9.379534356056088429e-01 5.129646660333247316e-02
2.500000000000000000e-01 -5.000000000000000000e-01 6.492923063946471895e-01 1.781684596105611862e-01 4.711238467840860311e-01 9.140420788237801908e-01 8.890538815279961371e-01 8.706223932071537053e-02
5.000000000000000000e-01 -5.000000000000000000e-01 7.982150457472372285e-01 5.169758214849121680e-01 2.812392242623250604e-01 8.289357382010429376e-01 7.840062108326226742e-01 1.647498490027743956e-01
7.500000000000000000e-01 -5.000000000000000000e-01 8.837164187443353747e-01 8.117536572138099871e-01 7.196276153052538760e-02 7.416682625648304272e-01 6.888565914230496690e-01 2.176628644341668251e-01
1.000000000000000000e+00 -5.000000000000000000e-01 9.582987741979487328e-01 9.707728879609296424e-01 -1.247411376298090957e-02 6.243933818972439154e-01 5.880934342404195991e-01 2.450807145403471610e-01
1.250000000000000000e+00 -5.000000000000000000e-01 9.615318046755322312e-01 9.999919999679970362e-01 -3.846019529246480495e-02 4.903466372664845863e-01 4.888069650711049374e-01 2.657921551716108111e-01
1.500000000000000000e+00 -5.000000000000000000e-01 9.501464151453117291e-01 9.754998718605797370e-01 -2.535345671526800793e-02 3.925183214995690562e-01 4.211195247684583753e-01 2.749837318326504021e-01
1.750000000000000000e+00 -5.000000000000000000e-01 9.529928794777606793e-01 9.418619856433344539e-01 1.113089383442622538e-02 3.452567451015158828e-01 3.909723096783758733e-01 2.695260621521600175e-01
2.000000000000000000e+00 -5.000000000000000000e-01 9.154466431076754285e-01 8.940335564172073868e-01 2.141308669046804170e-02 2.877846679998145030e-01 3.508876569456784722e-01 2.654300174129491929e-01
-2.000000000000000000e+00 -2.500000000000000000e-01 8.589614734753603376e-01 7.405511461067354473e-01 1.184103273686248903e-01 7.850609835894357680e-01 7.295235667595800777e-01 2.123032779618291843e-01
-1.750000000000000000e+00 -2.500000000000000000e-01 7.748864120038367886e-01 5.836574337743001273e-01 1.912289782295366614e-01 8.203074399102960879e-01 7.714349111066132192e-01 1.935576234115511107e-01
-1.500000000000000000e+00 -2.500000000000000000e-01 7.499236377906968176e-01 4.358898943540692184e-01 3.140337434366275993e-01 8.454580611854318750e-01 8.091474849548078163e-01 1.539844552366847474e-01
-1.250000000000000000e+00 -2.500000000000000000e-01 7.077067101578551345e-01 3.725801927102404543e-01 3.351265174476146802e-01 8.752572810241425749e-01 8.448861749844842617e-01 1.324676669107654470e-01
-1.000000000000000000e+00 -2.500000000000000000e-01 6.662742717512826207e-01 1.781684596105610474e-01 4.881058121407215733e-01 8.827221615133270527e-01 8.616634907348122985e-01 9.616096310400461256e-02
-7.500000000000000000e-01 -2.500000000000000000e-01 6.391331365753444294e-01 1.989974874213248368e-01 4.401356491540195925e-01 8.785336085088459868e-01 8.596360393061686089e-01 9.165638874131191993e-02
-5.000000000000000000e-01 -2.500000000000000000e-01 6.654057639717647632e-01 1.262378707044761739e-01 5.391678932672885338e-01 8.658778956868257159e-01 8.512367769241839799e-01 8.059756547146713912e-02
-2.500000000000000000e-01 -2.500000000000000000e-01 7.691250195026756442e-01 1.989974874213246980e-01 5.701275320813509184e-01 8.320450355588924207e-01 8.125442069707612402e-01 1.019342049709723586e-01
0.000000000000000000e+00 -2.500000000000000000e-01 8.462611542812684684e-01 5.299962264016601088e-01 3.162649278796083596e-01 7.507271912752850884e-01 7.278895511672432983e-01 1.377126211102482900e-01
2.500000000000000000e-01 -2.500000000000000000e-01 9.018951035202629196e-01 8.311822904754402330e-01 7.071281304482268659e-02 6.701984025035386816e-01 6.448262005407209285e-01 1.770256284833566784e-01
5.000000000000000000e-01 -2.500000000000000000e-01 9.599492031156474647e-01 9.917741678426553742e-01 -3.182496472700790946e-02 5.573546301690027738e-01 5.432188181119422810e-01 2.226479390625309418e-01
7.500000000000000000e-01 -2.500000000000000000e-01 9.642944813801448412e-01 9.986470848102441122e-01 -3.435260343009927109e-02 4.922218329447963781e-01 4.912206692011179543e-01 2.502543543211889765e-01
1.000000000000000000e+00 -2.500000000000000000e-01 9.497252658405314074e-01 9.551879396223552643e-01 -5.462673781823856878e-03 3.960227998976286190e-01 4.166584570693600553e-01 2.517413699952828487e-01
1.250000000000000000e+00 -2.500000000000000000e-01 9.389967346307203089e-01 9.634189120003791018e-01 -2.442217736965879293e-02 3.595889453057886098e-01 4.022516599918031233e-01 2.711929854297807641e-01
1.500000000000000000e+00 -2.500000000000000000e-01 9.256689768453417733e-01 9.446777228240346158e-01 -1.900874597869284255e-02 3.316305063638408379e-01 3.842501645133775678e-01 2.687693704534346306e-01
1.750000000000000000e+00 -2.500000000000000000e-01 9.202822490361394214e-01 9.199652167337627473e-01 3.170323023766741244e-04 2.999242271377303148e-01 3.613513160211372921e-01 2.817796665779309651e-01
2.000000000000000000e+00 -2.500000000000000000e-01 9.297506754920674688e-01 9.249864863877789167e-01 4.764189104288552024e-03 2.813855783412126943e-01 3.561652084149862785e-01 2.711303198435477957e-01
-2.000000000000000000e+00 0.000000000000000000e+00 9.333299076619262502e-01 9.645226798784980460e-01 -3.119277221657179577e-02 6.131491844034786531e-01 5.867331177513233076e-01 2.399518772370708153e-01
-1.750000000000000000e+00 0.000000000000000000e+00 9.409661962996201945e-01 9.588242800430111235e-01 -1.785808374339092897e-02 5.832680029128478605e-01 5.716666153169759346e-01 2.242009583561571651e-01
-1.500000000000000000e+00 0.000000000000000000e+00 9.529149726326223702e-01 9.850969495435466516e-01 -3.218197691092428148e-02 5.364245805432288350e-01 5.350095248852032581e-01 1.976532259033117744e-01
-1.250000000000000000e+00 0.000000000000000000e+00 9.543185935488432969e-01 9.901515035589236735e-01 -3.583291001008037657e-02 5.250679765846383296e-01 5.250181284134046722e-01 1.748127413076809855e-01
-1.000000000000000000e+00 0.000000000000000000e+00 9.499535179351541458e-01 9.981983770774245368e-01 -4.824485914227039096e-02 4.810548265415376945e-01 4.840308853035040770e-01 1.450186300201234957e-01
-7.500000000000000000e-01 0.000000000000000000e+00 9.467669349658704991e-01 9.645226798784982680e-01 -1.775574491262776888e-02 4.512239887891332235e-01 4.548454235899210829e-01 1.313061193081927480e-01
-5.000000000000000000e-01 0.000000000000000000e+00 9.539495925322403203e-01 8.492443700137182194e-01 1.047052225185221008e-01 3.951407928040278628e-01 4.024917647021034606e-01 1.370620905141559098e-01
-2.500000000000000000e-01 0.000000000000000000e+00 9.155153521621525181e-01 7.616403350663629723e-01 1.538750170957895458e-01 3.459611662657630093e-01 3.603814747106581229e-01 1.533660992361758901e-01
0.000000000000000000e+00 0.000000000000000000e+00 9.173030809289737242e-01 7.405511461067362244e-01 1.767519348222374997e-01 2.988034177013463855e-01 3.225041653768040972e-01 1.715781173134718340e-01
2.500000000000000000e-01 0.000000000000000000e+00 8.491457214828873612e-01 6.545716156388099449e-01 1.945741058440774163e-01 2.510195359118507774e-01 2.857459982428344203e-01 1.863474903188492571e-01
5.000000000000000000e-01 0.000000000000000000e+00 8.322791223501400104e-01 6.813046308370415138e-01 1.509744915130984966e-01 2.168861441809052937e-01 2.612871549190177167e-01 1.957810195430346456e-01
7.500000000000000000e-01 0.000000000000000000e+00 8.406507891450264447e-01 7.332121111929320589e-01 1.074386779520943858e-01 2.130108937877408792e-01 2.654653389060759872e-01 2.135870893688600614e-01
1.000000000000000000e+00 0.000000000000000000e+00 8.491525164169484441e-01 7.749683864519897325e-01 7.418412996495871159e-02 2.351141042198999775e-01 2.907529627874053113e-01 2.284437391384281646e-01
1.250000000000000000e+00 0.000000000000000000e+00 9.076828913041301572e-01 8.284926070883212867e-01 7.919028421580887045e-02 2.259542114369424426e-01 2.951505840535524339e-01 2.393370303163712687e-01
1.500000000000000000e+00 0.000000000000000000e+00 8.845320713321834782e-01 8.492443700137183304e-01 3.528770131846514779e-02 2.307793113446429956e-01 3.078967559332213000e-01 2.652926551631274443e-01
1.750000000000000000e+00 0.000000000000000000e+00 9.110957170973639219e-01 8.940335564172071647e-01 1.706216068015675713e-02 2.536503474363611677e-01 3.253517216643299070e-01 2.683006420527627722e-01
2.000000000000000000e+00 0.000000000000000000e+00 9.065861151022511777e-01 9.233330926594172094e-01 -1.674697755716603176e-02 2.789556059801564514e-01 3.533989559560392624e-01 2.781174672219243749e-01
-2.000000000000000000e+00 2.500000000000000000e-01 9.561368863433138410e-01 9.727157858285259140e-01 -1.657889948521207302e-02 4.053239064162991734e-01 4.313098574381187822e-01 2.440386119035846402e-01
-1.750000000000000000e+00 2.500000000000000000e-01 8.973978958361054081e-01 7.908577621797752144e-01 1.065401336563301937e-01 2.798223835734292564e-01 3.202094864800026364e-01 2.003408572899922913e-01
-1.500000000000000000e+00 2.500000000000000000e-01 8.078633044647348660e-01 5.169758214849120570e-01 2.908874829798228090e-01 2.107662079472312211e-01 2.456597336400315190e-01 1.519605487272405742e-01
-1.250000000000000000e+00 2.500000000000000000e-01 7.510638038196119082e-01 2.933666647729432086e-01 4.576971390466686995e-01 1.461646019938054042e-01 1.692697383121132826e-01 1.061380955534829973e-01
-1.000000000000000000e+00 2.500000000000000000e-01 5.687146926677602021e-01 1.262378707044761739e-01 4.424768219632840283e-01 1.101291296002516740e-01 1.272394930528265022e-01 7.954636155011714227e-02
-7.500000000000000000e-01 2.500000000000000000e-01 4.941693369004272474e-01 8.935323161475478004e-02 4.048161052856724673e-01 7.837021026668553048e-02 8.980980163412628781e-02 5.334591812567582303e-02
-5.000000000000000000e-01 2.500000000000000000e-01 5.423017090145551000e-01 0.000000000000000000e+00 5.423017090145551000e-01 6.513321159116385040e-02 7.541202234376426228e-02 4.893536654571158800e-02
-2.500000000000000000e-01 2.500000000000000000e-01 5.473052028008414949e-01 1.544538766104631144e-01 3.928513261903783804e-01 5.879707595380426199e-02 7.634540285961531614e-02 7.991072128871110070e-02
0.000000000000000000e+00 2.500000000000000000e-01 4.757289362956034773e-01 1.781684596105610474e-01 2.975604766850424299e-01 5.262071349020722155e-02 7.541988146110313596e-02 9.165085757730041804e-02
2.500000000000000000e-01 2.500000000000000000e-01 5.535040704652842702e-01 2.177705214210593765e-01 3.357335490442249215e-01 6.012617272767022819e-02 8.548418612032293584e-02 9.840153039813798186e-02
5.000000000000000000e-01 2.500000000000000000e-01 5.912846680750163397e-01 2.349808502835918356e-01 3.563038177914245042e-01 6.563779077211644164e-02 1.000926906028136582e-01 1.143058298113735216e-01
7.500000000000000000e-01 2.500000000000000000e-01 6.767575415956185170e-01 4.101901997854185966e-01 2.665673418101999204e-01 8.394264316227892375e-02 1.359500787530510679e-01 1.564247897375257157e-01
1.000000000000000000e+00 2.500000000000000000e-01 7.147633416014006480e-01 5.299962264016611080e-01 1.847671151997395400e-01 1.071108065345857674e-01 1.653989456408008485e-01 1.756467994467224847e-01
1.250000000000000000e+00 2.500000000000000000e-01 8.329067041921792702e-01 6.545716156388103890e-01 1.783350885533688812e-01 1.475692404080325981e-01 2.158141849178077942e-01 2.145020482440839482e-01
1.500000000000000000e+00 2.500000000000000000e-01 8.704739065235332918e-01 7.877461520058336442e-01 8.272775451769964761e-02 1.825171089707168237e-01 2.617241981504105364e-01 2.435829198508994708e-01
1.750000000000000000e+00 2.500000000000000000e-01 8.772576009628302307e-01 8.202536193153908695e-01 5.700398164743936125e-02 2.104990475610593881e-01 2.878462897438794910e-01 2.486182179394332004e-01
2.000000000000000000e+00 2.500000000000000000e-01 8.908112727838910505e-01 8.637036528810091429e-01 2.710761990288190759e-02 2.409493101493443423e-01 3.171817947634645862e-01 2.546905043570985017e-01
-2.000000000000000000e+00 5.000000000000000000e-01 8.264583045061990596e-01 7.582189657348348266e-01 6.823933877136423298e-02 2.132246048397440086e-01 2.757495924686322875e-01 2.123836390329647272e-01
-1.750000000000000000e+00 5.000000000000000000e-01 7.084776023051971849e-01 3.182703253525223097e-01 3.902072769526748752e-01 1.202571283750381581e-01 1.636007651814140318e-01 1.334428508428531779e-01
-1.500000000000000000e+00 5.000000000000000000e-01 5.333068907803590886e-01 1.781684596105610197e-01 3.551384311697980412e-01 5.854250896277178595e-02 8.537165491682367768e-02 9.047188721994724181e-02
-1.250000000000000000e+00 5.000000000000000000e-01 3.700654311982719546e-01 0.000000000000000000e+00 3.700654311982719546e-01 2.642244115331889368e-02 3.593534447013429362e-02 3.866481714147489146e-02
-1.000000000000000000e+00 5.000000000000000000e-01 3.111128798405387585e-01 8.935323161475473841e-02 2.217596482257840340e-01 1.520043675847727871e-02 2.135040476361870984e-02 3.192607118025803797e-02
-7.500000000000000000e-01 5.000000000000000000e-01 2.995665979244659938e-01 0.000000000000000000e+00 2.995665979244659938e-01 1.136391680253958508e-02 1.742895374851652010e-02 3.628579162132035407e-02
-5.000000000000000000e-01 5.000000000000000000e-01 2.024274311526946535e-01 0.000000000000000000e+00 2.024274311526946535e-01 8.606200464242253628e-03 1.289607287972447704e-02 2.158593508402175190e-02
-2.500000000000000000e-01 5.000000000000000000e-01 2.372272867518066541e-01 1.262378707044761461e-01 1.109894160473305080e-01 8.953223734430741654e-03 1.817814937605239864e-02 5.584408088765633466e-02
0.000000000000000000e+00 5.000000000000000000e-01 2.541227845581571221e-01 8.935323161475478004e-02 1.647695529434023420e-01 1.075345293325906046e-02 1.840591500272058603e-02 3.670747002736282627e-02
2.500000000000000000e-01 5.000000000000000000e-01 2.910937942879359697e-01 1.262378707044760351e-01 1.648559235834599346e-01 1.332609152106137979e-02 2.418629826074483735e-02 5.063630077383461658e-02
5.000000000000000000e-01 5.000000000000000000e-01 3.394303496748700688e-01 1.544538766104633642e-01 1.849764730644067046e-01 1.990091755433312515e-02 3.720931884845393028e-02 6.660563216208610637e-02
7.500000000000000000e-01 5.000000000000000000e-01 4.097786155907789940e-01 2.177705214210584328e-01 1.920080941697205612e-01 3.278220807558980543e-02 6.149827791512136460e-02 9.997300097432917920e-02
1.000000000000000000e+00 5.000000000000000000e-01 4.648100640160971464e-01 2.933666647729432086e-01 1.714433992431539377e-01 5.301389326434144400e-02 9.461641698973287384e-02 1.189464272724518185e-01
1.250000000000000000e+00 5.000000000000000000e-01 7.436488365566491510e-01 4.598434516223988688e-01 2.838053849342502821e-01 1.000629718976461940e-01 1.603238662730833708e-01 1.621769838933697361e-01
1.500000000000000000e+00 5.000000000000000000e-01 7.805888561713175688e-01 6.404498419080122407e-01 1.401390142633053282e-01 1.416638736558786249e-01 2.183297713873972312e-01 2.070424650298704483e-01
1.750000000000000000e+00 5.000000000000000000e-01 8.430595306336778894e-01 7.547608892887861520e-01 8.829864134489173733e-02 1.799200838507266920e-01 2.601243165958737613e-01 2.346117895020843336e-01
2.000000000000000000e+00 5.000000000000000000e-01 8.761376235429793047e-01 8.174496926416952025e-01 5.868793090128410217e-02 2.276011305093462445e-01 3.058662290807995232e-01 2.515106649883880885e-01
-2.000000000000000000e+00 7.500000000000000000e-01 7.109925299087719308e-01 4.101901997854178195e-01 3.008023301233541114e-01 1.135835879588713154e-01 1.720269026408460245e-01 1.638491664280756210e-01
-1.750000000000000000e+00 7.500000000000000000e-01 5.182050560181497012e-01 1.781684596105611029e-01 3.400365964075885983e-01 4.877847372317677815e-02 7.815745884967625901e-02 8.910642320875039601e-02
-1.500000000000000000e+00 7.500000000000000000e-01 2.757150394743205224e-01 8.935323161475476617e-02 1.863618078595657424e-01 1.785039937561616608e-02 2.983208050754877425e-02 4.540212384894478509e-02
-1.250000000000000000e+00 7.500000000000000000e-01 1.518278864214542279e-01 0.000000000000000000e+00 1.518278864214542279e-01 7.559486209226741645e-03 1.181536049251596422e-02 2.012570285842952070e-02
-1.000000000000000000e+00 7.500000000000000000e-01 1.855808153153770679e-01 0.000000000000000000e+00 1.855808153153770679e-01 3.408588737606509447e-03 6.986524376067792391e-03 2.579966119467553415e-02
-7.500000000000000000e-01 7.500000000000000000e-01 9.336795528800470589e-02 0.000000000000000000e+00 9.336795528800470589e-02 2.046528258903447441e-03 3.729141058876516562e-03 1.220566128917697016e-02
-5.000000000000000000e-01 7.500000000000000000e-01 1.263233927547299240e-01 8.935323161475473841e-02 3.697016113997518560e-02 1.821894759482119890e-03 5.237093311617297894e-03 2.810518870434455460e-02
-2.500000000000000000e-01 7.500000000000000000e-01 1.540245501271582385e-01 0.000000000000000000e+00 1.540245501271582385e-01 1.813970368418121133e-03 3.561299096606514430e-03 1.159976791201534387e-02
0.000000000000000000e+00 7.500000000000000000e-01 1.542603425396863459e-01 0.000000000000000000e+00 1.542603425396863459e-01 2.583900286730608526e-03 5.016542562256418210e-03 1.806731518180326040e-02
2.500000000000000000e-01 7.500000000000000000e-01 1.870897700351472348e-01 0.000000000000000000e+00 1.870897700351472348e-01 4.422545032508863605e-03 8.982576832633999003e-03 2.125623466491248503e-02
5.000000000000000000e-01 7.500000000000000000e-01 1.722657415647401991e-01 8.935323161475479392e-02 8.291250994998540513e-02 8.506188786206922078e-03 1.708471333230468167e-02 4.022880872068794467e-02
7.500000000000000000e-01 7.500000000000000000e-01 3.417030437088196537e-01 1.544538766104625871e-01 1.872491670983570666e-01 1.815065131366086840e-02 3.551935591471958031e-02 6.696922419492211398e-02
1.000000000000000000e+00 7.500000000000000000e-01 4.837528600333442230e-01 1.781684596105610197e-01 3.055844004227832311e-01 3.722501096888335831e-02 7.181953067775816157e-02 9.892350742913980088e-02
1.250000000000000000e+00 7.500000000000000000e-01 6.058937702611143505e-01 3.519999999999974816e-01 2.538937702611168690e-01 7.284185101973382481e-02 1.217999719965865979e-01 1.412615693844342935e-01
1.500000000000000000e+00 7.500000000000000000e-01 7.850471149997623188e-01 5.665897987080253939e-01 2.184573162917369249e-01 1.283140393118413214e-01 2.022763444764319463e-01 1.991819325820444464e-01
1.750000000000000000e+00 7.500000000000000000e-01 8.506309930107147643e-01 7.441612728434602309e-01 1.064697201672545335e-01 1.768556738826012331e-01 2.559581941448796916e-01 2.336425880844478498e-01
2.000000000000000000e+00 7.500000000000000000e-01 8.419024799135376158e-01 8.146164741766518391e-01 2.728600573688577668e-02 2.293666495120870175e-01 2.961609483541867149e-01 2.528034405931252615e-01
-2.000000000000000000e+00 1.000000000000000000e+00 6.619622817671444448e-01 3.624582734605465983e-01 2.995040083065978465e-01 9.242821654855816471e-02 1.433401117283885362e-01 1.447182557997687691e-01
-1.750000000000000000e+00 1.000000000000000000e+00 4.948132007198687843e-01 0.000000000000000000e+00 4.948132007198687843e-01 2.726436779581510247e-02 5.391903082002060671e-02 7.312990082825547578e-02
-1.500000000000000000e+00 1.000000000000000000e+00 2.130999306059687126e-01 0.000000000000000000e+00 2.130999306059687126e-01 8.105108812100124752e-03 1.598244778735239888e-02 3.333157957308569008e-02
-1.250000000000000000e+00 1.000000000000000000e+00 1.668451235233250896e-01 0.000000000000000000e+00 1.668451235233250896e-01 2.868212459504713117e-03 5.721752464518090747e-03 1.674235603206180104e-02
-1.000000000000000000e+00 1.000000000000000000e+00 8.959614683221572839e-02 0.000000000000000000e+00 8.959614683221572839e-02 1.204720798934171260e-03 3.075632697626503025e-03 1.760253976939157514e-02
-7.500000000000000000e-01 1.000000000000000000e+00 8.935272127453135205e-02 8.935323161475472453e-02 -5.103402233724851911e-07 6.746410325908670921e-04 2.830837933039681217e-03 2.634734083497111343e-02
-5.000000000000000000e-01 1.000000000000000000e+00 1.395296504009856664e-01 0.000000000000000000e+00 1.395296504009856664e-01 5.570433483725925053e-04 1.474718370247140318e-03 1.137156481021801314e-02
-2.500000000000000000e-01 1.000000000000000000e+00 2.524681475318677967e-02 0.000000000000000000e+00 2.524681475318677967e-02 7.764590845632869968e-04 2.425950955249385737e-03 9.458761537293433261e-03
0.000000000000000000e+00 1.000000000000000000e+00 1.562269899873935664e-01 0.000000000000000000e+00 1.562269899873935664e-01 1.105933174950448792e-03 3.562384355205849146e-03 1.613989926911283540e-02
2.500000000000000000e-01 1.000000000000000000e+00 1.780919038015737754e-01 0.000000000000000000e+00 1.780919038015737754e-01 2.399201807370179070e-03 5.313689642845605653e-03 2.178148056548108100e-02
5.000000000000000000e-01 1.000000000000000000e+00 2.295321526587477956e-01 1.262378707044762294e-01 1.032942819542715662e-01 5.490400435438542309e-03 1.254730408776984218e-02 4.084047965994705431e-02
7.500000000000000000e-01 1.000000000000000000e+00 2.933698228659988860e-01 1.262378707044762016e-01 1.671319521615226844e-01 1.166937799533144908e-02 2.393514287526506135e-02 5.047247881225757488e-02
1.000000000000000000e+00 1.000000000000000000e+00 4.965428394002839307e-01 1.544538766104631700e-01 3.420889627898207608e-01 3.313383043904932074e-02 6.255928641886683572e-02 8.745995125195962783e-02
1.250000000000000000e+00 1.000000000000000000e+00 6.090456982986908185e-01 2.800000000000014699e-01 3.290456982986893486e-01 6.233977687832708420e-02 1.123511417159250986e-01 1.289267529122102574e-01
1.500000000000000000e+00 1.000000000000000000e+00 8.002798164305404693e-01 5.547756303227434627e-01 2.455041861077970067e-01 1.272471330714365911e-01 1.928806932240202388e-01 1.871144089767005081e-01
1.750000000000000000e+00 1.000000000000000000e+00 8.231090266273275446e-01 7.332121111929316148e-01 8.989691543439592980e-02 1.728670765118966168e-01 2.503148809915280437e-01 2.267678178497849473e-01
2.000000000000000000e+00 1.000000000000000000e+00 9.075786746599567856e-01 8.637036528810090319e-01 4.387502177894775368e-02 2.429288886467279307e-01 3.145217265566626064e-01 2.506028367758080799e-01
-2.000000000000000000e+00 1.250000000000000000e+00 6.821583090886769174e-01 4.358898943540686632e-01 2.462684147346082542e-01 8.586423261884494618e-02 1.443107878671212041e-01 1.551397399870846350e-01
-1.750000000000000000e+00 1.250000000000000000e+00 4.445649379377201726e-01 1.544538766104627259e-01 2.901110613272574468e-01 2.491531012122662203e-02 5.105557968500850502e-02 7.713893549057593280e-02
-1.500000000000000000e+00 1.250000000000000000e+00 1.800007599712559747e-01 8.935323161475475229e-02 9.064752835650122242e-02 5.817059447017987155e-03 1.294130467487089077e-02 3.186841339086833591e-02
-1.250000000000000000e+00 1.250000000000000000e+00 9.192713314533355884e-02 0.000000000000000000e+00 9.192713314533355884e-02 1.782447015042015965e-03 3.185774914902100418e-03 5.044460659132623224e-03
-1.000000000000000000e+00 1.250000000000000000e+00 1.544695605416988304e-01 0.000000000000000000e+00 1.544695605416988304e-01 7.398186572210427216e-04 2.467100842346148411e-03 9.959171386360305897e-03
-7.500000000000000000e-01 1.250000000000000000e+00 1.262912353424477385e-01 8.935323161475471065e-02 3.693800372769302787e-02 4.293282764860270866e-04 2.372400262704971261e-03 2.433799443362730242e-02
-5.000000000000000000e-01 1.250000000000000000e+00 3.482846237256808998e-07 0.000000000000000000e+00 3.482846237256808998e-07 3.291187612968623447e-04 7.417633909592336212e-04 2.074845109634222348e-03
-2.500000000000000000e-01 1.250000000000000000e+00 1.563224065902771021e-01 0.000000000000000000e+00 1.563224065902771021e-01 3.945481891750569577e-04 2.119250086475431023e-03 2.155889835753095618e-02
0.000000000000000000e+00 1.250000000000000000e+00 8.939413930857784130e-02 0.000000000000000000e+00 8.939413930857784130e-02 6.843367703393001770e-04 2.205029818595501123e-03 1.329418098607150489e-02
2.500000000000000000e-01 1.250000000000000000e+00 1.227338980004384489e-01 0.000000000000000000e+00 1.227338980004384489e-01 1.602036464489926164e-03 5.572686850343514658e-03 2.573358225834371932e-02
5.000000000000000000e-01 1.250000000000000000e+00 1.261681663340010473e-01 0.000000000000000000e+00 1.261681663340010473e-01 3.687848137360633799e-03 7.991320805378411204e-03 2.600515067391930349e-02
7.500000000000000000e-01 1.250000000000000000e+00 2.337459449758545749e-01 0.000000000000000000e+00 2.337459449758545749e-01 1.133355351400386520e-02 2.277743831230201813e-02 3.876062674796033891e-02
1.000000000000000000e+00 1.250000000000000000e+00 4.721380559535265919e-01 8.935323161475475229e-02 3.827848243387718119e-01 2.724094053539369634e-02 5.320865698926080523e-02 7.168086298482898022e-02
1.250000000000000000e+00 1.250000000000000000e+00 5.225575137166414974e-01 3.060980235153447637e-01 2.164594902012967337e-01 6.941473659584997125e-02 1.172895057248475176e-01 1.311246349689751123e-01
1.500000000000000000e+00 1.250000000000000000e+00 7.774476202207101228e-01 6.156752390668277508e-01 1.617723811538823719e-01 1.334270798042286044e-01 2.071123035610145102e-01 2.026553941178953766e-01
1.750000000000000000e+00 1.250000000000000000e+00 8.263031651663099719e-01 7.650254897714164892e-01 6.127767539489348270e-02 1.981777702652132434e-01 2.699822205542913300e-01 2.231331927993506214e-01
2.000000000000000000e+00 1.250000000000000000e+00 8.872524903408948171e-01 8.637036528810091429e-01 2.354883745988567423e-02 2.548145263166399221e-01 3.197421793255999511e-01 2.460311839256137112e-01
-2.000000000000000000e+00 1.500000000000000000e+00 6.797388485262020330e-01 4.749736834815156405e-01 2.047651650446863925e-01 9.819068633593490414e-02 1.617856342555516191e-01 1.659919343543223846e-01
-1.750000000000000000e+00 1.500000000000000000e+00 3.862567349936548156e-01 1.262378707044762016e-01 2.600188642891786417e-01 2.642617973533502307e-02 5.526427254863371802e-02 8.337871818862316320e-02
-1.500000000000000000e+00 1.500000000000000000e+00 2.584051088030357990e-01 8.935323161475478004e-02 1.690518771882810189e-01 7.001034410716579399e-03 1.737949917796696025e-02 4.405991050808162612e-02
-1.250000000000000000e+00 1.500000000000000000e+00 5.838179716381732692e-02 0.000000000000000000e+00 5.838179716381732692e-02 1.945929546439095683e-03 5.075280803137554447e-03 1.336110552445720148e-02
-1.000000000000000000e+00 1.500000000000000000e+00 5.588150153118796870e-02 0.000000000000000000e+00 5.588150153118796870e-02 7.019440616966750313e-04 2.350197508702559727e-03 8.431342524660465770e-03
-7.500000000000000000e-01 1.500000000000000000e+00 8.935323088995124341e-02 0.000000000000000000e+00 8.935323088995124341e-02 3.256238612664083803e-04 9.520369191499641112e-04 3.225696748025378303e-03
-5.000000000000000000e-01 1.500000000000000000e+00 8.928984995728635188e-02 0.000000000000000000e+00 8.928984995728635188e-02 3.034763067134140044e-04 1.859682450764325477e-03 1.609972341798006357e-02
-2.500000000000000000e-01 1.500000000000000000e+00 2.202877373538830296e-03 0.000000000000000000e+00 2.202877373538830296e-03 3.287283145229559934e-04 1.151961634308049619e-03 7.938447112992024976e-03
0.000000000000000000e+00 1.500000000000000000e+00 1.261692632947233050e-01 0.000000000000000000e+00 1.261692632947233050e-01 6.470183324008628748e-04 2.292659745265307643e-03 8.748660869818885438e-03
2.500000000000000000e-01 1.500000000000000000e+00 8.940993392071586165e-02 8.935323161475473841e-02 5.670230596112324495e-05 1.376308894648338617e-03 5.249866157112529318e-03 3.499471186728873862e-02
5.000000000000000000e-01 1.500000000000000000e+00 2.939211550380712579e-01 0.000000000000000000e+00 2.939211550380712579e-01 4.051402933819280537e-03 8.619331930635753397e-03 1.721106399927885972e-02
7.500000000000000000e-01 1.500000000000000000e+00 2.270287549178731934e-01 8.935323161475476617e-02 1.376755233031184411e-01 1.147890945612443057e-02 2.294610655470012001e-02 3.959532826364791508e-02
1.000000000000000000e+00 1.500000000000000000e+00 4.556432649595097417e-01 1.989974874213243095e-01 2.566457775381854045e-01 3.121097322592965989e-02 6.278902195142105347e-02 9.460650852724181159e-02
1.250000000000000000e+00 1.500000000000000000e+00 6.511736542269844774e-01 2.800000000000009148e-01 3.711736542269835626e-01 6.725050936594856310e-02 1.204670335669831976e-01 1.380317513073877345e-01
1.500000000000000000e+00 1.500000000000000000e+00 8.017368341405936016e-01 6.207608235061260471e-01 1.809760106344675545e-01 1.477548727238701398e-01 2.097141209704871945e-01 1.912140241675429064e-01
1.750000000000000000e+00 1.500000000000000000e+00 8.653468319065775738e-01 7.969843160313734298e-01 6.836251587520414397e-02 2.222327646542973656e-01 2.896485022107507801e-01 2.332973957219073580e-01
2.000000000000000000e+00 1.500000000000000000e+00 9.438791521142946284e-01 9.344859549506356888e-01 9.393197163658939530e-03 3.248766391359355077e-01 3.761815402198299685e-01 2.686705998143545382e-01
-2.000000000000000000e+00 1.750000000000000000e+00 7.327382726886937370e-01 5.425863986500195635e-01 1.901518740386741735e-01 1.112808458907163511e-01 1.789357920972677318e-01 1.803514400878291624e-01
-1.750000000000000000e+00 1.750000000000000000e+00 5.402762287756858184e-01 2.177705214210593210e-01 3.225057073546264697e-01 3.596077126557072068e-02 7.258379305777996893e-02 9.697357894749443485e-02
-1.500000000000000000e+00 1.750000000000000000e+00 2.471035043261005648e-01 8.935323161475473841e-02 1.577502727113458403e-01 7.931716118851577998e-03 2.017911734879870508e-02 5.137959627531539508e-02
-1.250000000000000000e+00 1.750000000000000000e+00 1.222966833738310249e-01 0.000000000000000000e+00 1.222966833738310249e-01 2.625221258316004936e-03 7.458455522234521372e-03 2.269206775334058415e-02
-1.000000000000000000e+00 1.750000000000000000e+00 3.106484231789170499e-04 0.000000000000000000e+00 3.106484231789170499e-04 7.551332209689713736e-04 2.870643230746747643e-03 1.240069080496676059e-02
-7.500000000000000000e-01 1.750000000000000000e+00 7.663263652028237845e-03 0.000000000000000000e+00 7.663263652028237845e-03 4.116656907658280788e-04 2.344727318286627966e-03 1.555958833967316553e-02
-5.000000000000000000e-01 1.750000000000000000e+00 4.825424286669939122e-04 0.000000000000000000e+00 4.825424286669939122e-04 2.755310793855149550e-04 1.210644492000824499e-03 7.511484714205439277e-03
-2.500000000000000000e-01 1.750000000000000000e+00 8.935323059963458381e-02 0.000000000000000000e+00 8.935323059963458381e-02 3.726768247207902030e-04 1.119913586185378174e-03 3.823251756792335129e-03
0.000000000000000000e+00 1.750000000000000000e+00 1.543652618951466271e-01 0.000000000000000000e+00 1.543652618951466271e-01 5.911736595734319632e-04 2.833250122539281071e-03 2.277244043287494218e-02
2.500000000000000000e-01 1.750000000000000000e+00 1.222585447094869660e-01 0.000000000000000000e+00 1.222585447094869660e-01 1.285351506604430830e-03 4.208643993763192155e-03 2.267246710597579235e-02
5.000000000000000000e-01 1.750000000000000000e+00 8.983313452090567475e-02 0.000000000000000000e+00 8.983313452090567475e-02 4.069816026090294393e-03 9.263912097827191675e-03 1.590976903789982633e-02
7.500000000000000000e-01 1.750000000000000000e+00 2.807875322684211250e-01 8.935323161475475229e-02 1.914343006536663727e-01 1.056434274091325870e-02 2.281582086261290526e-02 3.957265149561888656e-02
1.000000000000000000e+00 1.750000000000000000e+00 4.188718785526704402e-01 1.544538766104622540e-01 2.644180019422082140e-01 3.114812861632016566e-02 6.222988304937088905e-02 8.903693539073814778e-02
1.250000000000000000e+00 1.750000000000000000e+00 6.871348736535040080e-01 3.919183588453079015e-01 2.952165148081961066e-01 7.357920417795330015e-02 1.328950716029836943e-01 1.584619831169398751e-01
1.500000000000000000e+00 1.750000000000000000e+00 7.878964566917513457e-01 6.105210889068418689e-01 1.773753677849094768e-01 1.428094954221920121e-01 2.118633245617704552e-01 1.963592045492892346e-01
1.750000000000000000e+00 1.750000000000000000e+00 8.571261156063119113e-01 8.879189152169255639e-01 -3.079279961061365256e-02 2.478175475518770987e-01 3.204586869539056693e-01 2.527916650063978254e-01
2.000000000000000000e+00 1.750000000000000000e+00 9.585024802263417687e-01 9.622972513729857180e-01 -3.794771146643949322e-03 3.481187466469084502e-01 4.004866232528850878e-01 2.797991291265629066e-01
-2.000000000000000000e+00 2.000000000000000000e+00 7.576622009946629710e-01 6.545716156388099449e-01 1.030905853558530261e-01 1.442945793412270250e-01 2.173466461791659365e-01 2.038143279126865270e-01
-1.750000000000000000e+00 2.000000000000000000e+00 5.751587852076534002e-01 2.659022376739249571e-01 3.092565475337284431e-01 5.116791349489829832e-02 9.409771745039324786e-02 1.235051108786365537e-01
-1.500000000000000000e+00 2.000000000000000000e+00 3.441076588671809766e-01 0.000000000000000000e+00 3.441076588671809766e-01 1.399420730066830432e-02 3.024574104748931763e-02 4.639451182667488072e-02
-1.250000000000000000e+00 2.000000000000000000e+00 1.938464638418112007e-01 0.000000000000000000e+00 1.938464638418112007e-01 4.094436436613771955e-03 1.178052508295605524e-02 3.595538447672894794e-02
-1.000000000000000000e+00 2.000000000000000000e+00 1.252343129301387026e-01 0.000000000000000000e+00 1.252343129301387026e-01 1.309590533172935506e-03 5.183922394417680470e-03 2.361314771144741934e-02
-7.500000000000000000e-01 2.000000000000000000e+00 9.995887218444413080e-02 0.000000000000000000e+00 9.995887218444413080e-02 6.209380571786211282e-04 2.876778497033570092e-03 1.445524901735597244e-02
-5.000000000000000000e-01 2.000000000000000000e+00 1.947158501887788195e-10 0.000000000000000000e+00 1.947158501887788195e-10 3.839590714618349452e-04 1.963379384521081981e-03 2.002642435068555452e-02
-2.500000000000000000e-01 2.000000000000000000e+00 8.935177956401615940e-02 0.000000000000000000e+00 8.935177956401615940e-02 4.075246733800427356e-04 2.097616277965955005e-03 1.877602536507259542e-02
0.000000000000000000e+00 2.000000000000000000e+00 1.092650340825179002e-04 0.000000000000000000e+00 1.092650340825179002e-04 6.464100640030463925e-04 1.916392634008162862e-03 7.896735294058484372e-03
2.500000000000000000e-01 2.000000000000000000e+00 1.667993163844408988e-01 0.000000000000000000e+00 1.667993163844408988e-01 1.622660726184107366e-03 6.923520193876214410e-03 3.192119021047355731e-02
5.000000000000000000e-01 2.000000000000000000e+00 1.574845973679002975e-01 1.262378707044761461e-01 3.124672666342415139e-02 4.360847948309150117e-03 1.392121643895669753e-02 5.247902377568023496e-02
7.500000000000000000e-01 2.000000000000000000e+00 2.905352630112628121e-01 0.000000000000000000e+00 2.905352630112628121e-01 9.721567659925208632e-03 2.123128090480352198e-02 3.920497769185500581e-02
1.000000000000000000e+00 2.000000000000000000e+00 4.870437897764385293e-01 1.544538766104623928e-01 3.325899131659761365e-01 2.936642318350646264e-02 6.288348673417573642e-02 8.763726292417184371e-02
1.250000000000000000e+00 2.000000000000000000e+00 6.696917051407412780e-01 4.275324549083956982e-01 2.421592502323455798e-01 8.112766806486247650e-02 1.405247208493730915e-01 1.619131570460680958e-01
1.500000000000000000e+00 2.000000000000000000e+00 8.146737082334029045e-01 6.307329070216622924e-01 1.839408012117406122e-01 1.353031394208631111e-01 2.084508764588638985e-01 2.009724499680898280e-01
1.750000000000000000e+00 2.000000000000000000e+00 9.042613437440306656e-01 8.492443700137186635e-01 5.501697373031200211e-02 2.484778278415699926e-01 3.173997269859867854e-01 2.481963917165589950e-01
2.000000000000000000e+00 2.000000000000000000e+00 9.460699143064790206e-01 9.564183185196716286e-01 -1.034840421319260795e-02 3.435350825481146009e-01 3.934303061700516468e-01 2.745893467426013257e-01
-2.000000000000000000e+00 2.250000000000000000e+00 8.696416859845935710e-01 7.512655988397164419e-01 1.183760871448771290e-01 1.821784698120507417e-01 2.601976705767914400e-01 2.254508573997863474e-01
-1.750000000000000000e+00 2.250000000000000000e+00 6.164496242532739867e-01 3.919183588453077349e-01 2.245312654079662518e-01 6.348887221817912929e-02 1.179673168362031233e-01 1.510935373294870487e-01
-1.500000000000000000e+00 2.250000000000000000e+00 4.260102218145194186e-01 1.262378707044762016e-01 2.997723511100431892e-01 1.988956977855606961e-02 4.368917037212800836e-02 6.910407423963971230e-02
-1.250000000000000000e+00 2.250000000000000000e+00 2.999163631567003940e-01 0.000000000000000000e+00 2.999163631567003940e-01 6.148720516609645567e-03 1.615329793988102072e-02 3.628494441503710144e-02
-1.000000000000000000e+00 2.250000000000000000e+00 1.632272153848577378e-01 0.000000000000000000e+00 1.632272153848577378e-01 2.372959908920771986e-03 7.697913777315392413e-03 2.479861067008261311e-02
-7.500000000000000000e-01 2.250000000000000000e+00 4.462263009752323058e-05 0.000000000000000000e+00 4.462263009752323058e-05 9.187993725020631407e-04 2.492242517602184619e-03 6.938425341743763297e-03
-5.000000000000000000e-01 2.250000000000000000e+00 1.973182125670918958e-03 0.000000000000000000e+00 1.973182125670918958e-03 7.475634171132112919e-04 3.268613352430235243e-03 1.653022195505751343e-02
-2.500000000000000000e-01 2.250000000000000000e+00 9.605048240819213678e-09 0.000000000000000000e+00 9.605048240819213678e-09 5.619855989355273477e-04 2.524824619826981139e-03 1.345396381579856693e-02
0.000000000000000000e+00 2.250000000000000000e+00 1.258422909238550713e-01 8.935323161475478004e-02 3.648905930910029127e-02 7.894831998638104009e-04 3.794345697346126773e-03 2.572242129496803836e-02
2.500000000000000000e-01 2.250000000000000000e+00 1.661775487170127075e-01 8.935323161475473841e-02 7.682431710225796906e-02 1.621353486247708838e-03 7.480721029540067513e-03 3.719914319910827549e-02
5.000000000000000000e-01 2.250000000000000000e+00 2.045039355355034172e-01 8.935323161475475229e-02 1.151507039207486649e-01 4.518976304325656758e-03 1.443967312561704984e-02 4.597083130010040652e-02
7.500000000000000000e-01 2.250000000000000000e+00 3.418279348300766185e-01 0.000000000000000000e+00 3.418279348300766185e-01 1.042471261378347114e-02 2.449757123457238506e-02 4.409626331448384534e-02
1.000000000000000000e+00 2.250000000000000000e+00 4.351074273959461558e-01 1.262378707044761739e-01 3.088695566914699819e-01 2.663720900483016601e-02 5.751012798268047982e-02 8.028257128742212478e-02
1.250000000000000000e+00 2.250000000000000000e+00 6.603844671496098551e-01 4.674868982121337946e-01 1.928975689374760605e-01 7.153057067517862300e-02 1.338642625001560393e-01 1.668828264544013062e-01
1.500000000000000000e+00 2.250000000000000000e+00 8.101965838058037273e-01 7.332121111929306156e-01 7.698447261287311161e-02 1.614694612295197174e-01 2.438803605307151012e-01 2.267955025347259401e-01
1.750000000000000000e+00 2.250000000000000000e+00 9.109551733474626767e-01 8.202536193153909805e-01 9.070155403207169620e-02 2.400601714401180697e-01 3.060152196274222858e-01 2.467069749291548042e-01
2.000000000000000000e+00 2.250000000000000000e+00 9.173471537416648669e-01 9.359999999999946141e-01 -1.865284625832974719e-02 3.357796471523346038e-01 3.860562999498796111e-01 2.667923883996015655e-01
-2.000000000000000000e+00 2.500000000000000000e+00 8.730943583426407084e-01 8.416650165000301165e-01 3.142934184261059194e-02 2.390542390627553582e-01 3.131566366193946349e-01 2.536391937806444785e-01
-1.750000000000000000e+00 2.500000000000000000e+00 7.270508375017957770e-01 5.487294415283331395e-01 1.783213959734626375e-01 9.186113439192995778e-02 1.616401470969297260e-01 1.820920011650857262e-01
-1.500000000000000000e+00 2.500000000000000000e+00 4.816774815547998356e-01 2.349808502835915580e-01 2.466966312712082776e-01 3.500047609536498933e-02 6.987111563347607468e-02 9.705880336500374850e-02
-1.250000000000000000e+00 2.500000000000000000e+00 2.689636296039942809e-01 1.544538766104626148e-01 1.145097529935316660e-01 9.073432859837428019e-03 2.341782670281589152e-02 6.163778059048065361e-02
-1.000000000000000000e+00 2.500000000000000000e+00 2.022556106508638651e-01 8.935323161475479392e-02 1.129023790361090712e-01 3.588954788203637877e-03 1.149827882825480395e-02 4.237401318093305530e-02
-7.500000000000000000e-01 2.500000000000000000e+00 1.931895404896828150e-01 0.000000000000000000e+00 1.931895404896828150e-01 1.723910561560512440e-03 6.474286531368443273e-03 2.490082118263240926e-02
-5.000000000000000000e-01 2.500000000000000000e+00 1.542497917981504874e-01 0.000000000000000000e+00 1.542497917981504874e-01 9.471635745733782401e-04 4.227613043361657004e-03 2.510979390368494463e-02
-2.500000000000000000e-01 2.500000000000000000e+00 8.935321192475868812e-02 0.000000000000000000e+00 8.935321192475868812e-02 8.749643123288925600e-04 3.119014317349955590e-03 1.092704286012242607e-02
0.000000000000000000e+00 2.500000000000000000e+00 1.261767728703327429e-01 0.000000000000000000e+00 1.261767728703327429e-01 1.263857112692063104e-03 5.913276770758853738e-03 2.800810195324596880e-02
2.500000000000000000e-01 2.500000000000000000e+00 1.800187429830037988e-01 8.935323161475473841e-02 9.066551136824906043e-02 2.095821326930698107e-03 9.362017126743574225e-03 4.342050786552946462e-02
5.000000000000000000e-01 2.500000000000000000e+00 2.176378352366528379e-01 0.000000000000000000e+00 2.176378352366528379e-01 4.138630128095757005e-03 1.192493625023942350e-02 2.401363445992982237e-02
7.500000000000000000e-01 2.500000000000000000e+00 3.755282147480814570e-01 1.262378707044762016e-01 2.492903440436052553e-01 1.255023546232755284e-02 3.213514644847426105e-02 6.220463240560200613e-02
1.000000000000000000e+00 2.500000000000000000e+00 4.733810950805275586e-01 2.800000000000021361e-01 1.933810950805254225e-01 3.178052354159651566e-02 7.122106029138314254e-02 1.116085224925026931e-01
1.250000000000000000e+00 2.500000000000000000e+00 6.431514407017729917e-01 4.749736834815146413e-01 1.681777572202583504e-01 7.467831589672484227e-02 1.421435382101698952e-01 1.700339358150097235e-01
1.500000000000000000e+00 2.500000000000000000e+00 7.861169916020553927e-01 6.404498419080115745e-01 1.456671496940438182e-01 1.433309138274400651e-01 2.203268255443416590e-01 2.158433378312634987e-01
1.750000000000000000e+00 2.500000000000000000e+00 9.019059130658689805e-01 8.390852161729472902e-01 6.282069689292169024e-02 2.298421126830082206e-01 3.038308778617679340e-01 2.466258594785364355e-01
2.000000000000000000e+00 2.500000000000000000e+00 9.507809357818043372e-01 9.588242800430114565e-01 -8.043344261207119317e-03 3.574705736089289210e-01 4.036629577743853226e-01 2.781055662803438300e-01
-2.000000000000000000e+00 2.750000000000000000e+00 9.226161945053609204e-01 8.750679973579182924e-01 4.754819714744262793e-02 2.650324931445901533e-01 3.304914200629744947e-01 2.545593686104468678e-01
-1.750000000000000000e+00 2.750000000000000000e+00 6.977894883406947635e-01 4.895058733049084676e-01 2.082836150357862959e-01 1.055054814348724973e-01 1.739942237827494520e-01 1.785569596025099182e-01
-1.500000000000000000e+00 2.750000000000000000e+00 5.540855716986492485e-01 3.060980235153452078e-01 2.479875481833040407e-01 4.885461839587068589e-02 9.700626950560282957e-02 1.283035443166795353e-01
-1.250000000000000000e+00 2.750000000000000000e+00 4.585887886318893991e-01 1.262378707044762016e-01 3.323509179274132253e-01 1.726819843757996381e-02 4.263579027087326806e-02 7.698377502017463014e-02
-1.000000000000000000e+00 2.750000000000000000e+00 2.832010070304794014e-01 0.000000000000000000e+00 2.832010070304794014e-01 6.507449698252238367e-03 1.801871587448998502e-02 3.730473938285930324e-02
-7.500000000000000000e-01 2.750000000000000000e+00 2.060995750016663131e-01 0.000000000000000000e+00 2.060995750016663131e-01 2.782659734693218850e-03 1.004886136625352498e-02 3.250055218683400166e-02
-5.000000000000000000e-01 2.750000000000000000e+00 1.335506351538758574e-01 0.000000000000000000e+00 1.335506351538758574e-01 1.837736184960790577e-03 6.101014888764039884e-03 1.684506275076354948e-02
-2.500000000000000000e-01 2.750000000000000000e+00 1.022103804401897631e-01 0.000000000000000000e+00 1.022103804401897631e-01 1.532957012491321068e-03 5.802749208463251276e-03 2.181722426949614033e-02
0.000000000000000000e+00 2.750000000000000000e+00 2.032082595649534473e-01 0.000000000000000000e+00 2.032082595649534473e-01 1.706641520698331952e-03 7.207339868559265415e-03 2.712963652166836340e-02
2.500000000000000000e-01 2.750000000000000000e+00 1.573596630005878461e-01 0.000000000000000000e+00 1.573596630005878461e-01 2.881711665725953438e-03 1.058967604054615770e-02 2.547994754840171919e-02
5.000000000000000000e-01 2.750000000000000000e+00 2.252660555313759361e-01 8.935323161475473841e-02 1.359128239166211838e-01 5.232243429442937077e-03 1.585643201533024765e-02 4.143318007586364871e-02
7.500000000000000000e-01 2.750000000000000000e+00 2.957207790543988080e-01 8.935323161475471065e-02 2.063675474396440834e-01 1.152589673147480856e-02 3.087243300679738331e-02 6.078415521736575677e-02
1.000000000000000000e+00 2.750000000000000000e+00 4.413725056377815203e-01 2.659022376739245686e-01 1.754702679638569518e-01 3.502279442093843287e-02 8.111764673866925235e-02 1.156216801039706282e-01
1.250000000000000000e+00 2.750000000000000000e+00 6.126701817447945952e-01 4.358898943540679971e-01 1.767802873907265981e-01 7.182151403593360628e-02 1.403732816041995957e-01 1.691211408427025498e-01
1.500000000000000000e+00 2.750000000000000000e+00 7.890490423004148379e-01 6.452162428209664569e-01 1.438327994794483811e-01 1.395569500092950499e-01 2.147471012156524639e-01 2.156717855426368846e-01
1.750000000000000000e+00 2.750000000000000000e+00 8.838961814342338741e-01 8.257747876994073755e-01 5.812139373482649862e-02 2.092801585785170615e-01 2.872283990516852903e-01 2.478482983084968339e-01
2.000000000000000000e+00 2.750000000000000000e+00 9.311567380564852447e-01 9.576304088739021614e-01 -2.647367081741691663e-02 3.501322270758248645e-01 3.944137482026171537e-01 2.731518732817889150e-01
-2.000000000000000000e+00 3.000000000000000000e+00 8.996347355131379953e-01 8.794452797076157680e-01 2.018945580552222729e-02 2.763622388960690346e-01 3.397351853291371571e-01 2.623860581695238170e-01
-1.750000000000000000e+00 3.000000000000000000e+00 7.878777089272522849e-01 6.636987268331899781e-01 1.241789820940623068e-01 1.432650544117185787e-01 2.180948317563152494e-01 2.121075650096189980e-01
-1.500000000000000000e+00 3.000000000000000000e+00 5.940976611173451882e-01 4.275324549083956427e-01 1.665652062089495455e-01 6.282347824497409861e-02 1.238935709051092460e-01 1.612838752578159007e-01
-1.250000000000000000e+00 3.000000000000000000e+00 4.026508389101840502e-01 1.262378707044761739e-01 2.764129682057078763e-01 2.669104877719958441e-02 5.791791092804095265e-02 8.318819925982097463e-02
-1.000000000000000000e+00 3.000000000000000000e+00 3.789259768466023970e-01 1.262378707044762294e-01 2.526881061421261676e-01 1.084147567295713245e-02 2.789691741469104563e-02 5.947028785945642632e-02
-7.500000000000000000e-01 3.000000000000000000e+00 2.113231450831183356e-01 8.935323161475475229e-02 1.219699134683635833e-01 6.009387978067384610e-03 1.947091669603424891e-02 4.896630963303219564e-02
-5.000000000000000000e-01 3.000000000000000000e+00 1.612345144056655522e-01 8.935323161475475229e-02 7.188128279091079986e-02 3.919409071916389077e-03 1.304924031293320033e-02 4.090509877470001332e-02
-2.500000000000000000e-01 3.000000000000000000e+00 1.963544882034681527e-01 8.935323161475475229e-02 1.070012565887134004e-01 2.731090456434541458e-03 9.882787847547227361e-03 3.781366621666098354e-02
0.000000000000000000e+00 3.000000000000000000e+00 1.418976003024967347e-01 0.000000000000000000e+00 1.418976003024967347e-01 3.047227426018398518e-03 1.065004643285730190e-02 2.974185662131465305e-02
2.500000000000000000e-01 3.000000000000000000e+00 1.740139484979321138e-01 8.935323161475475229e-02 8.466071688317736155e-02 4.308667529341149438e-03 1.500042960791112163e-02 4.548312482692165593e-02
5.000000000000000000e-01 3.000000000000000000e+00 3.077402125398229216e-01 1.262378707044760351e-01 1.815023418353468865e-01 7.496749993994793193e-03 2.362906873975998898e-02 5.838583779971229237e-02
7.500000000000000000e-01 3.000000000000000000e+00 4.201070734100457726e-01 1.781684596105608254e-01 2.419386137994849473e-01 1.690322642711100318e-02 4.707823386273591454e-02 8.817969939627111342e-02
1.000000000000000000e+00 3.000000000000000000e+00 5.244189394905131030e-01 2.509501942617307080e-01 2.734687452287823950e-01 3.921184750470249614e-02 8.637920946309843306e-02 1.216605912450738347e-01
1.250000000000000000e+00 3.000000000000000000e+00 6.781672247728585123e-01 4.965641952456921193e-01 1.816030295271663930e-01 8.656330732065278810e-02 1.633209587244972560e-01 1.822058431341310458e-01
1.500000000000000000e+00 3.000000000000000000e+00 8.030435871683284654e-01 6.636987268331905332e-01 1.393448603351379322e-01 1.362199791214322164e-01 2.206820930840636408e-01 2.202350894626895206e-01
1.750000000000000000e+00 3.000000000000000000e+00 8.795451682909248836e-01 8.416650165000307826e-01 3.788015179089410100e-02 2.277978420999173526e-01 3.000313879373220360e-01 2.473662262196201223e-01
2.000000000000000000e+00 3.000000000000000000e+00 9.068142653167602374e-01 9.313989478198906324e-01 -2.458468250313039505e-02 3.121159681537100661e-01 3.688964016175894645e-01 2.719490391637838789e-01
