# position velocity action_std action_loc_std action_std_diff action_mean_p_0 action_p_0_mean action_p_0_std
-2.000000000000000000e+00 -3.000000000000000000e+00 7.850475091653004167e-01 6.452162428209650136e-01 1.398312663443354031e-01 8.907369023195489399e-01 8.055481480216242218e-01 2.211133179446564401e-01
-1.750000000000000000e+00 -3.000000000000000000e+00 6.149276227272861828e-01 4.440540507640947099e-01 1.708735719631914729e-01 9.404144127309896906e-01 8.732178997704234114e-01 1.689738364052094932e-01
-1.500000000000000000e+00 -3.000000000000000000e+00 4.138106396518264618e-01 2.659022376739272886e-01 1.479084019778991732e-01 9.788440297945648627e-01 9.374847072843068840e-01 1.192244825485918314e-01
-1.250000000000000000e+00 -3.000000000000000000e+00 3.247863886521366039e-01 1.544538766104634475e-01 1.703325120416731564e-01 9.911088543212392965e-01 9.682378353458103160e-01 7.793527567777913667e-02
-1.000000000000000000e+00 -3.000000000000000000e+00 2.897641416987308816e-01 8.935323161475476617e-02 2.004109100839761015e-01 9.962788065659468062e-01 9.850941895442411056e-01 4.593195813279226519e-02
-7.500000000000000000e-01 -3.000000000000000000e+00 2.364835902670712198e-01 8.935323161475473841e-02 1.471303586523164952e-01 9.978267934086689772e-01 9.896957767578462573e-01 3.834538505615097542e-02
-5.000000000000000000e-01 -3.000000000000000000e+00 1.777136934602970841e-01 1.262378707044761461e-01 5.147582275582093803e-02 9.983580099220745740e-01 9.889695132025521085e-01 5.067388159763687450e-02
-2.500000000000000000e-01 -3.000000000000000000e+00 1.261863933820594474e-01 1.262378707044760628e-01 -5.147732241661540087e-05 9.983013627192248718e-01 9.909641225441730983e-01 4.334599943893396867e-02
0.000000000000000000e+00 -3.000000000000000000e+00 2.378828982020643745e-01 8.935323161475472453e-02 1.485296665873096500e-01 9.977290106949807669e-01 9.904006729908478857e-01 3.964758561347894728e-02
2.500000000000000000e-01 -3.000000000000000000e+00 2.702456073984173535e-01 1.262378707044762294e-01 1.440077366939411241e-01 9.953576606610553545e-01 9.839221659966276290e-01 6.035785388319784422e-02
5.000000000000000000e-01 -3.000000000000000000e+00 3.228745558242209213e-01 8.935323161475478004e-02 2.335213242094661412e-01 9.901007941257784495e-01 9.739872126275062048e-01 5.354592813634135445e-02
7.500000000000000000e-01 -3.000000000000000000e+00 4.691064229678665320e-01 1.989974874213253364e-01 2.701089355465411956e-01 9.755982059654965122e-01 9.376487608700559973e-01 1.038679416466451594e-01
1.000000000000000000e+00 -3.000000000000000000e+00 6.364901999801496624e-01 4.358898943540687743e-01 2.006003056260808881e-01 9.327346042683732907e-01 8.637580535796559600e-01 1.721255433397994306e-01
1.250000000000000000e+00 -3.000000000000000000e+00 7.881203389980233620e-01 7.405511461067365575e-01 4.756919289128680450e-02 8.425410334872555085e-01 7.589654033688552071e-01 2.384391748639504427e-01
1.500000000000000000e+00 -3.000000000000000000e+00 9.492422879696829074e-01 9.446777228240341717e-01 4.564565145648735722e-03 6.787113387381680241e-01 6.171283869504539110e-01 2.881235266810586171e-01
1.750000000000000000e+00 -3.000000000000000000e+00 9.587791833611487569e-01 9.857869952479590969e-01 -2.700781188681034006e-02 5.860898505684655202e-01 5.593454975326236367e-01 2.936787618532421540e-01
2.000000000000000000e+00 -3.000000000000000000e+00 9.675923109579601666e-01 9.984307687566553735e-01 -3.083845779869520687e-02 4.801294675723229988e-01 4.853859622968433318e-01 2.932577297207303868e-01
-2.000000000000000000e+00 -2.750000000000000000e+00 6.963972265615350210e-01 5.425863986500194525e-01 1.538108279115155685e-01 9.169708370911960893e-01 8.346372561953540048e-01 1.950055712118134443e-01
-1.750000000000000000e+00 -2.750000000000000000e+00 5.871789722180269511e-01 4.358898943540683857e-01 1.512890778639585654e-01 9.604110661174792840e-01 8.978393749354480757e-01 1.574354641679318600e-01
-1.500000000000000000e+00 -2.750000000000000000e+00 3.483538163329102377e-01 1.781684596105611307e-01 1.701853567223491071e-01 9.867592374968877644e-01 9.580057521869816961e-01 8.985832978996562137e-02
-1.250000000000000000e+00 -2.750000000000000000e+00 3.075806877380654614e-01 1.262378707044761461e-01 1.813428170335893153e-01 9.947994638764924291e-01 9.799628928663944860e-01 5.990628748625312361e-02
-1.000000000000000000e+00 -2.750000000000000000e+00 1.740180319432447220e-01 8.935323161475478004e-02 8.466480032848994197e-02 9.982921743520154489e-01 9.918904675877606714e-01 3.323199672317356246e-02
-7.500000000000000000e-01 -2.750000000000000000e+00 1.465211700592201072e-01 0.000000000000000000e+00 1.465211700592201072e-01 9.990615452494876481e-01 9.949191958691877558e-01 2.208099732383052294e-02
-5.000000000000000000e-01 -2.750000000000000000e+00 1.052623503922495984e-01 0.000000000000000000e+00 1.052623503922495984e-01 9.994859472127559652e-01 9.978741953600872572e-01 1.592754305471075563e-02
-2.500000000000000000e-01 -2.750000000000000000e+00 8.910315994527934214e-02 8.935323161475479392e-02 -2.500716694754517855e-04 9.993775263267469233e-01 9.966655400779195206e-01 2.729984207973651725e-02
0.000000000000000000e+00 -2.750000000000000000e+00 1.259265739176491650e-01 8.935323161475475229e-02 3.657334230289441268e-02 9.991164467402446903e-01 9.954171464350277665e-01 3.084051632947424487e-02
2.500000000000000000e-01 -2.750000000000000000e+00 1.647043951842212806e-01 0.000000000000000000e+00 1.647043951842212806e-01 9.978811540973421268e-01 9.914131516305063618e-01 3.408067867310821814e-02
5.000000000000000000e-01 -2.750000000000000000e+00 2.132422446139507766e-01 0.000000000000000000e+00 2.132422446139507766e-01 9.946962446315318340e-01 9.849219064591920869e-01 3.689855576412424260e-02
7.500000000000000000e-01 -2.750000000000000000e+00 4.063920712647917655e-01 1.262378707044762016e-01 2.801542005603155916e-01 9.818056586076202574e-01 9.529038586025732060e-01 7.797308092356970699e-02
1.000000000000000000e+00 -2.750000000000000000e+00 5.989501089590356653e-01 2.933666647729432642e-01 3.055834441860924011e-01 9.466880972813506157e-01 8.908842591144430223e-01 1.388468845534309992e-01
1.250000000000000000e+00 -2.750000000000000000e+00 7.947199869989947096e-01 6.769815359372783892e-01 1.177384510617163205e-01 8.743816664216605972e-01 7.857223357445799472e-01 2.265109758760910363e-01
1.500000000000000000e+00 -2.750000000000000000e+00 9.116461231550100353e-01 9.329523031752520179e-01 -2.130618002024198265e-02 7.157761535047031387e-01 6.413771093222946362e-01 2.847251502337432294e-01
1.750000000000000000e+00 -2.750000000000000000e+00 9.608894978726231217e-01 9.941508939793780586e-01 -3.326139610675493685e-02 5.659054556172465889e-01 5.435599212000964409e-01 2.936261151447061568e-01
2.000000000000000000e+00 -2.750000000000000000e+00 9.574915555643568332e-01 9.850969495435466516e-01 -2.760539397918981841e-02 4.107739187906659373e-01 4.389814420911894999e-01 2.954379023193913767e-01
-2.000000000000000000e+00 -2.500000000000000000e+00 6.647306835599582353e-01 4.520353968440969927e-01 2.126952867158612426e-01 9.286805739682741923e-01 8.570259715706874948e-01 1.746254999723482471e-01
-1.750000000000000000e+00 -2.500000000000000000e+00 5.465165906407124519e-01 1.781684596105612695e-01 3.683481310301511824e-01 9.739130521532491924e-01 9.350820810323355881e-01 1.036090734354357251e-01
-1.500000000000000000e+00 -2.500000000000000000e+00 2.334800618750043077e-01 1.262378707044761739e-01 1.072421911705281339e-01 9.912307989275448428e-01 9.699530511005417521e-01 7.002978076182984901e-02
-1.250000000000000000e+00 -2.500000000000000000e+00 1.949264562365445874e-01 0.000000000000000000e+00 1.949264562365445874e-01 9.973013549273965772e-01 9.890794635073661967e-01 3.307104788209348778e-02
-1.000000000000000000e+00 -2.500000000000000000e+00 1.543825374362795266e-01 8.935323161475475229e-02 6.502930582152477434e-02 9.990230328181163300e-01 9.932908500337659374e-01 3.662794001321056231e-02
-7.500000000000000000e-01 -2.500000000000000000e+00 8.935396238113528511e-02 0.000000000000000000e+00 8.935396238113528511e-02 9.995856587581515296e-01 9.973805420884730433e-01 2.103504327932177037e-02
-5.000000000000000000e-01 -2.500000000000000000e+00 1.752594672022844326e-07 0.000000000000000000e+00 1.752594672022844326e-07 9.997164563169785856e-01 9.975592891950112451e-01 1.279542322184848945e-02
-2.500000000000000000e-01 -2.500000000000000000e+00 1.544538369044612391e-01 1.262378707044762016e-01 2.821596619998503752e-02 9.997186541138597393e-01 9.958836479356553140e-01 4.759758368618979135e-02
0.000000000000000000e+00 -2.500000000000000000e+00 2.453485982971501979e-03 0.000000000000000000e+00 2.453485982971501979e-03 9.995245481910622898e-01 9.976900126261942781e-01 1.260976860547971014e-02
2.500000000000000000e-01 -2.500000000000000000e+00 1.295150831346490172e-01 0.000000000000000000e+00 1.295150831346490172e-01 9.988779068590910581e-01 9.967046277061931692e-01 8.913751707537831415e-03
5.000000000000000000e-01 -2.500000000000000000e+00 2.177525801717669351e-01 8.935323161475471065e-02 1.283993485570122384e-01 9.965914613802313582e-01 9.890492372768311391e-01 4.028310654070804686e-02
7.500000000000000000e-01 -2.500000000000000000e+00 3.307302520650126088e-01 8.935323161475479392e-02 2.413770204502578287e-01 9.892645471531922308e-01 9.713235574623017010e-01 5.525783169524675631e-02
1.000000000000000000e+00 -2.500000000000000000e+00 5.634729370135864723e-01 2.349808502835914470e-01 3.284920867299950253e-01 9.589460329545532735e-01 9.113679259002612776e-01 1.177645059182794579e-01
1.250000000000000000e+00 -2.500000000000000000e+00 7.899388579399692079e-01 6.855771291401122625e-01 1.043617287998569454e-01 8.780017196772341714e-01 7.889797968342822099e-01 2.154146327549104345e-01
1.500000000000000000e+00 -2.500000000000000000e+00 9.135716059881594520e-01 8.837284650841613631e-01 2.984314090399808883e-02 7.546481313023400972e-01 6.741235616633565186e-01 2.751380632591413078e-01
1.750000000000000000e+00 -2.500000000000000000e+00 9.714313908103242579e-01 9.999919999679972582e-01 -2.856060915767300035e-02 4.954179804066716764e-01 4.983814158729218402e-01 2.927797110692471061e-01
2.000000000000000000e+00 -2.500000000000000000e+00 9.598837754950022561e-01 9.745891442038506769e-01 -1.470536870884842084e-02 3.904966074887608052e-01 4.256876458067299640e-01 2.894997242059276776e-01
-2.000000000000000000e+00 -2.250000000000000000e+00 5.716292370213688079e-01 4.358898943540692184e-01 1.357393426672995895e-01 9.486425479505686820e-01 8.816466357019719924e-01 1.728550501359485680e-01
-1.750000000000000000e+00 -2.250000000000000000e+00 3.876813966811421541e-01 1.262378707044761739e-01 2.614435259766659803e-01 9.821650056945073759e-01 9.510317540802420977e-01 8.440631510558369022e-02
-1.500000000000000000e+00 -2.250000000000000000e+00 1.920652901040998117e-01 8.935323161475473841e-02 1.027120584893450733e-01 9.953569217754421050e-01 9.848918663983645683e-01 4.149477064868212911e-02
-1.250000000000000000e+00 -2.250000000000000000e+00 1.714338135462873669e-01 0.000000000000000000e+00 1.714338135462873669e-01 9.984971969723342999e-01 9.950756671848730583e-01 1.168509586777220777e-02
-1.000000000000000000e+00 -2.250000000000000000e+00 1.544755092610189673e-01 0.000000000000000000e+00 1.544755092610189673e-01 9.994214394093305920e-01 9.965193676960195646e-01 2.034205416725323040e-02
-7.500000000000000000e-01 -2.250000000000000000e+00 8.927197927531410615e-02 0.000000000000000000e+00 8.927197927531410615e-02 9.997589561840215522e-01 9.981709727559774370e-01 9.837823752983055128e-03
-5.000000000000000000e-01 -2.250000000000000000e+00 8.935311098287346265e-02 0.000000000000000000e+00 8.935311098287346265e-02 9.998272555622780278e-01 9.984878263969849677e-01 8.153725454913010595e-03
-2.500000000000000000e-01 -2.250000000000000000e+00 4.293329371650833931e-07 0.000000000000000000e+00 4.293329371650833931e-07 9.998335276546779227e-01 9.989411807826007461e-01 7.042036706624923287e-03
0.000000000000000000e+00 -2.250000000000000000e+00 4.092716354088086345e-02 0.000000000000000000e+00 4.092716354088086345e-02 9.997096675188263948e-01 9.990580839811971092e-01 2.755828843435053233e-03
2.500000000000000000e-01 -2.250000000000000000e+00 5.300109103781492845e-03 0.000000000000000000e+00 5.300109103781492845e-03 9.992443877545409414e-01 9.977361643905342525e-01 7.970389526243419967e-03
5.000000000000000000e-01 -2.250000000000000000e+00 1.237904174952532965e-01 0.000000000000000000e+00 1.237904174952532965e-01 9.977048709686685557e-01 9.923293031378553897e-01 2.441449895274374476e-02
7.500000000000000000e-01 -2.250000000000000000e+00 3.367767466642665464e-01 0.000000000000000000e+00 3.367767466642665464e-01 9.896531120936880033e-01 9.738067275935503586e-01 4.536134907363114505e-02
1.000000000000000000e+00 -2.250000000000000000e+00 4.843679067074657674e-01 2.177705214210591267e-01 2.665973852864066407e-01 9.615665638543036131e-01 9.124728363879954784e-01 1.167121477027129456e-01
1.250000000000000000e+00 -2.250000000000000000e+00 7.644721235959613947e-01 6.404498419080133509e-01 1.240222816879480439e-01 8.822441231587105914e-01 7.959111529372383531e-01 2.120042581575027063e-01
1.500000000000000000e+00 -2.250000000000000000e+00 9.201694467176150249e-01 9.199652167337627473e-01 2.042299838522776412e-04 7.031657359082589265e-01 6.329685111951248722e-01 2.843120322813562639e-01
1.750000000000000000e+00 -2.250000000000000000e+00 9.688455436330043469e-01 9.996079231378686147e-01 -3.076237950486426787e-02 5.033489498467218493e-01 5.005359461480667349e-01 3.025692400642191471e-01
2.000000000000000000e+00 -2.250000000000000000e+00 9.372143325445467799e-01 9.666767815562787858e-01 -2.946244901173200592e-02 3.675926297002315435e-01 4.138316599559588860e-01 2.767609904014738387e-01
-2.000000000000000000e+00 -2.000000000000000000e+00 5.370591454450072133e-01 2.933666647729433197e-01 2.436924806720638936e-01 9.657260651756576220e-01 9.163764316561283652e-01 1.244036604705338195e-01
-1.750000000000000000e+00 -2.000000000000000000e+00 3.191613473748641794e-01 1.262378707044762016e-01 1.929234766703879778e-01 9.871195552765043013e-01 9.646152343407083940e-01 6.554583652793266602e-02
-1.500000000000000000e+00 -2.000000000000000000e+00 2.149590803839615538e-01 0.000000000000000000e+00 2.149590803839615538e-01 9.965112823216892846e-01 9.882636861818310248e-01 3.423508878681968265e-02
-1.250000000000000000e+00 -2.000000000000000000e+00 1.262485787986671881e-01 8.935323161475478004e-02 3.689534718391240808e-02 9.991208745456818807e-01 9.949099880734113555e-01 3.272203653257685363e-02
-1.000000000000000000e+00 -2.000000000000000000e+00 1.662557587273005507e-04 0.000000000000000000e+00 1.662557587273005507e-04 9.996965407128205472e-01 9.983868441462814269e-01 1.317423788789901136e-02
-7.500000000000000000e-01 -2.000000000000000000e+00 1.935829577147008277e-07 0.000000000000000000e+00 1.935829577147008277e-07 9.998533156172615399e-01 9.991329957398563666e-01 4.963670504663162709e-03
-5.000000000000000000e-01 -2.000000000000000000e+00 2.329948459194735092e-09 0.000000000000000000e+00 2.329948459194735092e-09 9.999031479136063494e-01 9.995699832987235967e-01 2.205268813182988206e-03
-2.500000000000000000e-01 -2.000000000000000000e+00 1.031437756222374012e-04 0.000000000000000000e+00 1.031437756222374012e-04 9.998833948934265914e-01 9.996074910291087301e-01 1.304961336448426075e-03
0.000000000000000000e+00 -2.000000000000000000e+00 2.955734205046557224e-08 0.000000000000000000e+00 2.955734205046557224e-08 9.997884944813832941e-01 9.985202094397797046e-01 1.836880376421522187e-02
2.500000000000000000e-01 -2.000000000000000000e+00 9.803745948931837095e-02 8.935323161475473841e-02 8.684227874563632543e-03 9.993737145052394855e-01 9.976055202558747892e-01 2.247480240238567892e-02
5.000000000000000000e-01 -2.000000000000000000e+00 1.382483567661486890e-01 0.000000000000000000e+00 1.382483567661486890e-01 9.977910013290707258e-01 9.939726199795464456e-01 1.848361957571177661e-02
7.500000000000000000e-01 -2.000000000000000000e+00 2.474962702981401141e-01 0.000000000000000000e+00 2.474962702981401141e-01 9.899894138813458699e-01 9.755773581278988082e-01 4.384680259684196890e-02
1.000000000000000000e+00 -2.000000000000000000e+00 5.758911756962138417e-01 2.800000000000002487e-01 2.958911756962135930e-01 9.569394754769290357e-01 9.086917391401738708e-01 1.222288333132915128e-01
1.250000000000000000e+00 -2.000000000000000000e+00 8.055611412095230461e-01 6.681796165702773571e-01 1.373815246392456890e-01 8.686836805725615118e-01 7.901169111755859120e-01 2.142673349116654413e-01
1.500000000000000000e+00 -2.000000000000000000e+00 9.227236573971672184e-01 9.056621886774320895e-01 1.706146871973512891e-02 7.114398496487598367e-01 6.438980228096777836e-01 2.633609448949303933e-01
1.750000000000000000e+00 -2.000000000000000000e+00 9.615912504535181204e-01 9.988473356824821847e-01 -3.725608522896406427e-02 4.750282398449163224e-01 4.826059711941068642e-01 2.918354822424181760e-01
2.000000000000000000e+00 -2.000000000000000000e+00 9.371012639577148695e-01 9.446777228240340607e-01 -7.576458866319191188e-03 3.175346950887242836e-01 3.801615076007561211e-01 2.889155941862817656e-01
-2.000000000000000000e+00 -1.750000000000000000e+00 4.645159535457032973e-01 1.781684596105609364e-01 2.863474939351423609e-01 9.703924074876968398e-01 9.264194766351969701e-01 1.126554914241723465e-01
-1.750000000000000000e+00 -1.750000000000000000e+00 2.887857521397241278e-01 0.000000000000000000e+00 2.887857521397241278e-01 9.900415881484538883e-01 9.718083376125054018e-01 5.829246620236013671e-02
-1.500000000000000000e+00 -1.750000000000000000e+00 2.517103762978274428e-01 0.000000000000000000e+00 2.517103762978274428e-01 9.974447873461678160e-01 9.916630429682621317e-01 2.219942759058421769e-02
-1.250000000000000000e+00 -1.750000000000000000e+00 1.006961640070688779e-01 8.935323161475475229e-02 1.134293239231412564e-02 9.992081732898808744e-01 9.958422259328406634e-01 4.267445848977090284e-02
-1.000000000000000000e+00 -1.750000000000000000e+00 9.876710730840111567e-10 0.000000000000000000e+00 9.876710730840111567e-10 9.997366674797504293e-01 9.988539758787468026e-01 7.481086200963134661e-03
-7.500000000000000000e-01 -1.750000000000000000e+00 9.358706734327755777e-05 0.000000000000000000e+00 9.358706734327755777e-05 9.998922968334853500e-01 9.995942836895777006e-01 1.470666135731728838e-03
-5.000000000000000000e-01 -1.750000000000000000e+00 8.935323148227522494e-02 0.000000000000000000e+00 8.935323148227522494e-02 9.999262002655828763e-01 9.992936284836795302e-01 8.898124757922599992e-03
-2.500000000000000000e-01 -1.750000000000000000e+00 3.102188856668544411e-07 0.000000000000000000e+00 3.102188856668544411e-07 9.999179640690242232e-01 9.997137473848914935e-01 1.342944846051729755e-03
0.000000000000000000e+00 -1.750000000000000000e+00 3.848282155142984166e-07 0.000000000000000000e+00 3.848282155142984166e-07 9.998147233603138506e-01 9.995141814247424650e-01 1.864368119561193122e-03
2.500000000000000000e-01 -1.750000000000000000e+00 8.935323155711223653e-02 0.000000000000000000e+00 8.935323155711223653e-02 9.993914234749045056e-01 9.982375926979600855e-01 4.984221430166459361e-03
5.000000000000000000e-01 -1.750000000000000000e+00 4.286699270046678140e-02 0.000000000000000000e+00 4.286699270046678140e-02 9.977502131652050688e-01 9.949914286747839620e-01 1.241852278702702470e-02
7.500000000000000000e-01 -1.750000000000000000e+00 3.069017693307224404e-01 0.000000000000000000e+00 3.069017693307224404e-01 9.888726851966245235e-01 9.783649313523730129e-01 2.783914887300272673e-02
1.000000000000000000e+00 -1.750000000000000000e+00 5.422927629153075912e-01 2.509501942617310410e-01 2.913425686535765502e-01 9.528256478333988477e-01 9.075788863658587058e-01 1.243678448993415092e-01
1.250000000000000000e+00 -1.750000000000000000e+00 8.279973235752657867e-01 6.545716156388106111e-01 1.734257079364551757e-01 8.481387959606231375e-01 7.728988308857254186e-01 2.098771377600444077e-01
1.500000000000000000e+00 -1.750000000000000000e+00 9.545807641471732996e-01 9.645226798784981570e-01 -9.941915731324857397e-03 6.315777182030385406e-01 5.876528567238037404e-01 2.842414717597153695e-01
1.750000000000000000e+00 -1.750000000000000000e+00 9.724329693152741205e-01 9.999919999679970362e-01 -2.755903065272291563e-02 4.674606069555271581e-01 4.811813249205471599e-01 2.981029371110874293e-01
2.000000000000000000e+00 -1.750000000000000000e+00 9.291598702639898288e-01 9.182505104817560992e-01 1.090935978223372960e-02 2.852059088167786527e-01 3.532953100710231054e-01 2.847529209945978135e-01
-2.000000000000000000e+00 -1.500000000000000000e+00 4.707292609841344233e-01 2.177705214210595708e-01 2.529587395630748525e-01 9.774761916954282093e-01 9.430597942484617580e-01 1.018026951432879773e-01
-1.750000000000000000e+00 -1.500000000000000000e+00 3.045403402890868860e-01 0.000000000000000000e+00 3.045403402890868860e-01 9.919708746822045731e-01 9.783568556985426934e-01 3.900102476255076084e-02
-1.500000000000000000e+00 -1.500000000000000000e+00 1.199809056614930536e-01 0.000000000000000000e+00 1.199809056614930536e-01 9.974932137705737611e-01 9.922393834078173658e-01 2.049753576998084026e-02
-1.250000000000000000e+00 -1.500000000000000000e+00 8.931656901949332206e-02 0.000000000000000000e+00 8.931656901949332206e-02 9.993379549982035481e-01 9.974781265172418809e-01 9.332069114968226040e-03
-1.000000000000000000e+00 -1.500000000000000000e+00 1.262369269977419994e-01 8.935323161475472453e-02 3.688369538298727490e-02 9.997580708931532723e-01 9.973403283196737856e-01 3.755444038235066645e-02
-7.500000000000000000e-01 -1.500000000000000000e+00 4.105741281981014481e-10 0.000000000000000000e+00 4.105741281981014481e-10 9.998905341072352737e-01 9.995403277038866774e-01 2.004216658981558194e-03
-5.000000000000000000e-01 -1.500000000000000000e+00 1.628038145700501035e-04 0.000000000000000000e+00 1.628038145700501035e-04 9.999129308510559255e-01 9.993623049555356852e-01 7.644280034198066079e-03
-2.500000000000000000e-01 -1.500000000000000000e+00 1.421368760028306460e-03 0.000000000000000000e+00 1.421368760028306460e-03 9.998798979542087295e-01 9.995874684426627743e-01 2.613114584433723787e-03
0.000000000000000000e+00 -1.500000000000000000e+00 8.330620156947760035e-02 0.000000000000000000e+00 8.330620156947760035e-02 9.997376514396587588e-01 9.994473093750861903e-01 1.507375455345918991e-03
2.500000000000000000e-01 -1.500000000000000000e+00 7.407835032202735037e-02 0.000000000000000000e+00 7.407835032202735037e-02 9.992310752291374554e-01 9.984522216217978086e-01 4.308878013546900074e-03
5.000000000000000000e-01 -1.500000000000000000e+00 1.250070124878475408e-01 0.000000000000000000e+00 1.250070124878475408e-01 9.967848282258011672e-01 9.935048885552365538e-01 1.640355522080080841e-02
7.500000000000000000e-01 -1.500000000000000000e+00 2.953383847032517995e-01 8.935323161475478004e-02 2.059851530884970194e-01 9.840360716296289167e-01 9.687373866422589463e-01 4.567931494867766978e-02
1.000000000000000000e+00 -1.500000000000000000e+00 5.881192213046358974e-01 3.060980235153440421e-01 2.820211977892918553e-01 9.396728095631169397e-01 8.897184961167060591e-01 1.304702561277217288e-01
1.250000000000000000e+00 -1.500000000000000000e+00 8.361236292125222569e-01 7.616403350663633054e-01 7.448329414615895150e-02 8.134705143294622687e-01 7.343742839799529687e-01 2.419316531547046623e-01
1.500000000000000000e+00 -1.500000000000000000e+00 9.625286403709198968e-01 9.917741678426553742e-01 -2.924552747173547740e-02 5.803510943085905538e-01 5.539929691704127412e-01 2.857169643387321156e-01
1.750000000000000000e+00 -1.500000000000000000e+00 9.473369208521105200e-01 9.697752316903089920e-01 -2.243831083819847194e-02 3.729994524629355879e-01 4.134469944608952230e-01 2.845772654766123844e-01
2.000000000000000000e+00 -1.500000000000000000e+00 9.191990459789755041e-01 9.298257901349065158e-01 -1.062674415593101163e-02 2.894936684741486466e-01 3.554707523040168127e-01 2.858562005635490455e-01
-2.000000000000000000e+00 -1.250000000000000000e+00 3.960226282010314569e-01 1.544538766104629757e-01 2.415687515905684812e-01 9.802481001325827892e-01 9.519249168972615527e-01 8.187576146211274219e-02
-1.750000000000000000e+00 -1.250000000000000000e+00 2.725881045682005399e-01 0.000000000000000000e+00 2.725881045682005399e-01 9.927501819937240013e-01 9.797104697791202410e-01 4.373025895630684723e-02
-1.500000000000000000e+00 -1.250000000000000000e+00 8.953637228440966545e-02 0.000000000000000000e+00 8.953637228440966545e-02 9.978184832060652543e-01 9.945237449147080744e-01 1.163644910204499582e-02
-1.250000000000000000e+00 -1.250000000000000000e+00 9.758483035524963294e-07 0.000000000000000000e+00 9.758483035524963294e-07 9.993183770234365104e-01 9.984902893459843831e-01 3.039285041927616837e-03
-1.000000000000000000e+00 -1.250000000000000000e+00 5.484065627979309602e-04 0.000000000000000000e+00 5.484065627979309602e-04 9.997127023378784560e-01 9.989995118734331658e-01 5.767619158502790624e-03
-7.500000000000000000e-01 -1.250000000000000000e+00 3.127619826933981039e-07 0.000000000000000000e+00 3.127619826933981039e-07 9.998383307942697584e-01 9.992399412104853162e-01 3.992724605974946883e-03
-5.000000000000000000e-01 -1.250000000000000000e+00 1.208848066865676901e-09 0.000000000000000000e+00 1.208848066865676901e-09 9.998586736509121886e-01 9.996216970654568934e-01 9.043344425699900062e-04
-2.500000000000000000e-01 -1.250000000000000000e+00 4.163847317036886847e-10 0.000000000000000000e+00 4.163847317036886847e-10 9.998019466972081215e-01 9.995489757800896102e-01 1.710019755980354177e-03
0.000000000000000000e+00 -1.250000000000000000e+00 1.248060593029367560e-01 0.000000000000000000e+00 1.248060593029367560e-01 9.995671212801474637e-01 9.991530977347814479e-01 2.935857461069443092e-03
2.500000000000000000e-01 -1.250000000000000000e+00 1.851557000929597551e-06 0.000000000000000000e+00 1.851557000929597551e-06 9.985184768812785938e-01 9.975601909326387018e-01 3.736093635325803478e-03
5.000000000000000000e-01 -1.250000000000000000e+00 1.885175833184406791e-01 0.000000000000000000e+00 1.885175833184406791e-01 9.941473345041467180e-01 9.893050910777967388e-01 1.435341823658631277e-02
7.500000000000000000e-01 -1.250000000000000000e+00 3.726126222478675643e-01 8.935323161475472453e-02 2.832593906331128397e-01 9.742989379215408752e-01 9.553848017888310062e-01 5.342998487106340871e-02
1.000000000000000000e+00 -1.250000000000000000e+00 7.129387624566795312e-01 3.919183588453079015e-01 3.210204036113716297e-01 9.031790033574179644e-01 8.521792103086699433e-01 1.424076885704227691e-01
1.250000000000000000e+00 -1.250000000000000000e+00 9.090369869292834748e-01 8.492443700137179974e-01 5.979261691556547742e-02 7.525759162727576612e-01 6.847383820185003467e-01 2.439215997035710792e-01
1.500000000000000000e+00 -1.250000000000000000e+00 9.583632886221474800e-01 9.829262434180943142e-01 -2.456295479594683417e-02 5.714026938174872061e-01 5.517218432479836787e-01 2.795018670090931856e-01
1.750000000000000000e+00 -1.250000000000000000e+00 9.339740208762968843e-01 9.576304088739018283e-01 -2.365638799760494404e-02 3.545640795020845726e-01 3.978334519905004640e-01 2.850694755604183395e-01
2.000000000000000000e+00 -1.250000000000000000e+00 9.317133426924142370e-01 9.018736053350305815e-01 2.983973735738365551e-02 2.869432109256568886e-01 3.566210265424498149e-01 2.849809046998647011e-01
-2.000000000000000000e+00 -1.000000000000000000e+00 4.260065984514261883e-01 1.262378707044762016e-01 2.997687277469499589e-01 9.787186158126406355e-01 9.531389751863043047e-01 7.215554145167391020e-02
-1.750000000000000000e+00 -1.000000000000000000e+00 2.439705744158519873e-01 1.262378707044762294e-01 1.177327037113757580e-01 9.915545561844287814e-01 9.772542657205347538e-01 5.701312668057881977e-02
-1.500000000000000000e+00 -1.000000000000000000e+00 1.928902580521417720e-01 0.000000000000000000e+00 1.928902580521417720e-01 9.965809455656032823e-01 9.895023125800503916e-01 3.184217744709427061e-02
-1.250000000000000000e+00 -1.000000000000000000e+00 1.141016013212553665e-01 0.000000000000000000e+00 1.141016013212553665e-01 9.988569537136722243e-01 9.968300211682097345e-01 1.042498500414984139e-02
-1.000000000000000000e+00 -1.000000000000000000e+00 1.348643958339724536e-04 0.000000000000000000e+00 1.348643958339724536e-04 9.994622879199765997e-01 9.985885837101956541e-01 4.044979261774678952e-03
-7.500000000000000000e-01 -1.000000000000000000e+00 4.690257021713496998e-06 0.000000000000000000e+00 4.690257021713496998e-06 9.996682094364081061e-01 9.992241473538979735e-01 2.545684687797050098e-03
-5.000000000000000000e-01 -1.000000000000000000e+00 2.292205222356741637e-02 0.000000000000000000e+00 2.292205222356741637e-02 9.996766862424404376e-01 9.992808263576172800e-01 2.212351393175381997e-03
-2.500000000000000000e-01 -1.000000000000000000e+00 2.243896782842471835e-03 0.000000000000000000e+00 2.243896782842471835e-03 9.995010189234445619e-01 9.990674477322077918e-01 2.545034647457354061e-03
0.000000000000000000e+00 -1.000000000000000000e+00 1.260140434224327199e-01 0.000000000000000000e+00 1.260140434224327199e-01 9.988136567547784006e-01 9.981963816344016083e-01 3.577476825428033223e-03
2.500000000000000000e-01 -1.000000000000000000e+00 1.537002964882862033e-01 0.000000000000000000e+00 1.537002964882862033e-01 9.961181983763258696e-01 9.945620337438371150e-01 5.081148936780038698e-03
5.000000000000000000e-01 -1.000000000000000000e+00 2.055368479209030430e-01 0.000000000000000000e+00 2.055368479209030430e-01 9.863213025188564131e-01 9.787776907979668373e-01 2.403242755076660797e-02
7.500000000000000000e-01 -1.000000000000000000e+00 5.912784249728517683e-01 1.544538766104621985e-01 4.368245483623895975e-01 9.478075462333677148e-01 9.154673288789734187e-01 9.045157872519812847e-02
1.000000000000000000e+00 -1.000000000000000000e+00 8.354349229682266342e-01 6.681796165702779122e-01 1.672553063979487220e-01 8.343301100205464671e-01 7.693532903826826308e-01 1.979742689058540672e-01
1.250000000000000000e+00 -1.000000000000000000e+00 9.333092916410767881e-01 9.313989478198908545e-01 1.910343821185933599e-03 6.919221797549819364e-01 6.337675847457018286e-01 2.622279859470422192e-01
1.500000000000000000e+00 -1.000000000000000000e+00 9.709082174363938833e-01 9.912497162672984086e-01 -2.034149883090452526e-02 4.624626542411847119e-01 4.677066218889878724e-01 2.854070448675462002e-01
1.750000000000000000e+00 -1.000000000000000000e+00 9.454647157476617769e-01 9.634189120003791018e-01 -1.795419625271732489e-02 3.728687726125715640e-01 4.101914949555071077e-01 2.846157629525334354e-01
2.000000000000000000e+00 -1.000000000000000000e+00 8.879853811203599623e-01 8.794452797076161010e-01 8.540101412743861253e-03 2.418663318737972467e-01 3.226666967414697496e-01 2.793867502361080390e-01
-2.000000000000000000e+00 -7.500000000000000000e-01 4.808246062148280875e-01 1.989974874213243372e-01 2.818271187935037503e-01 9.744415665232355472e-01 9.405258096840861670e-01 9.423027088329263834e-02
-1.750000000000000000e+00 -7.500000000000000000e-01 3.781512060672471698e-01 8.935323161475478004e-02 2.887979744524923897e-01 9.860114501707559764e-01 9.700396231620493914e-01 5.033039014938453515e-02
-1.500000000000000000e+00 -7.500000000000000000e-01 2.091701560762979084e-01 0.000000000000000000e+00 2.091701560762979084e-01 9.931383568936724693e-01 9.847280446913383445e-01 3.370713766775407239e-02
-1.250000000000000000e+00 -7.500000000000000000e-01 1.716343480485694184e-01 0.000000000000000000e+00 1.716343480485694184e-01 9.969086246806625473e-01 9.926784032184944317e-01 2.100640120814311479e-02
-1.000000000000000000e+00 -7.500000000000000000e-01 1.262368661620317245e-01 0.000000000000000000e+00 1.262368661620317245e-01 9.982270496159141304e-01 9.966513077870633452e-01 8.345490662009562299e-03
-7.500000000000000000e-01 -7.500000000000000000e-01 5.794940428022035683e-02 0.000000000000000000e+00 5.794940428022035683e-02 9.987598971879723120e-01 9.979374656241829511e-01 3.771519319549324154e-03
-5.000000000000000000e-01 -7.500000000000000000e-01 1.233703938941720230e-01 0.000000000000000000e+00 1.233703938941720230e-01 9.985953503767056594e-01 9.980386965464558280e-01 2.481255268344615978e-03
-2.500000000000000000e-01 -7.500000000000000000e-01 8.935321636442619675e-02 8.935323161475473841e-02 -1.525032854166052942e-08 9.977966970934396551e-01 9.958887084167821202e-01 2.837362399411729602e-02
0.000000000000000000e+00 -7.500000000000000000e-01 1.103089560164286775e-01 0.000000000000000000e+00 1.103089560164286775e-01 9.950854718649062569e-01 9.935885208487093001e-01 8.389466607614448276e-03
2.500000000000000000e-01 -7.500000000000000000e-01 1.973178966165112236e-01 0.000000000000000000e+00 1.973178966165112236e-01 9.855092826654098248e-01 9.809920524230648642e-01 1.534056302652957345e-02
5.000000000000000000e-01 -7.500000000000000000e-01 5.138383118932700055e-01 0.000000000000000000e+00 5.138383118932700055e-01 9.550426216643664867e-01 9.357173917391591322e-01 5.892372770255753511e-02
7.500000000000000000e-01 -7.500000000000000000e-01 7.070297444583059088e-01 3.519999999999969820e-01 3.550297444583089268e-01 8.731050288815336291e-01 8.288788104357889264e-01 1.374836901510254894e-01
1.000000000000000000e+00 -7.500000000000000000e-01 9.169924970049988522e-01 8.837284650841609190e-01 3.326403192083793314e-02 7.159246064229607409e-01 6.631816341194776143e-01 2.312192709727187434e-01
1.250000000000000000e+00 -7.500000000000000000e-01 9.690343504607498160e-01 9.986470848102442233e-01 -2.961273434949440730e-02 5.424578361347813793e-01 5.277508975141698144e-01 2.696540998189595473e-01
1.500000000000000000e+00 -7.500000000000000000e-01 9.591176486072023888e-01 9.772696659571534772e-01 -1.815201734995108840e-02 3.982468968720927482e-01 4.266178523270292566e-01 2.853935136646734150e-01
1.750000000000000000e+00 -7.500000000000000000e-01 9.185434464165876944e-01 8.999466650863285899e-01 1.859678133025910451e-02 2.933095066635459380e-01 3.535335065042521929e-01 2.701090277003506124e-01
2.000000000000000000e+00 -7.500000000000000000e-01 8.999129864211673491e-01 8.772684879784515832e-01 2.264449844271576584e-02 2.443134722464916087e-01 3.197792953452630038e-01 2.678225657303843210e-01
-2.000000000000000000e+00 -5.000000000000000000e-01 5.508572483793574559e-01 2.800000000000000266e-01 2.708572483793574293e-01 9.441663116247173138e-01 8.996813488020015681e-01 1.212636668217400571e-01
-1.750000000000000000e+00 -5.000000000000000000e-01 4.512633944804348429e-01 1.544538766104623373e-01 2.968095178699725056e-01 9.681464271975477320e-01 9.424387258779187704e-01 7.848780292766260880e-02
-1.500000000000000000e+00 -5.000000000000000000e-01 4.141567145039700137e-01 8.935323161475475229e-02 3.248034828892152337e-01 9.785236877569326586e-01 9.609267161519540190e-01 6.531273605211579403e-02
-1.250000000000000000e+00 -5.000000000000000000e-01 2.719982915253559841e-01 8.935323161475478004e-02 1.826450599106012040e-01 9.874777505702576619e-01 9.803854801736958668e-01 4.259938674648113682e-02
-1.000000000000000000e+00 -5.000000000000000000e-01 1.094412529150994018e-01 0.000000000000000000e+00 1.094412529150994018e-01 9.908098431665534056e-01 9.868624153372761443e-01 2.043742518982340911e-02
-7.500000000000000000e-01 -5.000000000000000000e-01 1.448592578623315585e-01 0.000000000000000000e+00 1.448592578623315585e-01 9.915253357135529466e-01 9.891586029900918398e-01 1.057989607499135350e-02
-5.000000000000000000e-01 -5.000000000000000000e-01 1.551118032961061044e-01 0.000000000000000000e+00 1.551118032961061044e-01 9.899796408193621833e-01 9.878433186432059587e-01 1.191968984787892226e-02
-2.500000000000000000e-01 -5.000000000000000000e-01 2.204898961875970953e-01 0.000000000000000000e+00 2.204898961875970953e-01 9.827780359184262737e-01 9.801558656074554898e-01 1.253750838747775057e-02
0.000000000000000000e+00 -5.000000000000000000e-01 3.561149700069486945e-01 0.000000000000000000e+00 3.561149700069486945e-01 9.656657787178535290e-01 9.593323424686704959e-01 2.813021370486223222e-02
2.500000000000000000e-01 -5.000000000000000000e-01 6.002613665024800760e-01 0.000000000000000000e+00 6.002613665024800760e-01 9.173460055694538928e-01 9.008643718353360752e-01 6.218916665181661863e-02
5.000000000000000000e-01 -5.000000000000000000e-01 8.152388274050685890e-01 4.823111029200992106e-01 3.329277244849693784e-01 8.106428362957300848e-01 7.763783003089055335e-01 1.446190650212071660e-01
7.500000000000000000e-01 -5.000000000000000000e-01 9.204467648676383229e-01 9.165151389911707636e-01 3.931625876467559344e-03 6.566493125070527181e-01 6.228510782615721553e-01 2.140438801560300142e-01
1.000000000000000000e+00 -5.000000000000000000e-01 9.563149637607918363e-01 9.927738916792687718e-01 -3.645892791847693548e-02 4.520114625377156248e-01 4.621540371470365116e-01 2.525056841215438386e-01
1.250000000000000000e+00 -5.000000000000000000e-01 9.479802919709615638e-01 9.298257901349062937e-01 1.815450183605527013e-02 3.447305804690886100e-01 3.848773491699495897e-01 2.663190753263998123e-01
1.500000000000000000e+00 -5.000000000000000000e-01 8.946952441034236037e-01 8.960267853139229910e-01 -1.331541210499387340e-03 2.661287471805922622e-01 3.344958518064699016e-01 2.631498686930446862e-01
1.750000000000000000e+00 -5.000000000000000000e-01 8.934214497425410073e-01 8.858351991200209552e-01 7.586250622520052111e-03 2.523466417644245063e-01 3.249935532808980176e-01 2.648218671498920873e-01
2.000000000000000000e+00 -5.000000000000000000e-01 8.935060797530480770e-01 8.728436286070918593e-01 2.066245114595621768e-02 2.428927667003445146e-01 3.170511500713441566e-01 2.604905301312502863e-01
-2.000000000000000000e+00 -2.500000000000000000e-01 7.764363509967826538e-01 5.999999999999997558e-01 1.764363509967828980e-01 8.560154613147392677e-01 7.959480181837933488e-01 1.943255003729798813e-01
-1.750000000000000000e+00 -2.500000000000000000e-01 7.347295880354989261e-01 4.189701660023063545e-01 3.157594220331925716e-01 8.737137849428984193e-01 8.289194541775769531e-01 1.525604662275936718e-01
-1.500000000000000000e+00 -2.500000000000000000e-01 6.726947455687888322e-01 2.800000000000004152e-01 3.926947455687884170e-01 8.979629308727938852e-01 8.680614877544614583e-01 1.147730862500144777e-01
-1.250000000000000000e+00 -2.500000000000000000e-01 5.276519641557065876e-01 1.262378707044760351e-01 4.014140934512305803e-01 9.090352958771732439e-01 8.905668831531509122e-01 7.718049712930039052e-02
-1.000000000000000000e+00 -2.500000000000000000e-01 5.834628690813057350e-01 1.262378707044760906e-01 4.572249983768296167e-01 9.144102880833284708e-01 9.017594465271997484e-01 6.262647291232080471e-02
-7.500000000000000000e-01 -2.500000000000000000e-01 5.784079185172730231e-01 0.000000000000000000e+00 5.784079185172730231e-01 9.087110965067909385e-01 9.005031048157419171e-01 4.639150144798311753e-02
-5.000000000000000000e-01 -2.500000000000000000e-01 6.095000409281705611e-01 0.000000000000000000e+00 6.095000409281705611e-01 8.825274297209210195e-01 8.739646655591235547e-01 5.196335493109119352e-02
-2.500000000000000000e-01 -2.500000000000000000e-01 7.660404342505866548e-01 0.000000000000000000e+00 7.660404342505866548e-01 8.318437273189356329e-01 8.208095675426260174e-01 7.105493327920965607e-02
0.000000000000000000e+00 -2.500000000000000000e-01 8.708020028642946553e-01 4.189701660023057994e-01 4.518318368619888559e-01 7.292878919839563823e-01 7.140451445716941015e-01 1.121865027018806998e-01
2.500000000000000000e-01 -2.500000000000000000e-01 9.544398880542780406e-01 9.634189120003792128e-01 -8.979023946101172271e-03 5.759678328795047042e-01 5.661559611328247366e-01 1.579685841080286368e-01
5.000000000000000000e-01 -2.500000000000000000e-01 9.487337313326028587e-01 9.697752316903089920e-01 -2.104150035770613325e-02 4.405800574328125330e-01 4.459535737862693194e-01 2.062089016110509321e-01
7.500000000000000000e-01 -2.500000000000000000e-01 9.092541338113541149e-01 7.877461520058340882e-01 1.215079818055200267e-01 2.889734279562746755e-01 3.242532047015425634e-01 2.093053063924318058e-01
1.000000000000000000e+00 -2.500000000000000000e-01 8.548700810198474054e-01 7.616403350663634164e-01 9.322974595348398896e-02 2.176800304256517882e-01 2.766575768256724355e-01 2.286662588152698627e-01
1.250000000000000000e+00 -2.500000000000000000e-01 8.456895741141573497e-01 7.369016216565119626e-01 1.087879524576453871e-01 1.735688194119272831e-01 2.460208404686888006e-01 2.354834442130395167e-01
1.500000000000000000e+00 -2.500000000000000000e-01 8.558555267536992472e-01 7.218974996493615626e-01 1.339580271043376847e-01 1.692051413017537920e-01 2.466324157622460933e-01 2.320685459817627416e-01
1.750000000000000000e+00 -2.500000000000000000e-01 8.838220612308431701e-01 7.683749084919433425e-01 1.154471527388998275e-01 1.827578337347447179e-01 2.658395579113882468e-01 2.533968448307835075e-01
2.000000000000000000e+00 -2.500000000000000000e-01 8.771594690241543146e-01 8.202536193153908695e-01 5.690584970876344517e-02 2.103376160525760596e-01 2.881849661489573888e-01 2.510736832470010227e-01
-2.000000000000000000e+00 0.000000000000000000e+00 9.385076656224573544e-01 9.075241043630762894e-01 3.098356125938106498e-02 6.515958467543133681e-01 6.192685075622336166e-01 2.341081438749747501e-01
-1.750000000000000000e+00 0.000000000000000000e+00 9.530085701893337147e-01 9.374945333173901885e-01 1.551403687194352621e-02 6.085110729846923139e-01 5.913109687220278188e-01 2.146309960187708643e-01
-1.500000000000000000e+00 0.000000000000000000e+00 9.486710786913076232e-01 9.857869952479596520e-01 -3.711591655665202882e-02 5.309609084756543584e-01 5.292819056967109637e-01 1.790717306217921023e-01
-1.250000000000000000e+00 0.000000000000000000e+00 9.514355803330457606e-01 9.967948635501722165e-01 -4.535928321712645594e-02 4.803751784171766404e-01 4.825676870801203777e-01 1.375116714721041911e-01
-1.000000000000000000e+00 0.000000000000000000e+00 9.565855293546375870e-01 9.389696480717584226e-01 1.761588128287916444e-02 4.452237516749916746e-01 4.483533478624407986e-01 1.306289657364132772e-01
-7.500000000000000000e-01 0.000000000000000000e+00 9.307096531710143950e-01 7.332121111929310597e-01 1.974975419780833352e-01 3.829017531630630189e-01 3.884015894590522322e-01 1.189509985932446501e-01
-5.000000000000000000e-01 0.000000000000000000e+00 8.911352263942399210e-01 5.034918072819053458e-01 3.876434191123345752e-01 3.212748532659248091e-01 3.297664213264284716e-01 1.225188500173251815e-01
-2.500000000000000000e-01 0.000000000000000000e+00 8.743162529929306981e-01 4.598434516223980917e-01 4.144728013705326064e-01 2.476316173741242577e-01 2.626510834312844045e-01 1.269451980899388155e-01
0.000000000000000000e+00 0.000000000000000000e+00 7.460153071761902455e-01 3.624582734605458212e-01 3.835570337156444243e-01 1.707410623620918277e-01 1.923988431367494589e-01 1.206021173969397814e-01
2.500000000000000000e-01 0.000000000000000000e+00 7.222020890201978904e-01 4.101901997854176529e-01 3.120118892347802375e-01 1.366383518918078410e-01 1.704620211080574155e-01 1.390281433607112593e-01
5.000000000000000000e-01 0.000000000000000000e+00 6.427757680558872089e-01 3.182703253525225873e-01 3.245054427033646216e-01 9.300368705766458299e-02 1.279590461805327206e-01 1.285198315574258843e-01
7.500000000000000000e-01 0.000000000000000000e+00 6.154626735224364431e-01 4.011782646156197285e-01 2.142844089068167146e-01 8.495465691789721996e-02 1.334679889251785823e-01 1.569709408801739092e-01
1.000000000000000000e+00 0.000000000000000000e+00 7.222051484562019841e-01 4.895058733049085231e-01 2.326992751512934610e-01 8.107813708447117462e-02 1.430700556986199135e-01 1.810860909836048416e-01
1.250000000000000000e+00 0.000000000000000000e+00 6.810199607204062699e-01 4.598434516223988688e-01 2.211765090980074011e-01 9.114227616281109223e-02 1.539852051929652133e-01 1.704186755878174531e-01
1.500000000000000000e+00 0.000000000000000000e+00 7.384491397459609363e-01 5.836574337743004603e-01 1.547917059716604760e-01 1.167491379650075489e-01 1.887579804657793792e-01 2.044579001791946293e-01
1.750000000000000000e+00 0.000000000000000000e+00 8.384245693194661841e-01 6.769815359372785002e-01 1.614430333821876840e-01 1.340192287465930276e-01 2.223499848813738355e-01 2.402479614000030128e-01
2.000000000000000000e+00 0.000000000000000000e+00 8.790957146657980559e-01 8.390852161729471792e-01 4.001049849285087667e-02 2.106136113200120230e-01 2.971535160797021957e-01 2.621147774438193911e-01
-2.000000000000000000e+00 2.500000000000000000e-01 9.121565872066885738e-01 8.858351991200209552e-01 2.632138808666761864e-02 2.998748458776354653e-01 3.465045069635107611e-01 2.332091327116127821e-01
-1.750000000000000000e+00 2.500000000000000000e-01 8.595772470401247256e-01 5.836574337742991281e-01 2.759198132658255975e-01 2.215026804699132823e-01 2.615508659589375617e-01 1.694617975758038741e-01
-1.500000000000000000e+00 2.500000000000000000e-01 6.745820662113862776e-01 2.659022376739241245e-01 4.086798285374621531e-01 1.215811823727458441e-01 1.500709040885455647e-01 1.125562801263767232e-01
-1.250000000000000000e+00 2.500000000000000000e-01 5.874879510893228352e-01 1.262378707044761461e-01 4.612500803848467168e-01 7.862488027860473072e-02 9.504872726715539455e-02 7.115260194126724058e-02
-1.000000000000000000e+00 2.500000000000000000e-01 4.031449221677025352e-01 1.262378707044761461e-01 2.769070514632263613e-01 4.855954545243072046e-02 5.929681256880414697e-02 5.657181710868973423e-02
-7.500000000000000000e-01 2.500000000000000000e-01 3.450727457566755141e-01 1.262378707044762016e-01 2.188348750521993125e-01 3.314583858798137578e-02 4.219634767411780535e-02 4.920317002942697221e-02
-5.000000000000000000e-01 2.500000000000000000e-01 3.196897477131400711e-01 8.935323161475471065e-02 2.303365160983853466e-01 2.625122450049515235e-02 3.511525897845257232e-02 4.359346451216351837e-02
-2.500000000000000000e-01 2.500000000000000000e-01 3.243487569431162121e-01 1.544538766104627259e-01 1.698948803326534862e-01 2.067694305335030999e-02 3.166392588863498753e-02 6.575522207440281930e-02
0.000000000000000000e+00 2.500000000000000000e-01 3.069631700963100229e-01 0.000000000000000000e+00 3.069631700963100229e-01 1.720964151178226362e-02 2.410815874481690019e-02 2.540584624858486379e-02
2.500000000000000000e-01 2.500000000000000000e-01 2.863904288700920286e-01 8.935323161475475229e-02 1.970371972553372764e-01 1.741754105043458872e-02 3.169371052651117487e-02 5.764089479758633533e-02
5.000000000000000000e-01 2.500000000000000000e-01 4.007874600861029979e-01 1.989974874213235045e-01 2.017899726647794933e-01 1.843241077200700670e-02 3.956949563774429801e-02 8.435003870062475484e-02
7.500000000000000000e-01 2.500000000000000000e-01 3.766485195196261904e-01 1.544538766104627536e-01 2.221946429091634367e-01 2.227371456280438644e-02 4.455550176852875882e-02 7.874783151367253931e-02
1.000000000000000000e+00 2.500000000000000000e-01 4.558785175545442825e-01 2.659022376739240690e-01 1.899762798806202135e-01 3.122472647310744684e-02 6.591732423474493119e-02 1.120501357111102214e-01
1.250000000000000000e+00 2.500000000000000000e-01 5.551398244488728873e-01 3.519999999999977591e-01 2.031398244488751281e-01 4.648834144161768239e-02 9.759785008967104825e-02 1.464874559384745367e-01
1.500000000000000000e+00 2.500000000000000000e-01 6.318648703289078128e-01 4.189701660023058549e-01 2.128947043266019579e-01 6.671363345415903812e-02 1.250295278523524400e-01 1.548109844074053998e-01
1.750000000000000000e+00 2.500000000000000000e-01 7.768760246484758270e-01 6.257795138864780116e-01 1.510965107619978154e-01 1.232397271876403549e-01 2.059532888905816483e-01 2.211728804837764240e-01
2.000000000000000000e+00 2.500000000000000000e-01 8.347164733043765938e-01 8.000000000000014877e-01 3.471647330437510615e-02 1.755214271846859686e-01 2.725318585582300335e-01 2.529605926780797986e-01
-2.000000000000000000e+00 5.000000000000000000e-01 7.246503085083563223e-01 4.674868982121333505e-01 2.571634102962229718e-01 1.194279220282678661e-01 1.720879091861072518e-01 1.579311249316486254e-01
-1.750000000000000000e+00 5.000000000000000000e-01 5.317218486483177298e-01 1.989974874213232547e-01 3.327243612269944473e-01 5.070814562900188144e-02 7.731885357084168631e-02 8.858357270640808412e-02
-1.500000000000000000e+00 5.000000000000000000e-01 3.882869672897042435e-01 1.262378707044762294e-01 2.620490965852280141e-01 2.201349168217290805e-02 3.578066502976121055e-02 5.681931784670291724e-02
-1.250000000000000000e+00 5.000000000000000000e-01 2.085709220195861024e-01 0.000000000000000000e+00 2.085709220195861024e-01 9.563876313616433839e-03 1.569766358903902301e-02 2.775052071367668446e-02
-1.000000000000000000e+00 5.000000000000000000e-01 1.529294446063146629e-01 8.935323161475478004e-02 6.357621299155988281e-02 4.670067157145612463e-03 8.993147714134884854e-03 3.361883177006873280e-02
-7.500000000000000000e-01 5.000000000000000000e-01 1.989978065686548725e-01 0.000000000000000000e+00 1.989978065686548725e-01 2.847188437547920267e-03 4.958450060822588816e-03 9.463672913462266995e-03
-5.000000000000000000e-01 5.000000000000000000e-01 1.316126343462984960e-01 0.000000000000000000e+00 1.316126343462984960e-01 2.239563518229300589e-03 4.090703146953728921e-03 8.680824950568231946e-03
-2.500000000000000000e-01 5.000000000000000000e-01 4.923273177632616241e-06 0.000000000000000000e+00 4.923273177632616241e-06 2.003301614145796151e-03 4.365871642607190885e-03 1.686052747565662188e-02
0.000000000000000000e+00 5.000000000000000000e-01 9.572297872540008745e-02 0.000000000000000000e+00 9.572297872540008745e-02 2.025710422819752745e-03 4.031095731157320616e-03 1.064372744948217583e-02
2.500000000000000000e-01 5.000000000000000000e-01 2.270663379744972399e-01 0.000000000000000000e+00 2.270663379744972399e-01 3.301417746706145767e-03 7.491837208640596442e-03 2.077643617190592928e-02
5.000000000000000000e-01 5.000000000000000000e-01 1.936662636475043886e-01 0.000000000000000000e+00 1.936662636475043886e-01 4.625650218031515833e-03 1.059987718150188357e-02 3.061010943790926433e-02
7.500000000000000000e-01 5.000000000000000000e-01 2.967129260612313968e-01 1.544538766104621985e-01 1.422590494507691983e-01 7.758490130944398384e-03 2.073582731239361279e-02 6.311450927044298664e-02
1.000000000000000000e+00 5.000000000000000000e-01 3.239832360876083173e-01 8.935323161475476617e-02 2.346300044728535372e-01 1.317769076641728092e-02 2.936594708331078871e-02 5.024165333102439956e-02
1.250000000000000000e+00 5.000000000000000000e-01 4.752080200503016050e-01 2.800000000000007483e-01 1.952080200503008567e-01 2.627256206123165100e-02 6.350016578722295080e-02 1.147846582216779376e-01
1.500000000000000000e+00 5.000000000000000000e-01 6.125296542343520168e-01 4.189701660023057439e-01 1.935594882320462728e-01 5.966153287995554222e-02 1.261318623575723441e-01 1.685550701315322031e-01
1.750000000000000000e+00 5.000000000000000000e-01 7.191412444228379997e-01 5.607280981010314136e-01 1.584131463218065861e-01 9.650687276060000708e-02 1.717835039665890906e-01 1.908653607884448766e-01
2.000000000000000000e+00 5.000000000000000000e-01 8.548378791593679304e-01 7.180417815141361126e-01 1.367960976452318178e-01 1.578655801467642172e-01 2.477051718107209644e-01 2.361174321822354094e-01
-2.000000000000000000e+00 7.500000000000000000e-01 5.998418872561104287e-01 2.933666647729431531e-01 3.064752224831672756e-01 5.113126417043628580e-02 9.766440149658858760e-02 1.241350491785674082e-01
-1.750000000000000000e+00 7.500000000000000000e-01 3.513286749320825852e-01 1.262378707044762016e-01 2.250908042276063836e-01 1.538549193769012113e-02 3.033608367748561602e-02 5.675748011894660855e-02
-1.500000000000000000e+00 7.500000000000000000e-01 2.004738420578534297e-01 0.000000000000000000e+00 2.004738420578534297e-01 4.477400155966979219e-03 9.532030999471925725e-03 2.447146190667622012e-02
-1.250000000000000000e+00 7.500000000000000000e-01 6.514687161271508426e-05 0.000000000000000000e+00 6.514687161271508426e-05 1.549885142129760413e-03 3.108459455382370316e-03 8.031282844564136339e-03
-1.000000000000000000e+00 7.500000000000000000e-01 1.517022437146029476e-03 0.000000000000000000e+00 1.517022437146029476e-03 7.698760988364015869e-04 2.333890830078863641e-03 1.201133890166446866e-02
-7.500000000000000000e-01 7.500000000000000000e-01 8.699028219572620124e-02 0.000000000000000000e+00 8.699028219572620124e-02 3.940828821731328009e-04 1.272943893432187945e-03 6.272827846195008078e-03
-5.000000000000000000e-01 7.500000000000000000e-01 6.506252441397399446e-04 0.000000000000000000e+00 6.506252441397399446e-04 3.343119933845900863e-04 9.706725933742781044e-04 7.150241408122949387e-03
-2.500000000000000000e-01 7.500000000000000000e-01 2.990299065285406857e-08 0.000000000000000000e+00 2.990299065285406857e-08 3.569862710893288824e-04 9.148951351910779382e-04 3.035896784923304038e-03
0.000000000000000000e+00 7.500000000000000000e-01 1.261582610616951705e-01 0.000000000000000000e+00 1.261582610616951705e-01 5.022699837787741135e-04 1.316616130792010089e-03 6.215129979466244882e-03
2.500000000000000000e-01 7.500000000000000000e-01 1.388292519972192107e-01 0.000000000000000000e+00 1.388292519972192107e-01 8.231808783283971719e-04 2.304960492874441342e-03 8.897794128391501092e-03
5.000000000000000000e-01 7.500000000000000000e-01 9.996328309610177931e-02 0.000000000000000000e+00 9.996328309610177931e-02 1.662398770950600712e-03 3.786178015164111572e-03 9.491675716601253796e-03
7.500000000000000000e-01 7.500000000000000000e-01 1.671593277313053461e-01 8.935323161475473841e-02 7.780609611655060764e-02 4.117678952394052128e-03 1.192680582426420763e-02 4.310178501003999324e-02
1.000000000000000000e+00 7.500000000000000000e-01 2.048942565656243220e-01 8.935323161475476617e-02 1.155410249508695558e-01 8.905894285724306331e-03 1.996506687261155252e-02 3.781589457990323921e-02
1.250000000000000000e+00 7.500000000000000000e-01 5.096535882049858524e-01 1.781684596105609364e-01 3.314851285944249160e-01 2.270719266875572545e-02 5.180077039251418380e-02 8.635413759802107458e-02
1.500000000000000000e+00 7.500000000000000000e-01 5.267921841465624810e-01 3.182703253525230869e-01 2.085218587940393942e-01 4.916745630992318261e-02 9.932926119664578501e-02 1.322446660646004191e-01
1.750000000000000000e+00 7.500000000000000000e-01 7.683182235985784869e-01 5.723635208501651750e-01 1.959547027484133119e-01 1.071338019699000776e-01 1.864351900030712383e-01 2.019299538673075267e-01
2.000000000000000000e+00 7.500000000000000000e-01 8.403415666780117421e-01 7.650254897714163782e-01 7.531607690659536392e-02 1.632414611016008155e-01 2.504299019814876792e-01 2.362756193865179766e-01
-2.000000000000000000e+00 1.000000000000000000e+00 4.563529048755988748e-01 1.544538766104636140e-01 3.018990282651352608e-01 2.837197061663310899e-02 6.206276452657995268e-02 9.144352946226451395e-02
-1.750000000000000000e+00 1.000000000000000000e+00 2.563543462386599914e-01 0.000000000000000000e+00 2.563543462386599914e-01 7.486751293372870958e-03 1.699720211920209209e-02 3.094398381399525097e-02
-1.500000000000000000e+00 1.000000000000000000e+00 1.483886510428265026e-01 0.000000000000000000e+00 1.483886510428265026e-01 1.776417010990539828e-03 3.834721460964519296e-03 1.252575431894512384e-02
-1.250000000000000000e+00 1.000000000000000000e+00 2.289275548892420135e-03 0.000000000000000000e+00 2.289275548892420135e-03 5.471998598423709727e-04 1.182894848175873375e-03 2.279627252999078067e-03
-1.000000000000000000e+00 1.000000000000000000e+00 3.770902619261719615e-03 0.000000000000000000e+00 3.770902619261719615e-03 2.119264962258782627e-04 7.555679242815813504e-04 4.796149127206550400e-03
-7.500000000000000000e-01 1.000000000000000000e+00 9.417650464613518104e-11 0.000000000000000000e+00 9.417650464613518104e-11 1.178943544045766016e-04 4.598880838306136599e-04 2.024461201130550118e-03
-5.000000000000000000e-01 1.000000000000000000e+00 7.639283920771422487e-02 0.000000000000000000e+00 7.639283920771422487e-02 1.006918699588413497e-04 3.465195794288835566e-04 1.378609528268778372e-03
-2.500000000000000000e-01 1.000000000000000000e+00 1.805830955385044373e-05 0.000000000000000000e+00 1.805830955385044373e-05 1.278707626225875917e-04 8.839198646866042652e-04 1.007873409950935106e-02
0.000000000000000000e+00 1.000000000000000000e+00 3.374125274679668668e-07 0.000000000000000000e+00 3.374125274679668668e-07 2.082131143462211109e-04 6.728424142174539496e-04 4.762304962041045107e-03
2.500000000000000000e-01 1.000000000000000000e+00 6.355637508009518051e-03 0.000000000000000000e+00 6.355637508009518051e-03 4.484542190480725809e-04 1.468613132569782532e-03 8.353782466701079393e-03
5.000000000000000000e-01 1.000000000000000000e+00 8.573279464025171381e-02 0.000000000000000000e+00 8.573279464025171381e-02 1.041323584227025947e-03 3.729724589839083192e-03 1.692018038593292445e-02
7.500000000000000000e-01 1.000000000000000000e+00 1.981929917444142097e-01 0.000000000000000000e+00 1.981929917444142097e-01 2.815994013532190175e-03 5.828459930078223883e-03 1.151808011574153266e-02
1.000000000000000000e+00 1.000000000000000000e+00 1.263743493018729680e-01 8.935323161475479392e-02 3.702111768711817408e-02 7.921521132192278769e-03 1.732531188564443922e-02 3.862976281640968096e-02
1.250000000000000000e+00 1.000000000000000000e+00 4.283206081404192234e-01 1.262378707044762294e-01 3.020827374359429940e-01 1.981872238922320964e-02 4.620324040408858857e-02 7.992988812430992795e-02
1.500000000000000000e+00 1.000000000000000000e+00 5.620613512888565921e-01 2.509501942617309855e-01 3.111111570271256066e-01 5.103246322260176354e-02 9.588504642747208706e-02 1.235896720864660681e-01
1.750000000000000000e+00 1.000000000000000000e+00 7.120418231297133138e-01 5.946292962846699837e-01 1.174125268450433301e-01 1.064209387305422028e-01 1.924003672655000552e-01 2.116839798298482400e-01
2.000000000000000000e+00 1.000000000000000000e+00 8.519977131432764361e-01 7.716890565506296928e-01 8.030865659264674328e-02 1.837973350361520875e-01 2.666272020821750521e-01 2.518721881749642622e-01
-2.000000000000000000e+00 1.250000000000000000e+00 4.105717962924889108e-01 1.544538766104626426e-01 2.561179196820262405e-01 2.461351101409661041e-02 5.417271299591291250e-02 8.379671881897834962e-02
-1.750000000000000000e+00 1.250000000000000000e+00 1.946164365731384571e-01 0.000000000000000000e+00 1.946164365731384571e-01 4.981148829473609069e-03 1.144544016424436580e-02 1.700852796352825269e-02
-1.500000000000000000e+00 1.250000000000000000e+00 1.720663826222582349e-01 0.000000000000000000e+00 1.720663826222582349e-01 1.350805154122395680e-03 3.713988379441587624e-03 1.298128062268720517e-02
-1.250000000000000000e+00 1.250000000000000000e+00 8.934050674148981408e-02 0.000000000000000000e+00 8.934050674148981408e-02 3.761839065038776451e-04 1.208322607323834190e-03 4.705461129012252462e-03
-1.000000000000000000e+00 1.250000000000000000e+00 2.315365843522145580e-03 0.000000000000000000e+00 2.315365843522145580e-03 1.294017144730268468e-04 9.400020143194458061e-04 1.119454784166826374e-02
-7.500000000000000000e-01 1.250000000000000000e+00 1.677480493070847465e-15 0.000000000000000000e+00 1.677480493070847465e-15 7.098444560546022879e-05 2.166906994029726985e-04 1.009570929378972868e-03
-5.000000000000000000e-01 1.250000000000000000e+00 6.148259137180554798e-09 0.000000000000000000e+00 6.148259137180554798e-09 5.878492717437882269e-05 1.917391493708193854e-04 8.558955331862022923e-04
-2.500000000000000000e-01 1.250000000000000000e+00 5.854278587215590302e-02 0.000000000000000000e+00 5.854278587215590302e-02 7.298990762558095003e-05 6.518379914839236627e-04 1.088509887536395770e-02
0.000000000000000000e+00 1.250000000000000000e+00 8.897424001742075539e-02 0.000000000000000000e+00 8.897424001742075539e-02 1.400920776196378219e-04 4.494257709300982840e-04 1.648864421658131256e-03
2.500000000000000000e-01 1.250000000000000000e+00 1.143735476787490191e-05 0.000000000000000000e+00 1.143735476787490191e-05 2.950441524979355063e-04 8.464036524266940710e-04 3.811805570874273342e-03
5.000000000000000000e-01 1.250000000000000000e+00 2.038427106421433418e-02 0.000000000000000000e+00 2.038427106421433418e-02 9.466435149668257429e-04 2.873286069398817057e-03 1.064882052959972500e-02
7.500000000000000000e-01 1.250000000000000000e+00 2.026819807230455794e-01 0.000000000000000000e+00 2.026819807230455794e-01 2.419618547985635283e-03 5.127937550355491161e-03 9.807753932304459979e-03
1.000000000000000000e+00 1.250000000000000000e+00 3.169251239273710441e-01 0.000000000000000000e+00 3.169251239273710441e-01 8.454771665200129169e-03 1.913304515679362799e-02 3.188537198119406613e-02
1.250000000000000000e+00 1.250000000000000000e+00 4.776908464341528826e-01 2.509501942617308190e-01 2.267406521724220636e-01 2.520382958576680016e-02 5.821442518690515128e-02 9.602582287602370870e-02
1.500000000000000000e+00 1.250000000000000000e+00 5.970360749396306232e-01 3.823924685450777461e-01 2.146436063945528772e-01 5.888105432373457598e-02 1.113080469543532014e-01 1.386000754009358293e-01
1.750000000000000000e+00 1.250000000000000000e+00 7.896638972789927768e-01 6.052966215005687323e-01 1.843672757784240446e-01 1.175834090374861668e-01 1.888932479773660911e-01 2.037892869542731189e-01
2.000000000000000000e+00 1.250000000000000000e+00 8.544346835144546182e-01 8.029844332239557403e-01 5.145025029049887788e-02 2.037057906308230859e-01 2.842338759881538057e-01 2.453189118351239428e-01
-2.000000000000000000e+00 1.500000000000000000e+00 4.096642662829933501e-01 2.177705214210591544e-01 1.918937448619341957e-01 2.623725919703186540e-02 5.838400685851370675e-02 8.965556201332204600e-02
-1.750000000000000000e+00 1.500000000000000000e+00 2.904906631085037438e-01 0.000000000000000000e+00 2.904906631085037438e-01 6.452780153187419321e-03 1.629651946793412090e-02 3.087976317389914266e-02
-1.500000000000000000e+00 1.500000000000000000e+00 1.262353699442197719e-01 8.935323161475478004e-02 3.688213832946499182e-02 1.481252937704822820e-03 5.586296045880060311e-03 4.053677506250732976e-02
-1.250000000000000000e+00 1.500000000000000000e+00 1.713070684594533155e-01 0.000000000000000000e+00 1.713070684594533155e-01 3.800900720993604731e-04 1.426934777234556157e-03 6.538594327545749207e-03
-1.000000000000000000e+00 1.500000000000000000e+00 6.340572903538288264e-14 0.000000000000000000e+00 6.340572903538288264e-14 1.345638445928974702e-04 5.702023657940664915e-04 2.857532048269794279e-03
-7.500000000000000000e-01 1.500000000000000000e+00 3.157759730459423070e-02 0.000000000000000000e+00 3.157759730459423070e-02 7.814869736260747740e-05 6.114502476130357972e-04 5.308226629923714843e-03
-5.000000000000000000e-01 1.500000000000000000e+00 2.021361462010110955e-09 0.000000000000000000e+00 2.021361462010110955e-09 5.893188089014143139e-05 1.989711989268748535e-04 1.000506065776787410e-03
-2.500000000000000000e-01 1.500000000000000000e+00 5.368197327595035198e-07 0.000000000000000000e+00 5.368197327595035198e-07 7.421495183687981342e-05 7.807848846079629146e-04 7.366702380667634713e-03
0.000000000000000000e+00 1.500000000000000000e+00 7.857882048950196171e-05 0.000000000000000000e+00 7.857882048950196171e-05 1.332426077201783214e-04 6.828693549922262721e-04 4.482578131458888129e-03
2.500000000000000000e-01 1.500000000000000000e+00 1.076738773236501912e-02 0.000000000000000000e+00 1.076738773236501912e-02 3.194533790103877232e-04 1.827603853808220866e-03 1.840144157798421012e-02
5.000000000000000000e-01 1.500000000000000000e+00 8.938493335910784043e-02 0.000000000000000000e+00 8.938493335910784043e-02 8.767193636137680891e-04 2.671247921700028657e-03 1.420259392683965310e-02
7.500000000000000000e-01 1.500000000000000000e+00 1.871941013269763088e-01 0.000000000000000000e+00 1.871941013269763088e-01 3.130658439902980501e-03 7.270531400563937270e-03 1.428631320460971299e-02
1.000000000000000000e+00 1.500000000000000000e+00 2.679475810352670573e-01 0.000000000000000000e+00 2.679475810352670573e-01 8.947354718267316528e-03 2.161264550161376419e-02 4.074053590706976785e-02
1.250000000000000000e+00 1.500000000000000000e+00 4.320574752329815471e-01 1.989974874213245315e-01 2.330599878116570156e-01 2.558442580994585089e-02 5.661721896586190128e-02 8.969763825466499363e-02
1.500000000000000000e+00 1.500000000000000000e+00 6.343526799811584072e-01 4.101901997854183191e-01 2.241624801957400881e-01 6.263077932510502377e-02 1.235172871425039010e-01 1.491239953654952544e-01
1.750000000000000000e+00 1.500000000000000000e+00 7.919710256449699060e-01 6.726068688320092637e-01 1.193641568129606423e-01 1.437720736001491806e-01 2.242717212614249167e-01 2.207201618638135188e-01
2.000000000000000000e+00 1.500000000000000000e+00 9.102643710179187941e-01 8.750679973579182924e-01 3.519637366000050172e-02 2.396603992428366914e-01 3.159592007171673766e-01 2.639866422033645410e-01
-2.000000000000000000e+00 1.750000000000000000e+00 5.447665490790529752e-01 3.182703253525233644e-01 2.264962237265296108e-01 3.888018892829149531e-02 8.785244195736122141e-02 1.357028730797532057e-01
-1.750000000000000000e+00 1.750000000000000000e+00 3.100586875225620487e-01 8.935323161475476617e-02 2.207054559078072686e-01 9.967432811779253221e-03 2.574371602073415033e-02 5.097969807742245424e-02
-1.500000000000000000e+00 1.750000000000000000e+00 2.266464707928521616e-01 0.000000000000000000e+00 2.266464707928521616e-01 2.163583403199980954e-03 6.967028517043426412e-03 2.393674196733485554e-02
-1.250000000000000000e+00 1.750000000000000000e+00 7.016950831304441527e-02 0.000000000000000000e+00 7.016950831304441527e-02 6.527910586726571240e-04 2.122566565177989688e-03 8.272398409134691655e-03
-1.000000000000000000e+00 1.750000000000000000e+00 1.316196815924559546e-02 0.000000000000000000e+00 1.316196815924559546e-02 2.241324811718049977e-04 9.584888571215856908e-04 3.982474265841065043e-03
-7.500000000000000000e-01 1.750000000000000000e+00 8.826587615962910860e-02 0.000000000000000000e+00 8.826587615962910860e-02 9.872615869074186535e-05 3.758333315736089061e-04 1.808341468732523266e-03
-5.000000000000000000e-01 1.750000000000000000e+00 3.576187163958696778e-10 0.000000000000000000e+00 3.576187163958696778e-10 7.708360780363833215e-05 3.011896848417353967e-04 1.237133171792210952e-03
-2.500000000000000000e-01 1.750000000000000000e+00 3.206470277492759502e-06 0.000000000000000000e+00 3.206470277492759502e-06 8.534149432040276156e-05 2.386831863095148043e-04 8.139024245536138642e-04
0.000000000000000000e+00 1.750000000000000000e+00 2.488146674588188542e-02 0.000000000000000000e+00 2.488146674588188542e-02 1.502187791730478367e-04 9.886934469164085186e-04 1.064205211074361300e-02
2.500000000000000000e-01 1.750000000000000000e+00 8.937070840828362228e-02 0.000000000000000000e+00 8.937070840828362228e-02 3.528915170480198299e-04 1.629151638007276907e-03 1.770359791339589511e-02
5.000000000000000000e-01 1.750000000000000000e+00 7.978839418568975383e-02 0.000000000000000000e+00 7.978839418568975383e-02 9.443177515968966635e-04 2.605935311424226446e-03 7.765185424671436007e-03
7.500000000000000000e-01 1.750000000000000000e+00 1.977742256965876744e-01 0.000000000000000000e+00 1.977742256965876744e-01 3.357331602619137174e-03 8.477333857961641059e-03 1.942223275894185142e-02
1.000000000000000000e+00 1.750000000000000000e+00 3.563054132172147059e-01 0.000000000000000000e+00 3.563054132172147059e-01 1.112292064295934517e-02 2.564432753493387646e-02 3.832018130753550578e-02
1.250000000000000000e+00 1.750000000000000000e+00 4.564289048020657713e-01 1.262378707044761184e-01 3.301910340975896530e-01 2.952203987312224456e-02 6.418990407383196040e-02 9.054899302770892666e-02
1.500000000000000000e+00 1.750000000000000000e+00 6.099869147486817189e-01 4.520353968440965486e-01 1.579515179045851703e-01 7.428026840417176202e-02 1.372586383511284480e-01 1.623895462612195140e-01
1.750000000000000000e+00 1.750000000000000000e+00 8.431824167039499995e-01 7.294820080029364995e-01 1.137004087010135001e-01 1.598895277558010641e-01 2.465587351718177556e-01 2.305698865463377545e-01
2.000000000000000000e+00 1.750000000000000000e+00 8.885251553118687085e-01 8.660254037844385966e-01 2.249975152743011186e-02 2.468224469816558131e-01 3.186297393079201012e-01 2.626286751479477988e-01
-2.000000000000000000e+00 2.000000000000000000e+00 5.724503395279676443e-01 3.060980235153443196e-01 2.663523160126233247e-01 5.429590244076409888e-02 1.048511731165246708e-01 1.343736615278006419e-01
-1.750000000000000000e+00 2.000000000000000000e+00 3.098647239053745617e-01 0.000000000000000000e+00 3.098647239053745617e-01 1.365702363154365322e-02 3.276946755671274192e-02 5.633170887398029902e-02
-1.500000000000000000e+00 2.000000000000000000e+00 2.188256026833872714e-01 0.000000000000000000e+00 2.188256026833872714e-01 3.611456460341354313e-03 9.144150769762464034e-03 1.617961886964901924e-02
-1.250000000000000000e+00 2.000000000000000000e+00 1.058506531711077142e-01 0.000000000000000000e+00 1.058506531711077142e-01 9.134063137374194693e-04 3.395659732422592718e-03 2.019007442908935315e-02
-1.000000000000000000e+00 2.000000000000000000e+00 1.528531686512361666e-09 0.000000000000000000e+00 1.528531686512361666e-09 3.160152940757452030e-04 9.669086840142442725e-04 4.516121809508100854e-03
-7.500000000000000000e-01 2.000000000000000000e+00 2.971398811543034604e-02 0.000000000000000000e+00 2.971398811543034604e-02 1.430808682283438128e-04 3.977326546644427527e-04 1.134859010843295444e-03
-5.000000000000000000e-01 2.000000000000000000e+00 3.289807936505019389e-09 0.000000000000000000e+00 3.289807936505019389e-09 9.969604611328662625e-05 3.445594107316170447e-04 1.273040802536060849e-03
-2.500000000000000000e-01 2.000000000000000000e+00 7.637166129175433638e-02 0.000000000000000000e+00 7.637166129175433638e-02 1.225148601932303386e-04 8.603447882336683061e-04 7.292783390675444850e-03
0.000000000000000000e+00 2.000000000000000000e+00 1.710467642534069807e-04 0.000000000000000000e+00 1.710467642534069807e-04 1.824456836416449409e-04 1.248614915312150396e-03 1.294177752594608162e-02
2.500000000000000000e-01 2.000000000000000000e+00 8.844455135563865367e-02 0.000000000000000000e+00 8.844455135563865367e-02 3.755433580268509970e-04 1.015928222842290120e-03 3.300171007849963915e-03
5.000000000000000000e-01 2.000000000000000000e+00 9.599538960696755996e-02 0.000000000000000000e+00 9.599538960696755996e-02 1.046557763716442994e-03 2.583189042824858735e-03 5.026759515824780027e-03
7.500000000000000000e-01 2.000000000000000000e+00 1.731150581418085810e-01 0.000000000000000000e+00 1.731150581418085810e-01 2.949310578652407800e-03 7.993608910507689347e-03 1.852642065113868641e-02
1.000000000000000000e+00 2.000000000000000000e+00 2.813899678493825274e-01 0.000000000000000000e+00 2.813899678493825274e-01 1.003915118706730746e-02 2.494526654766780413e-02 4.058016826108711700e-02
1.250000000000000000e+00 2.000000000000000000e+00 5.010117755947318674e-01 2.177705214210578499e-01 2.832412541736740175e-01 3.169687892566280807e-02 7.390248068362229028e-02 1.096641647574695261e-01
1.500000000000000000e+00 2.000000000000000000e+00 6.710757900476210791e-01 4.749736834815148079e-01 1.961021065661062712e-01 8.490113725041717463e-02 1.536920761004496594e-01 1.726169125754971612e-01
1.750000000000000000e+00 2.000000000000000000e+00 8.112418055678566331e-01 7.405511461067355583e-01 7.069065946112107479e-02 1.605764605422597135e-01 2.447614058671762072e-01 2.385684984690229216e-01
2.000000000000000000e+00 2.000000000000000000e+00 9.214951503168999913e-01 8.960267853139232130e-01 2.546836500297677830e-02 2.457451837454946719e-01 3.225406775153692451e-01 2.714367478692907842e-01
-2.000000000000000000e+00 2.250000000000000000e+00 7.107684677549389596e-01 5.034918072819052348e-01 2.072766604730337248e-01 7.743737692880549306e-02 1.470271397915934586e-01 1.756588454751233097e-01
-1.750000000000000000e+00 2.250000000000000000e+00 4.924506262311853511e-01 2.177705214210589324e-01 2.746801048101263909e-01 2.390322253244513834e-02 5.851399065739203847e-02 9.481437868951839154e-02
-1.500000000000000000e+00 2.250000000000000000e+00 2.172654675346566699e-01 0.000000000000000000e+00 2.172654675346566699e-01 5.816111506077439181e-03 1.493323593555933443e-02 2.692145167611073933e-02
-1.250000000000000000e+00 2.250000000000000000e+00 9.370154962051888137e-02 0.000000000000000000e+00 9.370154962051888137e-02 1.682739279712870640e-03 4.284322992398803889e-03 8.239942612102790429e-03
-1.000000000000000000e+00 2.250000000000000000e+00 1.247032280811499194e-01 0.000000000000000000e+00 1.247032280811499194e-01 6.043551329339217877e-04 2.334177409544551263e-03 1.056608635259748477e-02
-7.500000000000000000e-01 2.250000000000000000e+00 3.156732013242279300e-05 0.000000000000000000e+00 3.156732013242279300e-05 2.555470027433645206e-04 7.532845948605942747e-04 2.883004882788031253e-03
-5.000000000000000000e-01 2.250000000000000000e+00 8.935322826153063724e-02 0.000000000000000000e+00 8.935322826153063724e-02 1.694165932502076993e-04 1.111802785297652269e-03 1.022841826806368190e-02
-2.500000000000000000e-01 2.250000000000000000e+00 1.857426236907845911e-08 0.000000000000000000e+00 1.857426236907845911e-08 1.735784941061893378e-04 5.993805910257793673e-04 2.335675185254129909e-03
0.000000000000000000e+00 2.250000000000000000e+00 1.262373563428099421e-01 0.000000000000000000e+00 1.262373563428099421e-01 2.841130653821473504e-04 3.279810000907361616e-03 3.013589544271787907e-02
2.500000000000000000e-01 2.250000000000000000e+00 1.528153714176350986e-01 0.000000000000000000e+00 1.528153714176350986e-01 4.891242055021440167e-04 1.360187249125358912e-03 3.250197541657500345e-03
5.000000000000000000e-01 2.250000000000000000e+00 1.213718671832451634e-01 0.000000000000000000e+00 1.213718671832451634e-01 1.143392642055542866e-03 3.063290761463833591e-03 8.117390622592701721e-03
7.500000000000000000e-01 2.250000000000000000e+00 1.894736428245865079e-01 0.000000000000000000e+00 1.894736428245865079e-01 3.659302444908761002e-03 1.080261345143902936e-02 2.567212207523619436e-02
1.000000000000000000e+00 2.250000000000000000e+00 3.123557576726044838e-01 8.935323161475475229e-02 2.230025260578497315e-01 1.080163385171942735e-02 2.771329015342660976e-02 5.646051352833059839e-02
1.250000000000000000e+00 2.250000000000000000e+00 4.614288815268760557e-01 1.989974874213236711e-01 2.624313941055523847e-01 3.223568103518689026e-02 7.341838946307041591e-02 1.083646516354519473e-01
1.500000000000000000e+00 2.250000000000000000e+00 6.590869783788382286e-01 4.823111029200982669e-01 1.767758754587399617e-01 7.894322410988183214e-02 1.484206589711574986e-01 1.708565154205893000e-01
1.750000000000000000e+00 2.250000000000000000e+00 8.229669894125437590e-01 6.939740629158962504e-01 1.289929264966475086e-01 1.421328561770933141e-01 2.291327628017201246e-01 2.305082008425770879e-01
2.000000000000000000e+00 2.250000000000000000e+00 9.154098021342106373e-01 8.728436286070918593e-01 4.256617352711877800e-02 2.553854652485043064e-01 3.286076377897451106e-01 2.662767021998657113e-01
-2.000000000000000000e+00 2.500000000000000000e+00 7.260994204538216978e-01 5.723635208501653970e-01 1.537358996036563008e-01 9.503206596866399514e-02 1.745523537039069262e-01 2.028861897704695438e-01
-1.750000000000000000e+00 2.500000000000000000e+00 5.340301185078910606e-01 2.933666647729429311e-01 2.406634537349481295e-01 3.462504896788343167e-02 7.868167245775259389e-02 1.225007095232691079e-01
-1.500000000000000000e+00 2.500000000000000000e+00 3.078790347231484814e-01 8.935323161475478004e-02 2.185258031083937014e-01 1.017428977641984290e-02 2.882328369432155327e-02 6.108548240138134133e-02
-1.250000000000000000e+00 2.500000000000000000e+00 2.027273494741393955e-01 0.000000000000000000e+00 2.027273494741393955e-01 3.223693382056593525e-03 1.076525291308065915e-02 2.955504609984551875e-02
-1.000000000000000000e+00 2.500000000000000000e+00 1.067444083809654803e-01 0.000000000000000000e+00 1.067444083809654803e-01 9.537319512607540664e-04 3.253036897189747791e-03 1.302316973131321422e-02
-7.500000000000000000e-01 2.500000000000000000e+00 1.175795033336716755e-01 0.000000000000000000e+00 1.175795033336716755e-01 4.342609454084519973e-04 1.901140760762414818e-03 1.035896543420353894e-02
-5.000000000000000000e-01 2.500000000000000000e+00 1.514345592065303725e-01 0.000000000000000000e+00 1.514345592065303725e-01 2.977906445357730945e-04 1.262493073966281616e-03 5.333509518722382922e-03
-2.500000000000000000e-01 2.500000000000000000e+00 8.935847574211894240e-02 8.935323161475476617e-02 5.244127364176232042e-06 2.513812370758120637e-04 3.051056164570787026e-03 3.112287666121708873e-02
0.000000000000000000e+00 2.500000000000000000e+00 1.245137774328389819e-07 0.000000000000000000e+00 1.245137774328389819e-07 3.376789686100601078e-04 1.041625959408811744e-03 4.489121640783436291e-03
2.500000000000000000e-01 2.500000000000000000e+00 8.403151448245629396e-04 0.000000000000000000e+00 8.403151448245629396e-04 6.238674347526369486e-04 2.397505564763210018e-03 1.250755477535077723e-02
5.000000000000000000e-01 2.500000000000000000e+00 1.527483860829865481e-01 0.000000000000000000e+00 1.527483860829865481e-01 1.335341328315186541e-03 3.282917219798802636e-03 5.501075220258452338e-03
7.500000000000000000e-01 2.500000000000000000e+00 1.781365986189007433e-01 0.000000000000000000e+00 1.781365986189007433e-01 4.091797646281102735e-03 1.152608837494611092e-02 2.533364879474659867e-02
1.000000000000000000e+00 2.500000000000000000e+00 3.011487499377265564e-01 1.262378707044760351e-01 1.749108792332505213e-01 1.211676865233477472e-02 3.321902261221848507e-02 6.384283954605735056e-02
1.250000000000000000e+00 2.500000000000000000e+00 5.681506912956046929e-01 2.800000000000001932e-01 2.881506912956044997e-01 3.044624192311489938e-02 7.554217742117469436e-02 1.161605544746445035e-01
1.500000000000000000e+00 2.500000000000000000e+00 7.175572657942919097e-01 4.823111029200983779e-01 2.352461628741935318e-01 7.449987035107115407e-02 1.465665117455084709e-01 1.777347378461088256e-01
1.750000000000000000e+00 2.500000000000000000e+00 8.523208271537745517e-01 7.101999718389164773e-01 1.421208553148580744e-01 1.567369385949136384e-01 2.377145290108591547e-01 2.295060931135852744e-01
2.000000000000000000e+00 2.500000000000000000e+00 9.017452527511954363e-01 8.683225207260244494e-01 3.342273202517098696e-02 2.368370579738550419e-01 3.170193097695777618e-01 2.667969368084712189e-01
-2.000000000000000000e+00 2.750000000000000000e+00 7.454387750108025790e-01 6.156752390668296382e-01 1.297635359439729408e-01 1.087008618214587996e-01 1.849501522669839415e-01 1.932433055273915512e-01
-1.750000000000000000e+00 2.750000000000000000e+00 6.145357351721955075e-01 3.299454500368191878e-01 2.845902851353763197e-01 4.904629602835131053e-02 1.063354688808634679e-01 1.462134368501558646e-01
-1.500000000000000000e+00 2.750000000000000000e+00 3.815191232468457261e-01 1.544538766104631700e-01 2.270652466363825561e-01 1.567812857787608330e-02 4.231436328181181761e-02 8.040310014381805981e-02
-1.250000000000000000e+00 2.750000000000000000e+00 2.615478538200015635e-01 8.935323161475479392e-02 1.721946222052467834e-01 5.216620764672027892e-03 1.762357279660632658e-02 4.707335647957797825e-02
-1.000000000000000000e+00 2.750000000000000000e+00 2.183395388653224523e-01 0.000000000000000000e+00 2.183395388653224523e-01 1.650561818603203060e-03 5.516819105858353396e-03 2.069591417504100875e-02
-7.500000000000000000e-01 2.750000000000000000e+00 1.281734566466950775e-01 8.935323161475476617e-02 3.882022503194031138e-02 8.742313715337097753e-04 5.444183478793994911e-03 4.090388934109048802e-02
-5.000000000000000000e-01 2.750000000000000000e+00 8.935307671060971346e-02 0.000000000000000000e+00 8.935307671060971346e-02 4.919059381732870505e-04 2.469875859958951987e-03 1.260477034380148333e-02
-2.500000000000000000e-01 2.750000000000000000e+00 1.210249159318226546e-04 0.000000000000000000e+00 1.210249159318226546e-04 3.977744262879899235e-04 2.247994136316489033e-03 1.301334974216239448e-02
0.000000000000000000e+00 2.750000000000000000e+00 8.930264770792523121e-02 0.000000000000000000e+00 8.930264770792523121e-02 4.155809373571954729e-04 1.337620184011344224e-03 3.903776112889345735e-03
2.500000000000000000e-01 2.750000000000000000e+00 1.258339677545084736e-03 0.000000000000000000e+00 1.258339677545084736e-03 6.910656737180667251e-04 1.976826144577081314e-03 4.627660489064296459e-03
5.000000000000000000e-01 2.750000000000000000e+00 9.114379872445305120e-02 0.000000000000000000e+00 9.114379872445305120e-02 1.810728832264725616e-03 7.067367278878616127e-03 2.489972922886189016e-02
7.500000000000000000e-01 2.750000000000000000e+00 2.842232608085504819e-01 8.935323161475478004e-02 1.948700291937957019e-01 4.835013514021073086e-03 1.630926447549669797e-02 4.681291932480880630e-02
1.000000000000000000e+00 2.750000000000000000e+00 4.140556900584212996e-01 2.349808502835916690e-01 1.790748397748296306e-01 1.204589406413041422e-02 3.759309483382620304e-02 8.510907134165514309e-02
1.250000000000000000e+00 2.750000000000000000e+00 5.353971959154069094e-01 2.509501942617300418e-01 2.844470016536768675e-01 3.349292966313585640e-02 7.923488525137697969e-02 1.188842456264881942e-01
1.500000000000000000e+00 2.750000000000000000e+00 7.306748438654939726e-01 5.487294415283331395e-01 1.819454023371608331e-01 8.395610921408551419e-02 1.647640469558775966e-01 1.958173970835424826e-01
1.750000000000000000e+00 2.750000000000000000e+00 8.409430491783592698e-01 7.405511461067358914e-01 1.003919030716233785e-01 1.616109830194726871e-01 2.546281708568534086e-01 2.413876961516371045e-01
2.000000000000000000e+00 2.750000000000000000e+00 9.152358914608172968e-01 9.199652167337629693e-01 -4.729325272945672509e-03 2.710609996270089139e-01 3.467866476307465695e-01 2.753787608900539197e-01
-2.000000000000000000e+00 3.000000000000000000e+00 7.617850234141000376e-01 7.021794642397333197e-01 5.960555917436671791e-02 1.318989420576613114e-01 2.167270413007101326e-01 2.277546391340270482e-01
-1.750000000000000000e+00 3.000000000000000000e+00 6.822790936431594178e-01 4.275324549083955872e-01 2.547466387347638306e-01 6.264514404605633913e-02 1.321958659185567264e-01 1.690723736983402725e-01
-1.500000000000000000e+00 3.000000000000000000e+00 5.017784053016546286e-01 2.177705214210589602e-01 2.840078838805956685e-01 2.257026962368713363e-02 5.638804482273672425e-02 9.346603904075818925e-02
-1.250000000000000000e+00 3.000000000000000000e+00 1.465492444530213656e-01 1.262378707044761739e-01 2.031137374854519173e-02 8.432579720616655700e-03 2.434738195267197036e-02 5.751138930234812180e-02
-1.000000000000000000e+00 3.000000000000000000e+00 2.120673799881316879e-01 0.000000000000000000e+00 2.120673799881316879e-01 3.177697262696491890e-03 1.033767904713411324e-02 2.756889853946942540e-02
-7.500000000000000000e-01 3.000000000000000000e+00 8.936733732429105737e-02 0.000000000000000000e+00 8.936733732429105737e-02 1.436128304494789900e-03 5.509255114728046736e-03 1.527231555271502464e-02
-5.000000000000000000e-01 3.000000000000000000e+00 1.154993996380616061e-01 0.000000000000000000e+00 1.154993996380616061e-01 9.254567911134118242e-04 4.033125564364897081e-03 1.415156853960960852e-02
-2.500000000000000000e-01 3.000000000000000000e+00 1.100279313844099854e-01 0.000000000000000000e+00 1.100279313844099854e-01 7.201892852681835181e-04 4.423480099258842932e-03 1.988132685320849816e-02
0.000000000000000000e+00 3.000000000000000000e+00 8.121308454546108391e-02 0.000000000000000000e+00 8.121308454546108391e-02 8.814730248169104845e-04 2.945594354399443983e-03 7.150282955824600883e-03
2.500000000000000000e-01 3.000000000000000000e+00 1.805487025602584839e-01 0.000000000000000000e+00 1.805487025602584839e-01 1.511410435274008167e-03 5.972267152000788545e-03 1.763766682641181374e-02
5.000000000000000000e-01 3.000000000000000000e+00 1.783449114458541263e-01 0.000000000000000000e+00 1.783449114458541263e-01 2.643294826081511815e-03 1.043498588308629238e-02 3.099760213591243665e-02
7.500000000000000000e-01 3.000000000000000000e+00 2.448129924421610371e-01 8.935323161475475229e-02 1.554597608274062848e-01 5.493536288086485475e-03 2.047108069534791380e-02 6.089055826470896049e-02
1.000000000000000000e+00 3.000000000000000000e+00 3.855970962533519231e-01 2.177705214210589602e-01 1.678265748322929629e-01 1.421737796530136641e-02 4.284034222427884897e-02 9.001155043681241530e-02
1.250000000000000000e+00 3.000000000000000000e+00 5.974219048848193880e-01 4.189701660023061880e-01 1.784517388825132000e-01 4.320058084858455910e-02 1.083902501582053313e-01 1.583350980696512367e-01
1.500000000000000000e+00 3.000000000000000000e+00 7.155712600931062317e-01 5.665897987080248388e-01 1.489814613850813929e-01 9.321127309391619153e-02 1.747059588303297162e-01 1.979156601661520853e-01
1.750000000000000000e+00 3.000000000000000000e+00 8.231752200648553286e-01 7.814243405474381454e-01 4.175087951741718317e-02 1.617490877412636197e-01 2.540496751069765136e-01 2.485410257645144505e-01
2.000000000000000000e+00 3.000000000000000000e+00 9.310286209705228577e-01 9.216593730874758084e-01 9.369247883047049363e-03 2.587889533216379268e-01 3.414816604296084801e-01 2.835985546378049782e-01
