# position velocity action_std action_loc_std action_std_diff action_mean_p_0 action_p_0_mean action_p_0_std
-2.000000000000000000e+00 -3.000000000000000000e+00 7.688698622538722161e-01 6.545716156388106111e-01 1.142982466150616050e-01 9.042884985754979787e-01 8.088872103935557112e-01 2.215498078810310134e-01
-1.750000000000000000e+00 -3.000000000000000000e+00 5.771994583308949212e-01 3.823924685450791339e-01 1.948069897858157873e-01 9.503901810701129715e-01 8.892709205344019319e-01 1.569234533307418411e-01
-1.500000000000000000e+00 -3.000000000000000000e+00 4.442483498097073435e-01 2.509501942617297088e-01 1.932981555479776348e-01 9.831205959857611809e-01 9.455371847965873267e-01 1.079925584410682815e-01
-1.250000000000000000e+00 -3.000000000000000000e+00 4.154310510997847317e-01 1.781684596105610474e-01 2.372625914892236842e-01 9.929255828274565765e-01 9.703503801454738120e-01 8.016478682239647213e-02
-1.000000000000000000e+00 -3.000000000000000000e+00 1.822810197447645164e-01 0.000000000000000000e+00 1.822810197447645164e-01 9.969682876130238069e-01 9.878111738334318659e-01 3.619581963327323654e-02
-7.500000000000000000e-01 -3.000000000000000000e+00 2.531456766499893749e-02 0.000000000000000000e+00 2.531456766499893749e-02 9.986372880103722149e-01 9.939067836365856889e-01 2.069027096483960770e-02
-5.000000000000000000e-01 -3.000000000000000000e+00 1.519155761026557416e-01 0.000000000000000000e+00 1.519155761026557416e-01 9.990171552678126510e-01 9.951708773326759516e-01 2.242145512613115746e-02
-2.500000000000000000e-01 -3.000000000000000000e+00 2.372333566438500287e-04 0.000000000000000000e+00 2.372333566438500287e-04 9.989883388722184954e-01 9.957931052631290303e-01 1.548281200196998525e-02
0.000000000000000000e+00 -3.000000000000000000e+00 8.936572534122357025e-02 0.000000000000000000e+00 8.936572534122357025e-02 9.985347896396782330e-01 9.949446676100766052e-01 1.546196102735785879e-02
2.500000000000000000e-01 -3.000000000000000000e+00 2.089431959423878327e-01 0.000000000000000000e+00 2.089431959423878327e-01 9.969162992242847077e-01 9.898941859684499134e-01 2.529264592485717250e-02
5.000000000000000000e-01 -3.000000000000000000e+00 3.044329897950748265e-01 8.935323161475478004e-02 2.150797581803200464e-01 9.930441764085906620e-01 9.776514711606574259e-01 5.350045598049322365e-02
7.500000000000000000e-01 -3.000000000000000000e+00 4.967225904305980211e-01 2.933666647729431531e-01 2.033559256576548679e-01 9.773562125569207337e-01 9.337367550074184841e-01 1.201041734629095942e-01
1.000000000000000000e+00 -3.000000000000000000e+00 6.690679855806950238e-01 4.101901997854180415e-01 2.588777857952769823e-01 9.364249232076332641e-01 8.670225245179299378e-01 1.601552429513177778e-01
1.250000000000000000e+00 -3.000000000000000000e+00 8.256487538650680857e-01 7.716890565506295818e-01 5.395969731443850392e-02 8.488929193816032726e-01 7.568439768004664447e-01 2.426622931742935807e-01
1.500000000000000000e+00 -3.000000000000000000e+00 9.326499394776729401e-01 9.298257901349064047e-01 2.824149342766535398e-03 7.005419620456836416e-01 6.323677163786998179e-01 2.733952987003627211e-01
1.750000000000000000e+00 -3.000000000000000000e+00 9.554973251765723763e-01 9.907088371464127796e-01 -3.521151196984040332e-02 5.563763112175407199e-01 5.375334256911623587e-01 2.992917450672558100e-01
2.000000000000000000e+00 -3.000000000000000000e+00 9.619898072391788180e-01 9.993517899118460335e-01 -3.736198267266721551e-02 4.736081146109842321e-01 4.854465063065878105e-01 3.061031443323573020e-01
-2.000000000000000000e+00 -2.750000000000000000e+00 6.732660116924843452e-01 5.547756303227434627e-01 1.184903813697408825e-01 9.250191835158440012e-01 8.468760386327206513e-01 1.918010619086562840e-01
-1.750000000000000000e+00 -2.750000000000000000e+00 4.936028636959362559e-01 3.182703253525224207e-01 1.753325383434138351e-01 9.742386365391885183e-01 9.274317562147973426e-01 1.199137170447950457e-01
-1.500000000000000000e+00 -2.750000000000000000e+00 3.391829636060881836e-01 1.262378707044761739e-01 2.129450929016120098e-01 9.891111885827176264e-01 9.660682158929769781e-01 7.205032837850970651e-02
-1.250000000000000000e+00 -2.750000000000000000e+00 2.720564433355427414e-01 1.262378707044760351e-01 1.458185726310667063e-01 9.962150632659257932e-01 9.806500851736665858e-01 5.835603128420657759e-02
-1.000000000000000000e+00 -2.750000000000000000e+00 8.935268210278848877e-02 0.000000000000000000e+00 8.935268210278848877e-02 9.987605936053528533e-01 9.938741792788895468e-01 3.058096668401859286e-02
-7.500000000000000000e-01 -2.750000000000000000e+00 1.511758356864949249e-01 8.935323161475478004e-02 6.182260407174014483e-02 9.993547607578650016e-01 9.945707834524891711e-01 3.379400196782519211e-02
-5.000000000000000000e-01 -2.750000000000000000e+00 8.873221181927397339e-02 8.935323161475478004e-02 -6.210197954808066578e-04 9.996087085757097146e-01 9.962790288520755322e-01 4.315810828151993989e-02
-2.500000000000000000e-01 -2.750000000000000000e+00 5.071192622783870930e-07 0.000000000000000000e+00 5.071192622783870930e-07 9.995769498094694283e-01 9.982810311863258290e-01 5.889702465526152481e-03
0.000000000000000000e+00 -2.750000000000000000e+00 1.261444580535945048e-01 0.000000000000000000e+00 1.261444580535945048e-01 9.993491160661241990e-01 9.977010717777144988e-01 7.147157004375470808e-03
2.500000000000000000e-01 -2.750000000000000000e+00 1.275255749187483856e-01 8.935323161475479392e-02 3.817234330399359166e-02 9.986629090902769956e-01 9.951766117073048701e-01 2.508369441930715163e-02
5.000000000000000000e-01 -2.750000000000000000e+00 2.155345057053065227e-01 0.000000000000000000e+00 2.155345057053065227e-01 9.954234679247387918e-01 9.849618585852063513e-01 3.447793210056648155e-02
7.500000000000000000e-01 -2.750000000000000000e+00 4.460572265893578692e-01 1.262378707044762294e-01 3.198193558848816398e-01 9.869256095438918575e-01 9.632413276924347567e-01 7.805704984927443191e-02
1.000000000000000000e+00 -2.750000000000000000e+00 5.757560769209943974e-01 3.823924685450782457e-01 1.933636083759161517e-01 9.550666488903085671e-01 8.951586030108621417e-01 1.463705099911544461e-01
1.250000000000000000e+00 -2.750000000000000000e+00 7.989441919123427827e-01 6.981002793295553177e-01 1.008439125827874649e-01 8.652103654309262204e-01 7.757150959626476494e-01 2.323200394156110793e-01
1.500000000000000000e+00 -2.750000000000000000e+00 9.054943810040821939e-01 9.199652167337627473e-01 -1.447083572968055343e-02 7.288902997170501052e-01 6.596361959344341219e-01 2.728812725599087941e-01
1.750000000000000000e+00 -2.750000000000000000e+00 9.681552596419741308e-01 9.997119585160565425e-01 -3.155669887408241170e-02 5.361142155534469600e-01 5.228680177654465577e-01 2.968587297443880946e-01
2.000000000000000000e+00 -2.750000000000000000e+00 9.683455556821355392e-01 9.937082066683347037e-01 -2.536265098619916447e-02 4.354967942877653320e-01 4.581363850061226928e-01 3.020277755434608857e-01
-2.000000000000000000e+00 -2.500000000000000000e+00 6.519852121332569972e-01 4.749736834815144193e-01 1.770115286517425779e-01 9.413946536467203696e-01 8.701090277027740960e-01 1.740533727547011467e-01
-1.750000000000000000e+00 -2.500000000000000000e+00 4.059056713256489202e-01 2.177705214210595153e-01 1.881351499045894049e-01 9.827642691799922670e-01 9.508456704868512022e-01 9.567882677318999274e-02
-1.500000000000000000e+00 -2.500000000000000000e+00 2.980290725238786687e-01 8.935323161475471065e-02 2.086758409091239441e-01 9.941350787699385627e-01 9.800893911922696766e-01 4.651980829036438808e-02
-1.250000000000000000e+00 -2.500000000000000000e+00 1.697876302443132313e-01 8.935323161475479392e-02 8.043439862955843733e-02 9.980171127244513718e-01 9.906162300289070854e-01 3.681958552706986187e-02
-1.000000000000000000e+00 -2.500000000000000000e+00 1.368377094597609256e-01 0.000000000000000000e+00 1.368377094597609256e-01 9.992875061934713976e-01 9.969331396201067674e-01 9.562631275993990071e-03
-7.500000000000000000e-01 -2.500000000000000000e+00 1.041512338311157048e-07 0.000000000000000000e+00 1.041512338311157048e-07 9.997042174367698486e-01 9.979334537831584528e-01 1.209576437369193520e-02
-5.000000000000000000e-01 -2.500000000000000000e+00 4.131982789269248617e-06 0.000000000000000000e+00 4.131982789269248617e-06 9.998333718677169246e-01 9.990873961599280317e-01 4.067894790006724819e-03
-2.500000000000000000e-01 -2.500000000000000000e+00 1.378046202707896637e-07 0.000000000000000000e+00 1.378046202707896637e-07 9.998036025233807411e-01 9.984901459029575932e-01 1.132810759877308018e-02
0.000000000000000000e+00 -2.500000000000000000e+00 5.169572324450839342e-03 0.000000000000000000e+00 5.169572324450839342e-03 9.997004780933097523e-01 9.987845175799545672e-01 5.169676596812747445e-03
2.500000000000000000e-01 -2.500000000000000000e+00 1.512374031357770904e-02 0.000000000000000000e+00 1.512374031357770904e-02 9.992983904902282832e-01 9.977439623183694817e-01 7.468204797667051323e-03
5.000000000000000000e-01 -2.500000000000000000e+00 1.804150810705504593e-01 8.935323161475478004e-02 9.106184945579567924e-02 9.974187316101310596e-01 9.904328526682303346e-01 4.153275693481559006e-02
7.500000000000000000e-01 -2.500000000000000000e+00 3.075713234059404000e-01 8.935323161475472453e-02 2.182180917911856755e-01 9.902761034461284861e-01 9.725316943280394311e-01 5.459978195287541747e-02
1.000000000000000000e+00 -2.500000000000000000e+00 5.466388953936547335e-01 3.060980235153456519e-01 2.405408718783090816e-01 9.599757786636543555e-01 9.070608825809827191e-01 1.309765140244738002e-01
1.250000000000000000e+00 -2.500000000000000000e+00 7.777200622831477173e-01 6.591631057636682112e-01 1.185569565194795061e-01 8.914247753166777422e-01 8.062101076244336806e-01 2.154350104453114090e-01
1.500000000000000000e+00 -2.500000000000000000e+00 9.421452263440455166e-01 9.018736053350303594e-01 4.027162100901515718e-02 7.280730653518701079e-01 6.576364188020639157e-01 2.757712155202906579e-01
1.750000000000000000e+00 -2.500000000000000000e+00 9.623553799676483056e-01 9.932492134404103945e-01 -3.089383347276208891e-02 5.468184089861229946e-01 5.320618818120860238e-01 3.036342770974800320e-01
2.000000000000000000e+00 -2.500000000000000000e+00 9.583103404422732563e-01 9.677272342969380770e-01 -9.416893854664820651e-03 3.931517817798083070e-01 4.241606699053152019e-01 2.855781487959793696e-01
-2.000000000000000000e+00 -2.250000000000000000e+00 5.981679822683340086e-01 3.519999999999980922e-01 2.461679822683359165e-01 9.562400875946478473e-01 8.969191351795704481e-01 1.442839316690481544e-01
-1.750000000000000000e+00 -2.250000000000000000e+00 3.778206994824742648e-01 1.781684596105609086e-01 1.996522398719133562e-01 9.884329774053104423e-01 9.634631362640568852e-01 7.976101960237617916e-02
-1.500000000000000000e+00 -2.250000000000000000e+00 2.063053431040207386e-01 0.000000000000000000e+00 2.063053431040207386e-01 9.962577605159671501e-01 9.861969638923623327e-01 3.956708801968115974e-02
-1.250000000000000000e+00 -2.250000000000000000e+00 1.348377382019984583e-01 0.000000000000000000e+00 1.348377382019984583e-01 9.987666416966755056e-01 9.949757631589793982e-01 1.675102088860521560e-02
-1.000000000000000000e+00 -2.250000000000000000e+00 1.235610517269089548e-01 0.000000000000000000e+00 1.235610517269089548e-01 9.996275056532307746e-01 9.978493401553084619e-01 1.360931162078483567e-02
-7.500000000000000000e-01 -2.250000000000000000e+00 1.253988135010518090e-01 0.000000000000000000e+00 1.253988135010518090e-01 9.998652018447958811e-01 9.989835749198098247e-01 7.765633421868058800e-03
-5.000000000000000000e-01 -2.250000000000000000e+00 8.374631198260383547e-02 0.000000000000000000e+00 8.374631198260383547e-02 9.999028427882820091e-01 9.993954556714139681e-01 3.030528543694506298e-03
-2.500000000000000000e-01 -2.250000000000000000e+00 4.633033844260128447e-08 0.000000000000000000e+00 4.633033844260128447e-08 9.999059427452716697e-01 9.995471432679212676e-01 2.495541039682668168e-03
0.000000000000000000e+00 -2.250000000000000000e+00 1.557233711241135096e-04 0.000000000000000000e+00 1.557233711241135096e-04 9.998161586104483689e-01 9.987004111597383993e-01 7.743920663145283101e-03
2.500000000000000000e-01 -2.250000000000000000e+00 3.675998290084785819e-02 0.000000000000000000e+00 3.675998290084785819e-02 9.995071967939029856e-01 9.982710916017922820e-01 8.590802760488104595e-03
5.000000000000000000e-01 -2.250000000000000000e+00 2.342057339540517258e-01 0.000000000000000000e+00 2.342057339540517258e-01 9.983554593994177218e-01 9.949257873845955835e-01 1.650357921343838588e-02
7.500000000000000000e-01 -2.250000000000000000e+00 3.400834968872411546e-01 8.935323161475476617e-02 2.507302652724863745e-01 9.921564804266843618e-01 9.787919579566668471e-01 4.461386835875938428e-02
1.000000000000000000e+00 -2.250000000000000000e+00 5.822408741641144081e-01 2.800000000000005262e-01 3.022408741641138819e-01 9.630064565228321216e-01 9.137423163562907735e-01 1.234419796530435987e-01
1.250000000000000000e+00 -2.250000000000000000e+00 7.735017979711379388e-01 6.307329070216625144e-01 1.427688909494754244e-01 8.817273214204003340e-01 7.956893464741189304e-01 2.212306212254720184e-01
1.500000000000000000e+00 -2.250000000000000000e+00 9.267881512092485119e-01 9.359999999999955023e-01 -9.211848790746990367e-03 6.943766728807924116e-01 6.289920241389691524e-01 2.842232607035201086e-01
1.750000000000000000e+00 -2.250000000000000000e+00 9.613350754798173359e-01 9.991996797437439071e-01 -3.786460426392657119e-02 5.093226010024484163e-01 5.035740438968926425e-01 2.959887586710653329e-01
2.000000000000000000e+00 -2.250000000000000000e+00 9.501291822050215163e-01 9.487591896788120094e-01 1.369992526209506956e-03 3.380702848787312531e-01 3.885180869012443972e-01 2.897565386049948954e-01
-2.000000000000000000e+00 -2.000000000000000000e+00 5.172961341101482979e-01 2.509501942617299308e-01 2.663459398484183671e-01 9.716326308793667987e-01 9.286638576000181278e-01 1.132905274663267153e-01
-1.750000000000000000e+00 -2.000000000000000000e+00 2.723304810986307833e-01 8.935323161475479392e-02 1.829772494838760033e-01 9.912146690286806061e-01 9.728084981447856494e-01 5.852922151560274039e-02
-1.500000000000000000e+00 -2.000000000000000000e+00 1.351776591430774721e-01 8.935323161475478004e-02 4.582442752832269206e-02 9.974424972985302951e-01 9.895249773609063881e-01 3.890064707270066841e-02
-1.250000000000000000e+00 -2.000000000000000000e+00 5.516119266259389420e-02 0.000000000000000000e+00 5.516119266259389420e-02 9.993097720714950727e-01 9.966896600502395120e-01 1.437796050726096800e-02
-1.000000000000000000e+00 -2.000000000000000000e+00 5.133915308937456526e-03 0.000000000000000000e+00 5.133915308937456526e-03 9.997683766218173895e-01 9.991728911513110267e-01 2.216175286477876059e-03
-7.500000000000000000e-01 -2.000000000000000000e+00 8.702718641856801995e-02 0.000000000000000000e+00 8.702718641856801995e-02 9.999072733748568531e-01 9.989522588837073114e-01 1.247108988316460686e-02
-5.000000000000000000e-01 -2.000000000000000000e+00 1.518782030360268981e-12 0.000000000000000000e+00 1.518782030360268981e-12 9.999342604553489444e-01 9.996079857565749460e-01 2.839557772510805690e-03
-2.500000000000000000e-01 -2.000000000000000000e+00 3.411039946602104078e-02 0.000000000000000000e+00 3.411039946602104078e-02 9.999264604976672022e-01 9.997190708770419265e-01 1.184560277292820299e-03
0.000000000000000000e+00 -2.000000000000000000e+00 9.657465275574494193e-09 0.000000000000000000e+00 9.657465275574494193e-09 9.998679909720628034e-01 9.993839459843163464e-01 4.004112390114406700e-03
2.500000000000000000e-01 -2.000000000000000000e+00 8.316623780944348843e-02 0.000000000000000000e+00 8.316623780944348843e-02 9.996302045167249073e-01 9.988524166347280131e-01 4.627917353953504148e-03
5.000000000000000000e-01 -2.000000000000000000e+00 1.544513854282131837e-01 0.000000000000000000e+00 1.544513854282131837e-01 9.984282933635134638e-01 9.959248877639274022e-01 1.048740835693344996e-02
7.500000000000000000e-01 -2.000000000000000000e+00 3.114545441915987367e-01 8.935323161475479392e-02 2.221013125768439567e-01 9.930850273755300606e-01 9.809795035423162224e-01 3.959001387651714388e-02
1.000000000000000000e+00 -2.000000000000000000e+00 5.142345782656729813e-01 1.989974874213244482e-01 3.152370908443485331e-01 9.658014122986964267e-01 9.223530233765792063e-01 1.116289875271167797e-01
1.250000000000000000e+00 -2.000000000000000000e+00 7.871679785993864753e-01 6.545716156388093898e-01 1.325963629605770855e-01 8.767846777296562921e-01 7.939052373310803157e-01 2.098321605259698963e-01
1.500000000000000000e+00 -2.000000000000000000e+00 9.380292917668482389e-01 9.611576353543701545e-01 -2.312834358752191566e-02 6.607380515932834708e-01 6.091090903106295418e-01 2.772454042941928654e-01
1.750000000000000000e+00 -2.000000000000000000e+00 9.617927864593404097e-01 9.986470848102444453e-01 -3.685429835090403561e-02 4.646717472802834870e-01 4.760876566393925646e-01 3.024641346687668708e-01
2.000000000000000000e+00 -2.000000000000000000e+00 9.131607246312937187e-01 9.298257901349065158e-01 -1.666506550361279704e-02 3.003945132065836687e-01 3.653917697998043113e-01 2.879388560110951456e-01
-2.000000000000000000e+00 -1.750000000000000000e+00 4.947904183520459021e-01 2.509501942617309300e-01 2.438402240903149720e-01 9.769823493704428152e-01 9.364366248537926429e-01 1.085517809817098667e-01
-1.750000000000000000e+00 -1.750000000000000000e+00 3.087754490383689543e-01 0.000000000000000000e+00 3.087754490383689543e-01 9.929537394649510240e-01 9.771355266219020619e-01 4.822589936409087119e-02
-1.500000000000000000e+00 -1.750000000000000000e+00 2.177504151063252014e-01 0.000000000000000000e+00 2.177504151063252014e-01 9.982164001637400252e-01 9.935657425708697144e-01 1.859754307580943622e-02
-1.250000000000000000e+00 -1.750000000000000000e+00 1.146034550603797220e-01 0.000000000000000000e+00 1.146034550603797220e-01 9.995584152123161426e-01 9.979125985873860127e-01 9.341744098557654141e-03
-1.000000000000000000e+00 -1.750000000000000000e+00 8.907609811215133622e-02 0.000000000000000000e+00 8.907609811215133622e-02 9.998510518923661161e-01 9.989466103857684853e-01 6.402444915226417413e-03
-7.500000000000000000e-01 -1.750000000000000000e+00 3.233042299129712093e-04 0.000000000000000000e+00 3.233042299129712093e-04 9.999234642439950305e-01 9.990328729990871626e-01 1.051549073458517801e-02
-5.000000000000000000e-01 -1.750000000000000000e+00 1.185449582370600826e-06 0.000000000000000000e+00 1.185449582370600826e-06 9.999535031920290251e-01 9.993706031525393385e-01 8.318587606464197121e-03
-2.500000000000000000e-01 -1.750000000000000000e+00 3.288452828226322892e-06 0.000000000000000000e+00 3.288452828226322892e-06 9.999414514025070089e-01 9.996321600356905535e-01 2.455095953532552850e-03
0.000000000000000000e+00 -1.750000000000000000e+00 7.672744773479996625e-11 0.000000000000000000e+00 7.672744773479996625e-11 9.998739085537029503e-01 9.996292074137932415e-01 1.642984091743520877e-03
2.500000000000000000e-01 -1.750000000000000000e+00 6.358020874851130766e-02 0.000000000000000000e+00 6.358020874851130766e-02 9.996225546139638762e-01 9.990501961681650389e-01 3.025275259115496433e-03
5.000000000000000000e-01 -1.750000000000000000e+00 8.935317561393425756e-02 0.000000000000000000e+00 8.935317561393425756e-02 9.983060681945674641e-01 9.962318683114573803e-01 8.347790208953063951e-03
7.500000000000000000e-01 -1.750000000000000000e+00 3.062037177691888101e-01 0.000000000000000000e+00 3.062037177691888101e-01 9.919386160290335486e-01 9.779520923395703669e-01 4.395650178328184415e-02
1.000000000000000000e+00 -1.750000000000000000e+00 5.004722224829473154e-01 3.411744421846382713e-01 1.592977802983090441e-01 9.565732595768906554e-01 9.094159445982414880e-01 1.267801185634601091e-01
1.250000000000000000e+00 -1.750000000000000000e+00 7.912410254068719118e-01 6.591631057636676561e-01 1.320779196432042557e-01 8.601554589652723459e-01 7.816526998056653186e-01 2.160237944356298845e-01
1.500000000000000000e+00 -1.750000000000000000e+00 9.602587340739305866e-01 9.836666101886346603e-01 -2.340787611470407370e-02 6.065437960811078666e-01 5.687171995853289586e-01 2.790346286725591263e-01
1.750000000000000000e+00 -1.750000000000000000e+00 9.631808713749617779e-01 9.821690282227356628e-01 -1.898815684777388491e-02 4.162222452477689072e-01 4.435412598886843694e-01 2.939539484820359871e-01
2.000000000000000000e+00 -1.750000000000000000e+00 9.269483890473000365e-01 9.374945333173898554e-01 -1.054614427008981892e-02 2.838557647178264753e-01 3.602407634131075675e-01 2.898188913457080407e-01
-2.000000000000000000e+00 -1.500000000000000000e+00 4.311442004148223761e-01 2.177705214210589046e-01 2.133736789937634715e-01 9.798409606323142951e-01 9.458465174805428255e-01 1.025126287983594425e-01
-1.750000000000000000e+00 -1.500000000000000000e+00 2.415028244693222248e-01 1.262378707044761739e-01 1.152649537648460509e-01 9.942310915017977813e-01 9.793808670464513311e-01 5.476856149563087695e-02
-1.500000000000000000e+00 -1.500000000000000000e+00 1.467204370140821612e-01 8.935323161475471065e-02 5.736720539932745055e-02 9.985241078699202966e-01 9.946748401130905970e-01 2.886575546427279024e-02
-1.250000000000000000e+00 -1.500000000000000000e+00 1.174384898426698992e-01 0.000000000000000000e+00 1.174384898426698992e-01 9.995829988571274249e-01 9.981313628963323081e-01 6.904427353351683290e-03
-1.000000000000000000e+00 -1.500000000000000000e+00 9.277529025980886152e-12 0.000000000000000000e+00 9.277529025980886152e-12 9.998591551826958579e-01 9.992638298187421775e-01 4.181886605029722613e-03
-7.500000000000000000e-01 -1.500000000000000000e+00 1.207382262566128461e-03 0.000000000000000000e+00 1.207382262566128461e-03 9.999384186555005938e-01 9.995906249715325043e-01 2.920071275103719964e-03
-5.000000000000000000e-01 -1.500000000000000000e+00 5.541092204971136395e-12 0.000000000000000000e+00 5.541092204971136395e-12 9.999484347507863191e-01 9.998514992641800436e-01 4.093515874630902903e-04
-2.500000000000000000e-01 -1.500000000000000000e+00 1.982647004111572119e-04 0.000000000000000000e+00 1.982647004111572119e-04 9.999314056786946514e-01 9.997062060262223993e-01 2.088442946253091324e-03
0.000000000000000000e+00 -1.500000000000000000e+00 1.783504469040272640e-10 0.000000000000000000e+00 1.783504469040272640e-10 9.998563502106188050e-01 9.996641535078683027e-01 1.022206839398562489e-03
2.500000000000000000e-01 -1.500000000000000000e+00 8.934381733246737900e-02 0.000000000000000000e+00 8.934381733246737900e-02 9.994276934617550845e-01 9.988166778176102989e-01 2.606669115224264418e-03
5.000000000000000000e-01 -1.500000000000000000e+00 1.821861439301074581e-01 0.000000000000000000e+00 1.821861439301074581e-01 9.976710268519753955e-01 9.952102896882386585e-01 9.133327923520100783e-03
7.500000000000000000e-01 -1.500000000000000000e+00 2.888904358129751881e-01 0.000000000000000000e+00 2.888904358129751881e-01 9.881094384766142547e-01 9.755298687159001947e-01 3.684380246253889796e-02
1.000000000000000000e+00 -1.500000000000000000e+00 6.410769218693693761e-01 3.519999999999977591e-01 2.890769218693716169e-01 9.380343138680594661e-01 8.792339975777566652e-01 1.480545225668415676e-01
1.250000000000000000e+00 -1.500000000000000000e+00 8.554651536550024193e-01 7.477325725150690827e-01 1.077325811399333366e-01 8.177148437733886555e-01 7.393127793963631955e-01 2.328299033779362426e-01
1.500000000000000000e+00 -1.500000000000000000e+00 9.641785078387073993e-01 9.907088371464131127e-01 -2.653032930770571340e-02 5.890198701858705421e-01 5.564611377772304968e-01 2.832943525111383809e-01
1.750000000000000000e+00 -1.500000000000000000e+00 9.599208619097546746e-01 9.797958971132679773e-01 -1.987503520351330266e-02 3.729702440330655011e-01 4.185716100286607233e-01 2.908336404553035770e-01
2.000000000000000000e+00 -1.500000000000000000e+00 9.022045707442710727e-01 8.960267853139226579e-01 6.177785430348414764e-03 2.429661809777389214e-01 3.279306907111398384e-01 2.757294572389359932e-01
-2.000000000000000000e+00 -1.250000000000000000e+00 4.092115709807700452e-01 1.781684596105610474e-01 2.310431113702089978e-01 9.819897579304013302e-01 9.536451904983016536e-01 8.584092337959604857e-02
-1.750000000000000000e+00 -1.250000000000000000e+00 2.090752394881343346e-01 0.000000000000000000e+00 2.090752394881343346e-01 9.948870457609649831e-01 9.816623077256231289e-01 4.857721243240967213e-02
-1.500000000000000000e+00 -1.250000000000000000e+00 1.085008142582449819e-02 0.000000000000000000e+00 1.085008142582449819e-02 9.985932032910913581e-01 9.956143942483954845e-01 1.587387260939313732e-02
-1.250000000000000000e+00 -1.250000000000000000e+00 1.001151623395314105e-01 0.000000000000000000e+00 1.001151623395314105e-01 9.995739724695033024e-01 9.981151352395143395e-01 8.703159847219511802e-03
-1.000000000000000000e+00 -1.250000000000000000e+00 8.934737644185701544e-02 0.000000000000000000e+00 8.934737644185701544e-02 9.998445883675328716e-01 9.994092229201787525e-01 2.411447875089596429e-03
-7.500000000000000000e-01 -1.250000000000000000e+00 7.338866991661358030e-02 0.000000000000000000e+00 7.338866991661358030e-02 9.999162471341194180e-01 9.995370545517570093e-01 3.202822887695442895e-03
-5.000000000000000000e-01 -1.250000000000000000e+00 3.061714647315349341e-09 0.000000000000000000e+00 3.061714647315349341e-09 9.999317103230067616e-01 9.997500861884085488e-01 1.980806980604821188e-03
-2.500000000000000000e-01 -1.250000000000000000e+00 1.489520491948363883e-17 0.000000000000000000e+00 1.489520491948363883e-17 9.998941818309511342e-01 9.997082263079419828e-01 1.316031407054594734e-03
0.000000000000000000e+00 -1.250000000000000000e+00 3.235783380767187611e-08 0.000000000000000000e+00 3.235783380767187611e-08 9.997396167650929311e-01 9.990732830213240323e-01 9.815623473411801830e-03
2.500000000000000000e-01 -1.250000000000000000e+00 3.636357506726828337e-02 0.000000000000000000e+00 3.636357506726828337e-02 9.990360535492319727e-01 9.982816793418354262e-01 3.086871806968365540e-03
5.000000000000000000e-01 -1.250000000000000000e+00 2.488879886644798090e-01 0.000000000000000000e+00 2.488879886644798090e-01 9.953560070759798206e-01 9.913423426902443492e-01 1.399614863918217586e-02
7.500000000000000000e-01 -1.250000000000000000e+00 3.189523692384129694e-01 8.935323161475471065e-02 2.295991376236582449e-01 9.783712959431263290e-01 9.581474215417454809e-01 6.058325026292684518e-02
1.000000000000000000e+00 -1.250000000000000000e+00 6.254351686613248695e-01 3.624582734605463208e-01 2.629768952007785487e-01 9.086959922042318061e-01 8.514125800456501247e-01 1.506678490466515918e-01
1.250000000000000000e+00 -1.250000000000000000e+00 8.985759519717311239e-01 8.492443700137185525e-01 4.933158195801257140e-02 7.496012787878466588e-01 6.824902012897751113e-01 2.454877066818368925e-01
1.500000000000000000e+00 -1.250000000000000000e+00 9.561705674451719261e-01 9.990315310339309418e-01 -4.286096358875901569e-02 5.174788428667613793e-01 5.120252431522165359e-01 2.860521392454275502e-01
1.750000000000000000e+00 -1.250000000000000000e+00 9.580428381051050435e-01 9.697752316903092140e-01 -1.173239358520417053e-02 3.596246464994353742e-01 4.104419609720361684e-01 2.932842588136096440e-01
2.000000000000000000e+00 -1.250000000000000000e+00 8.925388232560640400e-01 8.750679973579181814e-01 1.747082589814585862e-02 2.521786247870605457e-01 3.234252839363279675e-01 2.699545895828949771e-01
-2.000000000000000000e+00 -1.000000000000000000e+00 3.689302436424926057e-01 8.935323161475475229e-02 2.795770120277378812e-01 9.837226146866285825e-01 9.597041418315342964e-01 6.691789765196010098e-02
-1.750000000000000000e+00 -1.000000000000000000e+00 2.305752906469497321e-01 8.935323161475473841e-02 1.412220590321949798e-01 9.939475060103228898e-01 9.816442772410384210e-01 5.428881403108357789e-02
-1.500000000000000000e+00 -1.000000000000000000e+00 1.291244038866277699e-01 0.000000000000000000e+00 1.291244038866277699e-01 9.982272191687480145e-01 9.954567346585445620e-01 1.009070616935444156e-02
-1.250000000000000000e+00 -1.000000000000000000e+00 1.483809063541533524e-01 0.000000000000000000e+00 1.483809063541533524e-01 9.993587241353096839e-01 9.979187495213267534e-01 1.131351015670275031e-02
-1.000000000000000000e+00 -1.000000000000000000e+00 5.803040393683747689e-03 0.000000000000000000e+00 5.803040393683747689e-03 9.997546861793646933e-01 9.990469547335298905e-01 6.309804429974412432e-03
-7.500000000000000000e-01 -1.000000000000000000e+00 2.286679254735702728e-06 0.000000000000000000e+00 2.286679254735702728e-06 9.998318730430236778e-01 9.995021420890717323e-01 2.495973382611338300e-03
-5.000000000000000000e-01 -1.000000000000000000e+00 4.242156220644677179e-17 0.000000000000000000e+00 4.242156220644677179e-17 9.998377766999649863e-01 9.996181566899150495e-01 1.253271292150005822e-03
-2.500000000000000000e-01 -1.000000000000000000e+00 8.934350267781085431e-02 0.000000000000000000e+00 8.934350267781085431e-02 9.997263361318774466e-01 9.995095349144306196e-01 1.098961107952031941e-03
0.000000000000000000e+00 -1.000000000000000000e+00 9.313595978097491401e-02 0.000000000000000000e+00 9.313595978097491401e-02 9.993075918813189018e-01 9.988092004182362871e-01 4.361142403864861836e-03
2.500000000000000000e-01 -1.000000000000000000e+00 9.555223987668821917e-02 0.000000000000000000e+00 9.555223987668821917e-02 9.973829697386373816e-01 9.962144508313797164e-01 3.978005920122880401e-03
5.000000000000000000e-01 -1.000000000000000000e+00 3.092758638461901577e-01 0.000000000000000000e+00 3.092758638461901577e-01 9.881659749617541788e-01 9.808315521876993515e-01 2.544211483715103431e-02
7.500000000000000000e-01 -1.000000000000000000e+00 5.078886384251251052e-01 1.262378707044762294e-01 3.816507677206488758e-01 9.498619410524226092e-01 9.165858654647641712e-01 8.962253888229634868e-02
1.000000000000000000e+00 -1.000000000000000000e+00 8.083633432933072793e-01 6.769815359372785002e-01 1.313818073560287791e-01 8.281384313702723210e-01 7.632238997901241717e-01 2.065879179767826368e-01
1.250000000000000000e+00 -1.000000000000000000e+00 9.546236970409952560e-01 9.677272342969379659e-01 -1.310353725594270990e-02 6.296876856720630133e-01 5.909629559445187530e-01 2.687552165106897872e-01
1.500000000000000000e+00 -1.000000000000000000e+00 9.627885416123532769e-01 9.871170143402447916e-01 -2.432847272789151472e-02 4.446920113753214387e-01 4.599623922479685323e-01 2.805301003420451189e-01
1.750000000000000000e+00 -1.000000000000000000e+00 9.267644540913608786e-01 9.432793859721487761e-01 -1.651493188078789753e-02 3.249703597614548300e-01 3.780234913861668655e-01 2.859437434700980440e-01
2.000000000000000000e+00 -1.000000000000000000e+00 9.069878232772647930e-01 8.565885826929990898e-01 5.039924058426570319e-02 2.444141359765487631e-01 3.201739411259662549e-01 2.670847415581931172e-01
-2.000000000000000000e+00 -7.500000000000000000e-01 5.150821473125863914e-01 1.781684596105608531e-01 3.369136877020255660e-01 9.737794657620928440e-01 9.362034728794701444e-01 1.046357295587677511e-01
-1.750000000000000000e+00 -7.500000000000000000e-01 3.082628567249122153e-01 0.000000000000000000e+00 3.082628567249122153e-01 9.896120265476817668e-01 9.754777423185121421e-01 4.730560587120035548e-02
-1.500000000000000000e+00 -7.500000000000000000e-01 1.192119205158870404e-01 8.935323161475478004e-02 2.985868890113226037e-02 9.959329509227239363e-01 9.886179907067402794e-01 3.687714939837096612e-02
-1.250000000000000000e+00 -7.500000000000000000e-01 8.946642819861905238e-02 0.000000000000000000e+00 8.946642819861905238e-02 9.984532238082247657e-01 9.963129494826624688e-01 1.502979046315709548e-02
-1.000000000000000000e+00 -7.500000000000000000e-01 1.487061010619811774e-01 0.000000000000000000e+00 1.487061010619811774e-01 9.992942005572011954e-01 9.979591003207587407e-01 1.386084597060356291e-02
-7.500000000000000000e-01 -7.500000000000000000e-01 1.249430294125079693e-01 0.000000000000000000e+00 1.249430294125079693e-01 9.994293330307368883e-01 9.987228808363753929e-01 5.104144142509616650e-03
-5.000000000000000000e-01 -7.500000000000000000e-01 8.935273647341969439e-02 0.000000000000000000e+00 8.935273647341969439e-02 9.993586848636970554e-01 9.989336971927916808e-01 2.399149844018300289e-03
-2.500000000000000000e-01 -7.500000000000000000e-01 9.559536394155428163e-02 0.000000000000000000e+00 9.559536394155428163e-02 9.988098261854392312e-01 9.982510033361339241e-01 2.620391938552455065e-03
0.000000000000000000e+00 -7.500000000000000000e-01 9.531415993773988127e-02 0.000000000000000000e+00 9.531415993773988127e-02 9.970566050235073474e-01 9.953922998545833289e-01 1.399087634803899104e-02
2.500000000000000000e-01 -7.500000000000000000e-01 2.231738217286121928e-01 0.000000000000000000e+00 2.231738217286121928e-01 9.887190751832413138e-01 9.849513915799135155e-01 1.376381778120910199e-02
5.000000000000000000e-01 -7.500000000000000000e-01 4.682779718906422417e-01 8.935323161475478004e-02 3.789247402758874617e-01 9.560185388971841336e-01 9.389610601695355108e-01 5.657194912293224409e-02
7.500000000000000000e-01 -7.500000000000000000e-01 7.808982424235587638e-01 4.520353968440957715e-01 3.288628455794629923e-01 8.580305553934353124e-01 8.113954198761196279e-01 1.536672490283435000e-01
1.000000000000000000e+00 -7.500000000000000000e-01 9.278746701057110080e-01 9.018736053350304704e-01 2.600106477068053756e-02 6.796969932538784454e-01 6.360397620221638348e-01 2.438835455875053571e-01
1.250000000000000000e+00 -7.500000000000000000e-01 9.677859549143975615e-01 9.961204746414954458e-01 -2.833451972709788436e-02 4.712421117952870775e-01 4.780368199511365046e-01 2.765774646449673524e-01
1.500000000000000000e+00 -7.500000000000000000e-01 9.417945503793764273e-01 9.460570807303311236e-01 -4.262530350954696345e-03 3.401189643382054872e-01 3.877663050965606262e-01 2.786913339579699667e-01
1.750000000000000000e+00 -7.500000000000000000e-01 9.016093041930177687e-01 8.750679973579181814e-01 2.654130683509958732e-02 2.513467602809454360e-01 3.223006947075057749e-01 2.766884674208702766e-01
2.000000000000000000e+00 -7.500000000000000000e-01 9.231259743431629028e-01 9.018736053350304704e-01 2.125236900813243235e-02 2.504510197327309284e-01 3.297467938520724506e-01 2.849629005359156086e-01
-2.000000000000000000e+00 -5.000000000000000000e-01 5.727956030443099866e-01 3.182703253525231424e-01 2.545252776917868442e-01 9.500816137320651222e-01 9.027036917097548407e-01 1.325220671342815792e-01
-1.750000000000000000e+00 -5.000000000000000000e-01 5.051672099445377873e-01 1.781684596105612417e-01 3.269987503339765178e-01 9.704832295564675970e-01 9.422349740176061417e-01 8.732328349928120126e-02
-1.500000000000000000e+00 -5.000000000000000000e-01 3.422839568974154756e-01 0.000000000000000000e+00 3.422839568974154756e-01 9.857897067898563348e-01 9.732180039879884115e-01 4.487915297007546295e-02
-1.250000000000000000e+00 -5.000000000000000000e-01 2.638058418157278040e-01 0.000000000000000000e+00 2.638058418157278040e-01 9.913147795580546928e-01 9.849895980459177913e-01 2.665378046555246308e-02
-1.000000000000000000e+00 -5.000000000000000000e-01 2.417529538532782463e-01 0.000000000000000000e+00 2.417529538532782463e-01 9.951491944481707375e-01 9.915852080572457039e-01 2.021180334900637629e-02
-7.500000000000000000e-01 -5.000000000000000000e-01 1.757348557220999308e-01 0.000000000000000000e+00 1.757348557220999308e-01 9.956590666158007252e-01 9.932583773951145778e-01 1.344801928457670624e-02
-5.000000000000000000e-01 -5.000000000000000000e-01 9.147072137035755501e-02 0.000000000000000000e+00 9.147072137035755501e-02 9.950549415456707569e-01 9.935419979780714117e-01 7.602391902125412576e-03
-2.500000000000000000e-01 -5.000000000000000000e-01 2.188146442626954236e-01 0.000000000000000000e+00 2.188146442626954236e-01 9.909171216604911736e-01 9.894567067263021487e-01 7.961127786372073495e-03
0.000000000000000000e+00 -5.000000000000000000e-01 3.565064017445803701e-01 0.000000000000000000e+00 3.565064017445803701e-01 9.777872186139238142e-01 9.730358178297092708e-01 3.155066456799612146e-02
2.500000000000000000e-01 -5.000000000000000000e-01 5.543744380661423943e-01 8.935323161475479392e-02 4.650212064513876142e-01 9.389618362386346062e-01 9.235861494296659924e-01 5.824508624157959114e-02
5.000000000000000000e-01 -5.000000000000000000e-01 8.173156834059051024e-01 4.440540507640949319e-01 3.732616326418101704e-01 8.058966829167318879e-01 7.718871468051484719e-01 1.391570543312157515e-01
7.500000000000000000e-01 -5.000000000000000000e-01 9.392028376466787787e-01 9.344859549506355778e-01 4.716882696043200873e-03 6.170786552888601895e-01 5.888833190264957107e-01 2.244648350032946160e-01
1.000000000000000000e+00 -5.000000000000000000e-01 9.355700587410545888e-01 9.404254356407010240e-01 -4.855376899646435263e-03 3.712541663574986939e-01 3.981522734887213422e-01 2.449420320502125881e-01
1.250000000000000000e+00 -5.000000000000000000e-01 9.106859256948053316e-01 8.750679973579182924e-01 3.561792833688703919e-02 2.776930466576388867e-01 3.339534367439219720e-01 2.546568776720952165e-01
1.500000000000000000e+00 -5.000000000000000000e-01 9.115801916532472182e-01 8.517182632772440920e-01 5.986192837600312622e-02 2.477943928765603820e-01 3.184086011358685520e-01 2.566438087230213383e-01
1.750000000000000000e+00 -5.000000000000000000e-01 8.568956225447370567e-01 8.416650165000302275e-01 1.523060604470682922e-02 1.965440473227926255e-01 2.886029112720023826e-01 2.767540541819178967e-01
2.000000000000000000e+00 -5.000000000000000000e-01 8.469595965052922892e-01 7.908577621797749924e-01 5.610183432551729688e-02 1.846604441084095660e-01 2.713437864485678808e-01 2.588233624090315321e-01
-2.000000000000000000e+00 -2.500000000000000000e-01 7.603726053528374607e-01 5.487294415283333615e-01 2.116431638245040991e-01 8.747224153891911547e-01 8.156384707752232233e-01 1.783933109664151972e-01
-1.750000000000000000e+00 -2.500000000000000000e-01 6.631053723506171726e-01 3.919183588453079570e-01 2.711870135053092157e-01 8.962770153463842648e-01 8.479478427164477417e-01 1.486172803709086276e-01
-1.500000000000000000e+00 -2.500000000000000000e-01 6.008123124197711773e-01 2.800000000000007483e-01 3.208123124197704290e-01 9.203292165763987676e-01 8.909954005288207579e-01 1.123669365873792431e-01
-1.250000000000000000e+00 -2.500000000000000000e-01 5.282649610883435320e-01 1.544538766104634753e-01 3.738110844778800290e-01 9.381837871081309954e-01 9.189208417649564753e-01 8.029337278844018988e-02
-1.000000000000000000e+00 -2.500000000000000000e-01 4.671625541097780276e-01 0.000000000000000000e+00 4.671625541097780276e-01 9.490859159439960502e-01 9.384186249631315535e-01 4.851028366623864191e-02
-7.500000000000000000e-01 -2.500000000000000000e-01 5.149388110971178101e-01 0.000000000000000000e+00 5.149388110971178101e-01 9.469138804907538676e-01 9.389158919719883256e-01 4.045977509669016620e-02
-5.000000000000000000e-01 -2.500000000000000000e-01 4.762921530163059525e-01 0.000000000000000000e+00 4.762921530163059525e-01 9.326386736624131535e-01 9.253688203533868561e-01 3.773330205306951041e-02
-2.500000000000000000e-01 -2.500000000000000000e-01 6.521920719196347971e-01 0.000000000000000000e+00 6.521920719196347971e-01 8.922631343132660930e-01 8.824499310237186034e-01 5.248189604915497186e-02
0.000000000000000000e+00 -2.500000000000000000e-01 8.198700735414415908e-01 1.781684596105611029e-01 6.417016139308804323e-01 7.905519535383731533e-01 7.736509277044641975e-01 9.863129758230601563e-02
2.500000000000000000e-01 -2.500000000000000000e-01 9.386193025463699380e-01 9.075241043630761784e-01 3.109519818329375962e-02 5.973412345210179497e-01 5.862163542066769484e-01 1.556666689612750676e-01
5.000000000000000000e-01 -2.500000000000000000e-01 9.448441327086133379e-01 9.111838453352888445e-01 3.366028737332449339e-02 3.981534078478626282e-01 4.089138678939228666e-01 1.891611009746482497e-01
7.500000000000000000e-01 -2.500000000000000000e-01 8.435908084770816773e-01 7.021794642397333197e-01 1.414113442373483576e-01 2.184743615689247187e-01 2.620670645609121108e-01 1.927572003033308778e-01
1.000000000000000000e+00 -2.500000000000000000e-01 7.822820571149218249e-01 6.726068688320091526e-01 1.096751882829126723e-01 1.669976624457178427e-01 2.330280590670543994e-01 2.179514724070072684e-01
1.250000000000000000e+00 -2.500000000000000000e-01 7.971381682427784998e-01 6.499230723708775415e-01 1.472150958719009584e-01 1.263341548301108730e-01 2.072802101468570468e-01 2.226150723512042573e-01
1.500000000000000000e+00 -2.500000000000000000e-01 8.134440826609919961e-01 7.101999718389164773e-01 1.032441108220755188e-01 1.286596748301054027e-01 2.180902573184749782e-01 2.365802385099860516e-01
1.750000000000000000e+00 -2.500000000000000000e-01 8.136930331449263587e-01 7.062124326291605581e-01 1.074806005157658007e-01 1.568385058560284318e-01 2.391889854937313542e-01 2.441301156572148190e-01
2.000000000000000000e+00 -2.500000000000000000e-01 8.049405707269905452e-01 7.332121111929313928e-01 7.172845953405915242e-02 1.436342703942161680e-01 2.299014108670840995e-01 2.477806399346681454e-01
-2.000000000000000000e+00 0.000000000000000000e+00 9.321403522551769960e-01 9.576304088739017173e-01 -2.549005661872472128e-02 6.194467129360001767e-01 5.938818658191510336e-01 2.477012752827068842e-01
-1.750000000000000000e+00 0.000000000000000000e+00 9.512263630180217699e-01 9.666767815562787858e-01 -1.545041853825701583e-02 5.917607680586418617e-01 5.745994781850188859e-01 2.198616913154194663e-01
-1.500000000000000000e+00 0.000000000000000000e+00 9.609032209183185902e-01 9.707728879609290873e-01 -9.869667042610497099e-03 5.613631785549026976e-01 5.539257110829491904e-01 1.796563447255885015e-01
-1.250000000000000000e+00 0.000000000000000000e+00 9.472309070805146058e-01 9.836666101886343272e-01 -3.643570310811972135e-02 5.325897954669086554e-01 5.303473017365917253e-01 1.506409239298532321e-01
-1.000000000000000000e+00 0.000000000000000000e+00 9.515803003251926961e-01 9.964657545545679840e-01 -4.488545422937528784e-02 5.150372637031532808e-01 5.145145504879431453e-01 1.211763292830026484e-01
-7.500000000000000000e-01 0.000000000000000000e+00 9.465056420997671749e-01 9.937082066683347037e-01 -4.720256456856752880e-02 4.857815064348169898e-01 4.862487977778428005e-01 1.203134756176359038e-01
-5.000000000000000000e-01 0.000000000000000000e+00 9.421367519549312952e-01 8.117536572138096540e-01 1.303830947411216412e-01 4.021462319135120644e-01 4.070112891868038485e-01 1.167796681517101753e-01
-2.500000000000000000e-01 0.000000000000000000e+00 8.931530320484590835e-01 5.235417843878384936e-01 3.696112476606205899e-01 3.006414431428248157e-01 3.119960675393259053e-01 1.249027601276144206e-01
0.000000000000000000e+00 0.000000000000000000e+00 7.985954907468482133e-01 3.624582734605474310e-01 4.361372172863007823e-01 2.012508862177391222e-01 2.187993826589280377e-01 1.185308244514827747e-01
2.500000000000000000e-01 0.000000000000000000e+00 6.558452858029487631e-01 3.299454500368202425e-01 3.258998357661285206e-01 1.182632551989895725e-01 1.437458303030925422e-01 1.179698731917030868e-01
5.000000000000000000e-01 0.000000000000000000e+00 5.979263129940510790e-01 2.509501942617312076e-01 3.469761187323198715e-01 7.591242200444375809e-02 1.063321189171228115e-01 1.133203377652903104e-01
7.500000000000000000e-01 0.000000000000000000e+00 5.123082220776876694e-01 3.060980235153436535e-01 2.062101985623440159e-01 5.448075033271248396e-02 9.079458108371459002e-02 1.216649322919434867e-01
1.000000000000000000e+00 0.000000000000000000e+00 5.869076963148259773e-01 3.182703253525230869e-01 2.686373709623028905e-01 5.362012715085127945e-02 1.015561062424280570e-01 1.371083019318870000e-01
1.250000000000000000e+00 0.000000000000000000e+00 6.238123890940827643e-01 4.440540507640944323e-01 1.797583383299883319e-01 6.277629106068491338e-02 1.206196508519975646e-01 1.605833123780730787e-01
1.500000000000000000e+00 0.000000000000000000e+00 7.273921720655583956e-01 5.665897987080253939e-01 1.608023733575330017e-01 7.737964890684780050e-02 1.609519039124922279e-01 2.041944523249319687e-01
1.750000000000000000e+00 0.000000000000000000e+00 7.245821477226236373e-01 6.545716156388103890e-01 7.001053208381324833e-02 9.981032863455334414e-02 1.877141999583559762e-01 2.171476145535022051e-01
2.000000000000000000e+00 0.000000000000000000e+00 8.371684340066026797e-01 7.616403350663636385e-01 7.552809894023904125e-02 1.624074211784713728e-01 2.509462015394707812e-01 2.509522359420458537e-01
-2.000000000000000000e+00 2.500000000000000000e-01 8.822417369565340728e-01 8.660254037844385966e-01 1.621633317209547620e-02 2.923163883850964373e-01 3.372460876574181476e-01 2.211950054537902277e-01
-1.750000000000000000e+00 2.500000000000000000e-01 7.484723861885898000e-01 5.547756303227439068e-01 1.936967558658458932e-01 1.772055421417988441e-01 2.203404725932499308e-01 1.628992335342534237e-01
-1.500000000000000000e+00 2.500000000000000000e-01 6.517923653155527353e-01 1.262378707044762294e-01 5.255544946110765059e-01 1.128617431699290574e-01 1.382066605580504481e-01 9.724119443394788065e-02
-1.250000000000000000e+00 2.500000000000000000e-01 6.061335668234882901e-01 0.000000000000000000e+00 6.061335668234882901e-01 7.769595603557388763e-02 9.345977054377647975e-02 6.241647337557765934e-02
-1.000000000000000000e+00 2.500000000000000000e-01 5.423922835611196813e-01 0.000000000000000000e+00 5.423922835611196813e-01 5.572512700933775209e-02 6.555706008798491136e-02 4.955173581569038282e-02
-7.500000000000000000e-01 2.500000000000000000e-01 3.850561407553347304e-01 8.935323161475472453e-02 2.957029091405800059e-01 4.116526819190502451e-02 4.895597272381924797e-02 4.381897989295004125e-02
-5.000000000000000000e-01 2.500000000000000000e-01 3.213915908752425499e-01 0.000000000000000000e+00 3.213915908752425499e-01 2.973971037252296987e-02 3.673041737092447301e-02 3.125510329955933503e-02
-2.500000000000000000e-01 2.500000000000000000e-01 3.725771406312494149e-01 0.000000000000000000e+00 3.725771406312494149e-01 2.435654394135321893e-02 3.244142365332614714e-02 3.569317835613571022e-02
0.000000000000000000e+00 2.500000000000000000e-01 3.232688109561430156e-01 8.935323161475471065e-02 2.339155793413882911e-01 1.832038739593414012e-02 2.792806370831939916e-02 4.953381970936252682e-02
2.500000000000000000e-01 2.500000000000000000e-01 2.411093259549753620e-01 8.935323161475473841e-02 1.517560943402206375e-01 1.449243893428398856e-02 2.456874412464018012e-02 5.138931708113454039e-02
5.000000000000000000e-01 2.500000000000000000e-01 3.621930783990560121e-01 1.544538766104629202e-01 2.077392017885930919e-01 1.342802494981407482e-02 2.725748535784147317e-02 6.511455330103119166e-02
7.500000000000000000e-01 2.500000000000000000e-01 3.614293896963424180e-01 1.989974874213249756e-01 1.624319022750174424e-01 1.424901890785366249e-02 3.408666836976143727e-02 7.767130460198225228e-02
1.000000000000000000e+00 2.500000000000000000e-01 3.851156973741860501e-01 2.177705214210586826e-01 1.673451759531273675e-01 1.973792489447496676e-02 4.544840945339967409e-02 8.946006100069976708e-02
1.250000000000000000e+00 2.500000000000000000e-01 4.947875789943551039e-01 2.509501942617302084e-01 2.438373847326248955e-01 2.721240146699606052e-02 6.470004591894613910e-02 1.099468601581459620e-01
1.500000000000000000e+00 2.500000000000000000e-01 5.981587841235814773e-01 3.411744421846385489e-01 2.569843419389429284e-01 4.658477851918178814e-02 1.005537198423483436e-01 1.357436252614135641e-01
1.750000000000000000e+00 2.500000000000000000e-01 7.099227851331072481e-01 5.363431737236922237e-01 1.735796114094150244e-01 8.785146101948992925e-02 1.647300964602694817e-01 1.940924778064808398e-01
2.000000000000000000e+00 2.500000000000000000e-01 7.959244774919981280e-01 7.547608892887861520e-01 4.116358820321197598e-02 1.316045998325518496e-01 2.294072348049370214e-01 2.513189562387485032e-01
-2.000000000000000000e+00 5.000000000000000000e-01 7.182835257698457765e-01 4.358898943540689408e-01 2.823936314157768357e-01 1.025134879564219836e-01 1.595898290984844592e-01 1.599321069413228713e-01
-1.750000000000000000e+00 5.000000000000000000e-01 4.677737567232839178e-01 8.935323161475478004e-02 3.784205251085291377e-01 3.548730199308614691e-02 5.686715076757811738e-02 6.089886713514945649e-02
-1.500000000000000000e+00 5.000000000000000000e-01 3.342729406200382614e-01 8.935323161475471065e-02 2.449197090052835368e-01 1.654717129495534081e-02 2.629301689270155395e-02 4.205516588436776504e-02
-1.250000000000000000e+00 5.000000000000000000e-01 1.259009520341172472e-01 0.000000000000000000e+00 1.259009520341172472e-01 7.986790977967372571e-03 1.250500683980556964e-02 2.224859572749820699e-02
-1.000000000000000000e+00 5.000000000000000000e-01 1.419318362968811642e-01 0.000000000000000000e+00 1.419318362968811642e-01 4.103851970888081242e-03 8.019393930843944987e-03 2.815300823857952439e-02
-7.500000000000000000e-01 5.000000000000000000e-01 1.269135617329396337e-01 0.000000000000000000e+00 1.269135617329396337e-01 2.797174524330171223e-03 4.916726092486349911e-03 1.742690593089870135e-02
-5.000000000000000000e-01 5.000000000000000000e-01 9.713137604439578410e-02 0.000000000000000000e+00 9.713137604439578410e-02 2.102791374854226340e-03 3.344295173886156075e-03 5.988401124615345787e-03
-2.500000000000000000e-01 5.000000000000000000e-01 8.960361816808405655e-02 0.000000000000000000e+00 8.960361816808405655e-02 2.137236535533445538e-03 4.786379552226991893e-03 2.305188991032921034e-02
0.000000000000000000e+00 5.000000000000000000e-01 1.267397560309157512e-01 0.000000000000000000e+00 1.267397560309157512e-01 2.178175928939800592e-03 4.408649751932019849e-03 1.443481713888296845e-02
2.500000000000000000e-01 5.000000000000000000e-01 1.474513834546539170e-01 0.000000000000000000e+00 1.474513834546539170e-01 2.398580499365860277e-03 6.549990876628224330e-03 2.677215903195280869e-02
5.000000000000000000e-01 5.000000000000000000e-01 2.089691036549577163e-01 1.262378707044761461e-01 8.273123295048157022e-02 3.343492855259497763e-03 1.047016558283369106e-02 4.739054670302665639e-02
7.500000000000000000e-01 5.000000000000000000e-01 1.991962859804793651e-01 0.000000000000000000e+00 1.991962859804793651e-01 4.530472539519762865e-03 1.227861081375521309e-02 3.685601192068412024e-02
1.000000000000000000e+00 5.000000000000000000e-01 2.441977463204832721e-01 1.544538766104625038e-01 8.974386971002076829e-02 8.427105384458502199e-03 2.398436713556565542e-02 5.984773577528443300e-02
1.250000000000000000e+00 5.000000000000000000e-01 4.246882258791125353e-01 1.544538766104623928e-01 2.702343492686501425e-01 1.605493415290356121e-02 4.241382725942936804e-02 8.477066376506416090e-02
1.500000000000000000e+00 5.000000000000000000e-01 5.361486582173239368e-01 3.182703253525229758e-01 2.178783328648009610e-01 3.596754412851455029e-02 8.961982174620970742e-02 1.388757734019201717e-01
1.750000000000000000e+00 5.000000000000000000e-01 7.165000654073753195e-01 5.034918072819052348e-01 2.130082581254700846e-01 6.549866816428566441e-02 1.400123607293819183e-01 1.824695248132308933e-01
2.000000000000000000e+00 5.000000000000000000e-01 8.341493558197148328e-01 7.369016216565118516e-01 9.724773416320298125e-02 1.337311031822059348e-01 2.290319137029274421e-01 2.431803305204453258e-01
-2.000000000000000000e+00 7.500000000000000000e-01 5.321046332315587657e-01 1.989974874213236711e-01 3.331071458102350946e-01 4.168380725570189349e-02 8.155640032741932888e-02 1.035507611499873332e-01
-1.750000000000000000e+00 7.500000000000000000e-01 2.535515533249693698e-01 0.000000000000000000e+00 2.535515533249693698e-01 1.017615970134258876e-02 2.023013005596447852e-02 3.320842481701263144e-02
-1.500000000000000000e+00 7.500000000000000000e-01 1.423647156455454255e-01 8.935323161475472453e-02 5.301148403079070093e-02 3.147670230333085052e-03 6.553761238927729126e-03 2.385341966381057666e-02
-1.250000000000000000e+00 7.500000000000000000e-01 5.778364289211072868e-03 0.000000000000000000e+00 5.778364289211072868e-03 1.247511097865325411e-03 2.444346399480195470e-03 4.638921007483865801e-03
-1.000000000000000000e+00 7.500000000000000000e-01 9.594086586326198984e-02 0.000000000000000000e+00 9.594086586326198984e-02 5.460247456137533447e-04 1.661385282803386860e-03 9.565959967142581913e-03
-7.500000000000000000e-01 7.500000000000000000e-01 1.120504971188090310e-02 0.000000000000000000e+00 1.120504971188090310e-02 3.787485424110031431e-04 1.081038304865659288e-03 9.109480113978499910e-03
-5.000000000000000000e-01 7.500000000000000000e-01 1.446361226707953156e-09 0.000000000000000000e+00 1.446361226707953156e-09 2.683066011276240260e-04 5.655923636788138045e-04 2.231774650006730035e-03
-2.500000000000000000e-01 7.500000000000000000e-01 1.643698676565353949e-03 0.000000000000000000e+00 1.643698676565353949e-03 3.221142841305907724e-04 8.307099383588090625e-04 2.973737617423639294e-03
0.000000000000000000e+00 7.500000000000000000e-01 8.876160298660883491e-06 0.000000000000000000e+00 8.876160298660883491e-06 3.986190918197288083e-04 8.598934454791235622e-04 3.069440125066672399e-03
2.500000000000000000e-01 7.500000000000000000e-01 7.887081028389677812e-05 0.000000000000000000e+00 7.887081028389677812e-05 6.686045307533631859e-04 1.677677575567344684e-03 6.079482666452397377e-03
5.000000000000000000e-01 7.500000000000000000e-01 1.420997404430466016e-01 0.000000000000000000e+00 1.420997404430466016e-01 1.207958940027707880e-03 3.444734852928915507e-03 1.443661830286620783e-02
7.500000000000000000e-01 7.500000000000000000e-01 1.898714227531196341e-01 8.935323161475472453e-02 1.005181911383649096e-01 2.252241599318496185e-03 7.133795969568449032e-03 3.622019101904121186e-02
1.000000000000000000e+00 7.500000000000000000e-01 1.862806368080300867e-01 1.544538766104627814e-01 3.182676019756730534e-02 5.042193715460928718e-03 1.626846719214606121e-02 5.294284123999662417e-02
1.250000000000000000e+00 7.500000000000000000e-01 3.313946933471469403e-01 1.544538766104635308e-01 1.769408167366834095e-01 1.323009457113960910e-02 3.467034194949637077e-02 7.025411007025705867e-02
1.500000000000000000e+00 7.500000000000000000e-01 4.897537224702024905e-01 1.781684596105611862e-01 3.115852628596412766e-01 2.763357089196543520e-02 6.260743755211098382e-02 9.370677970992725980e-02
1.750000000000000000e+00 7.500000000000000000e-01 7.148606030249070598e-01 4.895058733049086341e-01 2.253547297199984256e-01 7.868581004279348590e-02 1.582383899129056193e-01 1.901562210580197976e-01
2.000000000000000000e+00 7.500000000000000000e-01 8.300442586963175939e-01 6.681796165702769130e-01 1.618646421260406809e-01 1.195469075398997577e-01 2.152493433845259763e-01 2.305867363709007967e-01
-2.000000000000000000e+00 1.000000000000000000e+00 4.232229399783737911e-01 1.989974874213235323e-01 2.242254525570502588e-01 1.976860367067031707e-02 4.868759678957254589e-02 8.443452676339655016e-02
-1.750000000000000000e+00 1.000000000000000000e+00 1.974539670193914687e-01 0.000000000000000000e+00 1.974539670193914687e-01 4.997062039025189362e-03 1.115690038845205088e-02 2.103577849502277428e-02
-1.500000000000000000e+00 1.000000000000000000e+00 1.254063602060745408e-01 0.000000000000000000e+00 1.254063602060745408e-01 1.260976914094144802e-03 3.080930508860068619e-03 8.592956873963315464e-03
-1.250000000000000000e+00 1.000000000000000000e+00 8.952560611661100324e-07 0.000000000000000000e+00 8.952560611661100324e-07 3.718550483571254157e-04 9.833400088224213912e-04 2.891398230992790752e-03
-1.000000000000000000e+00 1.000000000000000000e+00 8.935258985380882535e-02 0.000000000000000000e+00 8.935258985380882535e-02 1.447026278086473519e-04 3.638765617215419584e-04 1.290100475581525737e-03
-7.500000000000000000e-01 1.000000000000000000e+00 8.935322477290044696e-02 0.000000000000000000e+00 8.935322477290044696e-02 9.500679055432469913e-05 3.337476720510914414e-04 2.490867412556001855e-03
-5.000000000000000000e-01 1.000000000000000000e+00 2.124195177070433566e-03 0.000000000000000000e+00 2.124195177070433566e-03 8.096887192899898786e-05 1.033076255692609189e-03 1.330687819085144517e-02
-2.500000000000000000e-01 1.000000000000000000e+00 8.864570453816882079e-02 0.000000000000000000e+00 8.864570453816882079e-02 1.018215249004005696e-04 4.716877067981025068e-04 3.117095681745037008e-03
0.000000000000000000e+00 1.000000000000000000e+00 1.314547606315984617e-11 0.000000000000000000e+00 1.314547606315984617e-11 1.432888961702911208e-04 3.974224582439524179e-04 1.800305929860941158e-03
2.500000000000000000e-01 1.000000000000000000e+00 8.175917689551528977e-02 0.000000000000000000e+00 8.175917689551528977e-02 3.249208825169049041e-04 1.065266765242160914e-03 5.405402117491338830e-03
5.000000000000000000e-01 1.000000000000000000e+00 5.981252078813582840e-02 0.000000000000000000e+00 5.981252078813582840e-02 6.722659521305341529e-04 1.302267978464234080e-03 2.603257463180939230e-03
7.500000000000000000e-01 1.000000000000000000e+00 2.803076744919522426e-02 0.000000000000000000e+00 2.803076744919522426e-02 1.773115265270682394e-03 4.092269722941417609e-03 8.809026968807745148e-03
1.000000000000000000e+00 1.000000000000000000e+00 1.769193378668844907e-01 8.935323161475478004e-02 8.756610625212971066e-02 5.034758174403678420e-03 1.351781658745352006e-02 3.734045391487245819e-02
1.250000000000000000e+00 1.000000000000000000e+00 2.825192296277628801e-01 1.262378707044762016e-01 1.562813589232866784e-01 1.258204751819421569e-02 2.875753059430248212e-02 5.053343933808906313e-02
1.500000000000000000e+00 1.000000000000000000e+00 5.506312557626319437e-01 3.299454500368195764e-01 2.206858057258123673e-01 3.393655292045730937e-02 8.436035547748893526e-02 1.319516603947787636e-01
1.750000000000000000e+00 1.000000000000000000e+00 7.202285278880410369e-01 4.749736834815149744e-01 2.452548444065260624e-01 8.254275889013831802e-02 1.545991789079971257e-01 1.865247757304906162e-01
2.000000000000000000e+00 1.000000000000000000e+00 8.396028655525085149e-01 7.477325725150686386e-01 9.187029303743987629e-02 1.694255645554562650e-01 2.587995670908878054e-01 2.431020959543759574e-01
-2.000000000000000000e+00 1.250000000000000000e+00 3.505121947638274449e-01 1.544538766104629757e-01 1.960583181533644692e-01 1.797639616924181019e-02 4.249674520067156513e-02 7.096763473650730125e-02
-1.750000000000000000e+00 1.250000000000000000e+00 9.180288301659500494e-02 0.000000000000000000e+00 9.180288301659500494e-02 3.597263717841165699e-03 8.422074298367537154e-03 1.729128606665135404e-02
-1.500000000000000000e+00 1.250000000000000000e+00 1.179637629009786387e-01 0.000000000000000000e+00 1.179637629009786387e-01 8.177495657012657723e-04 2.281920219085717232e-03 5.990586869829161824e-03
-1.250000000000000000e+00 1.250000000000000000e+00 2.759708292878451999e-02 0.000000000000000000e+00 2.759708292878451999e-02 2.251577987562100721e-04 6.996343847709685353e-04 3.619069742251856698e-03
-1.000000000000000000e+00 1.250000000000000000e+00 3.209293566159355524e-16 0.000000000000000000e+00 3.209293566159355524e-16 8.369204095384838308e-05 2.444707192484505071e-04 8.575927013372694127e-04
-7.500000000000000000e-01 1.250000000000000000e+00 2.812508132343172221e-13 0.000000000000000000e+00 2.812508132343172221e-13 4.821674773144575104e-05 1.960774677432892098e-04 1.316809316998818636e-03
-5.000000000000000000e-01 1.250000000000000000e+00 4.947283853564803556e-15 0.000000000000000000e+00 4.947283853564803556e-15 4.242930670520697731e-05 1.077476449292146302e-04 3.005870457012515943e-04
-2.500000000000000000e-01 1.250000000000000000e+00 3.089539307055716814e-13 0.000000000000000000e+00 3.089539307055716814e-13 5.597700162606454745e-05 1.246053974668432556e-04 3.268880966785515626e-04
0.000000000000000000e+00 1.250000000000000000e+00 1.951636906734919042e-08 0.000000000000000000e+00 1.951636906734919042e-08 1.071679575557855170e-04 3.189940566664570243e-04 1.268315084909004634e-03
2.500000000000000000e-01 1.250000000000000000e+00 5.001189533753176274e-04 0.000000000000000000e+00 5.001189533753176274e-04 2.146198788569223903e-04 5.069627454039472413e-04 1.375379575745750262e-03
5.000000000000000000e-01 1.250000000000000000e+00 1.775656646719261100e-01 8.935323161475478004e-02 8.821243305717132999e-02 6.493329604238381927e-04 2.898449509406133152e-03 2.637829050099294373e-02
7.500000000000000000e-01 1.250000000000000000e+00 1.602468079060178630e-01 0.000000000000000000e+00 1.602468079060178630e-01 1.704806661637274599e-03 3.586480596209629373e-03 5.605622744645775805e-03
1.000000000000000000e+00 1.250000000000000000e+00 2.205100846114464164e-01 0.000000000000000000e+00 2.205100846114464164e-01 5.181032360208316645e-03 1.212509765937605337e-02 2.402377364019002773e-02
1.250000000000000000e+00 1.250000000000000000e+00 3.952687276723045873e-01 1.989974874213245870e-01 1.962712402509800003e-01 1.412679527163290816e-02 3.894277068839870071e-02 7.997247314327862733e-02
1.500000000000000000e+00 1.250000000000000000e+00 5.405350092263959683e-01 2.659022376739243465e-01 2.746327715524716218e-01 4.042672269296497534e-02 8.398600763222517640e-02 1.174687633328275610e-01
1.750000000000000000e+00 1.250000000000000000e+00 7.401152929147871706e-01 5.836574337742989060e-01 1.564578591404882646e-01 9.505244744868525386e-02 1.780848186832427182e-01 2.032600031321425971e-01
2.000000000000000000e+00 1.250000000000000000e+00 8.414979943799295592e-01 7.582189657348349376e-01 8.327902864509462155e-02 1.750298068556709330e-01 2.600999504674590401e-01 2.444352835616344088e-01
-2.000000000000000000e+00 1.500000000000000000e+00 4.163963604254150019e-01 1.262378707044761739e-01 2.901584897209388281e-01 2.331774449495602544e-02 5.470240280517371656e-02 8.272938398815982142e-02
-1.750000000000000000e+00 1.500000000000000000e+00 2.235942563417059881e-01 0.000000000000000000e+00 2.235942563417059881e-01 4.343131115933603070e-03 1.159634256120565046e-02 2.141105708836723090e-02
-1.500000000000000000e+00 1.500000000000000000e+00 8.933260668976444885e-02 0.000000000000000000e+00 8.933260668976444885e-02 1.104896981167142501e-03 3.849767238956373818e-03 1.034339069750309613e-02
-1.250000000000000000e+00 1.500000000000000000e+00 4.113298464741644081e-04 0.000000000000000000e+00 4.113298464741644081e-04 2.504228140931717087e-04 7.990425963134145789e-04 2.492261740671789048e-03
-1.000000000000000000e+00 1.500000000000000000e+00 2.854289395017037439e-13 0.000000000000000000e+00 2.854289395017037439e-13 8.942988127304547894e-05 3.034355380963476559e-04 1.526497811383766522e-03
-7.500000000000000000e-01 1.500000000000000000e+00 1.417706777975588081e-11 0.000000000000000000e+00 1.417706777975588081e-11 4.776947146459980566e-05 1.610464249512746113e-04 6.144278735668680033e-04
-5.000000000000000000e-01 1.500000000000000000e+00 1.491505200378657101e-12 0.000000000000000000e+00 1.491505200378657101e-12 3.854558482753572124e-05 2.542960486101037277e-04 2.832557205880522570e-03
-2.500000000000000000e-01 1.500000000000000000e+00 3.799830492309754632e-10 0.000000000000000000e+00 3.799830492309754632e-10 5.549985122895148061e-05 2.529375517346893021e-04 2.598592277083239862e-03
0.000000000000000000e+00 1.500000000000000000e+00 7.838252041376512888e-13 0.000000000000000000e+00 7.838252041376512888e-13 8.757799046263853348e-05 3.123220122271028708e-04 1.598962797768300852e-03
2.500000000000000000e-01 1.500000000000000000e+00 1.276827304130864066e-04 0.000000000000000000e+00 1.276827304130864066e-04 2.342796057449191200e-04 5.709943966576916255e-04 1.415979123831688545e-03
5.000000000000000000e-01 1.500000000000000000e+00 1.261406585227263788e-01 0.000000000000000000e+00 1.261406585227263788e-01 7.003221546262421160e-04 1.605928304746121089e-03 3.125189552888703575e-03
7.500000000000000000e-01 1.500000000000000000e+00 1.625406301809794729e-01 0.000000000000000000e+00 1.625406301809794729e-01 1.992959221052964872e-03 4.893994356338747173e-03 1.609036831262668221e-02
1.000000000000000000e+00 1.500000000000000000e+00 2.393784627935193754e-01 1.262378707044760628e-01 1.131405920890433126e-01 6.045055535715940925e-03 1.709105101314185512e-02 4.536420646833684567e-02
1.250000000000000000e+00 1.500000000000000000e+00 3.778965680402708860e-01 1.262378707044761739e-01 2.516586973357947121e-01 1.815831348740960458e-02 4.491386336750369940e-02 7.885281064074473045e-02
1.500000000000000000e+00 1.500000000000000000e+00 6.074035262893944243e-01 2.659022376739259008e-01 3.415012886154685234e-01 5.394172893621429488e-02 1.071973632656425812e-01 1.249020036637152054e-01
1.750000000000000000e+00 1.500000000000000000e+00 8.034511060368627611e-01 5.946292962846695396e-01 2.088218097521932215e-01 1.088763223634946625e-01 1.905001409220025699e-01 2.045465826482721072e-01
2.000000000000000000e+00 1.500000000000000000e+00 8.565415772849893639e-01 8.000000000000013767e-01 5.654157728498798718e-02 1.974214970456325824e-01 2.823247008016493420e-01 2.519388099357207644e-01
-2.000000000000000000e+00 1.750000000000000000e+00 5.569634707414641284e-01 2.349808502835912527e-01 3.219826204578728479e-01 3.258050748696885573e-02 7.543725346900927164e-02 1.120515084157190366e-01
-1.750000000000000000e+00 1.750000000000000000e+00 2.868238497274863685e-01 0.000000000000000000e+00 2.868238497274863685e-01 7.186940558025030866e-03 1.964802921280745657e-02 3.641354094393947638e-02
-1.500000000000000000e+00 1.750000000000000000e+00 1.310468014187797237e-01 0.000000000000000000e+00 1.310468014187797237e-01 1.475097084661697441e-03 3.615423823080638789e-03 7.182776017226395748e-03
-1.250000000000000000e+00 1.750000000000000000e+00 5.060106275638814937e-07 0.000000000000000000e+00 5.060106275638814937e-07 3.830871533099141886e-04 1.256537343209635687e-03 3.678152758518840690e-03
-1.000000000000000000e+00 1.750000000000000000e+00 4.900562131077277904e-08 0.000000000000000000e+00 4.900562131077277904e-08 1.312958297826833970e-04 6.178792157189760999e-04 5.300665107171907177e-03
-7.500000000000000000e-01 1.750000000000000000e+00 8.065621580583071719e-14 0.000000000000000000e+00 8.065621580583071719e-14 6.688537542569070551e-05 1.761438023831825446e-04 5.928435734357151606e-04
-5.000000000000000000e-01 1.750000000000000000e+00 1.112636391103731768e-05 0.000000000000000000e+00 1.112636391103731768e-05 5.182094229493420108e-05 1.611801913629624212e-04 5.721813126766094873e-04
-2.500000000000000000e-01 1.750000000000000000e+00 6.306420223148186391e-13 0.000000000000000000e+00 6.306420223148186391e-13 5.767189913670933872e-05 1.681838614798947707e-04 5.951062566754600517e-04
0.000000000000000000e+00 1.750000000000000000e+00 8.935323159439112484e-02 0.000000000000000000e+00 8.935323159439112484e-02 1.122887544350240215e-04 1.185049421282704119e-03 1.917282641344996222e-02
2.500000000000000000e-01 1.750000000000000000e+00 8.518772167003176726e-05 0.000000000000000000e+00 8.518772167003176726e-05 2.323725943985083633e-04 6.045819531895553663e-04 1.652554808440330177e-03
5.000000000000000000e-01 1.750000000000000000e+00 1.342155998005109888e-02 0.000000000000000000e+00 1.342155998005109888e-02 7.487769917408482320e-04 1.990961335449206466e-03 8.186799311873540694e-03
7.500000000000000000e-01 1.750000000000000000e+00 1.540585036309863043e-01 0.000000000000000000e+00 1.540585036309863043e-01 2.541415455701637443e-03 7.443251116558149971e-03 2.335126741869591321e-02
1.000000000000000000e+00 1.750000000000000000e+00 2.590591204866429798e-01 0.000000000000000000e+00 2.590591204866429798e-01 6.981797498954923908e-03 1.763755189804063969e-02 3.558154686357693081e-02
1.250000000000000000e+00 1.750000000000000000e+00 3.721526602835891206e-01 1.544538766104624206e-01 2.176987836731267001e-01 2.295537025013603266e-02 5.356289263266718337e-02 8.456142937190003206e-02
1.500000000000000000e+00 1.750000000000000000e+00 6.593128484983838966e-01 4.895058733049085786e-01 1.698069751934753180e-01 6.648929681023273142e-02 1.405694627776342687e-01 1.801066635102334668e-01
1.750000000000000000e+00 1.750000000000000000e+00 7.473934280094564064e-01 6.000000000000000888e-01 1.473934280094563176e-01 1.171393718058777456e-01 1.977386381577629360e-01 2.093839193460919901e-01
2.000000000000000000e+00 1.750000000000000000e+00 8.924320292123477660e-01 8.364783320564818103e-01 5.595369715586595571e-02 2.275036371905596322e-01 3.050894950918815463e-01 2.618699198849233079e-01
-2.000000000000000000e+00 2.000000000000000000e+00 5.598051684946646622e-01 4.011782646156209498e-01 1.586269038790437125e-01 4.225357437438163888e-02 9.878468980957759438e-02 1.472705794698730419e-01
-1.750000000000000000e+00 2.000000000000000000e+00 3.093303489890755764e-01 8.935323161475478004e-02 2.199771173743207964e-01 9.813702505019263056e-03 2.621037826748060309e-02 5.049903065101287586e-02
-1.500000000000000000e+00 2.000000000000000000e+00 1.774287662316944014e-01 0.000000000000000000e+00 1.774287662316944014e-01 2.526881815937174081e-03 8.313072590798808656e-03 2.138940586097024671e-02
-1.250000000000000000e+00 2.000000000000000000e+00 2.578161120356747393e-03 0.000000000000000000e+00 2.578161120356747393e-03 6.883396270198788866e-04 2.123505255154933997e-03 5.718895094124496273e-03
-1.000000000000000000e+00 2.000000000000000000e+00 8.775769962110739619e-02 0.000000000000000000e+00 8.775769962110739619e-02 2.273223880500137696e-04 1.335138820614366860e-03 1.191212541489597605e-02
-7.500000000000000000e-01 2.000000000000000000e+00 8.943517164033534805e-02 0.000000000000000000e+00 8.943517164033534805e-02 1.078893013088893073e-04 9.642782282629433228e-04 9.544021429267109460e-03
-5.000000000000000000e-01 2.000000000000000000e+00 1.894906173807872414e-11 0.000000000000000000e+00 1.894906173807872414e-11 7.503157113832095704e-05 4.397917553218578255e-04 3.384213087504545775e-03
-2.500000000000000000e-01 2.000000000000000000e+00 1.659733555182676609e-07 0.000000000000000000e+00 1.659733555182676609e-07 9.053344666027447665e-05 3.118149050771859337e-04 1.407737216616966602e-03
0.000000000000000000e+00 2.000000000000000000e+00 2.069257675720158750e-11 0.000000000000000000e+00 2.069257675720158750e-11 1.423858204707089238e-04 3.437654964462913561e-04 8.481333304174661124e-04
2.500000000000000000e-01 2.000000000000000000e+00 5.303272682279928289e-05 0.000000000000000000e+00 5.303272682279928289e-05 3.333347159752854784e-04 1.362942680176580006e-03 1.107671829680578757e-02
5.000000000000000000e-01 2.000000000000000000e+00 1.170489576377141544e-01 0.000000000000000000e+00 1.170489576377141544e-01 8.122365290670392366e-04 1.931462809064489992e-03 3.643696915103809657e-03
7.500000000000000000e-01 2.000000000000000000e+00 1.870542431668494876e-01 0.000000000000000000e+00 1.870542431668494876e-01 2.631554587477936014e-03 6.971640360138410715e-03 1.680934737564734535e-02
1.000000000000000000e+00 2.000000000000000000e+00 2.527039842665082525e-01 0.000000000000000000e+00 2.527039842665082525e-01 8.053952061253491501e-03 2.244098852188469717e-02 3.947972776800225819e-02
1.250000000000000000e+00 2.000000000000000000e+00 4.651750365362529727e-01 8.935323161475478004e-02 3.758218049214981926e-01 2.214101310484420729e-02 5.086391239417233090e-02 7.500919341103605420e-02
1.500000000000000000e+00 2.000000000000000000e+00 6.219492818883912699e-01 4.275324549083954206e-01 1.944168269799958493e-01 6.377932610724457163e-02 1.284532418306409407e-01 1.630318521469717730e-01
1.750000000000000000e+00 2.000000000000000000e+00 8.037539211222900493e-01 6.769815359372783892e-01 1.267723851850116601e-01 1.348764994344018309e-01 2.159865287478767715e-01 2.069038879398650832e-01
2.000000000000000000e+00 2.000000000000000000e+00 8.906922251450000161e-01 8.613570688164154943e-01 2.933515632858452182e-02 2.283067206105396652e-01 3.084731065110796755e-01 2.549625131001200251e-01
-2.000000000000000000e+00 2.250000000000000000e+00 6.683313299375271965e-01 4.189701660023051333e-01 2.493611639352220632e-01 6.569871107863274606e-02 1.345051329920675942e-01 1.669363970129974228e-01
-1.750000000000000000e+00 2.250000000000000000e+00 4.170972264229572124e-01 1.544538766104628646e-01 2.626433498124943755e-01 1.849013124928379145e-02 4.702181535293199072e-02 7.981948917519023079e-02
-1.500000000000000000e+00 2.250000000000000000e+00 1.622999259245789805e-01 8.935323161475475229e-02 7.294669430982422820e-02 4.865456318761455373e-03 1.509326333290671347e-02 4.924685069020434680e-02
-1.250000000000000000e+00 2.250000000000000000e+00 4.281527529372742419e-02 0.000000000000000000e+00 4.281527529372742419e-02 1.120324336379037921e-03 3.463085281488734526e-03 9.923123332046335579e-03
-1.000000000000000000e+00 2.250000000000000000e+00 6.302665821854565135e-04 0.000000000000000000e+00 6.302665821854565135e-04 4.135350173936674294e-04 1.432357261399514869e-03 5.399922397238723394e-03
-7.500000000000000000e-01 2.250000000000000000e+00 1.556069313956550581e-07 0.000000000000000000e+00 1.556069313956550581e-07 1.728722615800667647e-04 4.721309944166304957e-04 1.406687399354935621e-03
-5.000000000000000000e-01 2.250000000000000000e+00 1.036768654481343005e-01 0.000000000000000000e+00 1.036768654481343005e-01 1.146033567317609661e-04 8.076999350517976477e-04 9.719541435133143004e-03
-2.500000000000000000e-01 2.250000000000000000e+00 8.323147077802657556e-02 0.000000000000000000e+00 8.323147077802657556e-02 1.232031401361524984e-04 7.832066956594091424e-04 7.020795392319343492e-03
0.000000000000000000e+00 2.250000000000000000e+00 1.974286859966234192e-04 0.000000000000000000e+00 1.974286859966234192e-04 1.858943426079455192e-04 7.355324717273813368e-04 3.576858212828321840e-03
2.500000000000000000e-01 2.250000000000000000e+00 5.532388559666012381e-03 0.000000000000000000e+00 5.532388559666012381e-03 3.282395012789231822e-04 1.304151982192319368e-03 6.862222260262324999e-03
5.000000000000000000e-01 2.250000000000000000e+00 1.225161222564360441e-01 0.000000000000000000e+00 1.225161222564360441e-01 9.648780039251503120e-04 3.444197227965899600e-03 1.385049240552001064e-02
7.500000000000000000e-01 2.250000000000000000e+00 2.573111517229178524e-01 8.935323161475473841e-02 1.679579201081631279e-01 2.995023218698088588e-03 1.123685089758808681e-02 3.450571562428966094e-02
1.000000000000000000e+00 2.250000000000000000e+00 3.137410011696524781e-01 0.000000000000000000e+00 3.137410011696524781e-01 8.767466503949668255e-03 2.648569377789566220e-02 5.464717253188835361e-02
1.250000000000000000e+00 2.250000000000000000e+00 4.860160444626396292e-01 2.349808502835913360e-01 2.510351941790482933e-01 2.507649080281314571e-02 6.573052628497419447e-02 1.050915648740075731e-01
1.500000000000000000e+00 2.250000000000000000e+00 6.595920766901359755e-01 5.102940328869208786e-01 1.492980438032150969e-01 6.951112301267352300e-02 1.420800575320367853e-01 1.797217578600222576e-01
1.750000000000000000e+00 2.250000000000000000e+00 7.937449176377543436e-01 6.681796165702769130e-01 1.255653010674774306e-01 1.316858941034555475e-01 2.204258271230473132e-01 2.245901707720698581e-01
2.000000000000000000e+00 2.250000000000000000e+00 9.181460884434887726e-01 8.613570688164151612e-01 5.678901962707361140e-02 2.358206611852170786e-01 3.138337580498942736e-01 2.740338301182078107e-01
-2.000000000000000000e+00 2.500000000000000000e+00 7.358672016506041524e-01 5.299962264016592206e-01 2.058709752489449318e-01 7.356766738379576231e-02 1.462711131660433261e-01 1.824629697826941899e-01
-1.750000000000000000e+00 2.500000000000000000e+00 4.409043921749511985e-01 2.509501942617301529e-01 1.899541979132210456e-01 2.476891722677996427e-02 6.424547996012917872e-02 1.086932496590707620e-01
-1.500000000000000000e+00 2.500000000000000000e+00 3.000523473667968677e-01 0.000000000000000000e+00 3.000523473667968677e-01 6.844702006585929970e-03 1.897093511624445283e-02 3.722067132554927882e-02
-1.250000000000000000e+00 2.500000000000000000e+00 1.991832986257877081e-01 8.935323161475471065e-02 1.098300670110329974e-01 2.008727871877766247e-03 7.434226326353144537e-03 3.703702525761758124e-02
-1.000000000000000000e+00 2.500000000000000000e+00 1.201679274463416519e-01 0.000000000000000000e+00 1.201679274463416519e-01 6.749024922354836123e-04 2.607843748780467631e-03 1.001198659060180060e-02
-7.500000000000000000e-01 2.500000000000000000e+00 2.243937206304707794e-03 0.000000000000000000e+00 2.243937206304707794e-03 2.668712085988168901e-04 1.664305965325402984e-03 9.293690864999048368e-03
-5.000000000000000000e-01 2.500000000000000000e+00 8.501697027674633145e-02 0.000000000000000000e+00 8.501697027674633145e-02 1.922727824709645733e-04 8.018815355453332884e-04 5.771945438475765792e-03
-2.500000000000000000e-01 2.500000000000000000e+00 8.932544871311333401e-02 0.000000000000000000e+00 8.932544871311333401e-02 1.680316094774015354e-04 9.939500806433196681e-04 6.624422291034205018e-03
0.000000000000000000e+00 2.500000000000000000e+00 1.174207964500042436e-08 0.000000000000000000e+00 1.174207964500042436e-08 2.233449456078308022e-04 9.076594185725870775e-04 6.877167503248271183e-03
2.500000000000000000e-01 2.500000000000000000e+00 8.935304818230828394e-02 0.000000000000000000e+00 8.935304818230828394e-02 4.801312803954705831e-04 1.691632021530080875e-03 4.879313404295999163e-03
5.000000000000000000e-01 2.500000000000000000e+00 8.944641162365712939e-02 0.000000000000000000e+00 8.944641162365712939e-02 1.045091851886730590e-03 3.694461022612263636e-03 1.185756405522023563e-02
7.500000000000000000e-01 2.500000000000000000e+00 2.569905272741779823e-01 0.000000000000000000e+00 2.569905272741779823e-01 3.226096584943996797e-03 9.795488281124344054e-03 2.439190011193674221e-02
1.000000000000000000e+00 2.500000000000000000e+00 3.344805176156976922e-01 0.000000000000000000e+00 3.344805176156976922e-01 8.732246217692727491e-03 2.665139390900782973e-02 5.432828799052327740e-02
1.250000000000000000e+00 2.500000000000000000e+00 5.131504360942477083e-01 1.989974874213241152e-01 3.141529486729235932e-01 2.545903535354675229e-02 6.872117771376955175e-02 1.058906992710259010e-01
1.500000000000000000e+00 2.500000000000000000e+00 6.367862941358529705e-01 4.598434516223984803e-01 1.769428425134544902e-01 7.107766925593492213e-02 1.448359170904144066e-01 1.805735918314259336e-01
1.750000000000000000e+00 2.500000000000000000e+00 7.943281371733235119e-01 7.101999718389164773e-01 8.412816533440703459e-02 1.340177788761277855e-01 2.281887332388010670e-01 2.424465333162180158e-01
2.000000000000000000e+00 2.500000000000000000e+00 9.055163191273145618e-01 8.467443533912667464e-01 5.877196573604781538e-02 2.165629869768811722e-01 3.007009525675585770e-01 2.521730821398166511e-01
-2.000000000000000000e+00 2.750000000000000000e+00 7.535793910243696603e-01 5.946292962846706498e-01 1.589500947396990105e-01 9.469027858392431440e-02 1.750620177425909196e-01 2.071232967970432215e-01
-1.750000000000000000e+00 2.750000000000000000e+00 4.981922120153366995e-01 2.349808502835918911e-01 2.632113617317448084e-01 2.983155523284268876e-02 7.170437209288303693e-02 1.077161022425721926e-01
-1.500000000000000000e+00 2.750000000000000000e+00 3.669642351526883894e-01 0.000000000000000000e+00 3.669642351526883894e-01 9.957879759030714359e-03 2.984754627361823828e-02 5.559794810537400239e-02
-1.250000000000000000e+00 2.750000000000000000e+00 1.527981945709322720e-01 0.000000000000000000e+00 1.527981945709322720e-01 3.161522096253143854e-03 1.005998134777913097e-02 2.299649080910193960e-02
-1.000000000000000000e+00 2.750000000000000000e+00 1.653342279878615984e-01 0.000000000000000000e+00 1.653342279878615984e-01 9.659681432925197684e-04 3.033227046429099599e-03 8.273008659406454884e-03
-7.500000000000000000e-01 2.750000000000000000e+00 1.271721587340227666e-01 0.000000000000000000e+00 1.271721587340227666e-01 5.001837657965707605e-04 1.821518187152899133e-03 9.130642903958728629e-03
-5.000000000000000000e-01 2.750000000000000000e+00 1.413957507798329905e-01 0.000000000000000000e+00 1.413957507798329905e-01 3.386786492588495087e-04 2.553261343067457934e-03 1.562225537763148146e-02
-2.500000000000000000e-01 2.750000000000000000e+00 2.287563711839962038e-09 0.000000000000000000e+00 2.287563711839962038e-09 2.786434332473081686e-04 1.971818185650743658e-03 2.201894448192160542e-02
0.000000000000000000e+00 2.750000000000000000e+00 8.935298525881441023e-02 8.935323161475478004e-02 -2.463559403698134531e-07 3.507448733963544271e-04 2.949102232151728717e-03 3.331201157962945802e-02
2.500000000000000000e-01 2.750000000000000000e+00 3.217544633897510137e-02 0.000000000000000000e+00 3.217544633897510137e-02 5.826692162035334438e-04 2.036791818650300363e-03 7.271617016991094480e-03
5.000000000000000000e-01 2.750000000000000000e+00 7.294736133695101099e-02 0.000000000000000000e+00 7.294736133695101099e-02 1.133268357844379338e-03 4.961526256946595034e-03 2.046144554521787604e-02
7.500000000000000000e-01 2.750000000000000000e+00 1.989240849998929750e-01 0.000000000000000000e+00 1.989240849998929750e-01 3.759775929805430489e-03 1.215301455892893803e-02 2.853881954854093489e-02
1.000000000000000000e+00 2.750000000000000000e+00 3.925034478999352983e-01 1.544538766104626426e-01 2.380495712894726557e-01 9.964229071434585472e-03 3.443907153058813758e-02 7.644408932316296146e-02
1.250000000000000000e+00 2.750000000000000000e+00 4.450333632355342739e-01 2.659022376739240134e-01 1.791311255616102605e-01 2.554093211128946952e-02 6.726800999704653228e-02 1.094223037167589424e-01
1.500000000000000000e+00 2.750000000000000000e+00 6.811963730186012533e-01 4.965641952456910646e-01 1.846321777729101887e-01 6.911763625561083424e-02 1.416958077167486119e-01 1.783353345528556066e-01
1.750000000000000000e+00 2.750000000000000000e+00 8.379597943063287202e-01 6.939740629158960283e-01 1.439857313904326919e-01 1.435216529471258218e-01 2.321829301693781877e-01 2.331635293239679441e-01
2.000000000000000000e+00 2.750000000000000000e+00 9.026818071861306692e-01 8.517182632772432038e-01 5.096354390888746533e-02 2.230779564289357142e-01 3.039647862830900382e-01 2.646188855619642233e-01
-2.000000000000000000e+00 3.000000000000000000e+00 7.611750169501736440e-01 6.207608235061257140e-01 1.404141934440479300e-01 1.039530225744536435e-01 1.848885071188705598e-01 2.128528647452817002e-01
-1.750000000000000000e+00 3.000000000000000000e+00 6.166992992301610910e-01 3.725801927102404543e-01 2.441191065199206367e-01 4.186310338659367247e-02 1.029965598340797511e-01 1.477970654474678180e-01
-1.500000000000000000e+00 3.000000000000000000e+00 3.877869795151715482e-01 1.544538766104625871e-01 2.333331029047089611e-01 1.387549314698087108e-02 3.914149225171449642e-02 7.375474717383695422e-02
-1.250000000000000000e+00 3.000000000000000000e+00 2.412952748683701854e-01 8.935323161475471065e-02 1.519420432536154886e-01 5.397366049557253062e-03 1.983067555067723892e-02 5.918134360640452118e-02
-1.000000000000000000e+00 3.000000000000000000e+00 1.723011507962209921e-01 8.935323161475473841e-02 8.294791918146625365e-02 1.909918472119203139e-03 8.361689335354000052e-03 3.545355366019369708e-02
-7.500000000000000000e-01 3.000000000000000000e+00 1.200746471401087090e-01 0.000000000000000000e+00 1.200746471401087090e-01 8.939276605488102921e-04 3.562493124391575075e-03 1.283536547147446499e-02
-5.000000000000000000e-01 3.000000000000000000e+00 7.265793603402402601e-02 0.000000000000000000e+00 7.265793603402402601e-02 5.862393047270464484e-04 2.774784773569403170e-03 1.396111474462969487e-02
-2.500000000000000000e-01 3.000000000000000000e+00 9.394053538304070194e-02 0.000000000000000000e+00 9.394053538304070194e-02 5.036171513031143920e-04 4.106779169938130046e-03 2.131251677989385793e-02
0.000000000000000000e+00 3.000000000000000000e+00 9.186212991086019353e-02 0.000000000000000000e+00 9.186212991086019353e-02 6.127854753326922831e-04 2.348195131625008172e-03 9.043661515275986523e-03
2.500000000000000000e-01 3.000000000000000000e+00 9.054248782506306437e-02 8.935323161475478004e-02 1.189256210308284323e-03 8.913406785591234012e-04 4.680245612428717526e-03 2.811960310648847425e-02
5.000000000000000000e-01 3.000000000000000000e+00 2.150526865379849273e-01 0.000000000000000000e+00 2.150526865379849273e-01 1.882244520646271903e-03 8.823452461014964776e-03 3.148798339680050629e-02
7.500000000000000000e-01 3.000000000000000000e+00 2.664607732785452821e-01 1.262378707044761739e-01 1.402229025740691082e-01 4.955582758472232979e-03 1.700136760683639003e-02 5.006285991797707752e-02
1.000000000000000000e+00 3.000000000000000000e+00 3.892333102674713774e-01 8.935323161475478004e-02 2.998800786527165974e-01 1.332602062707340454e-02 4.090156753337095830e-02 7.617865769529164055e-02
1.250000000000000000e+00 3.000000000000000000e+00 5.312312279974126250e-01 2.800000000000016365e-01 2.512312279974109885e-01 2.912648474514612645e-02 7.659914468155351597e-02 1.242300765262323442e-01
1.500000000000000000e+00 3.000000000000000000e+00 7.333172128505154319e-01 5.363431737236913355e-01 1.969740391268240964e-01 7.613742578460983013e-02 1.566848701432587976e-01 1.974646740993244998e-01
1.750000000000000000e+00 3.000000000000000000e+00 8.321308538955365375e-01 7.405511461067354473e-01 9.157970778880109020e-02 1.516453657657652609e-01 2.450812840564802753e-01 2.496218647306179539e-01
2.000000000000000000e+00 3.000000000000000000e+00 9.100190059487623939e-01 8.613570688164153832e-01 4.866193713234701068e-02 2.348353539940311041e-01 3.144043146260938615e-01 2.690829640352824237e-01
