# position velocity action_std action_loc_std action_std_diff action_mean_p_0 action_p_0_mean action_p_0_std
-2.000000000000000000e+00 -3.000000000000000000e+00 8.608758085447739683e-01 8.000000000000014877e-01 6.087580854477248060e-02 7.824337308478862552e-01 7.092960091996828309e-01 2.458398934555605653e-01
-1.750000000000000000e+00 -3.000000000000000000e+00 7.887154767788165932e-01 6.813046308370415138e-01 1.074108459417750794e-01 8.742360048166477604e-01 7.898222697002097448e-01 2.242007729472238475e-01
-1.500000000000000000e+00 -3.000000000000000000e+00 6.782788334762521743e-01 4.965641952456923969e-01 1.817146382305597774e-01 9.320825678135482573e-01 8.597669037694760652e-01 1.831787580889305544e-01
-1.250000000000000000e+00 -3.000000000000000000e+00 5.517507776369693362e-01 4.101901997854183746e-01 1.415605778515509616e-01 9.661570347162430350e-01 9.118248946574467606e-01 1.474727181429437151e-01
-1.000000000000000000e+00 -3.000000000000000000e+00 3.953737537138947156e-01 2.349808502835914192e-01 1.603929034303032963e-01 9.833279963905701138e-01 9.500212731734137828e-01 1.016097859569108086e-01
-7.500000000000000000e-01 -3.000000000000000000e+00 3.371252499004601666e-01 2.349808502835915858e-01 1.021443996168685808e-01 9.911149031410112498e-01 9.623350949598071802e-01 9.883918535868076172e-02
-5.000000000000000000e-01 -3.000000000000000000e+00 2.873955069468928092e-01 1.262378707044761461e-01 1.611576362424166631e-01 9.951802959143457583e-01 9.815009375444998518e-01 6.013050368077733215e-02
-2.500000000000000000e-01 -3.000000000000000000e+00 3.180634940796743249e-01 2.349808502835912249e-01 8.308264379608309991e-02 9.941689067866971152e-01 9.714663708321384927e-01 9.408584173986060673e-02
0.000000000000000000e+00 -3.000000000000000000e+00 2.894997298291870913e-01 1.544538766104625316e-01 1.350458532187245597e-01 9.928250417093947844e-01 9.743628358289470048e-01 6.609474615668793629e-02
2.500000000000000000e-01 -3.000000000000000000e+00 3.863611761854461868e-01 2.509501942617309855e-01 1.354109819237152013e-01 9.858473760321884161e-01 9.563766470830239452e-01 1.006923343483160926e-01
5.000000000000000000e-01 -3.000000000000000000e+00 5.007558424989171364e-01 3.725801927102404543e-01 1.281756497886766821e-01 9.689656166969865536e-01 9.251359160924867986e-01 1.335706636970271921e-01
7.500000000000000000e-01 -3.000000000000000000e+00 6.751972659685918643e-01 5.235417843878389377e-01 1.516554815807529266e-01 9.236636361650445437e-01 8.547107403159198702e-01 1.805084962000614857e-01
1.000000000000000000e+00 -3.000000000000000000e+00 8.236034010785567849e-01 7.218974996493623397e-01 1.017059014291944452e-01 8.371859886248311788e-01 7.643424812030094051e-01 2.242301526017820845e-01
1.250000000000000000e+00 -3.000000000000000000e+00 9.180601698628199081e-01 8.920179370393822582e-01 2.604223282343764989e-02 7.252954218755789384e-01 6.620006866948862090e-01 2.610152293530932366e-01
1.500000000000000000e+00 -3.000000000000000000e+00 9.660208912292121974e-01 9.763933633531135525e-01 -1.037247212390135509e-02 6.122356622234245149e-01 5.784363304290479624e-01 2.841180780543901552e-01
1.750000000000000000e+00 -3.000000000000000000e+00 9.590744651245712848e-01 9.961204746414961120e-01 -3.704600951692482713e-02 4.543412906945152874e-01 4.691113313850787669e-01 2.853989736013568534e-01
2.000000000000000000e+00 -3.000000000000000000e+00 9.636339869836557659e-01 9.754998718605792929e-01 -1.186588487692352700e-02 3.918639344651755896e-01 4.293336326237093270e-01 2.786492566894250289e-01
-2.000000000000000000e+00 -2.750000000000000000e+00 8.666514132743151633e-01 7.683749084919433425e-01 9.827650478237182075e-02 8.149195070652859307e-01 7.315284614259481843e-01 2.448799162868512957e-01
-1.750000000000000000e+00 -2.750000000000000000e+00 7.302344767668751402e-01 5.487294415283328064e-01 1.815050352385423338e-01 9.000521235941776332e-01 8.244132209834749148e-01 2.072560096586814338e-01
-1.500000000000000000e+00 -2.750000000000000000e+00 4.972241778675171586e-01 3.060980235153447637e-01 1.911261543521723949e-01 9.578104855658458039e-01 9.050701068083282230e-01 1.369689065377482085e-01
-1.250000000000000000e+00 -2.750000000000000000e+00 4.481554234552299620e-01 1.781684596105612139e-01 2.699869638446687481e-01 9.845678214004177642e-01 9.524326299466572276e-01 9.367467155145385582e-02
-1.000000000000000000e+00 -2.750000000000000000e+00 2.732232804202732179e-01 1.544538766104622540e-01 1.187694038098109639e-01 9.929060486061933588e-01 9.702107185714102799e-01 7.917964160227253245e-02
-7.500000000000000000e-01 -2.750000000000000000e+00 2.915845529250744028e-01 1.781684596105609086e-01 1.134160933145134942e-01 9.964999761366781783e-01 9.801279811805592157e-01 7.116858678993510934e-02
-5.000000000000000000e-01 -2.750000000000000000e+00 2.857239490658960990e-01 1.262378707044760906e-01 1.594860783614200084e-01 9.977489297627949449e-01 9.887918205370833657e-01 5.010102041778424081e-02
-2.500000000000000000e-01 -2.750000000000000000e+00 2.089994295099137922e-01 1.544538766104626426e-01 5.454555289945114960e-02 9.977579703808920897e-01 9.859097281611770569e-01 6.940112563673889179e-02
0.000000000000000000e+00 -2.750000000000000000e+00 2.508375675934571003e-01 1.262378707044761739e-01 1.245996968889809264e-01 9.962338326846679193e-01 9.845589716120247692e-01 4.657642389895802482e-02
2.500000000000000000e-01 -2.750000000000000000e+00 2.727969154889362535e-01 8.935323161475476617e-02 1.834436838741814735e-01 9.936214564133341032e-01 9.780615206069190881e-01 5.340349594660049465e-02
5.000000000000000000e-01 -2.750000000000000000e+00 3.690293697533819084e-01 1.781684596105608531e-01 1.908609101428210553e-01 9.807561818505846629e-01 9.488975354838662390e-01 9.310209831411847547e-02
7.500000000000000000e-01 -2.750000000000000000e+00 6.211275856263377415e-01 3.624582734605459322e-01 2.586693121657918093e-01 9.513260118397766085e-01 8.969719201343903103e-01 1.447880761572359620e-01
1.000000000000000000e+00 -2.750000000000000000e+00 7.605039322851506745e-01 5.665897987080251719e-01 1.939141335771255026e-01 8.880313800931231016e-01 8.127735630006487355e-01 1.912920876799654168e-01
1.250000000000000000e+00 -2.750000000000000000e+00 9.021193503372597622e-01 8.683225207260248935e-01 3.379682961123486873e-02 7.520860988663019553e-01 6.784161821289352856e-01 2.594252031822581461e-01
1.500000000000000000e+00 -2.750000000000000000e+00 9.502790043157204325e-01 9.843901665498256959e-01 -3.411116223410526338e-02 5.866335292209440277e-01 5.617157165802836305e-01 2.792240048678912290e-01
1.750000000000000000e+00 -2.750000000000000000e+00 9.566876754493820467e-01 9.974046320325533621e-01 -4.071695658317131539e-02 4.542697107431266645e-01 4.694463329932056506e-01 2.832460210739196627e-01
2.000000000000000000e+00 -2.750000000000000000e+00 9.382990462934803766e-01 9.526720317087125078e-01 -1.437298541523213125e-02 3.579000483479241601e-01 3.960355666273641662e-01 2.741181485326464884e-01
-2.000000000000000000e+00 -2.500000000000000000e+00 8.375809419209112594e-01 6.769815359372783892e-01 1.605994059836328702e-01 8.422638055521953770e-01 7.655328551992998110e-01 2.232872442075083674e-01
-1.750000000000000000e+00 -2.500000000000000000e+00 6.785021781144748854e-01 4.895058733049088562e-01 1.889963048095660292e-01 9.272608113529205998e-01 8.583925737172691806e-01 1.797938124904019663e-01
-1.500000000000000000e+00 -2.500000000000000000e+00 5.673556088802054198e-01 3.182703253525230869e-01 2.490852835276823329e-01 9.708290575680720291e-01 9.216045883187001797e-01 1.301759022045783087e-01
-1.250000000000000000e+00 -2.500000000000000000e+00 3.659721568781569845e-01 1.544538766104623928e-01 2.115182802676945917e-01 9.901338086736999333e-01 9.634460086875356044e-01 8.250618645037388621e-02
-1.000000000000000000e+00 -2.500000000000000000e+00 3.055717096037174341e-01 8.935323161475473841e-02 2.162184779889627095e-01 9.963452042339298043e-01 9.833830344052232331e-01 5.430467300979326811e-02
-7.500000000000000000e-01 -2.500000000000000000e+00 1.562297607215866468e-01 0.000000000000000000e+00 1.562297607215866468e-01 9.984907363764925492e-01 9.937559949573626650e-01 1.825824625502405971e-02
-5.000000000000000000e-01 -2.500000000000000000e+00 1.748305367285885314e-01 0.000000000000000000e+00 1.748305367285885314e-01 9.988637830416522423e-01 9.929660357564167317e-01 2.591204037979639302e-02
-2.500000000000000000e-01 -2.500000000000000000e+00 1.275552329724270462e-01 8.935323161475475229e-02 3.820200135767229388e-02 9.988509156825465807e-01 9.937424012594634481e-01 3.337969638344143175e-02
0.000000000000000000e+00 -2.500000000000000000e+00 1.988288214552573763e-01 0.000000000000000000e+00 1.988288214552573763e-01 9.982570917647831665e-01 9.927707253940721843e-01 2.441940459234692717e-02
2.500000000000000000e-01 -2.500000000000000000e+00 1.361869985595221266e-01 0.000000000000000000e+00 1.361869985595221266e-01 9.960273807657503697e-01 9.859495306380701152e-01 3.906116522111857670e-02
5.000000000000000000e-01 -2.500000000000000000e+00 3.487185585271553867e-01 1.262378707044762294e-01 2.224806878226791573e-01 9.872385425643105394e-01 9.617559959903558831e-01 7.826474409631001272e-02
7.500000000000000000e-01 -2.500000000000000000e+00 5.006941185523062776e-01 3.299454500368193544e-01 1.707486685154869233e-01 9.662837351158901633e-01 9.215046718673718384e-01 1.285732161929257211e-01
1.000000000000000000e+00 -2.500000000000000000e+00 7.769489232533073331e-01 5.607280981010314136e-01 2.162208251522759195e-01 8.908666739139254886e-01 8.197657935580600075e-01 1.936705111739667196e-01
1.250000000000000000e+00 -2.500000000000000000e+00 8.782110211313282067e-01 8.284926070883213978e-01 4.971841404300680889e-02 7.562738358409565320e-01 6.927741205068064234e-01 2.440313412868889975e-01
1.500000000000000000e+00 -2.500000000000000000e+00 9.562369481165674534e-01 9.697752316903088809e-01 -1.353828357374142755e-02 6.102419426846246164e-01 5.799401932819009398e-01 2.706382868770401684e-01
1.750000000000000000e+00 -2.500000000000000000e+00 9.573583013088288185e-01 9.843901665498256959e-01 -2.703186524099687738e-02 4.343798844849502405e-01 4.534540486986634589e-01 2.746281976382576318e-01
2.000000000000000000e+00 -2.500000000000000000e+00 9.255978657556530598e-01 9.282327294380444682e-01 -2.634863682391408446e-03 3.063561544853052876e-01 3.651837282817294028e-01 2.639430313068995004e-01
-2.000000000000000000e+00 -2.250000000000000000e+00 8.093422306258643006e-01 6.855771291401122625e-01 1.237651014857520382e-01 8.654491330119135073e-01 7.879366030800099008e-01 2.099566247777779893e-01
-1.750000000000000000e+00 -2.250000000000000000e+00 6.303706122009781199e-01 4.358898943540696624e-01 1.944807178469084574e-01 9.497888920743685626e-01 8.909098517300163556e-01 1.543740855132932077e-01
-1.500000000000000000e+00 -2.250000000000000000e+00 3.898491992943842188e-01 1.781684596105608531e-01 2.116807396838233657e-01 9.831989184979705865e-01 9.535587722452713022e-01 8.759642503732137375e-02
-1.250000000000000000e+00 -2.250000000000000000e+00 3.042868030495478049e-01 1.262378707044762016e-01 1.780489323450716033e-01 9.939138703471660508e-01 9.735425118271520128e-01 7.095122837443527952e-02
-1.000000000000000000e+00 -2.250000000000000000e+00 1.940363355317592242e-01 1.262378707044761739e-01 6.779846482728305035e-02 9.979784659814132652e-01 9.886811163949050796e-01 4.729039525553961620e-02
-7.500000000000000000e-01 -2.250000000000000000e+00 8.935316414395340356e-02 0.000000000000000000e+00 8.935316414395340356e-02 9.990248339153733337e-01 9.938238930755826095e-01 2.692429668195803205e-02
-5.000000000000000000e-01 -2.250000000000000000e+00 1.540904979001103403e-01 0.000000000000000000e+00 1.540904979001103403e-01 9.993298026200262418e-01 9.955373749034069908e-01 1.919170020958532730e-02
-2.500000000000000000e-01 -2.250000000000000000e+00 1.212320245881613329e-01 0.000000000000000000e+00 1.212320245881613329e-01 9.993046539633387848e-01 9.956850471245165535e-01 2.546969601202633479e-02
0.000000000000000000e+00 -2.250000000000000000e+00 1.527418186076163753e-01 8.935323161475478004e-02 6.338858699286159526e-02 9.988336293720534442e-01 9.928724949402544242e-01 4.552200362469794453e-02
2.500000000000000000e-01 -2.250000000000000000e+00 1.993432171191808766e-01 1.262378707044760628e-01 7.310534641470481376e-02 9.973850392012584276e-01 9.899468809592751883e-01 4.302578923069840661e-02
5.000000000000000000e-01 -2.250000000000000000e+00 2.980954074942175347e-01 0.000000000000000000e+00 2.980954074942175347e-01 9.909975370256114413e-01 9.758335248092008252e-01 4.658826899738481575e-02
7.500000000000000000e-01 -2.250000000000000000e+00 4.888480184704870335e-01 1.781684596105612417e-01 3.106795588599258195e-01 9.688722700805301180e-01 9.285053382060034499e-01 1.063124181740182778e-01
1.000000000000000000e+00 -2.250000000000000000e+00 6.615819913184317613e-01 4.749736834815153630e-01 1.866083078369163983e-01 9.132962720322655992e-01 8.475824732318008037e-01 1.749864632905402118e-01
1.250000000000000000e+00 -2.250000000000000000e+00 8.873791327846018984e-01 8.416650165000304495e-01 4.571411628457144882e-02 7.671633501783060582e-01 6.961400822274192990e-01 2.539189795162564156e-01
1.500000000000000000e+00 -2.250000000000000000e+00 9.500727388267536933e-01 9.877570551507082186e-01 -3.768431632395452535e-02 5.796899643855683015e-01 5.563381767691389923e-01 2.820567244489927128e-01
1.750000000000000000e+00 -2.250000000000000000e+00 9.609607286614634258e-01 9.883804935347552112e-01 -2.741976487329178536e-02 4.079511020159414802e-01 4.394514821197320065e-01 2.849031492016718681e-01
2.000000000000000000e+00 -2.250000000000000000e+00 9.119624882441278446e-01 9.359999999999955023e-01 -2.403751175586765765e-02 3.109107796918090250e-01 3.706548188592138082e-01 2.753977023234681076e-01
-2.000000000000000000e+00 -2.000000000000000000e+00 7.592691740276015233e-01 6.257795138864781226e-01 1.334896601411234007e-01 8.919257103633041472e-01 8.104997725879926618e-01 2.105479585630127548e-01
-1.750000000000000000e+00 -2.000000000000000000e+00 5.476640857966328380e-01 3.919183588453077904e-01 1.557457269513250475e-01 9.554249136791137520e-01 9.002502764594195739e-01 1.479614862712065326e-01
-1.500000000000000000e+00 -2.000000000000000000e+00 3.702381735761238746e-01 1.989974874213240041e-01 1.712406861547998704e-01 9.868381006903887975e-01 9.612018573133989108e-01 8.572221748759148441e-02
-1.250000000000000000e+00 -2.000000000000000000e+00 2.814054305195100025e-01 1.544538766104630034e-01 1.269515539090469991e-01 9.956589976166251299e-01 9.827057674644006369e-01 5.796769155204568869e-02
-1.000000000000000000e+00 -2.000000000000000000e+00 1.247651228995447642e-01 0.000000000000000000e+00 1.247651228995447642e-01 9.983457039127572319e-01 9.917869091920344937e-01 2.988581030320467888e-02
-7.500000000000000000e-01 -2.000000000000000000e+00 9.206494133601762775e-02 0.000000000000000000e+00 9.206494133601762775e-02 9.993521009852409653e-01 9.970005677731235139e-01 1.340514686855893631e-02
-5.000000000000000000e-01 -2.000000000000000000e+00 8.926687560844365210e-02 0.000000000000000000e+00 8.926687560844365210e-02 9.995092245684422672e-01 9.974905354994144657e-01 1.102191505802115057e-02
-2.500000000000000000e-01 -2.000000000000000000e+00 9.985680634218939422e-02 0.000000000000000000e+00 9.985680634218939422e-02 9.994213517745856867e-01 9.974960796126307594e-01 8.422340854213013206e-03
0.000000000000000000e+00 -2.000000000000000000e+00 1.544023300038470103e-01 0.000000000000000000e+00 1.544023300038470103e-01 9.991003457224515438e-01 9.966674284106119552e-01 1.252207330451095973e-02
2.500000000000000000e-01 -2.000000000000000000e+00 1.653198662172512823e-01 0.000000000000000000e+00 1.653198662172512823e-01 9.978078193876435131e-01 9.940788561415188074e-01 1.405857290497011455e-02
5.000000000000000000e-01 -2.000000000000000000e+00 2.418206755548010789e-01 1.262378707044761739e-01 1.155828048503249050e-01 9.925281947396660254e-01 9.777283683504148781e-01 5.982037145328883421e-02
7.500000000000000000e-01 -2.000000000000000000e+00 4.183225984891244531e-01 1.989974874213244482e-01 2.193251110678000049e-01 9.723351465142069383e-01 9.407076233782868391e-01 9.290441562926467223e-02
1.000000000000000000e+00 -2.000000000000000000e+00 6.951272257517325803e-01 5.363431737236923347e-01 1.587840520280402457e-01 9.048476538708853933e-01 8.354752234931112076e-01 1.852511425923940303e-01
1.250000000000000000e+00 -2.000000000000000000e+00 8.689470738032399888e-01 8.029844332239560734e-01 6.596264057928391544e-02 7.857164279927230099e-01 7.143782016456989847e-01 2.375370611212229977e-01
1.500000000000000000e+00 -2.000000000000000000e+00 9.596500379712733508e-01 9.984307687566555956e-01 -3.878073078538224472e-02 5.275678536278639585e-01 5.192944326912238839e-01 2.751707658313299887e-01
1.750000000000000000e+00 -2.000000000000000000e+00 9.446287578592975631e-01 9.611576353543699325e-01 -1.652887749507236936e-02 3.668027616015053227e-01 4.074967432525045119e-01 2.750495661556445759e-01
2.000000000000000000e+00 -2.000000000000000000e+00 9.037760625603582509e-01 8.637036528810091429e-01 4.007240967934910802e-02 2.575016741571332646e-01 3.197294445280731146e-01 2.550334553096005874e-01
-2.000000000000000000e+00 -1.750000000000000000e+00 6.869661272914469041e-01 4.520353968440960490e-01 2.349307304473508551e-01 9.071916222594121892e-01 8.427492782299985663e-01 1.705524586213602589e-01
-1.750000000000000000e+00 -1.750000000000000000e+00 5.035636609517465390e-01 2.933666647729430421e-01 2.101969961788034968e-01 9.596689668920292959e-01 9.134123280840927839e-01 1.195636810470031980e-01
-1.500000000000000000e+00 -1.750000000000000000e+00 3.606077609656391791e-01 1.262378707044761739e-01 2.343698902611630053e-01 9.877206212940043972e-01 9.653734846609065556e-01 7.054519723584753987e-02
-1.250000000000000000e+00 -1.750000000000000000e+00 2.273551392804549487e-01 0.000000000000000000e+00 2.273551392804549487e-01 9.962174474270789615e-01 9.885772810655069076e-01 3.090908205827293947e-02
-1.000000000000000000e+00 -1.750000000000000000e+00 1.124457700540701238e-01 0.000000000000000000e+00 1.124457700540701238e-01 9.984901640862257066e-01 9.940379970686070710e-01 1.758611261210018747e-02
-7.500000000000000000e-01 -1.750000000000000000e+00 1.787237388197612797e-01 1.262378707044761739e-01 5.248586811528510587e-02 9.993056263688596674e-01 9.949235629142292314e-01 4.007653888900011147e-02
-5.000000000000000000e-01 -1.750000000000000000e+00 5.552872062316729397e-03 0.000000000000000000e+00 5.552872062316729397e-03 9.995323838641089198e-01 9.971655907178440525e-01 1.757575678548738141e-02
-2.500000000000000000e-01 -1.750000000000000000e+00 1.287841675103569561e-01 0.000000000000000000e+00 1.287841675103569561e-01 9.994404247532547858e-01 9.968724485745521502e-01 2.082599515985579172e-02
0.000000000000000000e+00 -1.750000000000000000e+00 9.830446813526842742e-02 0.000000000000000000e+00 9.830446813526842742e-02 9.988205102060913054e-01 9.965996700137289555e-01 1.019781754541467661e-02
2.500000000000000000e-01 -1.750000000000000000e+00 1.784773713389538330e-01 0.000000000000000000e+00 1.784773713389538330e-01 9.973467116038039482e-01 9.938559907920337944e-01 1.775503982054547555e-02
5.000000000000000000e-01 -1.750000000000000000e+00 2.550085234306211923e-01 0.000000000000000000e+00 2.550085234306211923e-01 9.917043826885100222e-01 9.821357953261186102e-01 3.022222191172534850e-02
7.500000000000000000e-01 -1.750000000000000000e+00 4.234197967821720088e-01 8.935323161475476617e-02 3.340665651674172287e-01 9.707280079819978758e-01 9.424513380503065640e-01 7.423544301391848954e-02
1.000000000000000000e+00 -1.750000000000000000e+00 7.654677185267765305e-01 5.299962264016575553e-01 2.354714921251189752e-01 8.960361335442326158e-01 8.266125174825016408e-01 1.828953517374736493e-01
1.250000000000000000e+00 -1.750000000000000000e+00 8.747526298103195375e-01 8.284926070883212867e-01 4.626002272199825072e-02 7.663477485678630297e-01 6.996291935039866683e-01 2.351421942561918998e-01
1.500000000000000000e+00 -1.750000000000000000e+00 9.598724510132001786e-01 9.937082066683345927e-01 -3.383575565513441408e-02 5.558655514668214837e-01 5.380879378992863282e-01 2.671776399926062417e-01
1.750000000000000000e+00 -1.750000000000000000e+00 9.469768021383788703e-01 9.754998718605791819e-01 -2.852306972220031156e-02 3.989510269340264537e-01 4.267898451831083073e-01 2.726954835069239635e-01
2.000000000000000000e+00 -1.750000000000000000e+00 8.819135169152235720e-01 8.442179813294677926e-01 3.769553558575577945e-02 2.332016420244181765e-01 3.020038705654241595e-01 2.439858174236407551e-01
-2.000000000000000000e+00 -1.500000000000000000e+00 7.718531598427110785e-01 5.169758214849120570e-01 2.548773383577990215e-01 8.898631279726538779e-01 8.233241043412534710e-01 1.828188687597783468e-01
-1.750000000000000000e+00 -1.500000000000000000e+00 5.594233582282739370e-01 2.659022376739249016e-01 2.935211205543490354e-01 9.615885894228717312e-01 9.172512183179254430e-01 1.183486946679315893e-01
-1.500000000000000000e+00 -1.500000000000000000e+00 3.409168348612749422e-01 8.935323161475473841e-02 2.515636032465202176e-01 9.876324861401001298e-01 9.703605976648936871e-01 5.556201630562238730e-02
-1.250000000000000000e+00 -1.500000000000000000e+00 2.762250404870398302e-01 8.935323161475473841e-02 1.868718088722851056e-01 9.956819930037148492e-01 9.855301698855092329e-01 4.436780371801291728e-02
-1.000000000000000000e+00 -1.500000000000000000e+00 1.012291664637012256e-01 0.000000000000000000e+00 1.012291664637012256e-01 9.985247472144010983e-01 9.953785740164168283e-01 1.536342626334933313e-02
-7.500000000000000000e-01 -1.500000000000000000e+00 9.198480461603475433e-02 0.000000000000000000e+00 9.198480461603475433e-02 9.991187948576654154e-01 9.967007857227178080e-01 1.173322657645419972e-02
-5.000000000000000000e-01 -1.500000000000000000e+00 8.932374710464333067e-02 0.000000000000000000e+00 8.932374710464333067e-02 9.993873740008044626e-01 9.979411266699581562e-01 8.460397391445252657e-03
-2.500000000000000000e-01 -1.500000000000000000e+00 1.441563123826201387e-01 0.000000000000000000e+00 1.441563123826201387e-01 9.992328574326375668e-01 9.976964784552707632e-01 6.645038932433065468e-03
0.000000000000000000e+00 -1.500000000000000000e+00 1.264925613101443025e-01 0.000000000000000000e+00 1.264925613101443025e-01 9.985037943075211198e-01 9.964926968662326523e-01 1.056752763163040440e-02
2.500000000000000000e-01 -1.500000000000000000e+00 1.698647476134346190e-01 0.000000000000000000e+00 1.698647476134346190e-01 9.962425266943191193e-01 9.924283918763280310e-01 1.767984637715716567e-02
5.000000000000000000e-01 -1.500000000000000000e+00 2.431003910481872032e-01 0.000000000000000000e+00 2.431003910481872032e-01 9.876221457474725351e-01 9.787305741537780657e-01 2.683488683137194228e-02
7.500000000000000000e-01 -1.500000000000000000e+00 5.124373821864088852e-01 2.177705214210587381e-01 2.946668607653501470e-01 9.590359983101339747e-01 9.225226933303402044e-01 9.957640070592106707e-02
1.000000000000000000e+00 -1.500000000000000000e+00 7.577286041772460790e-01 5.034918072819053458e-01 2.542367968953407331e-01 8.856387637333236196e-01 8.193725993559088927e-01 1.777933143643611880e-01
1.250000000000000000e+00 -1.500000000000000000e+00 9.369349115245397819e-01 9.182505104817564323e-01 1.868440104278334957e-02 7.009231027331553898e-01 6.432352346950656052e-01 2.529153952347589218e-01
1.500000000000000000e+00 -1.500000000000000000e+00 9.671189902600300092e-01 9.999919999679972582e-01 -3.287300970796724897e-02 5.114899617631653017e-01 5.041124241501359071e-01 2.801414991990646697e-01
1.750000000000000000e+00 -1.500000000000000000e+00 9.399149418429521008e-01 9.329523031752521289e-01 6.962638667699971862e-03 3.193116770713276820e-01 3.722689307508350032e-01 2.697315476914983745e-01
2.000000000000000000e+00 -1.500000000000000000e+00 8.471262034651786399e-01 8.146164741766518391e-01 3.250972928852680077e-02 2.046380070360159509e-01 2.805416817144552044e-01 2.429222072570268454e-01
-2.000000000000000000e+00 -1.250000000000000000e+00 7.560089990966429863e-01 4.598434516223980362e-01 2.961655474742449501e-01 9.041457053028149060e-01 8.436820687464420265e-01 1.670010372399707566e-01
-1.750000000000000000e+00 -1.250000000000000000e+00 5.039459597381540368e-01 2.349808502835912805e-01 2.689651094545627563e-01 9.618445172723943948e-01 9.242319590208960545e-01 1.004629197552507486e-01
-1.500000000000000000e+00 -1.250000000000000000e+00 2.852013914362947489e-01 0.000000000000000000e+00 2.852013914362947489e-01 9.870639422042094546e-01 9.716570553954936296e-01 4.885777873773516217e-02
-1.250000000000000000e+00 -1.250000000000000000e+00 1.700096722553228468e-01 0.000000000000000000e+00 1.700096722553228468e-01 9.946622565847462738e-01 9.874059324312333130e-01 2.798362078441114439e-02
-1.000000000000000000e+00 -1.250000000000000000e+00 9.698535794512579133e-02 0.000000000000000000e+00 9.698535794512579133e-02 9.978613256679943477e-01 9.929710624037215716e-01 2.756803720604215566e-02
-7.500000000000000000e-01 -1.250000000000000000e+00 1.512128335881664787e-01 0.000000000000000000e+00 1.512128335881664787e-01 9.985954564586367876e-01 9.954543733102398928e-01 1.692679198193170961e-02
-5.000000000000000000e-01 -1.250000000000000000e+00 1.262798876827339045e-01 0.000000000000000000e+00 1.262798876827339045e-01 9.988089087015495915e-01 9.958661408614215560e-01 2.099352882450525662e-02
-2.500000000000000000e-01 -1.250000000000000000e+00 9.819556727380896952e-04 0.000000000000000000e+00 9.819556727380896952e-04 9.986140829207247327e-01 9.958709344061406066e-01 1.860051476895964798e-02
0.000000000000000000e+00 -1.250000000000000000e+00 1.228423572790404289e-01 0.000000000000000000e+00 1.228423572790404289e-01 9.973814590332943375e-01 9.955519064983060495e-01 7.978205537956393339e-03
2.500000000000000000e-01 -1.250000000000000000e+00 2.241466126121123281e-01 0.000000000000000000e+00 2.241466126121123281e-01 9.936675227227393936e-01 9.900696984197864259e-01 1.186918676752078336e-02
5.000000000000000000e-01 -1.250000000000000000e+00 3.430576007817028317e-01 0.000000000000000000e+00 3.430576007817028317e-01 9.805606898886879419e-01 9.654976195313508258e-01 4.548602019818983461e-02
7.500000000000000000e-01 -1.250000000000000000e+00 5.404317243225346123e-01 2.509501942617303194e-01 2.894815300608042929e-01 9.424409528985528972e-01 9.013334834022999065e-01 1.084798693486602877e-01
1.000000000000000000e+00 -1.250000000000000000e+00 7.670074316343363785e-01 5.607280981010314136e-01 2.062793335333049649e-01 8.660383270747497031e-01 8.032059888902722822e-01 1.798945976531610424e-01
1.250000000000000000e+00 -1.250000000000000000e+00 9.075330864849909807e-01 8.879189152169248977e-01 1.961417126806608291e-02 7.158731959036664927e-01 6.634474368103300268e-01 2.457403089180696942e-01
1.500000000000000000e+00 -1.250000000000000000e+00 9.692587151862779304e-01 9.994878688608480610e-01 -3.022915367457013058e-02 4.907006075585057525e-01 4.901987626280564503e-01 2.805959231336318527e-01
1.750000000000000000e+00 -1.250000000000000000e+00 9.295525319620459026e-01 9.129819275319706051e-01 1.657060443007529749e-02 3.269663878105674160e-01 3.733330404003033509e-01 2.590788700438277359e-01
2.000000000000000000e+00 -1.250000000000000000e+00 8.857043145223293390e-01 8.637036528810091429e-01 2.200066164132019608e-02 2.518484884402786839e-01 3.208188405403067933e-01 2.593251536672864788e-01
-2.000000000000000000e+00 -1.000000000000000000e+00 7.176589829212375315e-01 5.034918072819052348e-01 2.141671756393322967e-01 9.019351530072511336e-01 8.318083065904061657e-01 1.831136110658747596e-01
-1.750000000000000000e+00 -1.000000000000000000e+00 5.396999270636775314e-01 2.933666647729433197e-01 2.463332622907342118e-01 9.511835756490143456e-01 9.117295281136695850e-01 1.213077973791272940e-01
-1.500000000000000000e+00 -1.000000000000000000e+00 3.524299149016736354e-01 1.262378707044761739e-01 2.261920441971974616e-01 9.802736839254703183e-01 9.585910006197629896e-01 7.045829364862785105e-02
-1.250000000000000000e+00 -1.000000000000000000e+00 2.842832178542986643e-01 0.000000000000000000e+00 2.842832178542986643e-01 9.918677672561367897e-01 9.806213621101204092e-01 4.259243177032034228e-02
-1.000000000000000000e+00 -1.000000000000000000e+00 2.142300180476940930e-01 0.000000000000000000e+00 2.142300180476940930e-01 9.952964752471383791e-01 9.896777606440922970e-01 2.430537834426107005e-02
-7.500000000000000000e-01 -1.000000000000000000e+00 8.698912895320967675e-02 0.000000000000000000e+00 8.698912895320967675e-02 9.970498641911463844e-01 9.934607382353924931e-01 1.860693324034581875e-02
-5.000000000000000000e-01 -1.000000000000000000e+00 1.566111292979727732e-01 0.000000000000000000e+00 1.566111292979727732e-01 9.973473174024943821e-01 9.949799276866148068e-01 1.040149108749185980e-02
-2.500000000000000000e-01 -1.000000000000000000e+00 1.633937668975934676e-01 0.000000000000000000e+00 1.633937668975934676e-01 9.964868949860454794e-01 9.944723081120911967e-01 8.914959362305610938e-03
0.000000000000000000e+00 -1.000000000000000000e+00 2.030490250516280570e-01 0.000000000000000000e+00 2.030490250516280570e-01 9.937353392939890506e-01 9.908119566614478346e-01 1.192893913020828291e-02
2.500000000000000000e-01 -1.000000000000000000e+00 3.006023184336860110e-01 0.000000000000000000e+00 3.006023184336860110e-01 9.869779734653566505e-01 9.792505080385031091e-01 2.827501228148423390e-02
5.000000000000000000e-01 -1.000000000000000000e+00 3.991579530591931602e-01 8.935323161475476617e-02 3.098047214444383801e-01 9.667488766455875071e-01 9.440923836759388399e-01 6.832062348345151193e-02
7.500000000000000000e-01 -1.000000000000000000e+00 6.701708456205793807e-01 3.299454500368201870e-01 3.402253955837591937e-01 9.213220167351909851e-01 8.721923268056269718e-01 1.339299022387408222e-01
1.000000000000000000e+00 -1.000000000000000000e+00 8.437521808905374954e-01 6.897999710060889189e-01 1.539522098844485765e-01 8.296798645886015455e-01 7.612163818451310737e-01 2.091875190508312166e-01
1.250000000000000000e+00 -1.000000000000000000e+00 9.478541274218748036e-01 9.432793859721486651e-01 4.574741449726138498e-03 6.614987451820117936e-01 6.137972156340409935e-01 2.535400770806143234e-01
1.500000000000000000e+00 -1.000000000000000000e+00 9.637173573478157174e-01 9.991996797437440181e-01 -3.548232239592830073e-02 4.901973299783956572e-01 4.912631786190071459e-01 2.691727902360667168e-01
1.750000000000000000e+00 -1.000000000000000000e+00 9.388626693990869132e-01 9.460570807303310126e-01 -7.194411331244099372e-03 3.609349834624482334e-01 3.990961493167403673e-01 2.574244581420558897e-01
2.000000000000000000e+00 -1.000000000000000000e+00 9.407285890553638286e-01 9.018736053350304704e-01 3.885498372033335812e-02 2.918759976764460085e-01 3.532417694811665898e-01 2.638898863036243658e-01
-2.000000000000000000e+00 -7.500000000000000000e-01 7.371275635691167949e-01 5.425863986500197855e-01 1.945411649190970094e-01 8.716273071278300977e-01 8.080446674348468195e-01 1.905080038141742926e-01
-1.750000000000000000e+00 -7.500000000000000000e-01 5.785609051904353484e-01 3.060980235153453743e-01 2.724628816750899740e-01 9.329292575556338285e-01 8.852401533446266901e-01 1.333266430329059782e-01
-1.500000000000000000e+00 -7.500000000000000000e-01 4.849369296753488490e-01 1.781684596105610474e-01 3.067684700647878016e-01 9.665353528428848318e-01 9.339931380677606310e-01 1.015076778192462864e-01
-1.250000000000000000e+00 -7.500000000000000000e-01 3.872519868778215302e-01 0.000000000000000000e+00 3.872519868778215302e-01 9.831399154855652300e-01 9.672710114664802017e-01 5.530314639197652510e-02
-1.000000000000000000e+00 -7.500000000000000000e-01 2.272055752506154103e-01 0.000000000000000000e+00 2.272055752506154103e-01 9.896599592033760162e-01 9.829309208156891131e-01 2.505965687056244465e-02
-7.500000000000000000e-01 -7.500000000000000000e-01 2.292040332137372238e-01 0.000000000000000000e+00 2.292040332137372238e-01 9.918436927336805597e-01 9.863587072073607409e-01 2.460371598413540334e-02
-5.000000000000000000e-01 -7.500000000000000000e-01 2.767854716100731638e-01 1.262378707044761461e-01 1.505476009055970177e-01 9.912949599493805497e-01 9.846871969769652733e-01 4.222604695572587663e-02
-2.500000000000000000e-01 -7.500000000000000000e-01 1.737029104914457334e-01 0.000000000000000000e+00 1.737029104914457334e-01 9.888254521084897108e-01 9.852335042278024257e-01 1.354710106322231863e-02
0.000000000000000000e+00 -7.500000000000000000e-01 2.970848865859236354e-01 0.000000000000000000e+00 2.970848865859236354e-01 9.813838040055761214e-01 9.743199571988473418e-01 2.965246302231065376e-02
2.500000000000000000e-01 -7.500000000000000000e-01 3.847116147609228598e-01 8.935323161475471065e-02 2.953583831461681353e-01 9.639521406450656249e-01 9.457924920292161142e-01 5.776722787717387952e-02
5.000000000000000000e-01 -7.500000000000000000e-01 6.187493847669891522e-01 1.989974874213231715e-01 4.197518973456659808e-01 9.223787278315522808e-01 8.868177258404386087e-01 1.073392587305942308e-01
7.500000000000000000e-01 -7.500000000000000000e-01 7.310600890654501693e-01 6.052966215005686212e-01 1.257634675648815481e-01 8.500091595041688874e-01 7.824865665056512931e-01 1.922976151626732133e-01
1.000000000000000000e+00 -7.500000000000000000e-01 8.851942799907990267e-01 8.541662601625020779e-01 3.102801982829694882e-02 7.272464094605791685e-01 6.747700427591841743e-01 2.416065752629381336e-01
1.250000000000000000e+00 -7.500000000000000000e-01 9.615499039440990048e-01 9.736611320166769223e-01 -1.211122807257791756e-02 6.068617923091910171e-01 5.743258732475269301e-01 2.677747765080104592e-01
1.500000000000000000e+00 -7.500000000000000000e-01 9.566429216410289316e-01 9.941508939793782806e-01 -3.750797233834934907e-02 4.698540522725448421e-01 4.717123982955567230e-01 2.739605387052752028e-01
1.750000000000000000e+00 -7.500000000000000000e-01 9.517466369494096412e-01 9.736611320166770334e-01 -2.191449506726739216e-02 3.816872334103426079e-01 4.170119214407504438e-01 2.824882676107897672e-01
2.000000000000000000e+00 -7.500000000000000000e-01 9.147887768688047760e-01 8.613570688164153832e-01 5.343170805238939280e-02 2.682384305614207709e-01 3.353424843180118353e-01 2.678802122835424182e-01
-2.000000000000000000e+00 -5.000000000000000000e-01 8.698991446803575611e-01 7.405511461067363355e-01 1.293479985736212257e-01 8.194107620079240650e-01 7.465241253948601274e-01 2.278284348909994095e-01
-1.750000000000000000e+00 -5.000000000000000000e-01 7.119430391510248590e-01 5.299962264016601088e-01 1.819468127493647502e-01 8.835587685462580332e-01 8.263630892006506024e-01 1.799951025844083452e-01
-1.500000000000000000e+00 -5.000000000000000000e-01 5.980190103498737031e-01 3.060980235153436535e-01 2.919209868345300496e-01 9.227392468575690287e-01 8.809998723640183327e-01 1.327661067001987272e-01
-1.250000000000000000e+00 -5.000000000000000000e-01 4.982161664300002735e-01 1.989974874213245315e-01 2.992186790086757142e-01 9.490039637706833009e-01 9.210474452763575126e-01 9.089857353415660424e-02
-1.000000000000000000e+00 -5.000000000000000000e-01 4.949732875554977984e-01 1.262378707044761461e-01 3.687354168510216246e-01 9.621538508981494209e-01 9.423037174166486452e-01 7.788036542948735541e-02
-7.500000000000000000e-01 -5.000000000000000000e-01 4.154572397068557743e-01 8.935323161475471065e-02 3.261040080921010498e-01 9.663090414359580826e-01 9.532738611746304214e-01 5.203937424724686123e-02
-5.000000000000000000e-01 -5.000000000000000000e-01 4.206460132503942462e-01 0.000000000000000000e+00 4.206460132503942462e-01 9.627717617466439171e-01 9.529101530782696505e-01 4.105472932004877729e-02
-2.500000000000000000e-01 -5.000000000000000000e-01 5.433270711448725532e-01 8.935323161475473841e-02 4.539738395301178286e-01 9.513795811497346433e-01 9.395395852916929025e-01 5.235982727570688555e-02
0.000000000000000000e+00 -5.000000000000000000e-01 5.760432197296023737e-01 0.000000000000000000e+00 5.760432197296023737e-01 9.248892594672847300e-01 9.042335913543216863e-01 7.322914234843810877e-02
2.500000000000000000e-01 -5.000000000000000000e-01 6.858982789740457608e-01 2.509501942617309300e-01 4.349480847123148308e-01 8.920426984058271724e-01 8.534925781585144255e-01 1.232616811501854176e-01
5.000000000000000000e-01 -5.000000000000000000e-01 8.331862425043222720e-01 5.547756303227431296e-01 2.784106121815791424e-01 8.132793045072447269e-01 7.642132482514317759e-01 1.745899011807509615e-01
7.500000000000000000e-01 -5.000000000000000000e-01 9.152288731054890603e-01 8.613570688164153832e-01 5.387180428907367702e-02 7.195197812243748769e-01 6.676294749685468544e-01 2.335706077945248760e-01
1.000000000000000000e+00 -5.000000000000000000e-01 9.450234944206760135e-01 9.634189120003793239e-01 -1.839541757970331037e-02 6.482212442624236681e-01 6.029722251974648506e-01 2.612582807819854303e-01
1.250000000000000000e+00 -5.000000000000000000e-01 9.749105316742999738e-01 9.999279974078089106e-01 -2.501746573350893676e-02 4.980807829989542523e-01 4.983113064275671578e-01 2.900039201186366267e-01
1.500000000000000000e+00 -5.000000000000000000e-01 9.630860725121971333e-01 9.901515035589237845e-01 -2.706543104672665123e-02 4.481278632807173534e-01 4.611005410837515361e-01 2.875096259466812243e-01
1.750000000000000000e+00 -5.000000000000000000e-01 9.519419995687111724e-01 9.645226798784982680e-01 -1.258068030978709562e-02 3.709612781402736870e-01 4.089104992927209414e-01 2.779490885314242488e-01
2.000000000000000000e+00 -5.000000000000000000e-01 9.156175515853793856e-01 9.129819275319710492e-01 2.635624053408336387e-03 3.015392347794654260e-01 3.614168298241730581e-01 2.710448464402123725e-01
-2.000000000000000000e+00 -2.500000000000000000e-01 9.044238839046679912e-01 8.088609274776473734e-01 9.556295642702061777e-02 7.424190864281807745e-01 6.895865798148839154e-01 2.394135611029609145e-01
-1.750000000000000000e+00 -2.500000000000000000e-01 8.613874307420417153e-01 7.512655988397155538e-01 1.101218319023261616e-01 7.784199960194018164e-01 7.228463217852710843e-01 2.225181790316863584e-01
-1.500000000000000000e+00 -2.500000000000000000e-01 8.010266485957427962e-01 5.665897987080255049e-01 2.344368498877172913e-01 8.210355017499094687e-01 7.753345370301917283e-01 1.843477174255341022e-01
-1.250000000000000000e+00 -2.500000000000000000e-01 7.358358350738868348e-01 4.520353968440954384e-01 2.838004382297913963e-01 8.509281840611797598e-01 8.157130780600578834e-01 1.422385034392392444e-01
-1.000000000000000000e+00 -2.500000000000000000e-01 7.067752086356421382e-01 3.299454500368195209e-01 3.768297585988226173e-01 8.532788668352505601e-01 8.274378330557738970e-01 1.165767134260752153e-01
-7.500000000000000000e-01 -2.500000000000000000e-01 7.514157886865416858e-01 2.659022376739243465e-01 4.855135510126173393e-01 8.431560326200540079e-01 8.218143851891199780e-01 1.058321780956999331e-01
-5.000000000000000000e-01 -2.500000000000000000e-01 7.323241627174895685e-01 1.781684596105611862e-01 5.541557031069284101e-01 8.263607657514274729e-01 8.062899298066628084e-01 9.888243371209762267e-02
-2.500000000000000000e-01 -2.500000000000000000e-01 7.773826098326922507e-01 2.933666647729431531e-01 4.840159450597490975e-01 7.886637630301615021e-01 7.677105151731437038e-01 1.147568335195706946e-01
0.000000000000000000e+00 -2.500000000000000000e-01 8.911512356955073599e-01 6.452162428209660128e-01 2.459349928745413472e-01 7.361050117927806502e-01 7.074524539740217888e-01 1.587226177408075367e-01
2.500000000000000000e-01 -2.500000000000000000e-01 9.023914468823672763e-01 8.683225207260252265e-01 3.406892615634204979e-02 6.518471695488579076e-01 6.275433805588971348e-01 1.942868342682609883e-01
5.000000000000000000e-01 -2.500000000000000000e-01 9.405990937033582577e-01 9.806038955663961554e-01 -4.000480186303789765e-02 5.837606455378369086e-01 5.619118314174890161e-01 2.389418061549084815e-01
7.500000000000000000e-01 -2.500000000000000000e-01 9.611447978481117982e-01 9.999679994879848710e-01 -3.882320163987307282e-02 5.085202054712136821e-01 5.044839761094366271e-01 2.552816066871272938e-01
1.000000000000000000e+00 -2.500000000000000000e-01 9.621499912909916574e-01 9.889873608899180102e-01 -2.683736959892635277e-02 4.381860525190624522e-01 4.539044527225010173e-01 2.748948841268587517e-01
1.250000000000000000e+00 -2.500000000000000000e-01 9.608682284156986331e-01 9.889873608899181212e-01 -2.811913247421948814e-02 4.296586707043153486e-01 4.489011848559611995e-01 2.858399914739753744e-01
1.500000000000000000e+00 -2.500000000000000000e-01 9.617882838959229685e-01 9.745891442038506769e-01 -1.280086030792770835e-02 4.025786242191032871e-01 4.296810309845657816e-01 2.789323979940225295e-01
1.750000000000000000e+00 -2.500000000000000000e-01 9.440342404274529864e-01 9.344859549506355778e-01 9.548285476817408579e-03 3.341316613089174714e-01 3.834990568374047060e-01 2.765774020782207909e-01
2.000000000000000000e+00 -2.500000000000000000e-01 9.551339716698983295e-01 9.404254356407006910e-01 1.470853602919763858e-02 3.275963711437577253e-01 3.797075361332983290e-01 2.835026707919037214e-01
-2.000000000000000000e+00 0.000000000000000000e+00 9.442377521955372943e-01 9.829262434180945363e-01 -3.868849122255724193e-02 5.763418525239698553e-01 5.578336691301073458e-01 2.591320180561167419e-01
-1.750000000000000000e+00 0.000000000000000000e+00 9.501156238498468243e-01 9.539392014169473244e-01 -3.823577567100500119e-03 6.035757802216605850e-01 5.829763062590642697e-01 2.411216673025736168e-01
-1.500000000000000000e+00 0.000000000000000000e+00 9.510614325636611577e-01 9.843901665498254738e-01 -3.332873398616431615e-02 5.560067749599375553e-01 5.468877805683342030e-01 2.283042856432788981e-01
-1.250000000000000000e+00 0.000000000000000000e+00 9.628032742500695074e-01 9.895776877031930985e-01 -2.677441345312359111e-02 5.156047967219228312e-01 5.166565415855233212e-01 1.945876872161889093e-01
-1.000000000000000000e+00 0.000000000000000000e+00 9.569488169337956318e-01 9.991996797437440181e-01 -4.225086280994838628e-02 5.019753132511224347e-01 5.037632667677035547e-01 1.722948870233562135e-01
-7.500000000000000000e-01 0.000000000000000000e+00 9.568076652043566721e-01 9.697752316903091030e-01 -1.296756648595243089e-02 4.513291701022184577e-01 4.563471029679583846e-01 1.518676722363395959e-01
-5.000000000000000000e-01 0.000000000000000000e+00 9.471941701968435989e-01 9.165151389911703195e-01 3.067903120567327946e-02 4.215177143557632955e-01 4.256858428484963097e-01 1.606764228186141896e-01
-2.500000000000000000e-01 0.000000000000000000e+00 8.929350815982907141e-01 7.441612728434610080e-01 1.487738087548297061e-01 3.364504533269689346e-01 3.516470244637574516e-01 1.624655716111230441e-01
0.000000000000000000e+00 0.000000000000000000e+00 9.233184585863030147e-01 8.467443533912667464e-01 7.657410519503626833e-02 3.419410130562890449e-01 3.608665890396391962e-01 1.950886081141617601e-01
2.500000000000000000e-01 0.000000000000000000e+00 8.855672908780044539e-01 7.582189657348348266e-01 1.273483251431696273e-01 2.944940097894621633e-01 3.245480537234931018e-01 1.849662734301732447e-01
5.000000000000000000e-01 0.000000000000000000e+00 9.067962683298621540e-01 7.547608892887861520e-01 1.520353790410760020e-01 2.772833517032066708e-01 3.162496287411487583e-01 2.094181897568831718e-01
7.500000000000000000e-01 0.000000000000000000e+00 9.184887205895897466e-01 8.705951987002895631e-01 4.789352188930018350e-02 2.883891917233663560e-01 3.398986144824128752e-01 2.423076410127807390e-01
1.000000000000000000e+00 0.000000000000000000e+00 9.183533060036980222e-01 9.129819275319709382e-01 5.371378471727084047e-03 3.114487230024864939e-01 3.590436193514549013e-01 2.570767961216504083e-01
1.250000000000000000e+00 0.000000000000000000e+00 9.356949499044986407e-01 9.216593730874764745e-01 1.403557681702216620e-02 3.102058906977587238e-01 3.657554895419212748e-01 2.683485134241045400e-01
1.500000000000000000e+00 0.000000000000000000e+00 9.434311512003707989e-01 9.329523031752520179e-01 1.047884802511878100e-02 3.238340602743736696e-01 3.735658830963232702e-01 2.796839089514525645e-01
1.750000000000000000e+00 0.000000000000000000e+00 9.195802326809414673e-01 9.266196630764992337e-01 -7.039430395557766396e-03 3.146916173460221899e-01 3.698855805991396184e-01 2.755848789737450621e-01
2.000000000000000000e+00 0.000000000000000000e+00 9.310216010483901572e-01 9.147589846511494649e-01 1.626261639724069230e-02 3.154958850521710212e-01 3.662400230256205869e-01 2.634516521197378669e-01
-2.000000000000000000e+00 2.500000000000000000e-01 9.681779278080127060e-01 9.981983770774245368e-01 -3.002044926941183078e-02 4.647241709885006622e-01 4.807394404762879159e-01 2.604328594444485501e-01
-1.750000000000000000e+00 2.500000000000000000e-01 9.393517450095978383e-01 9.266196630764989006e-01 1.273208193309893765e-02 3.450688042609379447e-01 3.840370495631853509e-01 2.329394247828853182e-01
-1.500000000000000000e+00 2.500000000000000000e-01 8.750219341503389092e-01 7.405511461067360024e-01 1.344707880436029068e-01 2.628238200462006957e-01 3.028769212723881332e-01 1.909567444211117404e-01
-1.250000000000000000e+00 2.500000000000000000e-01 7.740440947109182845e-01 3.519999999999983142e-01 4.220440947109199703e-01 1.836131683359023825e-01 2.135555234887584197e-01 1.290185582755673244e-01
-1.000000000000000000e+00 2.500000000000000000e-01 6.747796215001089504e-01 3.060980235153450413e-01 3.686815979847639091e-01 1.401081709820730936e-01 1.639447916194738397e-01 1.096682418222215127e-01
-7.500000000000000000e-01 2.500000000000000000e-01 6.286667115229150893e-01 1.544538766104624206e-01 4.742128349124526965e-01 1.009094211376823924e-01 1.185004854568029592e-01 7.923336855632873155e-02
-5.000000000000000000e-01 2.500000000000000000e-01 6.381534155258519192e-01 1.989974874213243650e-01 4.391559281045275265e-01 9.239876049184030105e-02 1.128271599107601719e-01 9.738647349220903859e-02
-2.500000000000000000e-01 2.500000000000000000e-01 6.016186314099810639e-01 2.800000000000016365e-01 3.216186314099794274e-01 7.959316582130877837e-02 1.055122838487816822e-01 1.128230554614011866e-01
0.000000000000000000e+00 2.500000000000000000e-01 6.372616554880390360e-01 3.060980235153444862e-01 3.311636319726945499e-01 7.896665871230244826e-02 1.079664090936289511e-01 1.218695262372262444e-01
2.500000000000000000e-01 2.500000000000000000e-01 6.485715035922665628e-01 3.519999999999986473e-01 2.965715035922679155e-01 8.810324637723175589e-02 1.242035886500188202e-01 1.358033877984114735e-01
5.000000000000000000e-01 2.500000000000000000e-01 6.530266144915056747e-01 3.624582734605462098e-01 2.905683410309594650e-01 9.934481697991692783e-02 1.433308896697352008e-01 1.471888363636661978e-01
7.500000000000000000e-01 2.500000000000000000e-01 7.688593093444423543e-01 5.665897987080247278e-01 2.022695106364176265e-01 1.390716723718195547e-01 1.975395917571297344e-01 1.939690327963834449e-01
1.000000000000000000e+00 2.500000000000000000e-01 8.357351013218048408e-01 7.616403350663627503e-01 7.409476625544209050e-02 1.840750343551359469e-01 2.569020011376644819e-01 2.328182264982569805e-01
1.250000000000000000e+00 2.500000000000000000e-01 8.814889917931002516e-01 7.782133383590881248e-01 1.032756534340121268e-01 2.221617958395925851e-01 2.877071332550020788e-01 2.426532273142256446e-01
1.500000000000000000e+00 2.500000000000000000e-01 9.067581787831598961e-01 8.999466650863283679e-01 6.811513696831528186e-03 2.589617212077535702e-01 3.354688698100651845e-01 2.646516715035530654e-01
1.750000000000000000e+00 2.500000000000000000e-01 9.241699837613923663e-01 9.282327294380444682e-01 -4.062745676652101956e-03 2.967356691291573312e-01 3.585155304525615705e-01 2.723221293135458798e-01
2.000000000000000000e+00 2.500000000000000000e-01 9.485479084598847921e-01 9.474175425861599553e-01 1.130365873724836767e-03 3.362089101916878597e-01 3.882181670567669829e-01 2.689838713059891639e-01
-2.000000000000000000e+00 5.000000000000000000e-01 9.052358766924218925e-01 8.858351991200205111e-01 1.940067757240138135e-02 2.855451423209311446e-01 3.417555109832344784e-01 2.331828290859250530e-01
-1.750000000000000000e+00 5.000000000000000000e-01 8.279316500208870888e-01 6.207608235061253810e-01 2.071708265147617078e-01 1.856287299606323438e-01 2.367543233105073308e-01 1.807874806547742352e-01
-1.500000000000000000e+00 5.000000000000000000e-01 6.308020524860693534e-01 2.800000000000008593e-01 3.508020524860684941e-01 1.039847194318789247e-01 1.427420471965572535e-01 1.199919371243040600e-01
-1.250000000000000000e+00 5.000000000000000000e-01 4.975963725894418377e-01 1.262378707044761739e-01 3.713585018849656638e-01 5.352178935597549925e-02 7.432933597882195043e-02 6.998696143030917749e-02
-1.000000000000000000e+00 5.000000000000000000e-01 3.187484926497707871e-01 0.000000000000000000e+00 3.187484926497707871e-01 2.814627845669126494e-02 3.794602774830892894e-02 3.995104397122306583e-02
-7.500000000000000000e-01 5.000000000000000000e-01 3.035178420152705447e-01 1.262378707044761739e-01 1.772799713107943709e-01 2.007553775863941264e-02 3.245045905335756931e-02 6.272186816532131226e-02
-5.000000000000000000e-01 5.000000000000000000e-01 2.310229274022326806e-01 1.544538766104618932e-01 7.656905079177078743e-02 1.462689784575410545e-02 2.297813695008470158e-02 5.337988099044283646e-02
-2.500000000000000000e-01 5.000000000000000000e-01 3.199068084113911858e-01 8.935323161475475229e-02 2.305535767966364336e-01 1.601242404796459490e-02 2.684849293726969052e-02 5.100266545259984907e-02
0.000000000000000000e+00 5.000000000000000000e-01 3.028124320708245332e-01 8.935323161475473841e-02 2.134592004560698086e-01 1.936172076151410418e-02 3.206743635749701588e-02 5.673055960653826391e-02
2.500000000000000000e-01 5.000000000000000000e-01 4.249465761716785805e-01 1.262378707044762016e-01 2.987087054672024067e-01 2.669375130368924903e-02 4.361240603659346377e-02 6.719937923707582084e-02
5.000000000000000000e-01 5.000000000000000000e-01 4.508791342052816953e-01 1.781684596105609364e-01 2.727106745947207589e-01 3.906639627277037896e-02 6.613904029984402078e-02 9.001192773826989513e-02
7.500000000000000000e-01 5.000000000000000000e-01 6.313044165438316258e-01 3.299454500368194654e-01 3.013589665070121604e-01 6.618865718912624041e-02 1.093887555016929830e-01 1.350834211601200097e-01
1.000000000000000000e+00 5.000000000000000000e-01 7.403090708075233950e-01 5.836574337743002383e-01 1.566516370332231567e-01 1.209026774077338745e-01 1.893245698039203451e-01 1.959860341410443463e-01
1.250000000000000000e+00 5.000000000000000000e-01 8.042177444282165855e-01 6.499230723708775415e-01 1.542946720573390440e-01 1.664640955844815529e-01 2.317716998144250806e-01 2.179076332612435440e-01
1.500000000000000000e+00 5.000000000000000000e-01 8.743456644537238587e-01 8.390852161729479564e-01 3.526044828077590232e-02 2.190405553190781507e-01 2.951328774320243764e-01 2.491498415043832404e-01
1.750000000000000000e+00 5.000000000000000000e-01 8.998114314282632531e-01 8.899797750510943795e-01 9.831656377168873640e-03 2.769778370780812127e-01 3.382343675182857279e-01 2.605150989946262152e-01
2.000000000000000000e+00 5.000000000000000000e-01 9.273424075011238443e-01 9.182505104817554331e-01 9.091897019368411215e-03 3.156254693577825732e-01 3.723429118030793239e-01 2.640663107660363162e-01
-2.000000000000000000e+00 7.500000000000000000e-01 8.508211562514096382e-01 7.369016216565121846e-01 1.139195345948974536e-01 2.079433094564000495e-01 2.710739555097953501e-01 2.258437182418878975e-01
-1.750000000000000000e+00 7.500000000000000000e-01 7.109088848818150286e-01 3.411744421846379938e-01 3.697344426971770348e-01 1.018455927202200628e-01 1.508271195448770696e-01 1.442470921391758309e-01
-1.500000000000000000e+00 7.500000000000000000e-01 4.599623508450197962e-01 1.262378707044762016e-01 3.337244801405435668e-01 4.359770746565136412e-02 6.854837460009889638e-02 8.124493139829978838e-02
-1.250000000000000000e+00 7.500000000000000000e-01 2.513115505683466977e-01 0.000000000000000000e+00 2.513115505683466977e-01 1.662389587744655256e-02 2.634611880816824236e-02 3.983154226188525410e-02
-1.000000000000000000e+00 7.500000000000000000e-01 1.972830611798259137e-01 8.935323161475479392e-02 1.079298295650711198e-01 8.000322217245545153e-03 1.343810110460110820e-02 3.131943725835439896e-02
-7.500000000000000000e-01 7.500000000000000000e-01 1.339349845718450227e-01 8.935323161475471065e-02 4.458175295709031205e-02 4.661425576970155971e-03 9.561765194138448221e-03 3.339344319029285968e-02
-5.000000000000000000e-01 7.500000000000000000e-01 2.714019342280086233e-01 1.262378707044761184e-01 1.451640635235325050e-01 3.843558315318375967e-03 1.123094322056047457e-02 4.766655597558749208e-02
-2.500000000000000000e-01 7.500000000000000000e-01 2.551248518984423619e-01 1.262378707044761184e-01 1.288869811939662435e-01 4.531675889539357738e-03 1.201447543085723026e-02 5.426056383421367507e-02
0.000000000000000000e+00 7.500000000000000000e-01 1.263512016548200001e-01 0.000000000000000000e+00 1.263512016548200001e-01 5.566764615157998412e-03 9.880606988144807409e-03 2.073707584318272568e-02
2.500000000000000000e-01 7.500000000000000000e-01 1.830394328052770136e-01 0.000000000000000000e+00 1.830394328052770136e-01 9.695429697853075873e-03 1.957285177708584928e-02 3.912966625220857392e-02
5.000000000000000000e-01 7.500000000000000000e-01 3.386392704756334693e-01 1.544538766104626704e-01 1.841853938651707989e-01 2.029405359525464012e-02 3.947083343012503659e-02 6.725214690918905613e-02
7.500000000000000000e-01 7.500000000000000000e-01 4.341483188825212558e-01 2.177705214210590157e-01 2.163777974614622401e-01 3.845803970139791833e-02 6.996820462419639508e-02 9.575928318037726927e-02
1.000000000000000000e+00 7.500000000000000000e-01 6.268319126206243208e-01 3.919183588453079015e-01 2.349135537753164193e-01 8.232003650920667603e-02 1.306806056953856432e-01 1.460710445555140347e-01
1.250000000000000000e+00 7.500000000000000000e-01 7.911030946828347954e-01 6.257795138864776785e-01 1.653235807963571169e-01 1.319691802082470222e-01 1.997107517458699133e-01 1.983054141290040984e-01
1.500000000000000000e+00 7.500000000000000000e-01 8.406911999544385283e-01 7.218974996493623397e-01 1.187937003050761886e-01 1.751062410198622743e-01 2.488901072220575938e-01 2.255277557681295286e-01
1.750000000000000000e+00 7.500000000000000000e-01 8.989900758423488014e-01 8.772684879784516943e-01 2.172158786389710716e-02 2.653018703452735827e-01 3.289111842025952970e-01 2.582980750104431622e-01
2.000000000000000000e+00 7.500000000000000000e-01 9.486874091454819968e-01 9.182505104817559882e-01 3.043689866372600861e-02 2.941927792351538562e-01 3.571311882891332057e-01 2.734462406301819137e-01
-2.000000000000000000e+00 1.000000000000000000e+00 8.246927036042767112e-01 6.545716156388095008e-01 1.701210879654672103e-01 1.735676168488498594e-01 2.387626651831467883e-01 2.090497573299315015e-01
-1.750000000000000000e+00 1.000000000000000000e+00 5.734570383404917759e-01 1.989974874213235878e-01 3.744595509191681604e-01 6.224267662946853658e-02 1.012514663849077845e-01 1.096074176778368547e-01
-1.500000000000000000e+00 1.000000000000000000e+00 3.885135479403417635e-01 0.000000000000000000e+00 3.885135479403417635e-01 2.219278974078975342e-02 4.118106262221750413e-02 6.302458503247387878e-02
-1.250000000000000000e+00 1.000000000000000000e+00 2.290660175861351788e-01 0.000000000000000000e+00 2.290660175861351788e-01 7.521261879627943840e-03 1.312597365679303921e-02 2.455472578142659304e-02
-1.000000000000000000e+00 1.000000000000000000e+00 2.105665032767176092e-01 0.000000000000000000e+00 2.105665032767176092e-01 3.055440855744458346e-03 6.842059524883848352e-03 1.784859362466835811e-02
-7.500000000000000000e-01 1.000000000000000000e+00 5.882405740920035320e-02 0.000000000000000000e+00 5.882405740920035320e-02 1.644104042041869300e-03 3.383362087795098883e-03 1.095447398620742405e-02
-5.000000000000000000e-01 1.000000000000000000e+00 1.561980121938836286e-01 0.000000000000000000e+00 1.561980121938836286e-01 1.442187151911318100e-03 3.627031960712763861e-03 1.381721065913090948e-02
-2.500000000000000000e-01 1.000000000000000000e+00 1.445652697784653717e-01 0.000000000000000000e+00 1.445652697784653717e-01 1.638805503693421296e-03 4.442499945929400708e-03 1.885347663313843153e-02
0.000000000000000000e+00 1.000000000000000000e+00 1.820456238996856768e-01 8.935323161475476617e-02 9.269239228493091065e-02 2.607423820306589788e-03 6.853179001073795608e-03 2.972107694103242465e-02
2.500000000000000000e-01 1.000000000000000000e+00 1.290830275884941036e-01 8.935323161475473841e-02 3.972979597373936522e-02 5.234181774953962189e-03 1.209976281749764078e-02 3.802093930981535752e-02
5.000000000000000000e-01 1.000000000000000000e+00 2.345065383886922317e-01 8.935323161475471065e-02 1.451533067739375071e-01 1.249430672881203172e-02 2.538074323809966920e-02 5.458099118724549920e-02
7.500000000000000000e-01 1.000000000000000000e+00 4.951087380350013833e-01 1.781684596105611862e-01 3.169402784244401694e-01 3.107671315766944581e-02 5.821025650271271362e-02 8.326601464820033993e-02
1.000000000000000000e+00 1.000000000000000000e+00 5.500569107354518206e-01 2.509501942617299308e-01 2.991067164737218897e-01 6.043516037161655863e-02 1.011145397194925799e-01 1.210683714393793464e-01
1.250000000000000000e+00 1.000000000000000000e+00 8.043449159132003423e-01 5.235417843878396038e-01 2.808031315253607385e-01 1.285411042060511100e-01 1.906609520305805050e-01 1.845132971806406896e-01
1.500000000000000000e+00 1.000000000000000000e+00 8.713640507418489722e-01 7.180417815141365567e-01 1.533222692277124155e-01 1.886563979635718091e-01 2.566704729485656533e-01 2.124599503565737235e-01
1.750000000000000000e+00 1.000000000000000000e+00 9.256233081373504978e-01 8.772684879784516943e-01 4.835482015889880358e-02 2.632535348634773009e-01 3.272833112901454289e-01 2.455063066803432892e-01
2.000000000000000000e+00 1.000000000000000000e+00 9.307605976635831002e-01 9.182505104817562103e-01 1.251008718182688995e-02 3.030566992781820179e-01 3.586783020739521821e-01 2.605608309310041282e-01
-2.000000000000000000e+00 1.250000000000000000e+00 8.238008479670656525e-01 6.545716156388106111e-01 1.692292323282550415e-01 1.551655460822468635e-01 2.238794609608345809e-01 2.021934562090723919e-01
-1.750000000000000000e+00 1.250000000000000000e+00 5.570906375709213654e-01 3.060980235153447082e-01 2.509926140555766572e-01 5.904144782995009166e-02 1.008459842934784634e-01 1.195706444079735892e-01
-1.500000000000000000e+00 1.250000000000000000e+00 2.516359054889679148e-01 8.935323161475478004e-02 1.622826738742131347e-01 1.719007711344835293e-02 3.216111221613707910e-02 4.986625911339164635e-02
-1.250000000000000000e+00 1.250000000000000000e+00 1.751585987124205657e-01 1.262378707044761461e-01 4.892072800794441956e-02 5.199842835890120668e-03 1.289898531073078308e-02 5.082183525337835572e-02
-1.000000000000000000e+00 1.250000000000000000e+00 9.129370687256249672e-02 0.000000000000000000e+00 9.129370687256249672e-02 1.820448969107063813e-03 4.418348282652278212e-03 1.305281513210236437e-02
-7.500000000000000000e-01 1.250000000000000000e+00 1.261742631636679490e-01 0.000000000000000000e+00 1.261742631636679490e-01 1.075335163487933223e-03 3.189447656747257040e-03 1.050971143744790226e-02
-5.000000000000000000e-01 1.250000000000000000e+00 1.208851279502970444e-01 0.000000000000000000e+00 1.208851279502970444e-01 7.265379522206275162e-04 2.839264412905822144e-03 1.987020860313835555e-02
-2.500000000000000000e-01 1.250000000000000000e+00 1.252234216418341151e-01 0.000000000000000000e+00 1.252234216418341151e-01 9.479866678799754457e-04 3.361193549664481198e-03 1.789049999588616241e-02
0.000000000000000000e+00 1.250000000000000000e+00 1.992521329890102888e-01 1.544538766104629757e-01 4.479825637854731313e-02 1.659395120641617496e-03 1.025098932750098321e-02 6.666749798441096164e-02
2.500000000000000000e-01 1.250000000000000000e+00 1.190545103237719421e-01 0.000000000000000000e+00 1.190545103237719421e-01 3.332131530595659318e-03 7.262032959994995686e-03 1.715551738282357352e-02
5.000000000000000000e-01 1.250000000000000000e+00 3.064179988049295367e-01 1.262378707044760628e-01 1.801801281004534738e-01 9.031102350869193995e-03 2.109088598340604082e-02 5.724060419987418713e-02
7.500000000000000000e-01 1.250000000000000000e+00 4.417157278076923599e-01 1.989974874213242817e-01 2.427182403863680782e-01 2.462374258422782639e-02 5.089429515541028792e-02 8.851643366493291976e-02
1.000000000000000000e+00 1.250000000000000000e+00 6.435690072067312695e-01 2.800000000000002487e-01 3.635690072067310208e-01 6.097385672672191170e-02 1.047166184327979616e-01 1.279473420752179902e-01
1.250000000000000000e+00 1.250000000000000000e+00 7.276272516995136996e-01 5.425863986500196745e-01 1.850408530494940251e-01 1.175457044173896654e-01 1.791226451229247507e-01 1.758236448155026943e-01
1.500000000000000000e+00 1.250000000000000000e+00 8.689492799455674765e-01 7.512655988397164419e-01 1.176836811058510346e-01 2.020108685762946055e-01 2.722483492452783538e-01 2.266284121922090833e-01
1.750000000000000000e+00 1.250000000000000000e+00 8.948449939896609973e-01 8.174496926416952025e-01 7.739530134796579475e-02 2.329598268748979684e-01 2.982920174828297966e-01 2.435956552434671851e-01
2.000000000000000000e+00 1.250000000000000000e+00 9.379224236102395862e-01 9.298257901349061827e-01 8.096633475333403496e-03 3.213267020347589376e-01 3.702029739001704289e-01 2.610375541438328395e-01
-2.000000000000000000e+00 1.500000000000000000e+00 8.442777338257581032e-01 6.769815359372777230e-01 1.672961978884803802e-01 1.680275971752372421e-01 2.334059743778017504e-01 2.025104274959269590e-01
-1.750000000000000000e+00 1.500000000000000000e+00 5.779280472784950051e-01 2.349808502835913637e-01 3.429471969949036136e-01 5.694902256415346892e-02 9.866034866783339463e-02 1.131566775523651092e-01
-1.500000000000000000e+00 1.500000000000000000e+00 3.292459929455942569e-01 0.000000000000000000e+00 3.292459929455942569e-01 1.601536849112573241e-02 3.253799572834519677e-02 4.961528183755087307e-02
-1.250000000000000000e+00 1.500000000000000000e+00 2.517811229786370286e-01 0.000000000000000000e+00 2.517811229786370286e-01 4.711900460015750088e-03 1.222242839197403355e-02 3.286080662895100174e-02
-1.000000000000000000e+00 1.500000000000000000e+00 4.457458227125978695e-02 0.000000000000000000e+00 4.457458227125978695e-02 1.463976233859204867e-03 3.574687092151014687e-03 9.379980751007273299e-03
-7.500000000000000000e-01 1.500000000000000000e+00 8.934549955865751791e-02 0.000000000000000000e+00 8.934549955865751791e-02 8.035874148137979239e-04 2.449145970386126282e-03 6.943416239438679818e-03
-5.000000000000000000e-01 1.500000000000000000e+00 8.935319936378759154e-02 0.000000000000000000e+00 8.935319936378759154e-02 6.016490974279151268e-04 1.823419252230806939e-03 8.409749644837215959e-03
-2.500000000000000000e-01 1.500000000000000000e+00 1.363015235066853716e-02 0.000000000000000000e+00 1.363015235066853716e-02 7.592347038941194394e-04 2.846123630022504101e-03 1.994140698657750205e-02
0.000000000000000000e+00 1.500000000000000000e+00 1.076259715020817798e-01 8.935323161475476617e-02 1.827273988732701360e-02 1.213455022130556721e-03 4.294315949372485945e-03 2.821216405652066106e-02
2.500000000000000000e-01 1.500000000000000000e+00 1.321867951498290061e-01 8.935323161475473841e-02 4.283356353507426773e-02 2.838913282524236411e-03 9.572519324198914062e-03 4.421392783443037905e-02
5.000000000000000000e-01 1.500000000000000000e+00 2.868995489544848287e-01 1.262378707044761184e-01 1.606616782500087104e-01 7.765341171742727068e-03 1.921501788232431868e-02 5.273541001321988692e-02
7.500000000000000000e-01 1.500000000000000000e+00 4.196033770717677025e-01 8.935323161475472453e-02 3.302501454570129780e-01 2.395746123922878196e-02 4.724366163461698326e-02 6.941288915961693617e-02
1.000000000000000000e+00 1.500000000000000000e+00 5.977377361950573231e-01 2.659022376739241800e-01 3.318354985211331432e-01 5.740860121415717471e-02 1.009427249849243202e-01 1.192645034089918760e-01
1.250000000000000000e+00 1.500000000000000000e+00 7.226508887349045729e-01 5.169758214849121680e-01 2.056750672499924049e-01 1.182916759723710576e-01 1.811818973240370001e-01 1.764505747701364813e-01
1.500000000000000000e+00 1.500000000000000000e+00 8.592608983163262382e-01 7.101999718389163663e-01 1.490609264774098719e-01 2.030394448918027284e-01 2.646157696129856629e-01 2.208158147374977842e-01
1.750000000000000000e+00 1.500000000000000000e+00 9.358681320718272856e-01 9.233330926594173205e-01 1.253503941240996511e-02 3.132755323197053410e-01 3.692666082200563582e-01 2.569863743488240426e-01
2.000000000000000000e+00 1.500000000000000000e+00 9.420559552229488265e-01 9.772696659571534772e-01 -3.521371073420465070e-02 3.854953223017054120e-01 4.230467780373387554e-01 2.709432757391653790e-01
-2.000000000000000000e+00 1.750000000000000000e+00 8.524750358068656775e-01 7.908577621797745483e-01 6.161727362709112921e-02 2.020602618893202751e-01 2.714577009191786461e-01 2.346252605096776911e-01
-1.750000000000000000e+00 1.750000000000000000e+00 6.766052625510842189e-01 3.624582734605459322e-01 3.141469890905382867e-01 7.194434783112488296e-02 1.274468490668488607e-01 1.548456190758326079e-01
-1.500000000000000000e+00 1.750000000000000000e+00 3.860636866286851210e-01 0.000000000000000000e+00 3.860636866286851210e-01 2.038674290302631628e-02 4.014185826307057475e-02 5.330440629385038015e-02
-1.250000000000000000e+00 1.750000000000000000e+00 1.968444589268111833e-01 0.000000000000000000e+00 1.968444589268111833e-01 6.174986707922023449e-03 1.401727619154665566e-02 3.008001330870302067e-02
-1.000000000000000000e+00 1.750000000000000000e+00 1.469973478555212654e-01 8.935323161475472453e-02 5.764411624076654084e-02 2.090600683956939879e-03 6.810917361355891056e-03 2.797711639996897787e-02
-7.500000000000000000e-01 1.750000000000000000e+00 2.264491515514922247e-06 0.000000000000000000e+00 2.264491515514922247e-06 9.563794442770227628e-04 3.530435251946676799e-03 1.742930105954888093e-02
-5.000000000000000000e-01 1.750000000000000000e+00 1.050816889493279838e-01 8.935323161475472453e-02 1.572845733457325923e-02 7.402892838570807304e-04 3.793837527370948117e-03 3.231216288750125148e-02
-2.500000000000000000e-01 1.750000000000000000e+00 1.712049691023732334e-01 0.000000000000000000e+00 1.712049691023732334e-01 8.189111658918952390e-04 3.446808327399526750e-03 1.362230914967108020e-02
0.000000000000000000e+00 1.750000000000000000e+00 1.990775554637676803e-01 0.000000000000000000e+00 1.990775554637676803e-01 1.296610525773593406e-03 4.816450005681850721e-03 2.309688685937972760e-02
2.500000000000000000e-01 1.750000000000000000e+00 1.650902069596097421e-01 0.000000000000000000e+00 1.650902069596097421e-01 2.770381972239022075e-03 7.191650764192259772e-03 2.385250855045647697e-02
5.000000000000000000e-01 1.750000000000000000e+00 2.449438014157413468e-01 8.935323161475471065e-02 1.555905698009866223e-01 6.790617625299404797e-03 1.740513542474347169e-02 5.318859155487287715e-02
7.500000000000000000e-01 1.750000000000000000e+00 3.908169603459910602e-01 8.935323161475479392e-02 3.014637287312362801e-01 1.915548021022523209e-02 4.226368849704187358e-02 7.227174373851001643e-02
1.000000000000000000e+00 1.750000000000000000e+00 5.858671219210204173e-01 2.659022376739242910e-01 3.199648842470961263e-01 5.860183866313287832e-02 1.024206836719630809e-01 1.171001243984580026e-01
1.250000000000000000e+00 1.750000000000000000e+00 7.248108249257624314e-01 5.235417843878393818e-01 2.012690405379230496e-01 1.196565260142709725e-01 1.817365616286647223e-01 1.742977268219788600e-01
1.500000000000000000e+00 1.750000000000000000e+00 8.626937209830166653e-01 7.716890565506296928e-01 9.100466443238697245e-02 2.059368463955753847e-01 2.751691847643262800e-01 2.295638659867733355e-01
1.750000000000000000e+00 1.750000000000000000e+00 9.159100201425169896e-01 9.199652167337628583e-01 -4.055196591245868731e-03 3.169124211296284188e-01 3.674350398427134734e-01 2.605804979592675763e-01
2.000000000000000000e+00 1.750000000000000000e+00 9.383730092926776400e-01 9.707728879609290873e-01 -3.239987866825144724e-02 3.639461575565604567e-01 4.082854412336351935e-01 2.674639440405803814e-01
-2.000000000000000000e+00 2.000000000000000000e+00 9.016802892129464064e-01 8.416650165000304495e-01 6.001527271291595689e-02 2.384719669605059877e-01 3.052293648724083153e-01 2.371460813625458075e-01
-1.750000000000000000e+00 2.000000000000000000e+00 7.105404511402061418e-01 4.749736834815154740e-01 2.355667676586906678e-01 9.487490717969952747e-02 1.548345932596376373e-01 1.661260676472796904e-01
-1.500000000000000000e+00 2.000000000000000000e+00 4.446759473357992931e-01 2.177705214210586548e-01 2.269054259147406383e-01 2.896303396248277318e-02 6.142441260256905483e-02 9.710307360425740608e-02
-1.250000000000000000e+00 2.000000000000000000e+00 2.061250970073643107e-01 1.262378707044761739e-01 7.988722630288813686e-02 8.728981474700865661e-03 2.175220419629063026e-02 5.641586250961442423e-02
-1.000000000000000000e+00 2.000000000000000000e+00 1.953967852934674898e-01 1.544538766104625316e-01 4.094290868300495823e-02 3.447748727905857596e-03 1.291401428198827792e-02 5.223944064286006883e-02
-7.500000000000000000e-01 2.000000000000000000e+00 1.262166882786415201e-01 0.000000000000000000e+00 1.262166882786415201e-01 1.460941853634563532e-03 4.724694725121050647e-03 1.805471258781530738e-02
-5.000000000000000000e-01 2.000000000000000000e+00 1.262594137663499705e-01 0.000000000000000000e+00 1.262594137663499705e-01 8.668208586033040400e-04 3.646748513521817954e-03 2.290454696220515021e-02
-2.500000000000000000e-01 2.000000000000000000e+00 1.207797639674325629e-01 0.000000000000000000e+00 1.207797639674325629e-01 8.866342254356017949e-04 2.778238241335495573e-03 1.092905195832820191e-02
0.000000000000000000e+00 2.000000000000000000e+00 9.092145733339329627e-02 8.935323161475479392e-02 1.568225718638502353e-03 1.471198687295319349e-03 8.417223479354890570e-03 4.284301830776640618e-02
2.500000000000000000e-01 2.000000000000000000e+00 2.074422680995486323e-01 1.262378707044761184e-01 8.120439739507251398e-02 3.493189844514852423e-03 1.362054447413291527e-02 5.525309967549639489e-02
5.000000000000000000e-01 2.000000000000000000e+00 3.252006551237998644e-01 8.935323161475476617e-02 2.358474235090450843e-01 7.798670086660804135e-03 2.176703122548354769e-02 5.104676276577321814e-02
7.500000000000000000e-01 2.000000000000000000e+00 4.311478164737175822e-01 1.781684596105610474e-01 2.529793568631565348e-01 2.535798236945270220e-02 5.473684245318496955e-02 8.750369196734289479e-02
1.000000000000000000e+00 2.000000000000000000e+00 6.289735736345870576e-01 2.177705214210589046e-01 4.112030522135281529e-01 5.288626746697704800e-02 9.765666792520104333e-02 1.179876707725539819e-01
1.250000000000000000e+00 2.000000000000000000e+00 7.635536032203769086e-01 5.607280981010314136e-01 2.028255051193454950e-01 1.199599667962656796e-01 1.842243815419924713e-01 1.840454232734348716e-01
1.500000000000000000e+00 2.000000000000000000e+00 8.801629818097745916e-01 7.749683864519897325e-01 1.051945953577848591e-01 2.092441045049668324e-01 2.776706529064610351e-01 2.299762809948129039e-01
1.750000000000000000e+00 2.000000000000000000e+00 9.257324148058236890e-01 9.513863568498318601e-01 -2.565394204400817113e-02 3.429707220338946705e-01 3.880155404228473603e-01 2.633641451899756958e-01
2.000000000000000000e+00 2.000000000000000000e+00 9.404662003471379039e-01 9.634189120003792128e-01 -2.295271165324130891e-02 3.642540653097878223e-01 4.041792920089717911e-01 2.658417335823275995e-01
-2.000000000000000000e+00 2.250000000000000000e+00 9.026045960293462844e-01 8.750679973579182924e-01 2.753659867142799200e-02 2.852337665841954695e-01 3.383476724194410257e-01 2.340265638196891707e-01
-1.750000000000000000e+00 2.250000000000000000e+00 7.382042542677478281e-01 5.780519007840015933e-01 1.601523534837462348e-01 1.336109376063192300e-01 1.972277217887693779e-01 1.864435208363547369e-01
-1.500000000000000000e+00 2.250000000000000000e+00 5.536429999527590073e-01 2.933666647729431531e-01 2.602763351798158542e-01 4.153536680498953748e-02 8.688106119028914109e-02 1.223304140370297804e-01
-1.250000000000000000e+00 2.250000000000000000e+00 3.039608064980047208e-01 8.935323161475476617e-02 2.146075748832499408e-01 1.496160339465445015e-02 3.451262132827348506e-02 6.458489999993519137e-02
-1.000000000000000000e+00 2.250000000000000000e+00 2.435659012933951428e-01 1.262378707044762016e-01 1.173280305889189412e-01 4.942230598005254404e-03 1.516277699736790462e-02 4.516407901636909639e-02
-7.500000000000000000e-01 2.250000000000000000e+00 1.040008147071001393e-01 0.000000000000000000e+00 1.040008147071001393e-01 2.167030208486462380e-03 6.798532227262104460e-03 2.303094639504344940e-02
-5.000000000000000000e-01 2.250000000000000000e+00 1.434265549032939235e-01 0.000000000000000000e+00 1.434265549032939235e-01 1.368529916313314778e-03 6.806221883430538244e-03 3.316289695413137534e-02
-2.500000000000000000e-01 2.250000000000000000e+00 1.781615218101409159e-01 8.935323161475478004e-02 8.880829019538613589e-02 1.339378280517365422e-03 5.056501985188898915e-03 2.532692319351781754e-02
0.000000000000000000e+00 2.250000000000000000e+00 1.311962978319015649e-01 0.000000000000000000e+00 1.311962978319015649e-01 1.779744612167513066e-03 6.639385702626535331e-03 1.921681689388901604e-02
2.500000000000000000e-01 2.250000000000000000e+00 2.195598935839807309e-01 0.000000000000000000e+00 2.195598935839807309e-01 3.428294658774444417e-03 9.746720625167347093e-03 2.380875672836060136e-02
5.000000000000000000e-01 2.250000000000000000e+00 2.498713513573374012e-01 8.935323161475471065e-02 1.605181197425826767e-01 6.815872088088077360e-03 1.870029560475235109e-02 4.881423829090310307e-02
7.500000000000000000e-01 2.250000000000000000e+00 3.301930636299330035e-01 1.989974874213242539e-01 1.311955762086087496e-01 2.171738933139095301e-02 5.068928427285097210e-02 9.093136198290066585e-02
1.000000000000000000e+00 2.250000000000000000e+00 5.787140953311042946e-01 3.060980235153442641e-01 2.726160718157600305e-01 5.248467501573543526e-02 1.035965498460010847e-01 1.337011449371951488e-01
1.250000000000000000e+00 2.250000000000000000e+00 7.534155015067451888e-01 5.363431737236916685e-01 2.170723277830535203e-01 1.129229086195393805e-01 1.788384173563337121e-01 1.818282279966706438e-01
1.500000000000000000e+00 2.250000000000000000e+00 8.428175621583436916e-01 7.332121111929308377e-01 1.096054509654128539e-01 1.926357811053543423e-01 2.675079679507335606e-01 2.212101070327530117e-01
1.750000000000000000e+00 2.250000000000000000e+00 9.363525874227786039e-01 9.182505104817558772e-01 1.810207694102272669e-02 2.975822491598611452e-01 3.576873044967955328e-01 2.606423065756062751e-01
2.000000000000000000e+00 2.250000000000000000e+00 9.337989869274467836e-01 9.677272342969381880e-01 -3.392824736949140441e-02 3.915646054947282129e-01 4.200286624264487068e-01 2.671121372094100721e-01
-2.000000000000000000e+00 2.500000000000000000e+00 9.242517832714539638e-01 9.282327294380444682e-01 -3.980946166590504376e-03 3.248834515503032927e-01 3.717891390720707290e-01 2.640987762556308849e-01
-1.750000000000000000e+00 2.500000000000000000e+00 8.510520280300258866e-01 7.021794642397333197e-01 1.488725637902925669e-01 1.686918894690034310e-01 2.410668615499078626e-01 2.238756327681860059e-01
-1.500000000000000000e+00 2.500000000000000000e+00 6.373157743902816419e-01 3.299454500368199650e-01 3.073703243534616769e-01 6.542100076621208682e-02 1.170258097468825920e-01 1.346174462564390939e-01
-1.250000000000000000e+00 2.500000000000000000e+00 3.585497555398350911e-01 2.349808502835917523e-01 1.235689052562433388e-01 2.266136436942384202e-02 5.221295399564378908e-02 8.971463351416728016e-02
-1.000000000000000000e+00 2.500000000000000000e+00 3.079851165582022099e-01 1.544538766104625316e-01 1.535312399477396783e-01 9.393202726359784621e-03 2.960876322606181138e-02 7.347311190507757606e-02
-7.500000000000000000e-01 2.500000000000000000e+00 2.075868566536727688e-01 0.000000000000000000e+00 2.075868566536727688e-01 3.813176727630564027e-03 1.164124797454960461e-02 3.509282992606115037e-02
-5.000000000000000000e-01 2.500000000000000000e+00 2.371935320590187468e-01 8.935323161475471065e-02 1.478403004442640500e-01 2.496820403370413315e-03 1.095576360848270377e-02 4.026345546193329378e-02
-2.500000000000000000e-01 2.500000000000000000e+00 1.555667826216023675e-01 8.935323161475472453e-02 6.621355100684764294e-02 2.114295744916021205e-03 8.060085993347475275e-03 3.725030610927120012e-02
0.000000000000000000e+00 2.500000000000000000e+00 1.410313094982065529e-01 1.262378707044761461e-01 1.479343879373040682e-02 2.690990544918353371e-03 1.233937066500692854e-02 4.741528427329331358e-02
2.500000000000000000e-01 2.500000000000000000e+00 2.585742765812371058e-01 0.000000000000000000e+00 2.585742765812371058e-01 4.160426247628854109e-03 1.275892459891532840e-02 2.943269238233708202e-02
5.000000000000000000e-01 2.500000000000000000e+00 2.866527039034721946e-01 8.935323161475471065e-02 1.972994722887174701e-01 8.494503824098945804e-03 2.772238259674484478e-02 6.680580168891465942e-02
7.500000000000000000e-01 2.500000000000000000e+00 4.404972203690596944e-01 1.989974874213244760e-01 2.414997329477352184e-01 2.612278021661258373e-02 5.976120806015573078e-02 9.239939396566837493e-02
1.000000000000000000e+00 2.500000000000000000e+00 5.830534368637373399e-01 3.299454500368211862e-01 2.531079868269161537e-01 5.297005135980426688e-02 1.033171427675510096e-01 1.307934761957990077e-01
1.250000000000000000e+00 2.500000000000000000e+00 6.905746355083515198e-01 5.235417843878379385e-01 1.670328511205135813e-01 1.093737847015234660e-01 1.722536268523177094e-01 1.787033834152043366e-01
1.500000000000000000e+00 2.500000000000000000e+00 8.349492013054962136e-01 7.294820080029362774e-01 1.054671933025599362e-01 1.847121254020972769e-01 2.569982011704792235e-01 2.169798995152659171e-01
1.750000000000000000e+00 2.500000000000000000e+00 9.083191362206122221e-01 8.858351991200204001e-01 2.248393710059182204e-02 2.974473427523163238e-01 3.539108002867469294e-01 2.602113571032277917e-01
2.000000000000000000e+00 2.500000000000000000e+00 9.573422089635109655e-01 9.697752316903091030e-01 -1.243302272679813747e-02 3.724317428596282120e-01 4.119577092557779041e-01 2.793695179033597875e-01
-2.000000000000000000e+00 2.750000000000000000e+00 9.411623089281345722e-01 9.697752316903092140e-01 -2.861292276217464181e-02 3.553286341220621702e-01 4.010116748409274789e-01 2.668525574617432450e-01
-1.750000000000000000e+00 2.750000000000000000e+00 8.816597524756929483e-01 7.749683864519897325e-01 1.066913660237032158e-01 2.017823869196442299e-01 2.695241693040963393e-01 2.246300153766882524e-01
-1.500000000000000000e+00 2.750000000000000000e+00 6.893594184323506013e-01 4.823111029200990441e-01 2.070483155122515573e-01 9.130453148780143247e-02 1.577636107996940040e-01 1.680911140192456188e-01
-1.250000000000000000e+00 2.750000000000000000e+00 4.361546532482407090e-01 2.349808502835916968e-01 2.011738029646490122e-01 3.724699980257897142e-02 8.059326199597145746e-02 1.137038970348227401e-01
-1.000000000000000000e+00 2.750000000000000000e+00 3.463983147340672919e-01 1.262378707044761461e-01 2.201604440295911458e-01 1.425651853677879083e-02 3.432164587639902759e-02 6.973735994769228452e-02
-7.500000000000000000e-01 2.750000000000000000e+00 2.772248074213692903e-01 0.000000000000000000e+00 2.772248074213692903e-01 7.503223178347660262e-03 2.009068892620565622e-02 4.380996808563809158e-02
-5.000000000000000000e-01 2.750000000000000000e+00 2.048495439534269991e-01 1.544538766104626981e-01 5.039566734296430095e-02 4.097833510390612097e-03 1.477603940570307653e-02 5.376470741340844128e-02
-2.500000000000000000e-01 2.750000000000000000e+00 1.551707595933101043e-02 0.000000000000000000e+00 1.551707595933101043e-02 3.764110122323346963e-03 1.083601672371847964e-02 2.290134939142178527e-02
0.000000000000000000e+00 2.750000000000000000e+00 2.429527624638979921e-01 8.935323161475478004e-02 1.535995308491432121e-01 3.871277803578252776e-03 1.404675600520342328e-02 4.488130990871132958e-02
2.500000000000000000e-01 2.750000000000000000e+00 3.121889714490306833e-01 1.781684596105608531e-01 1.340205118384698302e-01 6.784102976302466143e-03 2.381282746485810509e-02 7.411395306281322315e-02
5.000000000000000000e-01 2.750000000000000000e+00 3.192337697789996986e-01 2.177705214210584883e-01 1.014632483579412103e-01 1.216945912654991691e-02 3.812797101033229413e-02 8.738357285424157295e-02
7.500000000000000000e-01 2.750000000000000000e+00 4.769578734046255875e-01 2.177705214210587104e-01 2.591873519835669049e-01 2.529555773148230852e-02 6.554735036356966471e-02 1.071580566841108806e-01
1.000000000000000000e+00 2.750000000000000000e+00 6.092010156675394805e-01 3.725801927102404543e-01 2.366208229572990263e-01 5.860739498293639216e-02 1.117249500242768478e-01 1.392954914139872269e-01
1.250000000000000000e+00 2.750000000000000000e+00 7.710726233841542765e-01 6.052966215005688433e-01 1.657760018835854332e-01 1.111266345194043131e-01 1.840285329645325318e-01 1.953051510819305003e-01
1.500000000000000000e+00 2.750000000000000000e+00 8.424929120482077538e-01 7.814243405474383675e-01 6.106857150076938634e-02 1.949597557407075354e-01 2.700834394184937759e-01 2.287245479285966998e-01
1.750000000000000000e+00 2.750000000000000000e+00 9.012102528565304471e-01 9.018736053350305815e-01 -6.633524785001343460e-04 2.820683147085176201e-01 3.467484195560299187e-01 2.618296348367167847e-01
2.000000000000000000e+00 2.750000000000000000e+00 9.253671106671350621e-01 9.611576353543699325e-01 -3.579052468723487035e-02 3.554064716466951990e-01 3.997806084780114455e-01 2.669601196557717659e-01
-2.000000000000000000e+00 3.000000000000000000e+00 9.591366995640597803e-01 9.622972513729857180e-01 -3.160551808925937678e-03 3.635777448799190070e-01 4.049139436863862240e-01 2.682053505519060854e-01
-1.750000000000000000e+00 3.000000000000000000e+00 8.709220773236175939e-01 8.202536193153912025e-01 5.066845800822639134e-02 2.289244543867559323e-01 2.983164900620525195e-01 2.430651703240365447e-01
-1.500000000000000000e+00 3.000000000000000000e+00 7.150785031981350404e-01 5.487294415283330284e-01 1.663490616698020119e-01 1.129062513805965812e-01 1.822155231619762561e-01 1.856951897777808225e-01
-1.250000000000000000e+00 3.000000000000000000e+00 5.808900960297999072e-01 3.411744421846384934e-01 2.397156538451614138e-01 5.721717762545552866e-02 1.112882361027475453e-01 1.382499924704386762e-01
-1.000000000000000000e+00 3.000000000000000000e+00 5.220976001459316507e-01 2.509501942617307080e-01 2.711474058842009427e-01 3.043044550103993565e-02 6.802166375912035989e-02 1.058315188514027949e-01
-7.500000000000000000e-01 3.000000000000000000e+00 3.405761746088163400e-01 8.935323161475471065e-02 2.512229429940616154e-01 1.261672097774637312e-02 3.597656281855047405e-02 7.337060069492933045e-02
-5.000000000000000000e-01 3.000000000000000000e+00 2.823819321329420484e-01 1.781684596105611307e-01 1.042134725223809177e-01 9.245118312909732933e-03 3.028563444514198455e-02 7.141448274233389015e-02
-2.500000000000000000e-01 3.000000000000000000e+00 3.888997293943078359e-01 1.262378707044762016e-01 2.626618586898316066e-01 7.172208123622749419e-03 2.424060579102810253e-02 6.486618789194481538e-02
0.000000000000000000e+00 3.000000000000000000e+00 3.024216931913964457e-01 1.262378707044761461e-01 1.761838224869202996e-01 8.449460121877633637e-03 2.781896554901235746e-02 6.858013357730607940e-02
2.500000000000000000e-01 3.000000000000000000e+00 3.418549801402775423e-01 0.000000000000000000e+00 3.418549801402775423e-01 9.697200248869736888e-03 3.033944827782118422e-02 6.288892961537506654e-02
5.000000000000000000e-01 3.000000000000000000e+00 3.965924283265889194e-01 3.060980235153451523e-01 9.049440481124376712e-02 1.942389358887777751e-02 5.273998767592274345e-02 1.111546004490405887e-01
7.500000000000000000e-01 3.000000000000000000e+00 4.806916827637844891e-01 1.989974874213240319e-01 2.816941953424604295e-01 3.435336349379315701e-02 7.566398358494241805e-02 1.075312243757755859e-01
1.000000000000000000e+00 3.000000000000000000e+00 6.310424136256522765e-01 4.275324549083941994e-01 2.035099587172580771e-01 7.163482022101899660e-02 1.346227786226502354e-01 1.621230817295654381e-01
1.250000000000000000e+00 3.000000000000000000e+00 7.821310505866985174e-01 6.105210889068423130e-01 1.716099616798562044e-01 1.227667713891952839e-01 1.993984139238669517e-01 2.030231362225969061e-01
1.500000000000000000e+00 3.000000000000000000e+00 8.652444337738064428e-01 7.969843160313736519e-01 6.826011774243279095e-02 2.116774953913537205e-01 2.882541275810213133e-01 2.443822055526126413e-01
1.750000000000000000e+00 3.000000000000000000e+00 9.212722754609619091e-01 9.282327294380444682e-01 -6.960453977082559085e-03 3.280396515303839466e-01 3.766009565291713601e-01 2.630153772055099926e-01
2.000000000000000000e+00 3.000000000000000000e+00 9.546275487446617136e-01 9.551879396223551533e-01 -5.603908776934396485e-04 3.619030139903338661e-01 4.079467769608001726e-01 2.696472043402228791e-01
