# position velocity action_std action_loc_std action_std_diff action_mean_p_0 action_p_0_mean action_p_0_std
-2.000000000000000000e+00 -3.000000000000000000e+00 7.296148745248339784e-01 6.257795138864777895e-01 1.038353606383561889e-01 9.148741525132679797e-01 8.203311237356979424e-01 2.210310334746515004e-01
-1.750000000000000000e+00 -3.000000000000000000e+00 6.081018383104940250e-01 4.275324549083939774e-01 1.805693834021000477e-01 9.597729464708805169e-01 8.952263666156843325e-01 1.691259552746085526e-01
-1.500000000000000000e+00 -3.000000000000000000e+00 4.535702456300821361e-01 1.989974874213253364e-01 2.545727582087567997e-01 9.823022004171928501e-01 9.453219479127988878e-01 9.913206274618503733e-02
-1.250000000000000000e+00 -3.000000000000000000e+00 2.964065353633941746e-01 1.544538766104633087e-01 1.419526587529308659e-01 9.953189200058588648e-01 9.795680436619867981e-01 6.185320081596516056e-02
-1.000000000000000000e+00 -3.000000000000000000e+00 2.418983980257109478e-01 8.935323161475475229e-02 1.525451664109561956e-01 9.975581062042957470e-01 9.883274715901905205e-01 4.001098111106782262e-02
-7.500000000000000000e-01 -3.000000000000000000e+00 1.759325221544556228e-01 0.000000000000000000e+00 1.759325221544556228e-01 9.989219735068139983e-01 9.942404241796215514e-01 2.797792716418537676e-02
-5.000000000000000000e-01 -3.000000000000000000e+00 1.459015985500067558e-01 0.000000000000000000e+00 1.459015985500067558e-01 9.992073000648885595e-01 9.954936013963100461e-01 1.557259005739444410e-02
-2.500000000000000000e-01 -3.000000000000000000e+00 1.261030982431278757e-01 8.935323161475478004e-02 3.674986662837309570e-02 9.992604939650112650e-01 9.953367685236954587e-01 2.801914997445532907e-02
0.000000000000000000e+00 -3.000000000000000000e+00 1.416218111655682954e-01 0.000000000000000000e+00 1.416218111655682954e-01 9.988546098914015126e-01 9.946925179758365765e-01 2.263263134494138476e-02
2.500000000000000000e-01 -3.000000000000000000e+00 2.097782028630473805e-01 0.000000000000000000e+00 2.097782028630473805e-01 9.977768088785771150e-01 9.915006897719430556e-01 2.760139303772301753e-02
5.000000000000000000e-01 -3.000000000000000000e+00 3.410324980721284871e-01 1.781684596105612972e-01 1.628640384615671899e-01 9.934819899903619689e-01 9.716799363577137694e-01 8.089615889021649353e-02
7.500000000000000000e-01 -3.000000000000000000e+00 3.999077933812747454e-01 2.659022376739242910e-01 1.340055557073504544e-01 9.808460678039048197e-01 9.427487595979754387e-01 1.155236651785290919e-01
1.000000000000000000e+00 -3.000000000000000000e+00 6.221261846868541001e-01 3.919183588453078460e-01 2.302078258415462542e-01 9.550455500507061268e-01 8.953029156066242278e-01 1.496045875186220453e-01
1.250000000000000000e+00 -3.000000000000000000e+00 7.818736472462699538e-01 6.307329070216616262e-01 1.511407402246083276e-01 8.779274581735588834e-01 7.933649120117242104e-01 2.197237451502564443e-01
1.500000000000000000e+00 -3.000000000000000000e+00 9.310006661043939147e-01 8.979977728257475533e-01 3.300289327864636135e-02 7.391071969026412614e-01 6.614619226525795259e-01 2.780009360167882693e-01
1.750000000000000000e+00 -3.000000000000000000e+00 9.531670194137578100e-01 9.843901665498255849e-01 -3.122314713606777481e-02 6.070332590389853067e-01 5.632789903044930213e-01 2.994519412407459780e-01
2.000000000000000000e+00 -3.000000000000000000e+00 9.664699305343836810e-01 9.999919999679972582e-01 -3.352206943361357716e-02 4.786298377443699570e-01 4.927692205826142424e-01 3.090835868751572457e-01
-2.000000000000000000e+00 -2.750000000000000000e+00 6.731973601505911731e-01 5.169758214849121680e-01 1.562215386656790050e-01 9.412124916340148806e-01 8.645546034755307030e-01 1.801774383944903801e-01
-1.750000000000000000e+00 -2.750000000000000000e+00 5.168949398315871857e-01 3.182703253525227538e-01 1.986246144790644319e-01 9.761424888229194297e-01 9.276910928940238499e-01 1.291085863812752588e-01
-1.500000000000000000e+00 -2.750000000000000000e+00 2.855306466352779959e-01 8.935323161475475229e-02 1.961774150205232436e-01 9.928958492547107495e-01 9.755470560387418111e-01 5.830280016655876169e-02
-1.250000000000000000e+00 -2.750000000000000000e+00 2.692810573782365990e-01 0.000000000000000000e+00 2.692810573782365990e-01 9.971349816708809932e-01 9.873131487804340800e-01 4.204800326560827889e-02
-1.000000000000000000e+00 -2.750000000000000000e+00 3.553761587386088452e-03 0.000000000000000000e+00 3.553761587386088452e-03 9.990427739383653805e-01 9.946893561025446084e-01 1.888601705585182117e-02
-7.500000000000000000e-01 -2.750000000000000000e+00 8.935262804995694474e-02 1.262378707044762016e-01 -3.688524265451925688e-02 9.995017540583041038e-01 9.945351371594030043e-01 3.977503634174507641e-02
-5.000000000000000000e-01 -2.750000000000000000e+00 6.027849726781784115e-03 0.000000000000000000e+00 6.027849726781784115e-03 9.996811233468823055e-01 9.975423089398482990e-01 2.098328777028069317e-02
-2.500000000000000000e-01 -2.750000000000000000e+00 1.512801949163515292e-01 0.000000000000000000e+00 1.512801949163515292e-01 9.996514535625896647e-01 9.972827043261660585e-01 1.379031458219054374e-02
0.000000000000000000e+00 -2.750000000000000000e+00 8.925220638077269175e-02 0.000000000000000000e+00 8.925220638077269175e-02 9.994483225980544949e-01 9.968501736175706673e-01 1.430152688023280869e-02
2.500000000000000000e-01 -2.750000000000000000e+00 7.111667713226263454e-02 0.000000000000000000e+00 7.111667713226263454e-02 9.989170181374624757e-01 9.959932804492880321e-01 1.969390704664077812e-02
5.000000000000000000e-01 -2.750000000000000000e+00 1.337944232408381229e-01 0.000000000000000000e+00 1.337944232408381229e-01 9.966190304194547656e-01 9.899689390751060802e-01 2.445988675407070878e-02
7.500000000000000000e-01 -2.750000000000000000e+00 3.182844797472463294e-01 8.935323161475473841e-02 2.289312481324916049e-01 9.871459702542073611e-01 9.652067994178464838e-01 6.256671885369807784e-02
1.000000000000000000e+00 -2.750000000000000000e+00 6.263062532912478941e-01 4.011782646156197285e-01 2.251279886756281656e-01 9.605367749595307147e-01 9.002428286687317316e-01 1.507085677137248725e-01
1.250000000000000000e+00 -2.750000000000000000e+00 7.855737036746642810e-01 6.156752390668270847e-01 1.698984646078371963e-01 8.830914453757743310e-01 7.936875151151908669e-01 2.107089285292768066e-01
1.500000000000000000e+00 -2.750000000000000000e+00 9.303816062977768864e-01 9.037787339830437583e-01 2.660287231473312808e-02 7.188884788819008831e-01 6.468364803380172168e-01 2.810903307570350451e-01
1.750000000000000000e+00 -2.750000000000000000e+00 9.468036251770497458e-01 9.945772971468858081e-01 -4.777367196983606235e-02 5.739011892228774725e-01 5.466769093485734921e-01 2.980488456692000909e-01
2.000000000000000000e+00 -2.750000000000000000e+00 9.687491232756957338e-01 9.990315310339302757e-01 -3.028240775823454189e-02 4.531203843311722990e-01 4.741496661240470201e-01 3.153786134209729530e-01
-2.000000000000000000e+00 -2.500000000000000000e+00 6.326955841975352435e-01 4.275324549083946990e-01 2.051631292891405445e-01 9.541958338988253407e-01 8.859184699865206847e-01 1.711246572051137449e-01
-1.750000000000000000e+00 -2.500000000000000000e+00 3.810427851206463212e-01 1.544538766104618932e-01 2.265889085101844280e-01 9.851252825319530837e-01 9.515172814552650404e-01 9.125414529922240559e-02
-1.500000000000000000e+00 -2.500000000000000000e+00 3.004744387055515720e-01 1.544538766104626426e-01 1.460205620950889294e-01 9.950961883766616944e-01 9.791573003291934585e-01 6.481891303905575052e-02
-1.250000000000000000e+00 -2.500000000000000000e+00 2.303790580589831771e-01 8.935323161475473841e-02 1.410258264442284526e-01 9.984407873951142154e-01 9.898814394568151709e-01 3.999470446361934328e-02
-1.000000000000000000e+00 -2.500000000000000000e+00 2.094669353331291839e-01 8.935323161475475229e-02 1.201137037183744316e-01 9.995038600977826926e-01 9.949168671947941078e-01 3.429423202877923682e-02
-7.500000000000000000e-01 -2.500000000000000000e+00 8.935314305329326856e-02 8.935323161475478004e-02 -8.856146151148269752e-08 9.997633432847863322e-01 9.971929383575952599e-01 3.283026043970026925e-02
-5.000000000000000000e-01 -2.500000000000000000e+00 7.106716255427632993e-05 0.000000000000000000e+00 7.106716255427632993e-05 9.998547435131776018e-01 9.988735995736078843e-01 9.607159699947853682e-03
-2.500000000000000000e-01 -2.500000000000000000e+00 8.935323161434884087e-02 0.000000000000000000e+00 8.935323161434884087e-02 9.998663900202303667e-01 9.992898821842939316e-01 3.045055555316989512e-03
0.000000000000000000e+00 -2.500000000000000000e+00 2.084312598425740208e-06 0.000000000000000000e+00 2.084312598425740208e-06 9.997640681250322681e-01 9.990762981616698735e-01 3.878824588649091611e-03
2.500000000000000000e-01 -2.500000000000000000e+00 1.262131999597789211e-01 0.000000000000000000e+00 1.262131999597789211e-01 9.993558160250798350e-01 9.975630872528925552e-01 7.586639188855425278e-03
5.000000000000000000e-01 -2.500000000000000000e+00 1.931828903706129530e-01 0.000000000000000000e+00 1.931828903706129530e-01 9.977661491549862927e-01 9.911259353549236595e-01 2.895062445809873028e-02
7.500000000000000000e-01 -2.500000000000000000e+00 3.386968053045479321e-01 1.262378707044760628e-01 2.124589346000718693e-01 9.909777519701342685e-01 9.689692290126600271e-01 6.673916235142800246e-02
1.000000000000000000e+00 -2.500000000000000000e+00 4.679457324853927846e-01 3.411744421846382158e-01 1.267712903007545688e-01 9.700536037418282520e-01 9.236599097578689355e-01 1.287923276651920523e-01
1.250000000000000000e+00 -2.500000000000000000e+00 7.785820336664427410e-01 6.499230723708775415e-01 1.286589612955651996e-01 8.910421139662387802e-01 8.003422832855325852e-01 2.180689977679955427e-01
1.500000000000000000e+00 -2.500000000000000000e+00 9.163364414819027415e-01 9.018736053350305815e-01 1.446283614687216001e-02 7.342556904687134178e-01 6.592035160087909018e-01 2.755340542796334002e-01
1.750000000000000000e+00 -2.500000000000000000e+00 9.652713678819513365e-01 9.990315310339310528e-01 -3.376016315197971629e-02 5.294790932815577333e-01 5.199447793648876992e-01 2.962358373166492642e-01
2.000000000000000000e+00 -2.500000000000000000e+00 9.518435631585443479e-01 9.727157858285259140e-01 -2.087222266998156606e-02 3.622984315639798947e-01 4.116849631313900248e-01 2.936156038085153686e-01
-2.000000000000000000e+00 -2.250000000000000000e+00 5.300013024207476109e-01 3.299454500368198540e-01 2.000558523839277569e-01 9.648521784029706616e-01 9.086653111267170013e-01 1.406789309523810150e-01
-1.750000000000000000e+00 -2.250000000000000000e+00 4.150439020245799138e-01 1.544538766104629479e-01 2.605900254141169659e-01 9.874110978445722608e-01 9.590272876900325372e-01 8.300939182289614193e-02
-1.500000000000000000e+00 -2.250000000000000000e+00 1.562066715816998741e-01 8.935323161475471065e-02 6.685343996694516344e-02 9.970034476653989453e-01 9.849598030526304226e-01 4.880953113936560561e-02
-1.250000000000000000e+00 -2.250000000000000000e+00 1.697880071980068517e-01 0.000000000000000000e+00 1.697880071980068517e-01 9.991407122302212729e-01 9.953877313218475464e-01 1.734489615107728464e-02
-1.000000000000000000e+00 -2.250000000000000000e+00 1.271057111609474877e-02 0.000000000000000000e+00 1.271057111609474877e-02 9.997553793086558782e-01 9.990611405433679204e-01 2.538852195493062139e-03
-7.500000000000000000e-01 -2.250000000000000000e+00 8.935226208371982448e-02 0.000000000000000000e+00 8.935226208371982448e-02 9.998978559623327156e-01 9.989022275701529008e-01 7.151735963229355862e-03
-5.000000000000000000e-01 -2.250000000000000000e+00 1.315627859984582920e-10 0.000000000000000000e+00 1.315627859984582920e-10 9.999385825019136975e-01 9.991415690329157329e-01 8.339857310894930459e-03
-2.500000000000000000e-01 -2.250000000000000000e+00 5.338349554333563039e-04 0.000000000000000000e+00 5.338349554333563039e-04 9.999212600801348216e-01 9.996629507801023662e-01 1.278257198633276368e-03
0.000000000000000000e+00 -2.250000000000000000e+00 4.538308571213922504e-13 0.000000000000000000e+00 4.538308571213922504e-13 9.998770973626961434e-01 9.993253501317167498e-01 3.796386715272697093e-03
2.500000000000000000e-01 -2.250000000000000000e+00 8.722550140659329765e-02 0.000000000000000000e+00 8.722550140659329765e-02 9.996127887524538513e-01 9.986833682959650460e-01 4.813660832368752036e-03
5.000000000000000000e-01 -2.250000000000000000e+00 1.498331221453481910e-01 8.935323161475472453e-02 6.047989053059346642e-02 9.984362584572714638e-01 9.944029255106601184e-01 2.498837613370447769e-02
7.500000000000000000e-01 -2.250000000000000000e+00 2.809235843831549562e-01 0.000000000000000000e+00 2.809235843831549562e-01 9.937137525818182660e-01 9.805574932732937787e-01 4.313965983173456697e-02
1.000000000000000000e+00 -2.250000000000000000e+00 4.574011998242359378e-01 2.509501942617304304e-01 2.064510055625055074e-01 9.701751992783218537e-01 9.231478955822416399e-01 1.159787107411414664e-01
1.250000000000000000e+00 -2.250000000000000000e+00 7.956448860231931652e-01 7.021794642397332087e-01 9.346542178345995655e-02 8.758459090500901878e-01 7.850092305567946127e-01 2.306317396424939214e-01
1.500000000000000000e+00 -2.250000000000000000e+00 9.407692003965857364e-01 9.266196630764991227e-01 1.414953732008661369e-02 6.988356077666367794e-01 6.305399276102733319e-01 2.864028448922982806e-01
1.750000000000000000e+00 -2.250000000000000000e+00 9.664070784217939636e-01 9.991996797437441291e-01 -3.279260132195016553e-02 4.752119425680814135e-01 4.874294430585734417e-01 2.977082524292957166e-01
2.000000000000000000e+00 -2.250000000000000000e+00 9.500878019472969171e-01 9.622972513729857180e-01 -1.220944942568880087e-02 3.482582143822945953e-01 3.977295316424115379e-01 2.948478411472372218e-01
-2.000000000000000000e+00 -2.000000000000000000e+00 4.566122464027701500e-01 2.659022376739242910e-01 1.907100087288458590e-01 9.777053890545840398e-01 9.383724378070738004e-01 1.080166287817339726e-01
-1.750000000000000000e+00 -2.000000000000000000e+00 3.032530486447602147e-01 8.935323161475472453e-02 2.138998170300054902e-01 9.935095446324228030e-01 9.778406859047992228e-01 5.342057742615749505e-02
-1.500000000000000000e+00 -2.000000000000000000e+00 1.421339013601453649e-01 0.000000000000000000e+00 1.421339013601453649e-01 9.981825778199915344e-01 9.933217784286307861e-01 1.853033265813332567e-02
-1.250000000000000000e+00 -2.000000000000000000e+00 8.982673160400758694e-02 0.000000000000000000e+00 8.982673160400758694e-02 9.995193477215211786e-01 9.978998830928776931e-01 8.094143861869919007e-03
-1.000000000000000000e+00 -2.000000000000000000e+00 8.261117247029762644e-04 0.000000000000000000e+00 8.261117247029762644e-04 9.998415637765776243e-01 9.992189824771366968e-01 2.731115551130166783e-03
-7.500000000000000000e-01 -2.000000000000000000e+00 1.125252852833732650e-03 0.000000000000000000e+00 1.125252852833732650e-03 9.999378529497042756e-01 9.992153835851180776e-01 7.297055799043534671e-03
-5.000000000000000000e-01 -2.000000000000000000e+00 1.171756664705958240e-01 0.000000000000000000e+00 1.171756664705958240e-01 9.999576225769351012e-01 9.993114854719447049e-01 7.770925321127432513e-03
-2.500000000000000000e-01 -2.000000000000000000e+00 9.123558407107808550e-12 0.000000000000000000e+00 9.123558407107808550e-12 9.999467803236719021e-01 9.996436883425027231e-01 2.771272086276110359e-03
0.000000000000000000e+00 -2.000000000000000000e+00 1.300141397765318705e-07 0.000000000000000000e+00 1.300141397765318705e-07 9.998868783610301847e-01 9.995265235208700139e-01 1.731519967583258247e-03
2.500000000000000000e-01 -2.000000000000000000e+00 8.388245179213792636e-10 0.000000000000000000e+00 8.388245179213792636e-10 9.996871570962915232e-01 9.990977497770590077e-01 3.370202431368743336e-03
5.000000000000000000e-01 -2.000000000000000000e+00 8.236454260636097424e-02 0.000000000000000000e+00 8.236454260636097424e-02 9.987217358146786017e-01 9.969741927501185597e-01 5.104991937510796121e-03
7.500000000000000000e-01 -2.000000000000000000e+00 2.187568287153711655e-01 0.000000000000000000e+00 2.187568287153711655e-01 9.927757863840415142e-01 9.786026413399641077e-01 4.375873618148468785e-02
1.000000000000000000e+00 -2.000000000000000000e+00 4.901672087232654684e-01 2.349808502835915580e-01 2.551863584396739104e-01 9.625166635962787431e-01 9.198253361901391756e-01 1.101052508655321199e-01
1.250000000000000000e+00 -2.000000000000000000e+00 7.756181541944741076e-01 6.769815359372785002e-01 9.863661825719560738e-02 8.706438195022115911e-01 7.880273540995884618e-01 2.209502157796730537e-01
1.500000000000000000e+00 -2.000000000000000000e+00 9.523759580379700385e-01 9.588242800430115675e-01 -6.448322005041529081e-03 6.501825675319042874e-01 6.011583054447880992e-01 2.913027119876435145e-01
1.750000000000000000e+00 -2.000000000000000000e+00 9.620359561766357315e-01 9.979498985420059975e-01 -3.591394236537026607e-02 4.631368979990202472e-01 4.787813924307892655e-01 3.094240311440656921e-01
2.000000000000000000e+00 -2.000000000000000000e+00 9.425335491926964959e-01 9.093646133427440992e-01 3.316893584995239674e-02 2.640493986926536474e-01 3.462261073308154358e-01 2.854026817904486424e-01
-2.000000000000000000e+00 -1.750000000000000000e+00 4.527362151866416995e-01 1.781684596105610197e-01 2.745677555760807076e-01 9.844554734513202288e-01 9.529462472664761430e-01 9.568451750812566325e-02
-1.750000000000000000e+00 -1.750000000000000000e+00 2.562089997031110067e-01 8.935323161475476617e-02 1.668557680883562266e-01 9.947406269415584035e-01 9.826358285803339365e-01 3.853131932563988449e-02
-1.500000000000000000e+00 -1.750000000000000000e+00 1.662065313870613736e-01 0.000000000000000000e+00 1.662065313870613736e-01 9.987215894824968965e-01 9.947886607476348342e-01 1.450056014005177661e-02
-1.250000000000000000e+00 -1.750000000000000000e+00 1.236163283190807871e-01 0.000000000000000000e+00 1.236163283190807871e-01 9.996829218285228080e-01 9.979724630608208802e-01 1.049706313790546922e-02
-1.000000000000000000e+00 -1.750000000000000000e+00 8.272104619836200410e-11 0.000000000000000000e+00 8.272104619836200410e-11 9.998852180912821686e-01 9.994929843424158467e-01 1.679970492975505934e-03
-7.500000000000000000e-01 -1.750000000000000000e+00 8.264282741458818144e-15 0.000000000000000000e+00 8.264282741458818144e-15 9.999566797661471051e-01 9.997284202781563378e-01 1.353593199803730142e-03
-5.000000000000000000e-01 -1.750000000000000000e+00 1.641545490719173513e-13 0.000000000000000000e+00 1.641545490719173513e-13 9.999718516508911970e-01 9.998928909412860833e-01 3.987308164646983393e-04
-2.500000000000000000e-01 -1.750000000000000000e+00 7.921714747173665823e-15 0.000000000000000000e+00 7.921714747173665823e-15 9.999608513417640454e-01 9.998875915794881442e-01 3.014477454830006230e-04
0.000000000000000000e+00 -1.750000000000000000e+00 3.392377517405213817e-11 0.000000000000000000e+00 3.392377517405213817e-11 9.999063012374512782e-01 9.997577573185169042e-01 5.546251796998287985e-04
2.500000000000000000e-01 -1.750000000000000000e+00 8.431552068159758884e-02 0.000000000000000000e+00 8.431552068159758884e-02 9.996700258192856570e-01 9.985718649283119586e-01 1.184081775027225579e-02
5.000000000000000000e-01 -1.750000000000000000e+00 9.778317779574766111e-02 0.000000000000000000e+00 9.778317779574766111e-02 9.983299522131597881e-01 9.963575158322981462e-01 6.334799989752058422e-03
7.500000000000000000e-01 -1.750000000000000000e+00 3.801640751823736064e-01 0.000000000000000000e+00 3.801640751823736064e-01 9.914204522281578891e-01 9.795094304731550849e-01 3.506961930420322143e-02
1.000000000000000000e+00 -1.750000000000000000e+00 5.640952534331852286e-01 2.349808502835917523e-01 3.291144031495935041e-01 9.567827096670773468e-01 9.142146422965811148e-01 1.109388304356628691e-01
1.250000000000000000e+00 -1.750000000000000000e+00 8.045956705829833133e-01 7.257106861553014321e-01 7.888498442768188124e-02 8.561951856308572806e-01 7.671863549088776546e-01 2.313919411118231795e-01
1.500000000000000000e+00 -1.750000000000000000e+00 9.476680690044468891e-01 9.736611320166771444e-01 -2.599306301223025528e-02 6.409094190199947638e-01 5.903325174821053567e-01 2.973595412543579841e-01
1.750000000000000000e+00 -1.750000000000000000e+00 9.606411071460302376e-01 9.843901665498254738e-01 -2.374905940379523628e-02 4.024077991797927467e-01 4.375275719862775081e-01 3.084734002612555814e-01
2.000000000000000000e+00 -1.750000000000000000e+00 8.889532625220624151e-01 8.979977728257475533e-01 -9.044510303685138197e-03 2.645379552956435565e-01 3.419348980354162126e-01 2.892084329741828608e-01
-2.000000000000000000e+00 -1.500000000000000000e+00 4.326079695072114206e-01 2.509501942617304304e-01 1.816577752454809902e-01 9.870649363229838658e-01 9.582167106421308755e-01 9.375435401320723894e-02
-1.750000000000000000e+00 -1.500000000000000000e+00 2.730589463350101553e-01 8.935323161475473841e-02 1.837057147202554308e-01 9.967600780499529245e-01 9.877297956588733108e-01 3.826067472446573886e-02
-1.500000000000000000e+00 -1.500000000000000000e+00 1.136108506724431422e-01 0.000000000000000000e+00 1.136108506724431422e-01 9.990852922505634170e-01 9.951013189512525337e-01 1.898228364110176800e-02
-1.250000000000000000e+00 -1.500000000000000000e+00 8.935584695210604944e-02 0.000000000000000000e+00 8.935584695210604944e-02 9.997464672351127346e-01 9.985403861850948859e-01 6.457567358166796563e-03
-1.000000000000000000e+00 -1.500000000000000000e+00 8.726100400557668113e-02 0.000000000000000000e+00 8.726100400557668113e-02 9.999092869901554659e-01 9.988522202999221555e-01 1.315600903714270360e-02
-7.500000000000000000e-01 -1.500000000000000000e+00 2.163324783908791334e-13 0.000000000000000000e+00 2.163324783908791334e-13 9.999540331015885908e-01 9.997138804994437633e-01 1.920933475429555852e-03
-5.000000000000000000e-01 -1.500000000000000000e+00 4.415258486070628918e-12 0.000000000000000000e+00 4.415258486070628918e-12 9.999681893309951830e-01 9.997750875569538787e-01 1.607926375752214039e-03
-2.500000000000000000e-01 -1.500000000000000000e+00 9.406208792766987180e-08 0.000000000000000000e+00 9.406208792766987180e-08 9.999537987054780697e-01 9.997985418074915032e-01 9.383595319369939566e-04
0.000000000000000000e+00 -1.500000000000000000e+00 9.642122594313280150e-08 0.000000000000000000e+00 9.642122594313280150e-08 9.998890526472692386e-01 9.997492699123915472e-01 5.359517330201728864e-04
2.500000000000000000e-01 -1.500000000000000000e+00 9.142633356292974338e-09 0.000000000000000000e+00 9.142633356292974338e-09 9.995470497689412648e-01 9.990231343267228503e-01 2.493719025942786691e-03
5.000000000000000000e-01 -1.500000000000000000e+00 1.630127629361255714e-01 0.000000000000000000e+00 1.630127629361255714e-01 9.975890124072486209e-01 9.952984138254697966e-01 6.924903377640170485e-03
7.500000000000000000e-01 -1.500000000000000000e+00 3.165612864124218717e-01 0.000000000000000000e+00 3.165612864124218717e-01 9.871859094752462038e-01 9.724489217260894325e-01 4.444266934114039086e-02
1.000000000000000000e+00 -1.500000000000000000e+00 5.574080452438300304e-01 3.624582734605460432e-01 1.949497717832839871e-01 9.407683213297706182e-01 8.868508490261930444e-01 1.391279921650016849e-01
1.250000000000000000e+00 -1.500000000000000000e+00 8.637499326351377738e-01 8.257747876994072644e-01 3.797514493573050931e-02 7.898027855803705366e-01 7.112919420538587056e-01 2.430524834787610444e-01
1.500000000000000000e+00 -1.500000000000000000e+00 9.620501966188300669e-01 9.927738916792684387e-01 -3.072369506043837184e-02 5.502679455322395663e-01 5.393160216670036533e-01 2.915970559165317333e-01
1.750000000000000000e+00 -1.500000000000000000e+00 9.489199630885144510e-01 9.697752316903089920e-01 -2.085526860179454101e-02 3.447713772370442076e-01 4.007265720421279709e-01 2.884704986537239835e-01
2.000000000000000000e+00 -1.500000000000000000e+00 8.931607389080697956e-01 9.056621886774324226e-01 -1.250144976936262697e-02 2.451717576537225107e-01 3.321641061163270736e-01 2.784686702292136218e-01
-2.000000000000000000e+00 -1.250000000000000000e+00 3.122518965609571429e-01 1.262378707044762016e-01 1.860140258564809412e-01 9.880511733170356248e-01 9.604770458890585783e-01 8.253101340622066850e-02
-1.750000000000000000e+00 -1.250000000000000000e+00 2.550872808481459697e-01 0.000000000000000000e+00 2.550872808481459697e-01 9.969552847321500044e-01 9.902807058829034004e-01 2.561388980878069599e-02
-1.500000000000000000e+00 -1.250000000000000000e+00 1.544513791657120827e-01 0.000000000000000000e+00 1.544513791657120827e-01 9.991021758952058907e-01 9.955689559274131240e-01 2.358284882877742170e-02
-1.250000000000000000e+00 -1.250000000000000000e+00 8.935323161475351716e-02 0.000000000000000000e+00 8.935323161475351716e-02 9.997703480433176582e-01 9.984084240637726149e-01 1.814652232997993053e-02
-1.000000000000000000e+00 -1.250000000000000000e+00 1.208944295678481516e-02 0.000000000000000000e+00 1.208944295678481516e-02 9.999147974814953654e-01 9.993623607510020435e-01 7.388138822180553497e-03
-7.500000000000000000e-01 -1.250000000000000000e+00 1.121324560810998267e-01 0.000000000000000000e+00 1.121324560810998267e-01 9.999501112542329428e-01 9.997867059829933511e-01 1.212615198521850872e-03
-5.000000000000000000e-01 -1.250000000000000000e+00 1.106189815231537791e-10 0.000000000000000000e+00 1.106189815231537791e-10 9.999588444604499138e-01 9.997915567033104356e-01 1.898584072235295255e-03
-2.500000000000000000e-01 -1.250000000000000000e+00 1.016719732373254565e-04 0.000000000000000000e+00 1.016719732373254565e-04 9.999288081389989813e-01 9.998231824812908730e-01 4.846324253466726285e-04
0.000000000000000000e+00 -1.250000000000000000e+00 6.665769139087823758e-02 0.000000000000000000e+00 6.665769139087823758e-02 9.997987905486397375e-01 9.994840264379186712e-01 2.300712647846726248e-03
2.500000000000000000e-01 -1.250000000000000000e+00 8.935258757811091745e-02 0.000000000000000000e+00 8.935258757811091745e-02 9.992120392602950041e-01 9.985236118655972382e-01 3.600023890219185632e-03
5.000000000000000000e-01 -1.250000000000000000e+00 1.817695601244540271e-01 0.000000000000000000e+00 1.817695601244540271e-01 9.960307118110580671e-01 9.935323860189989587e-01 7.726113187379979319e-03
7.500000000000000000e-01 -1.250000000000000000e+00 3.564215262180177035e-01 0.000000000000000000e+00 3.564215262180177035e-01 9.784707955525278056e-01 9.598349082368513585e-01 5.236252384464717274e-02
1.000000000000000000e+00 -1.250000000000000000e+00 6.698432731719582423e-01 4.598434516223988133e-01 2.099998215495594289e-01 9.116481325831742311e-01 8.479674990521457456e-01 1.685054132744382704e-01
1.250000000000000000e+00 -1.250000000000000000e+00 9.266453044922263738e-01 9.182505104817562103e-01 8.394794010470163492e-03 7.007736317625480327e-01 6.393804932117709283e-01 2.655933990420524804e-01
1.500000000000000000e+00 -1.250000000000000000e+00 9.591074550970833945e-01 9.979498985420061086e-01 -3.884244344492271406e-02 4.816389928186511904e-01 4.814086719710349294e-01 3.005494035743267456e-01
1.750000000000000000e+00 -1.250000000000000000e+00 9.007501541183821070e-01 9.526720317087125078e-01 -5.192187759033040084e-02 3.176080224757018566e-01 3.787926103270790601e-01 2.842935181903839537e-01
2.000000000000000000e+00 -1.250000000000000000e+00 9.045690904986063430e-01 8.541662601625030771e-01 5.040283033610326591e-02 2.274645716162572717e-01 3.101388632838367188e-01 2.699377284589946635e-01
-2.000000000000000000e+00 -1.000000000000000000e+00 2.974597252617675602e-01 1.544538766104623095e-01 1.430058486513052507e-01 9.883819112386975636e-01 9.646759679401006871e-01 7.569924679962092284e-02
-1.750000000000000000e+00 -1.000000000000000000e+00 2.029163562474173566e-01 0.000000000000000000e+00 2.029163562474173566e-01 9.968645428348376081e-01 9.915441074569841806e-01 1.925605965194489635e-02
-1.500000000000000000e+00 -1.000000000000000000e+00 8.935315259017752310e-02 0.000000000000000000e+00 8.935315259017752310e-02 9.988347173513562050e-01 9.966080307296921736e-01 9.063225622589425601e-03
-1.250000000000000000e+00 -1.000000000000000000e+00 5.050415663402305631e-05 0.000000000000000000e+00 5.050415663402305631e-05 9.995946513287042867e-01 9.983289509671962048e-01 6.861946139004047700e-03
-1.000000000000000000e+00 -1.000000000000000000e+00 1.184212886170701029e-01 0.000000000000000000e+00 1.184212886170701029e-01 9.998260551325592882e-01 9.992532679502497128e-01 4.387039416213630964e-03
-7.500000000000000000e-01 -1.000000000000000000e+00 2.402481280670892606e-08 0.000000000000000000e+00 2.402481280670892606e-08 9.999105111139319213e-01 9.997493473675547193e-01 9.532316370978585404e-04
-5.000000000000000000e-01 -1.000000000000000000e+00 3.987925555233805701e-14 0.000000000000000000e+00 3.987925555233805701e-14 9.998993220969085716e-01 9.997488089872843542e-01 7.088624045120548106e-04
-2.500000000000000000e-01 -1.000000000000000000e+00 1.533143541698009554e-08 0.000000000000000000e+00 1.533143541698009554e-08 9.998350849927284401e-01 9.996447057324342467e-01 1.340292561646927189e-03
0.000000000000000000e+00 -1.000000000000000000e+00 3.409413745704140515e-07 0.000000000000000000e+00 3.409413745704140515e-07 9.995067148096273835e-01 9.991704999784817298e-01 1.899898707767106116e-03
2.500000000000000000e-01 -1.000000000000000000e+00 9.120765362532214093e-02 0.000000000000000000e+00 9.120765362532214093e-02 9.979657954508805995e-01 9.970240967211567717e-01 3.280934441345530108e-03
5.000000000000000000e-01 -1.000000000000000000e+00 1.887355978347591279e-01 0.000000000000000000e+00 1.887355978347591279e-01 9.889540183477746327e-01 9.824632170100351392e-01 1.990563286620175565e-02
7.500000000000000000e-01 -1.000000000000000000e+00 5.268421806271343932e-01 1.544538766104625871e-01 3.723883040166717784e-01 9.488518504804901443e-01 9.189917062946117987e-01 8.988272556634890886e-02
1.000000000000000000e+00 -1.000000000000000000e+00 8.359791683456290201e-01 7.021794642397333197e-01 1.337997041058957004e-01 8.159759865813739355e-01 7.504592498850620741e-01 2.114206661871817772e-01
1.250000000000000000e+00 -1.000000000000000000e+00 9.616646059217052178e-01 9.857869952479594300e-01 -2.412238932625421217e-02 5.887845787691945443e-01 5.607671893694342602e-01 2.740150124308403101e-01
1.500000000000000000e+00 -1.000000000000000000e+00 9.408994961589126627e-01 9.829262434180944252e-01 -4.202674725918176257e-02 3.782571919300102836e-01 4.243557325456024931e-01 2.967315318488089049e-01
1.750000000000000000e+00 -1.000000000000000000e+00 9.063546343649333537e-01 9.111838453352897327e-01 -4.829210970356379029e-03 2.874418002057126942e-01 3.559120238735918318e-01 2.794370092142578477e-01
2.000000000000000000e+00 -1.000000000000000000e+00 8.412166014842209494e-01 7.814243405474379234e-01 5.979226093678302600e-02 1.726149844600714245e-01 2.623114115016668135e-01 2.544380429803814181e-01
-2.000000000000000000e+00 -7.500000000000000000e-01 3.703141285582734477e-01 1.262378707044761739e-01 2.440762578537972738e-01 9.850711862535733720e-01 9.626832222531057637e-01 6.680372669156571519e-02
-1.750000000000000000e+00 -7.500000000000000000e-01 2.809381004625171596e-01 8.935323161475473841e-02 1.915848688477624351e-01 9.936988897289296130e-01 9.820102054998182117e-01 4.636103497617753699e-02
-1.500000000000000000e+00 -7.500000000000000000e-01 1.313978208283168303e-01 0.000000000000000000e+00 1.313978208283168303e-01 9.974730097287702879e-01 9.915065680077072008e-01 2.948469849660010147e-02
-1.250000000000000000e+00 -7.500000000000000000e-01 1.038017890113194924e-01 0.000000000000000000e+00 1.038017890113194924e-01 9.990439035634843812e-01 9.970007744394149274e-01 1.349257012581623651e-02
-1.000000000000000000e+00 -7.500000000000000000e-01 1.803215177943211930e-10 0.000000000000000000e+00 1.803215177943211930e-10 9.995026640883470925e-01 9.986081764293820440e-01 4.368804285471141954e-03
-7.500000000000000000e-01 -7.500000000000000000e-01 2.315612043816826470e-05 0.000000000000000000e+00 2.315612043816826470e-05 9.996472038210588718e-01 9.984023493629566870e-01 1.384000271329061289e-02
-5.000000000000000000e-01 -7.500000000000000000e-01 2.222788932869269022e-09 0.000000000000000000e+00 2.222788932869269022e-09 9.995614023860953656e-01 9.992545426331167491e-01 1.254959015342732662e-03
-2.500000000000000000e-01 -7.500000000000000000e-01 1.597622875804512394e-03 0.000000000000000000e+00 1.597622875804512394e-03 9.991613895270883283e-01 9.985870922523667481e-01 3.254406599381907874e-03
0.000000000000000000e+00 -7.500000000000000000e-01 4.939452920822927362e-02 0.000000000000000000e+00 4.939452920822927362e-02 9.977008644147264960e-01 9.969274266949867958e-01 4.109589264227623585e-03
2.500000000000000000e-01 -7.500000000000000000e-01 1.755553008332829401e-01 0.000000000000000000e+00 1.755553008332829401e-01 9.901282271745937003e-01 9.868153394289111979e-01 1.257615000566033973e-02
5.000000000000000000e-01 -7.500000000000000000e-01 4.460120535223560667e-01 0.000000000000000000e+00 4.460120535223560667e-01 9.601637864583955073e-01 9.437116591613423644e-01 5.134115686812348173e-02
7.500000000000000000e-01 -7.500000000000000000e-01 7.723114110556749123e-01 4.823111029200988775e-01 2.900003081355760348e-01 8.473080175776662726e-01 8.006232073198656929e-01 1.536851952249917719e-01
1.000000000000000000e+00 -7.500000000000000000e-01 9.425935478668348022e-01 9.707728879609286432e-01 -2.817934009409384100e-02 6.123167781245830721e-01 5.793344027623706927e-01 2.445297957638664366e-01
1.250000000000000000e+00 -7.500000000000000000e-01 9.540587580328494521e-01 9.763933633531139966e-01 -2.233460532026454448e-02 3.894223733999906956e-01 4.219043399678739092e-01 2.750263911405594897e-01
1.500000000000000000e+00 -7.500000000000000000e-01 9.051972629515878666e-01 8.837284650841609190e-01 2.146879786742694751e-02 2.634995349365210071e-01 3.336764999719203373e-01 2.726824352732702406e-01
1.750000000000000000e+00 -7.500000000000000000e-01 8.979480175767079464e-01 8.660254037844385966e-01 3.192261379226934981e-02 2.377985024753405119e-01 3.163067535793926965e-01 2.714538414487550066e-01
2.000000000000000000e+00 -7.500000000000000000e-01 8.659394318049600248e-01 7.908577621797756585e-01 7.508166962518436627e-02 1.721030955680996621e-01 2.634836549881686141e-01 2.622780540814143579e-01
-2.000000000000000000e+00 -5.000000000000000000e-01 4.611620101481178624e-01 2.933666647729429311e-01 1.677953453751749313e-01 9.659581704257896861e-01 9.244734804832807074e-01 1.187445667975360331e-01
-1.750000000000000000e+00 -5.000000000000000000e-01 2.617263670061989456e-01 1.262378707044761184e-01 1.354884963017228272e-01 9.825982541072731946e-01 9.637963971885314951e-01 6.439679621724775371e-02
-1.500000000000000000e+00 -5.000000000000000000e-01 2.630627301238477322e-01 0.000000000000000000e+00 2.630627301238477322e-01 9.909352420001437123e-01 9.796534684887393540e-01 4.606426284473400662e-02
-1.250000000000000000e+00 -5.000000000000000000e-01 1.642038631714536623e-01 0.000000000000000000e+00 1.642038631714536623e-01 9.950220839510851567e-01 9.891280636505780377e-01 2.834546020441428352e-02
-1.000000000000000000e+00 -5.000000000000000000e-01 1.680483386408778423e-01 0.000000000000000000e+00 1.680483386408778423e-01 9.970203928141572192e-01 9.949011822263763571e-01 1.104818211899887513e-02
-7.500000000000000000e-01 -5.000000000000000000e-01 1.176331000669278704e-01 0.000000000000000000e+00 1.176331000669278704e-01 9.971986893446784794e-01 9.951481188215705043e-01 1.111786379467596432e-02
-5.000000000000000000e-01 -5.000000000000000000e-01 1.579392981254517103e-01 0.000000000000000000e+00 1.579392981254517103e-01 9.964915838465039366e-01 9.947774523447376893e-01 8.420144432578583263e-03
-2.500000000000000000e-01 -5.000000000000000000e-01 2.213963730622786619e-01 0.000000000000000000e+00 2.213963730622786619e-01 9.934529080898357734e-01 9.917118067542756155e-01 1.047555253388346604e-02
0.000000000000000000e+00 -5.000000000000000000e-01 3.205524700469760124e-01 0.000000000000000000e+00 3.205524700469760124e-01 9.810412315902957703e-01 9.772650935661568727e-01 1.706803490961891420e-02
2.500000000000000000e-01 -5.000000000000000000e-01 4.431599958822587393e-01 0.000000000000000000e+00 4.431599958822587393e-01 9.379783084535747717e-01 9.259260126016032322e-01 4.674387604336709828e-02
5.000000000000000000e-01 -5.000000000000000000e-01 8.355266279292857812e-01 4.101901997854182635e-01 4.253364281438675176e-01 8.194864441733538118e-01 7.852730942780028478e-01 1.391094347872269821e-01
7.500000000000000000e-01 -5.000000000000000000e-01 9.554304688911614551e-01 9.789708882290635295e-01 -2.354041933790207430e-02 5.838990054808831376e-01 5.646219616552207166e-01 2.212272097532410053e-01
1.000000000000000000e+00 -5.000000000000000000e-01 9.544765665285976919e-01 9.487591896788114543e-01 5.717376849786237614e-03 3.660082251300373346e-01 3.981739343360864991e-01 2.501890164219708335e-01
1.250000000000000000e+00 -5.000000000000000000e-01 8.852250135032178058e-01 8.390852161729478453e-01 4.613979733026996044e-02 2.351382785011613685e-01 3.055360722482654001e-01 2.535832448688847274e-01
1.500000000000000000e+00 -5.000000000000000000e-01 8.150610101908201122e-01 7.369016216565129618e-01 7.815938853430715039e-02 1.796346921508747696e-01 2.573719004749702721e-01 2.383630716993302145e-01
1.750000000000000000e+00 -5.000000000000000000e-01 8.414520168536822053e-01 7.441612728434592317e-01 9.729074401022297369e-02 1.526487212229901136e-01 2.446424160657155455e-01 2.534704352020003548e-01
2.000000000000000000e+00 -5.000000000000000000e-01 8.095910362749698663e-01 7.441612728434602309e-01 6.542976343150963547e-02 1.479256661203865175e-01 2.423797219453716623e-01 2.528680227260554081e-01
-2.000000000000000000e+00 -2.500000000000000000e-01 6.797570241990116280e-01 4.749736834815154185e-01 2.047833407174962095e-01 9.009813828742095909e-01 8.442412724088552700e-01 1.670034844081977055e-01
-1.750000000000000000e+00 -2.500000000000000000e-01 6.054877949748149746e-01 3.411744421846386044e-01 2.643133527901763702e-01 9.238889607182738661e-01 8.775573318358952379e-01 1.396138140719558329e-01
-1.500000000000000000e+00 -2.500000000000000000e-01 5.520925407693799691e-01 1.262378707044762294e-01 4.258546700649037398e-01 9.474185235332303057e-01 9.243858077022596431e-01 7.813795221913080735e-02
-1.250000000000000000e+00 -2.500000000000000000e-01 4.419135113648020030e-01 8.935323161475478004e-02 3.525602797500472230e-01 9.589306188465275271e-01 9.444454123327078454e-01 6.305764290198977162e-02
-1.000000000000000000e+00 -2.500000000000000000e-01 4.400668791802559987e-01 0.000000000000000000e+00 4.400668791802559987e-01 9.634044368777746614e-01 9.532006741538573413e-01 4.523115351065423034e-02
-7.500000000000000000e-01 -2.500000000000000000e-01 3.386598514026547546e-01 0.000000000000000000e+00 3.386598514026547546e-01 9.628674989411508678e-01 9.562046812382249961e-01 3.330032201473628883e-02
-5.000000000000000000e-01 -2.500000000000000000e-01 3.877547673389074578e-01 0.000000000000000000e+00 3.877547673389074578e-01 9.489771013957997159e-01 9.424206527188976334e-01 3.262092486711118400e-02
-2.500000000000000000e-01 -2.500000000000000000e-01 5.188556059237459106e-01 8.935323161475478004e-02 4.295023743089911306e-01 9.089647778170428793e-01 9.000418498316897775e-01 5.136465128645032602e-02
0.000000000000000000e+00 -2.500000000000000000e-01 7.518137037915239018e-01 8.935323161475472453e-02 6.624604721767691773e-01 8.153676755289311906e-01 8.022114622503561110e-01 8.283471547902651611e-02
2.500000000000000000e-01 -2.500000000000000000e-01 9.442849164777863402e-01 9.037787339830436473e-01 4.050618249474269295e-02 6.085534149506948154e-01 5.950822885156884512e-01 1.546511211900621074e-01
5.000000000000000000e-01 -2.500000000000000000e-01 9.174418402459221245e-01 8.879189152169250088e-01 2.952292502899711568e-02 3.775867860007127708e-01 3.916213252345486229e-01 1.901045540332476635e-01
7.500000000000000000e-01 -2.500000000000000000e-01 8.498200976524826755e-01 6.897999710060894740e-01 1.600201266463932015e-01 2.168915098579901335e-01 2.592208158663922291e-01 2.027314369892126156e-01
1.000000000000000000e+00 -2.500000000000000000e-01 7.246921289497977314e-01 5.836574337742994611e-01 1.410346951754982703e-01 1.280716586430532544e-01 1.891463180141110534e-01 1.943505991478053085e-01
1.250000000000000000e+00 -2.500000000000000000e-01 7.066826912597556909e-01 5.780519007840003720e-01 1.286307904757553189e-01 1.013534228655489922e-01 1.731978504837526633e-01 2.014708108226493100e-01
1.500000000000000000e+00 -2.500000000000000000e-01 7.133520495024963104e-01 6.404498419080119076e-01 7.290220759448440280e-02 1.039603722694852211e-01 1.877247790484570245e-01 2.194800866516945226e-01
1.750000000000000000e+00 -2.500000000000000000e-01 8.192833233722839337e-01 7.021794642397334307e-01 1.171038591325505029e-01 1.247445780312716468e-01 2.193638463692706153e-01 2.356318317156627096e-01
2.000000000000000000e+00 -2.500000000000000000e-01 8.145422364611271115e-01 7.332121111929313928e-01 8.133012526819571875e-02 1.304857099587202751e-01 2.251609644938615540e-01 2.418060286339890896e-01
-2.000000000000000000e+00 0.000000000000000000e+00 9.240667362445093014e-01 8.858351991200207332e-01 3.823153712448856822e-02 6.850555568439221643e-01 6.399728468857770469e-01 2.404932594221035613e-01
-1.750000000000000000e+00 0.000000000000000000e+00 9.093475230611256510e-01 8.837284650841609190e-01 2.561905797696473197e-02 6.595202757533584759e-01 6.339365926355485792e-01 2.216372705761225637e-01
-1.500000000000000000e+00 0.000000000000000000e+00 9.420958006584665423e-01 9.129819275319707161e-01 2.911387312649582615e-02 6.025241911151593133e-01 5.900238866053585385e-01 1.923776453794822927e-01
-1.250000000000000000e+00 0.000000000000000000e+00 9.389072039576690232e-01 8.920179370393825913e-01 4.688926691828643190e-02 5.880271677423425380e-01 5.814453732099323924e-01 1.533113801524101094e-01
-1.000000000000000000e+00 0.000000000000000000e+00 9.233609887224769608e-01 8.979977728257475533e-01 2.536321589672940746e-02 5.738840755787938397e-01 5.701788170846726622e-01 1.297156134967918095e-01
-7.500000000000000000e-01 0.000000000000000000e+00 9.502236527937664157e-01 9.754998718605796260e-01 -2.527621906681321029e-02 5.288856124733333219e-01 5.274067196734195662e-01 1.161639718516601222e-01
-5.000000000000000000e-01 0.000000000000000000e+00 9.616681420321038232e-01 9.551879396223548202e-01 6.480202409749002967e-03 4.574654567999580923e-01 4.594782175313847916e-01 1.125217305583348371e-01
-2.500000000000000000e-01 0.000000000000000000e+00 8.901540492690340756e-01 6.356225294937256631e-01 2.545315197753084124e-01 3.392017989089093355e-01 3.477991789342919082e-01 1.164554553724062164e-01
0.000000000000000000e+00 0.000000000000000000e+00 8.375953217018583530e-01 4.440540507640952650e-01 3.935412709377630880e-01 2.226853799653125132e-01 2.402714491139964770e-01 1.349522931892059852e-01
2.500000000000000000e-01 0.000000000000000000e+00 6.812312416678828475e-01 2.800000000000007483e-01 4.012312416678820992e-01 1.233272729698163261e-01 1.482150476951483997e-01 1.186643880718634553e-01
5.000000000000000000e-01 0.000000000000000000e+00 5.570824139850075740e-01 2.509501942617307635e-01 3.061322197232768105e-01 7.118821211924813985e-02 9.736183528563463474e-02 1.036355231244500963e-01
7.500000000000000000e-01 0.000000000000000000e+00 4.939555685371467830e-01 2.933666647729433197e-01 2.005889037642034634e-01 4.712309779430172429e-02 8.254761389306856934e-02 1.173515926754713917e-01
1.000000000000000000e+00 0.000000000000000000e+00 5.549226255659867046e-01 2.933666647729432642e-01 2.615559607930434405e-01 4.343504037438584986e-02 8.435081222141954660e-02 1.264276537532721123e-01
1.250000000000000000e+00 0.000000000000000000e+00 5.779354417129038968e-01 3.299454500368191323e-01 2.479899916760847645e-01 4.752974786786873934e-02 9.584015594011514871e-02 1.367221586665734456e-01
1.500000000000000000e+00 0.000000000000000000e+00 5.745610431757169900e-01 3.060980235153452633e-01 2.684630196603717267e-01 5.502647140303566775e-02 1.107651577666419751e-01 1.412378676905843566e-01
1.750000000000000000e+00 0.000000000000000000e+00 7.130506746307028187e-01 5.836574337743004603e-01 1.293932408564023584e-01 7.904414317279054303e-02 1.612342787894607277e-01 2.014428878068199591e-01
2.000000000000000000e+00 0.000000000000000000e+00 7.491641643494447722e-01 6.591631057636684332e-01 9.000105858577633899e-02 1.156484799119683882e-01 2.161606689631967171e-01 2.439729218424810941e-01
-2.000000000000000000e+00 2.500000000000000000e-01 9.046829027994103267e-01 8.637036528810091429e-01 4.097924991840118381e-02 2.857324349282816534e-01 3.337072494183905835e-01 2.243110032061552128e-01
-1.750000000000000000e+00 2.500000000000000000e-01 8.430755551013855431e-01 6.356225294937257742e-01 2.074530256076597690e-01 2.053097060581677846e-01 2.475353947360988127e-01 1.766177549671046898e-01
-1.500000000000000000e+00 2.500000000000000000e-01 6.583189319678416362e-01 1.989974874213230882e-01 4.593214445465185758e-01 1.193500469774842060e-01 1.458776270891231075e-01 1.023016486913938400e-01
-1.250000000000000000e+00 2.500000000000000000e-01 5.489639508303246762e-01 0.000000000000000000e+00 5.489639508303246762e-01 8.123351477553809874e-02 9.413457075725228940e-02 5.645172087354616286e-02
-1.000000000000000000e+00 2.500000000000000000e-01 4.899334294343435925e-01 8.935323161475478004e-02 4.005801978195888124e-01 5.557799900853632735e-02 6.380207014187419534e-02 4.633187537149669605e-02
-7.500000000000000000e-01 2.500000000000000000e-01 4.307095098822824042e-01 0.000000000000000000e+00 4.307095098822824042e-01 4.486109689483695762e-02 5.156429354499536544e-02 3.465034596471520262e-02
-5.000000000000000000e-01 2.500000000000000000e-01 3.435296680656749202e-01 1.262378707044760906e-01 2.172917973611988296e-01 3.367884249227719867e-02 4.207166108448620601e-02 5.183586151965415695e-02
-2.500000000000000000e-01 2.500000000000000000e-01 3.605349831134572192e-01 8.935323161475479392e-02 2.711817514987024391e-01 2.622712017092980810e-02 3.461400910135103981e-02 4.111641690115854647e-02
0.000000000000000000e+00 2.500000000000000000e-01 3.357631760133544807e-01 8.935323161475471065e-02 2.464099443985997562e-01 1.921336252051281807e-02 2.670899665125945829e-02 3.837575903387321907e-02
2.500000000000000000e-01 2.500000000000000000e-01 3.122436534516626616e-01 1.544538766104633087e-01 1.577897768411993529e-01 1.453931672256336856e-02 2.597442099869838594e-02 5.887883028347044856e-02
5.000000000000000000e-01 2.500000000000000000e-01 2.739498726894843972e-01 1.262378707044761461e-01 1.477120019850082511e-01 1.103635909497297299e-02 2.473805667533793620e-02 6.370117287846920051e-02
7.500000000000000000e-01 2.500000000000000000e-01 3.207729690782866738e-01 0.000000000000000000e+00 3.207729690782866738e-01 1.242634956585563118e-02 2.686233119056948698e-02 5.253600540311847977e-02
1.000000000000000000e+00 2.500000000000000000e-01 3.274982174881314601e-01 8.935323161475473841e-02 2.381449858733767355e-01 1.438722479786159157e-02 3.136228147576334419e-02 6.610664500849934566e-02
1.250000000000000000e+00 2.500000000000000000e-01 4.575125209099775159e-01 1.781684596105608254e-01 2.793440612994166905e-01 1.958462020876823237e-02 4.901170498064698344e-02 8.543581402211521125e-02
1.500000000000000000e+00 2.500000000000000000e-01 6.092870581062452828e-01 3.519999999999969820e-01 2.572870581062483009e-01 3.763047601792694069e-02 9.578839939463773545e-02 1.522631070819227550e-01
1.750000000000000000e+00 2.500000000000000000e-01 7.016026869868919880e-01 5.363431737236915575e-01 1.652595132632004304e-01 6.641647036855839736e-02 1.503770538944169122e-01 1.931320746345863426e-01
2.000000000000000000e+00 2.500000000000000000e-01 7.844955356233412891e-01 6.636987268331903111e-01 1.207968087901509779e-01 9.909360811914383338e-02 1.956475995605610751e-01 2.311637044071259695e-01
-2.000000000000000000e+00 5.000000000000000000e-01 7.062885814526691508e-01 4.358898943540686077e-01 2.703986870986005431e-01 9.288963990252439851e-02 1.490740328092882983e-01 1.551302391942367409e-01
-1.750000000000000000e+00 5.000000000000000000e-01 4.979347357671577434e-01 1.262378707044762571e-01 3.716968650626815140e-01 4.115594201506614369e-02 6.670835242822868716e-02 7.605280076790392474e-02
-1.500000000000000000e+00 5.000000000000000000e-01 2.553306525338649990e-01 0.000000000000000000e+00 2.553306525338649990e-01 1.496807728333528036e-02 2.363524904746447733e-02 2.815741077070506651e-02
-1.250000000000000000e+00 5.000000000000000000e-01 1.789012967348269090e-01 0.000000000000000000e+00 1.789012967348269090e-01 6.926637033651632074e-03 9.423189281969399436e-03 9.087804684036939612e-03
-1.000000000000000000e+00 5.000000000000000000e-01 1.516816256221781567e-01 0.000000000000000000e+00 1.516816256221781567e-01 3.917341491900132137e-03 5.809700670489807879e-03 1.590883291105725170e-02
-7.500000000000000000e-01 5.000000000000000000e-01 1.718065754674158729e-01 0.000000000000000000e+00 1.718065754674158729e-01 2.761393987945448547e-03 4.266452125951643651e-03 7.820968398299881982e-03
-5.000000000000000000e-01 5.000000000000000000e-01 1.594957595029939945e-01 0.000000000000000000e+00 1.594957595029939945e-01 2.139768522825412529e-03 3.495656883824097439e-03 7.720500193065652807e-03
-2.500000000000000000e-01 5.000000000000000000e-01 3.640265281389581942e-02 0.000000000000000000e+00 3.640265281389581942e-02 2.076247426350482945e-03 3.924228288557343042e-03 1.057478515913855971e-02
0.000000000000000000e+00 5.000000000000000000e-01 1.184732348265813417e-01 0.000000000000000000e+00 1.184732348265813417e-01 1.862148321036231338e-03 3.263125917831121402e-03 1.055028149667758264e-02
2.500000000000000000e-01 5.000000000000000000e-01 3.374412028685037923e-02 0.000000000000000000e+00 3.374412028685037923e-02 2.412703981104106794e-03 5.657311761847938839e-03 1.666860663542611004e-02
5.000000000000000000e-01 5.000000000000000000e-01 1.799744032449731024e-01 8.935323161475473841e-02 9.062117163021836397e-02 2.832509152273503250e-03 8.406633873097460810e-03 4.789473627287679780e-02
7.500000000000000000e-01 5.000000000000000000e-01 1.452377417571470430e-01 0.000000000000000000e+00 1.452377417571470430e-01 4.140187472505107123e-03 9.306291052148923590e-03 2.424712282355732940e-02
1.000000000000000000e+00 5.000000000000000000e-01 2.198487920532483930e-01 8.935323161475476617e-02 1.304955604384936407e-01 7.075942491893140798e-03 1.887652757754339911e-02 4.580646108666685395e-02
1.250000000000000000e+00 5.000000000000000000e-01 3.918999640993290901e-01 8.935323161475476617e-02 3.025467324845743100e-01 1.187163208218370257e-02 3.156423543932009718e-02 6.227671011240500099e-02
1.500000000000000000e+00 5.000000000000000000e-01 5.691494097613292169e-01 3.182703253525234199e-01 2.508790844088057970e-01 3.092552661375114545e-02 8.110146276312209246e-02 1.360880255641532810e-01
1.750000000000000000e+00 5.000000000000000000e-01 6.802098310952631177e-01 5.235417843878394928e-01 1.566680467074236249e-01 6.100000778396656026e-02 1.381438290126579538e-01 1.856407111006648791e-01
2.000000000000000000e+00 5.000000000000000000e-01 7.752426463423980341e-01 7.141428428542860862e-01 6.109980348811194784e-02 1.136042632370520278e-01 2.156391540060656198e-01 2.451658745852667021e-01
-2.000000000000000000e+00 7.500000000000000000e-01 4.861568443220266600e-01 2.509501942617315962e-01 2.352066500602950638e-01 3.766577969664335751e-02 7.576941223375927015e-02 1.074160995522733808e-01
-1.750000000000000000e+00 7.500000000000000000e-01 2.925433311901062261e-01 8.935323161475478004e-02 2.031900995753514461e-01 1.002268362455481683e-02 2.170724385744480026e-02 4.815838626271875395e-02
-1.500000000000000000e+00 7.500000000000000000e-01 1.228116861007825245e-01 0.000000000000000000e+00 1.228116861007825245e-01 2.713435957075082967e-03 5.015572710213808162e-03 1.178203664757630255e-02
-1.250000000000000000e+00 7.500000000000000000e-01 8.935294587675131350e-02 0.000000000000000000e+00 8.935294587675131350e-02 9.483418272138485327e-04 2.132569963936124455e-03 1.265968661420439206e-02
-1.000000000000000000e+00 7.500000000000000000e-01 6.137217223090537074e-09 0.000000000000000000e+00 6.137217223090537074e-09 4.850870800032404005e-04 1.355570470171503679e-03 5.533432269669298631e-03
-7.500000000000000000e-01 7.500000000000000000e-01 1.366277322344428064e-08 0.000000000000000000e+00 1.366277322344428064e-08 2.992952312307235198e-04 7.634985353589324652e-04 4.626297208200250144e-03
-5.000000000000000000e-01 7.500000000000000000e-01 8.920988224654954890e-02 0.000000000000000000e+00 8.920988224654954890e-02 2.609301967785125219e-04 9.451430495435120477e-04 9.863285348278271955e-03
-2.500000000000000000e-01 7.500000000000000000e-01 8.884009678080991058e-09 0.000000000000000000e+00 8.884009678080991058e-09 2.956455008975563759e-04 7.834181059613547346e-04 3.211948005837871479e-03
0.000000000000000000e+00 7.500000000000000000e-01 7.033515675749720806e-08 0.000000000000000000e+00 7.033515675749720806e-08 3.668406303960459157e-04 7.370604336714101914e-04 1.912122064356398940e-03
2.500000000000000000e-01 7.500000000000000000e-01 8.097091215499618638e-04 0.000000000000000000e+00 8.097091215499618638e-04 5.541792824115713634e-04 1.443456169201340301e-03 6.935861163845311213e-03
5.000000000000000000e-01 7.500000000000000000e-01 1.123921885641195328e-01 0.000000000000000000e+00 1.123921885641195328e-01 1.051985963282339601e-03 2.830126004779850209e-03 8.731416585733653077e-03
7.500000000000000000e-01 7.500000000000000000e-01 1.779630816547348726e-01 0.000000000000000000e+00 1.779630816547348726e-01 2.083751833598722174e-03 5.744027537934815256e-03 1.849784482529025914e-02
1.000000000000000000e+00 7.500000000000000000e-01 1.826646034325202228e-01 0.000000000000000000e+00 1.826646034325202228e-01 4.797160556529398052e-03 1.315651144578263917e-02 3.422891437695035899e-02
1.250000000000000000e+00 7.500000000000000000e-01 3.595113526344349553e-01 1.989974874213236156e-01 1.605138652131113397e-01 1.100780307342275402e-02 3.494781724705901815e-02 8.483104380871032968e-02
1.500000000000000000e+00 7.500000000000000000e-01 5.008566753403552729e-01 3.060980235153449858e-01 1.947586518250102872e-01 2.941201733868074875e-02 7.542100689454041273e-02 1.338531623932046333e-01
1.750000000000000000e+00 7.500000000000000000e-01 6.890078048937187116e-01 4.965641952456920638e-01 1.924436096480266478e-01 5.958519828981133359e-02 1.345236438549259061e-01 1.810271173736329453e-01
2.000000000000000000e+00 7.500000000000000000e-01 7.800544314722539507e-01 7.062124326291603360e-01 7.384199884309361472e-02 1.179477256052043899e-01 2.123496301557949162e-01 2.283378105186013862e-01
-2.000000000000000000e+00 1.000000000000000000e+00 3.358911236187914762e-01 8.935323161475476617e-02 2.465378920040366961e-01 1.819580048574743689e-02 4.060237903145962751e-02 5.968749148956616762e-02
-1.750000000000000000e+00 1.000000000000000000e+00 2.118940516360863224e-01 0.000000000000000000e+00 2.118940516360863224e-01 4.279129591041417636e-03 1.103769123074670004e-02 2.591656443628063272e-02
-1.500000000000000000e+00 1.000000000000000000e+00 8.936922235858368868e-02 0.000000000000000000e+00 8.936922235858368868e-02 9.867035939951813994e-04 2.872382517881216357e-03 1.097926816267694866e-02
-1.250000000000000000e+00 1.000000000000000000e+00 8.500828911883485939e-02 0.000000000000000000e+00 8.500828911883485939e-02 2.848467682807469129e-04 7.817294215796673305e-04 4.216684411227175633e-03
-1.000000000000000000e+00 1.000000000000000000e+00 3.494385043532483778e-07 0.000000000000000000e+00 3.494385043532483778e-07 1.224877000823638333e-04 9.875101536604136403e-04 9.423992961997338519e-03
-7.500000000000000000e-01 1.000000000000000000e+00 1.199952872118496136e-11 0.000000000000000000e+00 1.199952872118496136e-11 7.576565352269275277e-05 4.168350342953021153e-04 4.907008677783999094e-03
-5.000000000000000000e-01 1.000000000000000000e+00 4.286370271827434688e-13 0.000000000000000000e+00 4.286370271827434688e-13 6.292996903147163529e-05 2.749827373176997919e-04 3.504896184039561768e-03
-2.500000000000000000e-01 1.000000000000000000e+00 2.214484331740053033e-03 0.000000000000000000e+00 2.214484331740053033e-03 8.018816976750113524e-05 6.016659072316654774e-04 8.713907052653740645e-03
0.000000000000000000e+00 1.000000000000000000e+00 7.473060581675605718e-02 0.000000000000000000e+00 7.473060581675605718e-02 1.440420579196991077e-04 1.007447981240004904e-03 1.491385877367668901e-02
2.500000000000000000e-01 1.000000000000000000e+00 2.680846289747254490e-05 0.000000000000000000e+00 2.680846289747254490e-05 2.730911922790628344e-04 8.960962912354896977e-04 7.141511701247590937e-03
5.000000000000000000e-01 1.000000000000000000e+00 8.701583629850646396e-04 0.000000000000000000e+00 8.701583629850646396e-04 6.172985443278547740e-04 1.942282320254114063e-03 1.046644573602904110e-02
7.500000000000000000e-01 1.000000000000000000e+00 1.465346234337366882e-01 0.000000000000000000e+00 1.465346234337366882e-01 1.556547854303931772e-03 3.634602414394505054e-03 7.995584774499842756e-03
1.000000000000000000e+00 1.000000000000000000e+00 2.100171429995247308e-01 8.935323161475472453e-02 1.206639113847700062e-01 4.338181257018029237e-03 1.311187095785046677e-02 3.896710016751304961e-02
1.250000000000000000e+00 1.000000000000000000e+00 3.074087576570075919e-01 8.935323161475478004e-02 2.180555260422528119e-01 1.081018420606283913e-02 2.813423657429708208e-02 5.870890646736795504e-02
1.500000000000000000e+00 1.000000000000000000e+00 5.228008651043068999e-01 2.509501942617307080e-01 2.718506708425761920e-01 2.840905120265887346e-02 6.835129681587595596e-02 1.080321093577201325e-01
1.750000000000000000e+00 1.000000000000000000e+00 6.678021403250405941e-01 4.749736834815145303e-01 1.928284568435260637e-01 7.221290204217840902e-02 1.480573014914504659e-01 1.833975357553539187e-01
2.000000000000000000e+00 1.000000000000000000e+00 7.888769432489222133e-01 6.726068688320092637e-01 1.162700744169129496e-01 1.333656316318638235e-01 2.209455939733137586e-01 2.257968316075198989e-01
-2.000000000000000000e+00 1.250000000000000000e+00 3.592871603595814700e-01 8.935323161475479392e-02 2.699339287448266900e-01 1.504475250432880246e-02 4.122308409052830719e-02 7.663520108841388734e-02
-1.750000000000000000e+00 1.250000000000000000e+00 1.538882088114045532e-01 0.000000000000000000e+00 1.538882088114045532e-01 2.987122050213439350e-03 8.814227880760810638e-03 2.404182180200240687e-02
-1.500000000000000000e+00 1.250000000000000000e+00 6.408877643661951319e-03 0.000000000000000000e+00 6.408877643661951319e-03 6.339924376611247867e-04 1.852953607533150155e-03 7.394174312639730830e-03
-1.250000000000000000e+00 1.250000000000000000e+00 8.922230630481861602e-02 0.000000000000000000e+00 8.922230630481861602e-02 1.858428176722584885e-04 6.112886621088164290e-04 2.220072882289039588e-03
-1.000000000000000000e+00 1.250000000000000000e+00 1.551122825113115054e-13 0.000000000000000000e+00 1.551122825113115054e-13 6.664053632016437147e-05 1.488495479468220550e-04 3.561775800457521544e-04
-7.500000000000000000e-01 1.250000000000000000e+00 1.570092458683775043e-17 0.000000000000000000e+00 1.570092458683775043e-17 3.867332925603809084e-05 1.249374860957410110e-04 6.985598894067442891e-04
-5.000000000000000000e-01 1.250000000000000000e+00 8.929113269218305615e-02 0.000000000000000000e+00 8.929113269218305615e-02 3.431711064577857407e-05 9.428901088503886026e-05 3.018582738459633843e-04
-2.500000000000000000e-01 1.250000000000000000e+00 1.202906564329956360e-03 0.000000000000000000e+00 1.202906564329956360e-03 4.615973268563560870e-05 2.051679273395121963e-04 1.419644962027497015e-03
0.000000000000000000e+00 1.250000000000000000e+00 3.719991893118845711e-12 0.000000000000000000e+00 3.719991893118845711e-12 8.970089037465026841e-05 2.269507691757661171e-04 8.690428853342010160e-04
2.500000000000000000e-01 1.250000000000000000e+00 1.395216993051347692e-12 0.000000000000000000e+00 1.395216993051347692e-12 1.948903943665781298e-04 4.982213302369026828e-04 1.453110733138966064e-03
5.000000000000000000e-01 1.250000000000000000e+00 8.788166216825851751e-02 0.000000000000000000e+00 8.788166216825851751e-02 5.548043784683354433e-04 1.090336412560880333e-03 1.629492633838136671e-03
7.500000000000000000e-01 1.250000000000000000e+00 8.938962970155339693e-02 0.000000000000000000e+00 8.938962970155339693e-02 1.648352243282541311e-03 3.555839851235743226e-03 5.589138720823959988e-03
1.000000000000000000e+00 1.250000000000000000e+00 1.984755808169857139e-01 0.000000000000000000e+00 1.984755808169857139e-01 5.086811509764056598e-03 1.253777441498397753e-02 2.471584223819306425e-02
1.250000000000000000e+00 1.250000000000000000e+00 3.614834761060538582e-01 0.000000000000000000e+00 3.614834761060538582e-01 1.347215718651233012e-02 3.551329686746772935e-02 6.225900989932441759e-02
1.500000000000000000e+00 1.250000000000000000e+00 5.019353077472431535e-01 2.933666647729433197e-01 2.085686429742998338e-01 3.553816831667861581e-02 8.305567083084708369e-02 1.214374461487003343e-01
1.750000000000000000e+00 1.250000000000000000e+00 7.398706503329408601e-01 4.674868982121334060e-01 2.723837521208074541e-01 7.962813553077031925e-02 1.542714850677966987e-01 1.776537704188769495e-01
2.000000000000000000e+00 1.250000000000000000e+00 8.584090692377259746e-01 7.782133383590890130e-01 8.019573087863696159e-02 1.697191544852938161e-01 2.611819237887227918e-01 2.435286276481412049e-01
-2.000000000000000000e+00 1.500000000000000000e+00 3.499397288332227740e-01 1.544538766104629479e-01 1.954858522227598261e-01 1.849052670875537402e-02 4.615868858527173713e-02 7.358781072878348151e-02
-1.750000000000000000e+00 1.500000000000000000e+00 2.694288755429664062e-01 0.000000000000000000e+00 2.694288755429664062e-01 3.861083464167664771e-03 1.178765412993596287e-02 2.830186693833455780e-02
-1.500000000000000000e+00 1.500000000000000000e+00 2.540191656760044589e-04 0.000000000000000000e+00 2.540191656760044589e-04 7.474901935665716939e-04 2.226346508385836608e-03 6.996267632481073181e-03
-1.250000000000000000e+00 1.500000000000000000e+00 2.529499699307211427e-02 0.000000000000000000e+00 2.529499699307211427e-02 1.928377096056232683e-04 4.464417892607200973e-04 9.796590258540579556e-04
-1.000000000000000000e+00 1.500000000000000000e+00 1.333772288076341961e-08 0.000000000000000000e+00 1.333772288076341961e-08 6.996506988760206516e-05 1.909970181132290032e-04 4.979401448561907289e-04
-7.500000000000000000e-01 1.500000000000000000e+00 3.492176478451665942e-16 0.000000000000000000e+00 3.492176478451665942e-16 4.452526189259684041e-05 1.777942839012847229e-04 6.720358950467339660e-04
-5.000000000000000000e-01 1.500000000000000000e+00 2.383232787117382213e-16 0.000000000000000000e+00 2.383232787117382213e-16 3.307584797678164511e-05 1.262709436405741773e-04 8.428984848725917496e-04
-2.500000000000000000e-01 1.500000000000000000e+00 5.401652045480386462e-15 0.000000000000000000e+00 5.401652045480386462e-15 4.697359482714279482e-05 1.256068790462511306e-04 4.927049836860704834e-04
0.000000000000000000e+00 1.500000000000000000e+00 8.659033968060926242e-10 0.000000000000000000e+00 8.659033968060926242e-10 7.819823885818645700e-05 2.561889713143588806e-04 1.452125761520476092e-03
2.500000000000000000e-01 1.500000000000000000e+00 6.359181721028657166e-12 0.000000000000000000e+00 6.359181721028657166e-12 1.984488187590218388e-04 4.799472845693961956e-04 1.549286404433866584e-03
5.000000000000000000e-01 1.500000000000000000e+00 2.080743942948150458e-08 0.000000000000000000e+00 2.080743942948150458e-08 5.740937727233913707e-04 1.703396202108113698e-03 5.344700685979792906e-03
7.500000000000000000e-01 1.500000000000000000e+00 1.168359060503589147e-01 0.000000000000000000e+00 1.168359060503589147e-01 2.086025540505891812e-03 5.771500873381362612e-03 1.547179005659396998e-02
1.000000000000000000e+00 1.500000000000000000e+00 2.671957412180477331e-01 0.000000000000000000e+00 2.671957412180477331e-01 6.104737461456165651e-03 1.548795050679524152e-02 3.190339032813891557e-02
1.250000000000000000e+00 1.500000000000000000e+00 2.645335385670408712e-01 1.262378707044762294e-01 1.382956678625646418e-01 1.645120519676869855e-02 3.989092500083615822e-02 7.281944900811551658e-02
1.500000000000000000e+00 1.500000000000000000e+00 5.277646224338177205e-01 3.299454500368191323e-01 1.978191723969985882e-01 4.508739072863884173e-02 9.523996451439194211e-02 1.324959472803947935e-01
1.750000000000000000e+00 1.500000000000000000e+00 7.435998688411271651e-01 6.452162428209647915e-01 9.838362602016237357e-02 9.358490896330681763e-02 1.786845641526041417e-01 2.113244051143053637e-01
2.000000000000000000e+00 1.500000000000000000e+00 8.285190703274789570e-01 7.650254897714166002e-01 6.349358055606235673e-02 1.867758639077839178e-01 2.686461399830131214e-01 2.503296776797712120e-01
-2.000000000000000000e+00 1.750000000000000000e+00 4.986440197487072568e-01 2.509501942617305414e-01 2.476938254869767153e-01 2.682129462965070210e-02 6.617150346020464480e-02 1.034386680370344286e-01
-1.750000000000000000e+00 1.750000000000000000e+00 2.121195039239734959e-01 0.000000000000000000e+00 2.121195039239734959e-01 5.275730475653217511e-03 1.498664750362287829e-02 2.651221458543959186e-02
-1.500000000000000000e+00 1.750000000000000000e+00 4.134141142555193484e-05 0.000000000000000000e+00 4.134141142555193484e-05 1.127379761117985229e-03 3.063678664610041281e-03 7.986846550364211372e-03
-1.250000000000000000e+00 1.750000000000000000e+00 1.169972282986346812e-01 0.000000000000000000e+00 1.169972282986346812e-01 3.167199094237429916e-04 1.146715508835222629e-03 4.523687239230642435e-03
-1.000000000000000000e+00 1.750000000000000000e+00 2.123495882716063731e-10 0.000000000000000000e+00 2.123495882716063731e-10 1.059453136174534887e-04 3.925019774720579541e-04 1.417311325869839884e-03
-7.500000000000000000e-01 1.750000000000000000e+00 3.326595765351345564e-16 0.000000000000000000e+00 3.326595765351345564e-16 5.109938542702476856e-05 1.485205279243832668e-04 5.265442536399307736e-04
-5.000000000000000000e-01 1.750000000000000000e+00 1.678371116302482878e-11 0.000000000000000000e+00 1.678371116302482878e-11 4.222977015504740712e-05 1.647093766383182149e-04 1.405873278880632104e-03
-2.500000000000000000e-01 1.750000000000000000e+00 2.978228008533999514e-14 0.000000000000000000e+00 2.978228008533999514e-14 5.067881538711536932e-05 1.315492456794741167e-04 3.659003926909142946e-04
0.000000000000000000e+00 1.750000000000000000e+00 9.683252891749456748e-02 0.000000000000000000e+00 9.683252891749456748e-02 1.001269742999925960e-04 1.081270516129715200e-03 1.728860008119880581e-02
2.500000000000000000e-01 1.750000000000000000e+00 8.913290850376859309e-02 0.000000000000000000e+00 8.913290850376859309e-02 2.248897322055158448e-04 1.398049157588223236e-03 1.728262135657161747e-02
5.000000000000000000e-01 1.750000000000000000e+00 8.921287547989383004e-02 0.000000000000000000e+00 8.921287547989383004e-02 6.679065306407613780e-04 1.745834404821251752e-03 5.105898089393904812e-03
7.500000000000000000e-01 1.750000000000000000e+00 8.571927301295140245e-02 0.000000000000000000e+00 8.571927301295140245e-02 2.052929147416282518e-03 5.585089266443367048e-03 1.484963846553209559e-02
1.000000000000000000e+00 1.750000000000000000e+00 2.206297920324649386e-01 0.000000000000000000e+00 2.206297920324649386e-01 6.611214536538941554e-03 1.486636134245076374e-02 2.454705646670026983e-02
1.250000000000000000e+00 1.750000000000000000e+00 3.917397425726747984e-01 1.262378707044761184e-01 2.655018718681986800e-01 1.817770971194487828e-02 4.575327632533150030e-02 7.633144759806141655e-02
1.500000000000000000e+00 1.750000000000000000e+00 6.507978655502013599e-01 3.725801927102404543e-01 2.782176728399609056e-01 5.214828721389031668e-02 1.105846890789083659e-01 1.533268813763905003e-01
1.750000000000000000e+00 1.750000000000000000e+00 7.997211205110302812e-01 6.404498419080130178e-01 1.592712786030172634e-01 1.135029509282241278e-01 2.023582386742624750e-01 2.198915538111439472e-01
2.000000000000000000e+00 1.750000000000000000e+00 8.617408208357763000e-01 8.202536193153905364e-01 4.148720152038576359e-02 2.094925027314230304e-01 2.914384634381944617e-01 2.581236427143584478e-01
-2.000000000000000000e+00 2.000000000000000000e+00 5.583415828404280079e-01 3.823924685450781902e-01 1.759491142953498177e-01 3.908709179501451692e-02 9.953912299967616895e-02 1.472641005254745339e-01
-1.750000000000000000e+00 2.000000000000000000e+00 3.684346000514907571e-01 0.000000000000000000e+00 3.684346000514907571e-01 1.067342545374009612e-02 2.708462210858832500e-02 4.688818189555730293e-02
-1.500000000000000000e+00 2.000000000000000000e+00 9.109966333290055174e-02 8.935323161475471065e-02 1.746431718145841083e-03 2.119081844686882161e-03 7.851304864429782884e-03 3.173406823302676177e-02
-1.250000000000000000e+00 2.000000000000000000e+00 1.475086941066061294e-02 0.000000000000000000e+00 1.475086941066061294e-02 5.529013892586026298e-04 2.618708876833632584e-03 1.724709851804589675e-02
-1.000000000000000000e+00 2.000000000000000000e+00 7.169215949137104762e-09 0.000000000000000000e+00 7.169215949137104762e-09 1.855361895636514042e-04 9.403121021143976722e-04 8.515891765396880683e-03
-7.500000000000000000e-01 2.000000000000000000e+00 1.548543902849731924e-03 0.000000000000000000e+00 1.548543902849731924e-03 8.813683801125328347e-05 7.451300001093797256e-04 5.457862369584476694e-03
-5.000000000000000000e-01 2.000000000000000000e+00 8.935323161381780732e-02 0.000000000000000000e+00 8.935323161381780732e-02 6.446886322450405061e-05 2.664756972422165581e-04 1.191317261270975021e-03
-2.500000000000000000e-01 2.000000000000000000e+00 3.165782179709069074e-08 0.000000000000000000e+00 3.165782179709069074e-08 7.072825963528988887e-05 3.031999148782050764e-04 1.450238321359084703e-03
0.000000000000000000e+00 2.000000000000000000e+00 8.935306383072785796e-02 0.000000000000000000e+00 8.935306383072785796e-02 1.131682153934150160e-04 3.801046815809421085e-04 1.524578957198477122e-03
2.500000000000000000e-01 2.000000000000000000e+00 2.276399532060350075e-02 0.000000000000000000e+00 2.276399532060350075e-02 2.753951676072682896e-04 1.240124218672871911e-03 6.224414998677889679e-03
5.000000000000000000e-01 2.000000000000000000e+00 1.344289340614702544e-04 0.000000000000000000e+00 1.344289340614702544e-04 6.885369609249176624e-04 1.785378059276833884e-03 5.148552003453737980e-03
7.500000000000000000e-01 2.000000000000000000e+00 1.490205642102377659e-01 8.935323161475478004e-02 5.966733259548298585e-02 2.233754188951874668e-03 6.214526156548781481e-03 2.407992589910737044e-02
1.000000000000000000e+00 2.000000000000000000e+00 2.669999863683340524e-01 0.000000000000000000e+00 2.669999863683340524e-01 6.369396307497627446e-03 1.789002634042432399e-02 3.881100584494537320e-02
1.250000000000000000e+00 2.000000000000000000e+00 4.474580679618449519e-01 1.544538766104634198e-01 2.930041913513815599e-01 2.082413476200066504e-02 5.330163466638691838e-02 9.030214838566524849e-02
1.500000000000000000e+00 2.000000000000000000e+00 6.552506750894846466e-01 4.358898943540689963e-01 2.193607807354156503e-01 6.084899554201361055e-02 1.287872294507497462e-01 1.693855384608235481e-01
1.750000000000000000e+00 2.000000000000000000e+00 8.065588879420482193e-01 6.813046308370422910e-01 1.252542571050059284e-01 1.275282313045617566e-01 2.119202663051959756e-01 2.258941265704017265e-01
2.000000000000000000e+00 2.000000000000000000e+00 8.682015741779235407e-01 8.416650165000302275e-01 2.653655767789331321e-02 2.050481334237674313e-01 2.907961761862259409e-01 2.534126508970884761e-01
-2.000000000000000000e+00 2.250000000000000000e+00 6.271415714958289422e-01 3.624582734605471535e-01 2.646832980352817888e-01 5.558578379633181965e-02 1.180906223687782503e-01 1.518989965513519169e-01
-1.750000000000000000e+00 2.250000000000000000e+00 4.038694480432890588e-01 8.935323161475475229e-02 3.145162164285343342e-01 1.716379546785291518e-02 4.540254861675169923e-02 7.205863837558651452e-02
-1.500000000000000000e+00 2.250000000000000000e+00 1.219767155334339492e-01 0.000000000000000000e+00 1.219767155334339492e-01 3.608015898659422925e-03 1.087811370296371156e-02 2.400733325867450418e-02
-1.250000000000000000e+00 2.250000000000000000e+00 1.165595228399691069e-01 0.000000000000000000e+00 1.165595228399691069e-01 9.477106303773262302e-04 2.871361670821436386e-03 6.347875133078591768e-03
-1.000000000000000000e+00 2.250000000000000000e+00 8.933614349616349204e-02 0.000000000000000000e+00 8.933614349616349204e-02 2.516316273237168347e-04 1.060282297734523298e-03 6.997835402771162769e-03
-7.500000000000000000e-01 2.250000000000000000e+00 1.437751643511174325e-10 0.000000000000000000e+00 1.437751643511174325e-10 1.130880116582909899e-04 4.713664850342934635e-04 2.280415686844713095e-03
-5.000000000000000000e-01 2.250000000000000000e+00 4.257836402460642894e-08 0.000000000000000000e+00 4.257836402460642894e-08 8.669715969249803557e-05 3.919476475738813658e-04 2.825445062034054756e-03
-2.500000000000000000e-01 2.250000000000000000e+00 2.863486005537772720e-12 0.000000000000000000e+00 2.863486005537772720e-12 8.822817626734504948e-05 2.564411603038249492e-04 7.657894919707146104e-04
0.000000000000000000e+00 2.250000000000000000e+00 1.262399804239138779e-01 0.000000000000000000e+00 1.262399804239138779e-01 1.467073012318289400e-04 1.373471632360154498e-03 1.534902235413571243e-02
2.500000000000000000e-01 2.250000000000000000e+00 9.397844641240838239e-06 0.000000000000000000e+00 9.397844641240838239e-06 2.903945989339159432e-04 1.144648936099880183e-03 4.694677886009380845e-03
5.000000000000000000e-01 2.250000000000000000e+00 8.947420369566053133e-02 0.000000000000000000e+00 8.947420369566053133e-02 7.706199852030363963e-04 2.345409905299932363e-03 5.824483706458296467e-03
7.500000000000000000e-01 2.250000000000000000e+00 1.517833295563354723e-01 0.000000000000000000e+00 1.517833295563354723e-01 2.410689430412278882e-03 6.905921621262953169e-03 1.485132551608408721e-02
1.000000000000000000e+00 2.250000000000000000e+00 2.916283584893563097e-01 0.000000000000000000e+00 2.916283584893563097e-01 6.511265424443321223e-03 2.056806044678985770e-02 4.117690870793144775e-02
1.250000000000000000e+00 2.250000000000000000e+00 4.008303222808552446e-01 1.262378707044761184e-01 2.745924515763791263e-01 2.040353998200437197e-02 5.189720857193386855e-02 8.596328517152541926e-02
1.500000000000000000e+00 2.250000000000000000e+00 6.419723332130099491e-01 4.598434516223987578e-01 1.821288815906111913e-01 5.452499777120910218e-02 1.241043791651815775e-01 1.615786447517861546e-01
1.750000000000000000e+00 2.250000000000000000e+00 7.259239627581253185e-01 6.404498419080117966e-01 8.547412085011352190e-02 1.085523744692026560e-01 1.918599731361099736e-01 2.141271359877628677e-01
2.000000000000000000e+00 2.250000000000000000e+00 8.921107593522846768e-01 8.541662601625026330e-01 3.794449918978204384e-02 2.174337518767802402e-01 3.018574689535042377e-01 2.646615898084237473e-01
-2.000000000000000000e+00 2.500000000000000000e+00 6.923397543107913110e-01 5.102940328869206565e-01 1.820457214238706545e-01 6.852455812216635966e-02 1.424674094445082528e-01 1.861025165794740477e-01
-1.750000000000000000e+00 2.500000000000000000e+00 4.901807003289057052e-01 1.262378707044761461e-01 3.639428296244295868e-01 2.087936551174122274e-02 5.243172158653964382e-02 8.185306440465246747e-02
-1.500000000000000000e+00 2.500000000000000000e+00 1.988457637583604110e-01 0.000000000000000000e+00 1.988457637583604110e-01 5.691955625680963915e-03 1.753359397844630671e-02 3.697042513949944098e-02
-1.250000000000000000e+00 2.500000000000000000e+00 4.548987908445895761e-03 0.000000000000000000e+00 4.548987908445895761e-03 1.549083294919738948e-03 5.167861522209054800e-03 1.459212813325380838e-02
-1.000000000000000000e+00 2.500000000000000000e+00 1.028601545927839284e-01 0.000000000000000000e+00 1.028601545927839284e-01 5.462652868632142692e-04 1.875491469763527087e-03 5.696770814471517445e-03
-7.500000000000000000e-01 2.500000000000000000e+00 1.399680690607158218e-01 0.000000000000000000e+00 1.399680690607158218e-01 2.070133678789751175e-04 1.177965321831055514e-03 8.318018928182440569e-03
-5.000000000000000000e-01 2.500000000000000000e+00 5.177711797953448361e-11 0.000000000000000000e+00 5.177711797953448361e-11 1.375854617608625839e-04 7.139011247002648381e-04 5.076995629199770356e-03
-2.500000000000000000e-01 2.500000000000000000e+00 1.106691794359848310e-02 0.000000000000000000e+00 1.106691794359848310e-02 1.223393562660518249e-04 9.893944166100539575e-04 8.366298072038699102e-03
0.000000000000000000e+00 2.500000000000000000e+00 8.935380670154755012e-02 0.000000000000000000e+00 8.935380670154755012e-02 1.674193043763350130e-04 5.722412061656392736e-04 1.991618072675453450e-03
2.500000000000000000e-01 2.500000000000000000e+00 2.944217729939175784e-04 0.000000000000000000e+00 2.944217729939175784e-04 2.947491113341530172e-04 1.606105158494824936e-03 1.248152158851836835e-02
5.000000000000000000e-01 2.500000000000000000e+00 1.262376614901557503e-01 0.000000000000000000e+00 1.262376614901557503e-01 7.383972757650482865e-04 2.178369453838900800e-03 4.939975924327157444e-03
7.500000000000000000e-01 2.500000000000000000e+00 1.128837167271151687e-01 8.935323161475475229e-02 2.353048511236041640e-02 2.458464044303233873e-03 8.423384900290360397e-03 3.148251937770182168e-02
1.000000000000000000e+00 2.500000000000000000e+00 2.566199808287922268e-01 8.935323161475476617e-02 1.672667492140374468e-01 6.306262904470786440e-03 1.911104777222281947e-02 4.232075209738219573e-02
1.250000000000000000e+00 2.500000000000000000e+00 4.340517920744270675e-01 3.060980235153439311e-01 1.279537685590831364e-01 2.090545566336112285e-02 5.968135222941687440e-02 1.142770887049653350e-01
1.500000000000000000e+00 2.500000000000000000e+00 6.698995305880952600e-01 4.823111029200984889e-01 1.875884276679967710e-01 5.504254291122891163e-02 1.313401968640166562e-01 1.790722972615616249e-01
1.750000000000000000e+00 2.500000000000000000e+00 7.510576687699972442e-01 6.307329070216622924e-01 1.203247617483349519e-01 1.003658590752464358e-01 1.874516573465369595e-01 2.115634565852058946e-01
2.000000000000000000e+00 2.500000000000000000e+00 8.691544478949049246e-01 8.589854480723156938e-01 1.016899982258923085e-02 2.066716373728019196e-01 2.966031373640199420e-01 2.712123713105458744e-01
-2.000000000000000000e+00 2.750000000000000000e+00 7.612415543949189178e-01 5.607280981010314136e-01 2.005134562938875042e-01 9.056497152661316385e-02 1.743855953257253399e-01 2.053414191477846984e-01
-1.750000000000000000e+00 2.750000000000000000e+00 4.368265936824093365e-01 2.509501942617301529e-01 1.858763994206791836e-01 2.619967936273640344e-02 6.747863489696447059e-02 1.102186270151939984e-01
-1.500000000000000000e+00 2.750000000000000000e+00 3.599846567546284293e-01 1.544538766104630034e-01 2.055307801441654258e-01 8.916481468740541580e-03 3.106502390674284464e-02 7.403256797848214998e-02
-1.250000000000000000e+00 2.750000000000000000e+00 2.219933939119366484e-01 8.935323161475478004e-02 1.326401622971818683e-01 2.989514639714798902e-03 1.061165804324873743e-02 3.977216543563602547e-02
-1.000000000000000000e+00 2.750000000000000000e+00 1.171857366259738131e-01 0.000000000000000000e+00 1.171857366259738131e-01 8.224654354252306822e-04 3.101358832397391706e-03 1.496800832957846834e-02
-7.500000000000000000e-01 2.750000000000000000e+00 1.262390184197021703e-01 0.000000000000000000e+00 1.262390184197021703e-01 3.619507649514138868e-04 1.776788229222947763e-03 7.888736733203494805e-03
-5.000000000000000000e-01 2.750000000000000000e+00 8.866473016338533020e-02 0.000000000000000000e+00 8.866473016338533020e-02 1.882628610755160057e-04 1.033517674976690282e-03 5.333167979725912146e-03
-2.500000000000000000e-01 2.750000000000000000e+00 5.793203379206010367e-04 0.000000000000000000e+00 5.793203379206010367e-04 2.066066445893231004e-04 9.864114597457657348e-04 5.382172950310870098e-03
0.000000000000000000e+00 2.750000000000000000e+00 1.262378632302393056e-01 8.935323161475471065e-02 3.688463161548459490e-02 2.489685637164542318e-04 3.216206155524988387e-03 3.700097542734984146e-02
2.500000000000000000e-01 2.750000000000000000e+00 9.246886006102220730e-05 0.000000000000000000e+00 9.246886006102220730e-05 4.196156011222820239e-04 1.714780384449703793e-03 6.882436360393729205e-03
5.000000000000000000e-01 2.750000000000000000e+00 1.489472452323269691e-01 0.000000000000000000e+00 1.489472452323269691e-01 1.003300366191304865e-03 4.765061567548732092e-03 1.856091244376131127e-02
7.500000000000000000e-01 2.750000000000000000e+00 1.833636002266560705e-01 0.000000000000000000e+00 1.833636002266560705e-01 2.912055954560064004e-03 1.107108061570193785e-02 3.127337035730486103e-02
1.000000000000000000e+00 2.750000000000000000e+00 2.918642648434491838e-01 1.262378707044761184e-01 1.656263941389730654e-01 8.310505882635895944e-03 3.238049245778996249e-02 7.550043825891390725e-02
1.250000000000000000e+00 2.750000000000000000e+00 4.675947608853452397e-01 2.177705214210582663e-01 2.498242394642869735e-01 2.320917844867248156e-02 6.423655272575932995e-02 1.075545202631170705e-01
1.500000000000000000e+00 2.750000000000000000e+00 6.665214400448522536e-01 4.189701660023061325e-01 2.475512740425461211e-01 5.187451263212906200e-02 1.219227440870634810e-01 1.703340820074343287e-01
1.750000000000000000e+00 2.750000000000000000e+00 8.167815182123974171e-01 7.101999718389163663e-01 1.065815463734810509e-01 1.272727889515875010e-01 2.187369889545701662e-01 2.389421663746065794e-01
2.000000000000000000e+00 2.750000000000000000e+00 8.585200065456243257e-01 8.284926070883212867e-01 3.002739945730303894e-02 2.079859855134256197e-01 2.919682514426855113e-01 2.654634989721915694e-01
-2.000000000000000000e+00 3.000000000000000000e+00 7.756674539630432630e-01 6.052966215005690653e-01 1.703708324624741977e-01 9.493058782886426572e-02 1.813607607451839798e-01 2.045434413319241196e-01
-1.750000000000000000e+00 3.000000000000000000e+00 5.598042462040995204e-01 3.060980235153442086e-01 2.537062226887553118e-01 3.549752189745895153e-02 8.780181506725914797e-02 1.259785030868342814e-01
-1.500000000000000000e+00 3.000000000000000000e+00 3.832966513504930672e-01 8.935323161475473841e-02 2.939434197357383427e-01 1.231473508953775595e-02 3.658664340880395105e-02 6.634082465570625975e-02
-1.250000000000000000e+00 3.000000000000000000e+00 3.076396032226431654e-01 1.262378707044762294e-01 1.814017325181669360e-01 4.433155759154829532e-03 1.786096174019930968e-02 5.325641982739315328e-02
-1.000000000000000000e+00 3.000000000000000000e+00 2.052563031650581904e-01 0.000000000000000000e+00 2.052563031650581904e-01 1.462090420403449340e-03 4.776823880894186074e-03 1.242773231992187755e-02
-7.500000000000000000e-01 3.000000000000000000e+00 1.544214401523738012e-01 8.935323161475472453e-02 6.506820853761907664e-02 7.246942244737652160e-04 4.666429144056682098e-03 3.097216020367536682e-02
-5.000000000000000000e-01 3.000000000000000000e+00 2.960605642308277309e-05 0.000000000000000000e+00 2.960605642308277309e-05 4.278855663682183566e-04 1.808641418136427547e-03 7.941179076326342415e-03
-2.500000000000000000e-01 3.000000000000000000e+00 1.304526463593997099e-01 0.000000000000000000e+00 1.304526463593997099e-01 3.590194716939471118e-04 1.710874728432639543e-03 7.333703800237438390e-03
0.000000000000000000e+00 3.000000000000000000e+00 8.951744993264341976e-02 0.000000000000000000e+00 8.951744993264341976e-02 4.200074589039055634e-04 2.147388163867994769e-03 1.141760846792845910e-02
2.500000000000000000e-01 3.000000000000000000e+00 1.543777248512937517e-01 1.262378707044761739e-01 2.813985414681757780e-02 6.531163010856588184e-04 5.337352138130148881e-03 3.685006563527110784e-02
5.000000000000000000e-01 3.000000000000000000e+00 1.354445089793843426e-01 0.000000000000000000e+00 1.354445089793843426e-01 1.347912776231311371e-03 5.410003189414625512e-03 1.521375676331741117e-02
7.500000000000000000e-01 3.000000000000000000e+00 1.594105281875697888e-01 8.935323161475472453e-02 7.005729657281506428e-02 3.518210241735470097e-03 1.374099602604291447e-02 4.404264150083494339e-02
1.000000000000000000e+00 3.000000000000000000e+00 3.916832265206652286e-01 8.935323161475471065e-02 3.023299949059105041e-01 1.043286997605104120e-02 3.258782354806605969e-02 6.298240641927924099e-02
1.250000000000000000e+00 3.000000000000000000e+00 5.779483913619188895e-01 3.624582734605458212e-01 2.154901179013730683e-01 3.066056812379710714e-02 8.329702364813254545e-02 1.338987140611641313e-01
1.500000000000000000e+00 3.000000000000000000e+00 6.910477131344414659e-01 4.189701660023053553e-01 2.720775471321361105e-01 6.475941516373111273e-02 1.390082963888084611e-01 1.761952004382983106e-01
1.750000000000000000e+00 3.000000000000000000e+00 7.599512326107404903e-01 6.897999710060889189e-01 7.015126160465157135e-02 1.327307795667223289e-01 2.235095230151769030e-01 2.333926626709172947e-01
2.000000000000000000e+00 3.000000000000000000e+00 8.821713316472299393e-01 8.637036528810091429e-01 1.846767876622079640e-02 2.140554788314917301e-01 3.012127863293175278e-01 2.750395142142448845e-01
