# position velocity action_std action_loc_std action_std_diff action_mean_p_0 action_p_0_mean action_p_0_std
-2.000000000000000000e+00 -3.000000000000000000e+00 7.472577781295943744e-01 6.591631057636679891e-01 8.809467236592638528e-02 8.837877078318052693e-01 7.955728850310480604e-01 2.229091037330492853e-01
-1.750000000000000000e+00 -3.000000000000000000e+00 5.807346597630127505e-01 4.358898943540686632e-01 1.448447654089440872e-01 9.502534894653792419e-01 8.840152538597558785e-01 1.679380448810912918e-01
-1.500000000000000000e+00 -3.000000000000000000e+00 3.890887415484451939e-01 2.509501942617307635e-01 1.381385472867144304e-01 9.806413175596834231e-01 9.447705353606798973e-01 9.940189249488125267e-02
-1.250000000000000000e+00 -3.000000000000000000e+00 3.292697739585045413e-01 2.349808502835914747e-01 9.428892367491306659e-02 9.914876621961263847e-01 9.647482409090041289e-01 8.867659625830284775e-02
-1.000000000000000000e+00 -3.000000000000000000e+00 1.499184927869822992e-01 0.000000000000000000e+00 1.499184927869822992e-01 9.965029188559700879e-01 9.866969909451531739e-01 3.469307826612960666e-02
-7.500000000000000000e-01 -3.000000000000000000e+00 1.774366574856292289e-01 8.935323161475478004e-02 8.808342587087444886e-02 9.982268880484005402e-01 9.922136913356870425e-01 3.995620393778365892e-02
-5.000000000000000000e-01 -3.000000000000000000e+00 1.903896410097520309e-01 8.935323161475475229e-02 1.010364093949972786e-01 9.984396635598137282e-01 9.878789474864143605e-01 5.027410027321448788e-02
-2.500000000000000000e-01 -3.000000000000000000e+00 1.772699763782644988e-01 0.000000000000000000e+00 1.772699763782644988e-01 9.986713150254293847e-01 9.948313874597862760e-01 1.681862474679804778e-02
0.000000000000000000e+00 -3.000000000000000000e+00 1.984562578655873488e-01 8.935323161475475229e-02 1.091030262508325965e-01 9.976819808368778686e-01 9.904447043025018660e-01 3.987286980710996742e-02
2.500000000000000000e-01 -3.000000000000000000e+00 2.287730206664501664e-01 0.000000000000000000e+00 2.287730206664501664e-01 9.959170822197698225e-01 9.864901670139504253e-01 3.124123936838519786e-02
5.000000000000000000e-01 -3.000000000000000000e+00 3.484540615886633219e-01 1.544538766104624761e-01 1.940001849782008458e-01 9.901533209748544229e-01 9.692064677897015423e-01 7.336907508158541091e-02
7.500000000000000000e-01 -3.000000000000000000e+00 4.358300850666279591e-01 1.781684596105612972e-01 2.576616254560666341e-01 9.739135686037534434e-01 9.400104046208717090e-01 9.216941363855232772e-02
1.000000000000000000e+00 -3.000000000000000000e+00 6.515452407165608362e-01 4.275324549083953096e-01 2.240127858081655265e-01 9.313988890895003037e-01 8.636222139306499734e-01 1.664346017006547440e-01
1.250000000000000000e+00 -3.000000000000000000e+00 8.366580261662869278e-01 6.813046308370411808e-01 1.553533953292457470e-01 8.336729570341345763e-01 7.569682478027511818e-01 2.223842366823531314e-01
1.500000000000000000e+00 -3.000000000000000000e+00 9.377189590709243960e-01 9.564183185196718506e-01 -1.869935944874745459e-02 6.448460591020868105e-01 5.970991162122392115e-01 2.810791276114335546e-01
1.750000000000000000e+00 -3.000000000000000000e+00 9.651779313594760490e-01 9.997119585160565425e-01 -3.453402715658049349e-02 5.294237499039800010e-01 5.171394980801763408e-01 2.990704189793798040e-01
2.000000000000000000e+00 -3.000000000000000000e+00 9.685350908484418042e-01 9.917741678426552632e-01 -2.323907699421345896e-02 4.107012247352732626e-01 4.433982237124074466e-01 2.901777867385124665e-01
-2.000000000000000000e+00 -2.750000000000000000e+00 7.098131927526841745e-01 6.052966215005680661e-01 1.045165712521161083e-01 9.120525895827227281e-01 8.273391738265469808e-01 2.159603305431395670e-01
-1.750000000000000000e+00 -2.750000000000000000e+00 4.853154650249458801e-01 3.060980235153443751e-01 1.792174415096015050e-01 9.646901998180564819e-01 9.086518967206492770e-01 1.326178266203578426e-01
-1.500000000000000000e+00 -2.750000000000000000e+00 3.969535910434768833e-01 2.349808502835919743e-01 1.619727407598849089e-01 9.866265177273897402e-01 9.553847109558553097e-01 9.550114923055985638e-02
-1.250000000000000000e+00 -2.750000000000000000e+00 2.714209944791455831e-01 1.262378707044760628e-01 1.451831237746695202e-01 9.957373546957543065e-01 9.833707738095361917e-01 5.010933444721258484e-02
-1.000000000000000000e+00 -2.750000000000000000e+00 2.132363333991524612e-01 0.000000000000000000e+00 2.132363333991524612e-01 9.980799927074407440e-01 9.911628586922783812e-01 2.998806094006231659e-02
-7.500000000000000000e-01 -2.750000000000000000e+00 1.237019956204852694e-01 0.000000000000000000e+00 1.237019956204852694e-01 9.991916641974555313e-01 9.950619751544895752e-01 2.322987020185099394e-02
-5.000000000000000000e-01 -2.750000000000000000e+00 1.494610119255637692e-01 0.000000000000000000e+00 1.494610119255637692e-01 9.994725837096400944e-01 9.974022752456058738e-01 1.001911802482904380e-02
-2.500000000000000000e-01 -2.750000000000000000e+00 1.039386508113017415e-01 0.000000000000000000e+00 1.039386508113017415e-01 9.994208792220313775e-01 9.965071725162325533e-01 1.935548290713971081e-02
0.000000000000000000e+00 -2.750000000000000000e+00 1.878674817177914957e-01 0.000000000000000000e+00 1.878674817177914957e-01 9.990431952899881951e-01 9.951633127745601604e-01 2.396576414204692335e-02
2.500000000000000000e-01 -2.750000000000000000e+00 1.271479105258280506e-01 8.935323161475475229e-02 3.779467891107329836e-02 9.981288267142069959e-01 9.932286878752152326e-01 2.640916777529135270e-02
5.000000000000000000e-01 -2.750000000000000000e+00 2.790070419425306758e-01 8.935323161475475229e-02 1.896538103277759235e-01 9.941347483182677580e-01 9.807042666348986248e-01 5.281647217060436716e-02
7.500000000000000000e-01 -2.750000000000000000e+00 4.336664606650575404e-01 1.781684596105612972e-01 2.554980010544962710e-01 9.821601115547713423e-01 9.525461320440766766e-01 8.859324879993706048e-02
1.000000000000000000e+00 -2.750000000000000000e+00 6.178003280822542687e-01 4.011782646156198395e-01 2.166220634666344291e-01 9.410843105292313604e-01 8.808419792412821581e-01 1.511671361486006671e-01
1.250000000000000000e+00 -2.750000000000000000e+00 8.640317066322683592e-01 7.477325725150684166e-01 1.162991341171999427e-01 8.443446753071934818e-01 7.539289531270230160e-01 2.401025788115372928e-01
1.500000000000000000e+00 -2.750000000000000000e+00 9.193644135639793546e-01 9.165151389911699864e-01 2.849274572809368244e-03 7.190113222502210188e-01 6.461718807199062775e-01 2.744290352328278004e-01
1.750000000000000000e+00 -2.750000000000000000e+00 9.680757251839157140e-01 9.998719918069519652e-01 -3.179626662303625118e-02 5.154002122996192981e-01 5.073785605812601851e-01 2.957369007848550946e-01
2.000000000000000000e+00 -2.750000000000000000e+00 9.511319162613408595e-01 9.645226798784980460e-01 -1.339076361715718644e-02 3.679396822916325416e-01 4.101407525601571957e-01 2.849888338535653820e-01
-2.000000000000000000e+00 -2.500000000000000000e+00 6.789277683616234960e-01 4.189701660023050778e-01 2.599576023593184182e-01 9.406647181288222415e-01 8.735112306886121392e-01 1.580396668469154775e-01
-1.750000000000000000e+00 -2.500000000000000000e+00 4.580799816362475796e-01 2.659022376739241800e-01 1.921777439623233996e-01 9.776174140990551154e-01 9.368802534535717319e-01 1.137240724689332627e-01
-1.500000000000000000e+00 -2.500000000000000000e+00 3.107411359239596327e-01 1.781684596105611307e-01 1.325726763133985020e-01 9.931082243098647844e-01 9.735389179857517616e-01 7.457451640581447272e-02
-1.250000000000000000e+00 -2.500000000000000000e+00 1.398001240302390313e-01 0.000000000000000000e+00 1.398001240302390313e-01 9.974480941176844251e-01 9.893773399830129156e-01 3.638384129226287372e-02
-1.000000000000000000e+00 -2.500000000000000000e+00 2.467476017788741982e-01 1.262378707044762016e-01 1.205097310743979966e-01 9.992158749424027153e-01 9.906537370776520302e-01 6.406170931393628809e-02
-7.500000000000000000e-01 -2.500000000000000000e+00 4.080531369858741812e-03 0.000000000000000000e+00 4.080531369858741812e-03 9.996516198786122853e-01 9.973898657293618353e-01 1.063201703270716218e-02
-5.000000000000000000e-01 -2.500000000000000000e+00 5.207975614893710923e-04 0.000000000000000000e+00 5.207975614893710923e-04 9.997560955571700436e-01 9.984051174195371914e-01 1.081499554972370492e-02
-2.500000000000000000e-01 -2.500000000000000000e+00 8.936357677322165349e-02 0.000000000000000000e+00 8.936357677322165349e-02 9.997425258983334562e-01 9.986231243422962756e-01 6.150169160458509796e-03
0.000000000000000000e+00 -2.500000000000000000e+00 1.485954020368672295e-02 0.000000000000000000e+00 1.485954020368672295e-02 9.995424205754961378e-01 9.969600545674043302e-01 1.717470395700311861e-02
2.500000000000000000e-01 -2.500000000000000000e+00 1.543907437961157258e-01 0.000000000000000000e+00 1.543907437961157258e-01 9.989556204772673809e-01 9.954342126929849321e-01 2.558704177818296732e-02
5.000000000000000000e-01 -2.500000000000000000e+00 2.404267785507700483e-01 0.000000000000000000e+00 2.404267785507700483e-01 9.963213517386374507e-01 9.897840990800913508e-01 2.058490470219713833e-02
7.500000000000000000e-01 -2.500000000000000000e+00 3.493797939811107978e-01 8.935323161475472453e-02 2.600265623663560732e-01 9.856581717075603155e-01 9.607815963325151420e-01 7.307794541555870382e-02
1.000000000000000000e+00 -2.500000000000000000e+00 5.259580449211685993e-01 2.659022376739248461e-01 2.600558072472437532e-01 9.569205070341493258e-01 9.116833491597541306e-01 1.115810208298451262e-01
1.250000000000000000e+00 -2.500000000000000000e+00 7.941717324916460763e-01 6.939740629158955842e-01 1.001976695757504920e-01 8.506711809671614333e-01 7.653545464066797699e-01 2.227167619091091622e-01
1.500000000000000000e+00 -2.500000000000000000e+00 9.341588043266249031e-01 9.389696480717587557e-01 -4.810843745133852600e-03 6.910995593558222350e-01 6.299379329681362716e-01 2.815093291362128491e-01
1.750000000000000000e+00 -2.500000000000000000e+00 9.648827667929690266e-01 9.994878688608481720e-01 -3.460510206787914544e-02 4.816019800695316988e-01 4.893299488929266361e-01 2.945713394773078475e-01
2.000000000000000000e+00 -2.500000000000000000e+00 9.415738711429980645e-01 9.564183185196718506e-01 -1.484444737667378611e-02 3.642251158638476483e-01 4.078019615558864941e-01 2.846336091789206657e-01
-2.000000000000000000e+00 -2.250000000000000000e+00 5.840804161443614584e-01 3.519999999999980922e-01 2.320804161443633662e-01 9.524820090209989987e-01 8.930476395453187388e-01 1.493301537096260456e-01
-1.750000000000000000e+00 -2.250000000000000000e+00 4.540037104157316206e-01 1.989974874213240597e-01 2.550062229944075609e-01 9.836357337702610337e-01 9.528528046196613754e-01 8.616303730143608230e-02
-1.500000000000000000e+00 -2.250000000000000000e+00 2.793355540392509218e-01 1.262378707044762016e-01 1.530976833347747201e-01 9.953955737175925744e-01 9.821272580932542962e-01 5.079367283166797559e-02
-1.250000000000000000e+00 -2.250000000000000000e+00 1.895210861748133357e-01 0.000000000000000000e+00 1.895210861748133357e-01 9.985143071878416210e-01 9.917106953831552607e-01 3.331079824020622554e-02
-1.000000000000000000e+00 -2.250000000000000000e+00 9.495407329433981636e-02 0.000000000000000000e+00 9.495407329433981636e-02 9.995003704188051286e-01 9.973907788831835042e-01 1.011112686248770778e-02
-7.500000000000000000e-01 -2.250000000000000000e+00 5.920910082178439116e-03 0.000000000000000000e+00 5.920910082178439116e-03 9.997830272124640372e-01 9.983794435497956865e-01 7.848977365385296709e-03
-5.000000000000000000e-01 -2.250000000000000000e+00 8.933299038274923609e-02 0.000000000000000000e+00 8.933299038274923609e-02 9.998488957484751305e-01 9.986811367678455342e-01 1.008565445505707134e-02
-2.500000000000000000e-01 -2.250000000000000000e+00 2.391114124541091548e-08 0.000000000000000000e+00 2.391114124541091548e-08 9.998310467450758354e-01 9.991723478568739214e-01 3.314816960610282234e-03
0.000000000000000000e+00 -2.250000000000000000e+00 2.786199403760687048e-04 0.000000000000000000e+00 2.786199403760687048e-04 9.997090806737576330e-01 9.989999139073612033e-01 3.437639473578417079e-03
2.500000000000000000e-01 -2.250000000000000000e+00 1.771678147527230851e-01 0.000000000000000000e+00 1.771678147527230851e-01 9.992764407007720395e-01 9.967803691322115744e-01 1.391914436872343855e-02
5.000000000000000000e-01 -2.250000000000000000e+00 1.928590427587945910e-01 0.000000000000000000e+00 1.928590427587945910e-01 9.973625652942207376e-01 9.928127105896860094e-01 1.747604830336524709e-02
7.500000000000000000e-01 -2.250000000000000000e+00 3.532239059833051087e-01 1.262378707044761184e-01 2.269860352788289903e-01 9.874614537237800249e-01 9.651048447788448392e-01 6.662165400781606961e-02
1.000000000000000000e+00 -2.250000000000000000e+00 5.004524336138992391e-01 3.519999999999980367e-01 1.484524336139012024e-01 9.611939256982611202e-01 9.078012279510773164e-01 1.314684645842187360e-01
1.250000000000000000e+00 -2.250000000000000000e+00 8.143713774084715418e-01 6.769815359372783892e-01 1.373898414711931526e-01 8.532779032667825447e-01 7.751713463597815768e-01 2.231721036796574520e-01
1.500000000000000000e+00 -2.250000000000000000e+00 9.528407662513025400e-01 9.645226798784981570e-01 -1.168191362719561699e-02 6.215879039012728313e-01 5.846166222796226331e-01 2.849677761888897987e-01
1.750000000000000000e+00 -2.250000000000000000e+00 9.660905197359940244e-01 9.981983770774244258e-01 -3.210785734143040138e-02 4.515131486832598684e-01 4.729008741612515943e-01 2.979406477143313747e-01
2.000000000000000000e+00 -2.250000000000000000e+00 9.350556710741124711e-01 9.500821017154230663e-01 -1.502643064131059525e-02 3.378120813072637008e-01 3.897997174181846991e-01 2.813985550976488281e-01
-2.000000000000000000e+00 -2.000000000000000000e+00 4.805312487698511492e-01 3.060980235153452633e-01 1.744332252545058859e-01 9.651733478327915172e-01 9.184726263101309351e-01 1.255113440100143751e-01
-1.750000000000000000e+00 -2.000000000000000000e+00 3.502118007376080477e-01 1.989974874213252809e-01 1.512143133162827668e-01 9.883795155704466762e-01 9.633622708919673538e-01 8.048913932328577436e-02
-1.500000000000000000e+00 -2.000000000000000000e+00 1.994500436830750623e-01 8.935323161475476617e-02 1.100968120683202961e-01 9.967860568858193382e-01 9.856566077372941326e-01 5.011532304389545306e-02
-1.250000000000000000e+00 -2.000000000000000000e+00 1.253987159799803963e-01 0.000000000000000000e+00 1.253987159799803963e-01 9.990258574998902574e-01 9.947311822835614992e-01 2.449268084753758110e-02
-1.000000000000000000e+00 -2.000000000000000000e+00 1.250540165594351272e-01 0.000000000000000000e+00 1.250540165594351272e-01 9.996463344245688498e-01 9.975335671555216610e-01 1.595553890117238152e-02
-7.500000000000000000e-01 -2.000000000000000000e+00 1.969594021652625677e-04 0.000000000000000000e+00 1.969594021652625677e-04 9.998805057515454120e-01 9.995393439522005652e-01 1.790486623454512830e-03
-5.000000000000000000e-01 -2.000000000000000000e+00 6.836794491824500808e-08 0.000000000000000000e+00 6.836794491824500808e-08 9.998887258043884785e-01 9.993368319537988542e-01 3.840533018684543637e-03
-2.500000000000000000e-01 -2.000000000000000000e+00 2.260454113847760024e-12 0.000000000000000000e+00 2.260454113847760024e-12 9.998908239600804437e-01 9.993758096651902401e-01 3.784738766182057200e-03
0.000000000000000000e+00 -2.000000000000000000e+00 8.935288577609074023e-02 0.000000000000000000e+00 8.935288577609074023e-02 9.997768965098193794e-01 9.984166462146013554e-01 1.699516843014828998e-02
2.500000000000000000e-01 -2.000000000000000000e+00 8.960314019806361885e-02 0.000000000000000000e+00 8.960314019806361885e-02 9.993091799465508851e-01 9.980227975424464937e-01 5.719307586088602860e-03
5.000000000000000000e-01 -2.000000000000000000e+00 1.952562557439661561e-01 0.000000000000000000e+00 1.952562557439661561e-01 9.972882015293429436e-01 9.937727668648799195e-01 9.965096776961808803e-03
7.500000000000000000e-01 -2.000000000000000000e+00 3.325215804152726329e-01 0.000000000000000000e+00 3.325215804152726329e-01 9.888015186968278636e-01 9.733965028086566385e-01 4.324641195846740810e-02
1.000000000000000000e+00 -2.000000000000000000e+00 5.394116812136910966e-01 3.060980235153437090e-01 2.333136576983473875e-01 9.579443995439064219e-01 9.067452659916844793e-01 1.281620050337582695e-01
1.250000000000000000e+00 -2.000000000000000000e+00 8.253773909499881878e-01 7.257106861553015431e-01 9.966670479468664468e-02 8.411151642902969794e-01 7.605352185241214258e-01 2.274254039022689799e-01
1.500000000000000000e+00 -2.000000000000000000e+00 9.370570803824731509e-01 9.645226798784980460e-01 -2.746559949602489503e-02 6.374929355640969186e-01 5.945350148535628598e-01 2.716709570838036214e-01
1.750000000000000000e+00 -2.000000000000000000e+00 9.610009407921604740e-01 9.829262434180942032e-01 -2.192530262593372914e-02 4.032632903852740869e-01 4.350112948089368547e-01 2.931599636458727676e-01
2.000000000000000000e+00 -2.000000000000000000e+00 9.468831015159161479e-01 9.298257901349065158e-01 1.705731138100963218e-02 3.112259752237337418e-01 3.691559111245879543e-01 2.791989750369384682e-01
-2.000000000000000000e+00 -1.750000000000000000e+00 5.394063149051731010e-01 2.659022376739240134e-01 2.735040772312490875e-01 9.717596853576838667e-01 9.269396763098203262e-01 1.234598473062814006e-01
-1.750000000000000000e+00 -1.750000000000000000e+00 2.852617132037789660e-01 0.000000000000000000e+00 2.852617132037789660e-01 9.909372588320602970e-01 9.744152325296047135e-01 4.788451770605529206e-02
-1.500000000000000000e+00 -1.750000000000000000e+00 1.794760116357897450e-01 0.000000000000000000e+00 1.794760116357897450e-01 9.974414699677442986e-01 9.907042113005100070e-01 3.037695685963600484e-02
-1.250000000000000000e+00 -1.750000000000000000e+00 3.533973209611324107e-02 0.000000000000000000e+00 3.533973209611324107e-02 9.992205484147176353e-01 9.960969245773173553e-01 1.907717943146775702e-02
-1.000000000000000000e+00 -1.750000000000000000e+00 8.532027204650430297e-02 0.000000000000000000e+00 8.532027204650430297e-02 9.997555507213607973e-01 9.981242786597416261e-01 1.677913664982481207e-02
-7.500000000000000000e-01 -1.750000000000000000e+00 2.453394447685727353e-08 0.000000000000000000e+00 2.453394447685727353e-08 9.998918708945989664e-01 9.996721872038721868e-01 8.660609731860181935e-04
-5.000000000000000000e-01 -1.750000000000000000e+00 2.860382530634561138e-14 0.000000000000000000e+00 2.860382530634561138e-14 9.999155928967511375e-01 9.995821367695422177e-01 2.456731435299382670e-03
-2.500000000000000000e-01 -1.750000000000000000e+00 3.491182839000906393e-13 0.000000000000000000e+00 3.491182839000906393e-13 9.998951602203510758e-01 9.994745516160649101e-01 3.574441073117341425e-03
0.000000000000000000e+00 -1.750000000000000000e+00 1.269195034380721876e-05 0.000000000000000000e+00 1.269195034380721876e-05 9.997870801170302135e-01 9.994420981437676099e-01 1.763975334645096881e-03
2.500000000000000000e-01 -1.750000000000000000e+00 8.451923570846314737e-02 0.000000000000000000e+00 8.451923570846314737e-02 9.993906134606782565e-01 9.987839829762619193e-01 1.807042373885683721e-03
5.000000000000000000e-01 -1.750000000000000000e+00 1.264565779093684283e-01 0.000000000000000000e+00 1.264565779093684283e-01 9.972005426948625795e-01 9.938793841611990310e-01 1.155744467140480854e-02
7.500000000000000000e-01 -1.750000000000000000e+00 2.892869033519418487e-01 0.000000000000000000e+00 2.892869033519418487e-01 9.876370738911535163e-01 9.706818129503290704e-01 5.117950465984713593e-02
1.000000000000000000e+00 -1.750000000000000000e+00 6.072540492017510783e-01 2.509501942617300418e-01 3.563038549400210364e-01 9.482789958330170021e-01 8.982224938385406920e-01 1.265116974493692703e-01
1.250000000000000000e+00 -1.750000000000000000e+00 8.455957223124345168e-01 7.257106861553013211e-01 1.198850361571331957e-01 8.214767724975874374e-01 7.510156844469948467e-01 2.192397905043952100e-01
1.500000000000000000e+00 -1.750000000000000000e+00 9.497758438508233647e-01 9.850969495435465406e-01 -3.532110569272317591e-02 5.979001568133569533e-01 5.598902405129910775e-01 2.895930795485138765e-01
1.750000000000000000e+00 -1.750000000000000000e+00 9.523459821962064753e-01 9.806038955663961554e-01 -2.825791337018968008e-02 3.790072338524736462e-01 4.200905174367398631e-01 2.897025610203793344e-01
2.000000000000000000e+00 -1.750000000000000000e+00 9.207074744275909328e-01 8.565885826929987568e-01 6.411889173459217606e-02 2.509896238770379373e-01 3.238099856979498870e-01 2.696430973324842051e-01
-2.000000000000000000e+00 -1.500000000000000000e+00 4.333112746378984803e-01 1.781684596105610197e-01 2.551428150273374884e-01 9.779040269789347484e-01 9.474309597720385057e-01 8.414341013643425460e-02
-1.750000000000000000e+00 -1.500000000000000000e+00 2.728589243735659586e-01 0.000000000000000000e+00 2.728589243735659586e-01 9.922370809279581483e-01 9.789154495471457107e-01 4.120275593676763631e-02
-1.500000000000000000e+00 -1.500000000000000000e+00 2.095903238888749964e-01 8.935323161475473841e-02 1.202370922741202580e-01 9.979105902489620039e-01 9.918071854208085902e-01 3.164612399850429830e-02
-1.250000000000000000e+00 -1.500000000000000000e+00 1.257313185837501401e-01 0.000000000000000000e+00 1.257313185837501401e-01 9.993748632017787070e-01 9.979202253166363779e-01 5.839126805853479471e-03
-1.000000000000000000e+00 -1.500000000000000000e+00 8.936232700771368220e-02 0.000000000000000000e+00 8.936232700771368220e-02 9.997765980448279910e-01 9.989124448886218532e-01 4.851714557834689058e-03
-7.500000000000000000e-01 -1.500000000000000000e+00 8.935298731680800521e-02 0.000000000000000000e+00 8.935298731680800521e-02 9.998717712942276625e-01 9.992145243395817999e-01 6.397768630007683900e-03
-5.000000000000000000e-01 -1.500000000000000000e+00 6.253577270920509731e-03 0.000000000000000000e+00 6.253577270920509731e-03 9.998986922301835722e-01 9.996694884736802011e-01 1.086870447252082355e-03
-2.500000000000000000e-01 -1.500000000000000000e+00 5.849598254013313453e-10 0.000000000000000000e+00 5.849598254013313453e-10 9.998634715328883482e-01 9.996047597556086961e-01 1.106534064448326179e-03
0.000000000000000000e+00 -1.500000000000000000e+00 9.861626569962978416e-05 0.000000000000000000e+00 9.861626569962978416e-05 9.997295743564623693e-01 9.994437349383724634e-01 1.607074391068097395e-03
2.500000000000000000e-01 -1.500000000000000000e+00 4.986063126621988716e-03 0.000000000000000000e+00 4.986063126621988716e-03 9.991343221049616696e-01 9.982792328698197881e-01 6.694906400573654576e-03
5.000000000000000000e-01 -1.500000000000000000e+00 1.984335022449861541e-01 0.000000000000000000e+00 1.984335022449861541e-01 9.961628803658705289e-01 9.927581210486092766e-01 1.073894864998125795e-02
7.500000000000000000e-01 -1.500000000000000000e+00 2.843355143971131871e-01 0.000000000000000000e+00 2.843355143971131871e-01 9.845429601046067347e-01 9.697877595401385165e-01 4.048684170776507135e-02
1.000000000000000000e+00 -1.500000000000000000e+00 6.524315051362519213e-01 3.624582734605462653e-01 2.899732316757056561e-01 9.297901563356624210e-01 8.739979784813257657e-01 1.404787495337861125e-01
1.250000000000000000e+00 -1.500000000000000000e+00 8.405891861087614325e-01 7.512655988397161089e-01 8.932358726904532364e-02 8.064159227729269519e-01 7.350415237557523795e-01 2.320358590839715629e-01
1.500000000000000000e+00 -1.500000000000000000e+00 9.642611114625007085e-01 9.927738916792687718e-01 -2.851278021676806329e-02 5.507760412543803996e-01 5.350606887410035428e-01 2.945718367291714213e-01
1.750000000000000000e+00 -1.500000000000000000e+00 9.639944922793447502e-01 9.622972513729856070e-01 1.697240906359143153e-03 3.610196388345174867e-01 4.041674773171883839e-01 2.816543122230182883e-01
2.000000000000000000e+00 -1.500000000000000000e+00 9.090841357916601417e-01 8.565885826929985347e-01 5.249555309866160702e-02 2.338290043666386153e-01 3.105440974210045835e-01 2.649535419932522728e-01
-2.000000000000000000e+00 -1.250000000000000000e+00 3.839456016129088045e-01 2.349808502835913915e-01 1.489647513293174130e-01 9.785823279378647044e-01 9.470279625076796215e-01 9.608411968678245985e-02
-1.750000000000000000e+00 -1.250000000000000000e+00 2.877555783797092759e-01 0.000000000000000000e+00 2.877555783797092759e-01 9.929167875574217428e-01 9.805022524129833883e-01 3.897616421518456525e-02
-1.500000000000000000e+00 -1.250000000000000000e+00 1.417093075422881654e-01 0.000000000000000000e+00 1.417093075422881654e-01 9.979889324903288284e-01 9.948048451439392981e-01 1.454799410041305620e-02
-1.250000000000000000e+00 -1.250000000000000000e+00 1.069427833029209796e-01 0.000000000000000000e+00 1.069427833029209796e-01 9.992425063401448870e-01 9.965583825304195065e-01 1.757536910187774276e-02
-1.000000000000000000e+00 -1.250000000000000000e+00 4.809131343901958122e-02 0.000000000000000000e+00 4.809131343901958122e-02 9.997026903353419813e-01 9.991273930701920492e-01 3.639714394583591986e-03
-7.500000000000000000e-01 -1.250000000000000000e+00 6.656137476127937438e-08 0.000000000000000000e+00 6.656137476127937438e-08 9.998282865068895964e-01 9.991895913823569675e-01 5.167282129593854349e-03
-5.000000000000000000e-01 -1.250000000000000000e+00 9.026629935668314952e-02 0.000000000000000000e+00 9.026629935668314952e-02 9.998593496609236020e-01 9.994316182619239486e-01 4.167294244044091565e-03
-2.500000000000000000e-01 -1.250000000000000000e+00 5.740326654572488335e-02 0.000000000000000000e+00 5.740326654572488335e-02 9.997725560136533351e-01 9.992124554034089723e-01 4.835949790437459386e-03
0.000000000000000000e+00 -1.250000000000000000e+00 2.715309470224634234e-05 0.000000000000000000e+00 2.715309470224634234e-05 9.995096941150926062e-01 9.987619968435164086e-01 7.252505510604180701e-03
2.500000000000000000e-01 -1.250000000000000000e+00 2.519766757607703172e-08 0.000000000000000000e+00 2.519766757607703172e-08 9.984342708095864660e-01 9.973615054222155774e-01 3.515198172253111274e-03
5.000000000000000000e-01 -1.250000000000000000e+00 2.518567324080107639e-01 0.000000000000000000e+00 2.518567324080107639e-01 9.935509234786726873e-01 9.887264930169448185e-01 1.519040347638972964e-02
7.500000000000000000e-01 -1.250000000000000000e+00 3.913730084322903924e-01 8.935323161475479392e-02 3.020197768175356123e-01 9.732290772020744107e-01 9.533451998544636430e-01 5.647224463680254603e-02
1.000000000000000000e+00 -1.250000000000000000e+00 6.772631004079155970e-01 3.624582734605462653e-01 3.148048269473693317e-01 9.104548505763497834e-01 8.606779504020027893e-01 1.382014486842019496e-01
1.250000000000000000e+00 -1.250000000000000000e+00 8.783039503915865964e-01 8.637036528810091429e-01 1.460029751057745351e-02 7.282443447129915981e-01 6.675403454044387397e-01 2.514560125245908773e-01
1.500000000000000000e+00 -1.250000000000000000e+00 9.625001664119389178e-01 9.999919999679971472e-01 -3.749183355605822943e-02 5.063469868559280496e-01 5.036178207320393119e-01 2.822573887083772992e-01
1.750000000000000000e+00 -1.250000000000000000e+00 9.450303455854373036e-01 9.374945333173896334e-01 7.535812268047670237e-03 3.179014389076799674e-01 3.733936681618602038e-01 2.793714088273120955e-01
2.000000000000000000e+00 -1.250000000000000000e+00 8.882697650580937410e-01 8.705951987002897852e-01 1.767456635780395580e-02 2.322009272248395650e-01 3.124701065313375548e-01 2.620996732419044184e-01
-2.000000000000000000e+00 -1.000000000000000000e+00 4.207912436772594522e-01 1.544538766104633087e-01 2.663373670667961157e-01 9.796164087266584497e-01 9.486543867813614916e-01 8.648390955980188310e-02
-1.750000000000000000e+00 -1.000000000000000000e+00 2.766035853651978571e-01 8.935323161475473841e-02 1.872503537504431326e-01 9.923920568675272946e-01 9.812639315566208387e-01 4.225363073691107418e-02
-1.500000000000000000e+00 -1.000000000000000000e+00 5.632079791842035249e-02 0.000000000000000000e+00 5.632079791842035249e-02 9.969917887024684067e-01 9.922341467805914084e-01 1.785383408206521472e-02
-1.250000000000000000e+00 -1.000000000000000000e+00 1.775167648827974953e-01 0.000000000000000000e+00 1.775167648827974953e-01 9.988588459612609549e-01 9.966583725224839041e-01 1.006328715641438380e-02
-1.000000000000000000e+00 -1.000000000000000000e+00 9.419874261477525080e-05 0.000000000000000000e+00 9.419874261477525080e-05 9.994747179014574767e-01 9.987806594665270543e-01 3.398324988668977725e-03
-7.500000000000000000e-01 -1.000000000000000000e+00 7.504301504269376977e-02 0.000000000000000000e+00 7.504301504269376977e-02 9.996211264223076043e-01 9.986003345011393861e-01 7.952727310700017510e-03
-5.000000000000000000e-01 -1.000000000000000000e+00 8.858818499523865575e-02 0.000000000000000000e+00 8.858818499523865575e-02 9.996566289341590750e-01 9.993204108425550736e-01 2.074247442092102059e-03
-2.500000000000000000e-01 -1.000000000000000000e+00 8.729291579675609036e-02 0.000000000000000000e+00 8.729291579675609036e-02 9.994313819033270319e-01 9.987524791446579231e-01 5.247835410638215445e-03
0.000000000000000000e+00 -1.000000000000000000e+00 9.352492792077231332e-02 0.000000000000000000e+00 9.352492792077231332e-02 9.987209460183480436e-01 9.976885419957057799e-01 1.092024307161985550e-02
2.500000000000000000e-01 -1.000000000000000000e+00 1.381273633234909870e-01 0.000000000000000000e+00 1.381273633234909870e-01 9.960197617961726868e-01 9.942377222975286033e-01 6.324582725360155221e-03
5.000000000000000000e-01 -1.000000000000000000e+00 3.812792818168267983e-01 0.000000000000000000e+00 3.812792818168267983e-01 9.843672822383222609e-01 9.766941773741421029e-01 2.663257971898453508e-02
7.500000000000000000e-01 -1.000000000000000000e+00 5.791047706514755866e-01 2.177705214210586548e-01 3.613342492304169040e-01 9.420309881602130231e-01 9.050382132648835398e-01 1.025309784378103384e-01
1.000000000000000000e+00 -1.000000000000000000e+00 8.283728085845047939e-01 6.981002793295553177e-01 1.302725292549494762e-01 8.299808695417761895e-01 7.648683024369111738e-01 2.071656565517112081e-01
1.250000000000000000e+00 -1.000000000000000000e+00 9.500323438447660918e-01 9.487591896788116763e-01 1.273154165954415440e-03 6.427794221045387557e-01 6.018955471349283215e-01 2.591086615178065933e-01
1.500000000000000000e+00 -1.000000000000000000e+00 9.647177436368893355e-01 9.877570551507081076e-01 -2.303931151381877207e-02 4.349583705985927140e-01 4.489205989051701651e-01 2.804213332872556030e-01
1.750000000000000000e+00 -1.000000000000000000e+00 9.375736090125738054e-01 9.249864863877790278e-01 1.258712262479477761e-02 3.048815501957535257e-01 3.639362017857304399e-01 2.703616525227864331e-01
2.000000000000000000e+00 -1.000000000000000000e+00 8.907784021719667988e-01 8.442179813294674595e-01 4.656042084249933932e-02 2.370718210321791919e-01 3.171863575514118905e-01 2.681377230325204253e-01
-2.000000000000000000e+00 -7.500000000000000000e-01 4.446575866800819843e-01 2.177705214210585438e-01 2.268870652590234405e-01 9.692104589236482104e-01 9.315118729270058795e-01 1.007675804588986923e-01
-1.750000000000000000e+00 -7.500000000000000000e-01 3.349137673272300497e-01 8.935323161475472453e-02 2.455605357124753252e-01 9.857861409952334286e-01 9.671073506413866427e-01 5.980617055955437383e-02
-1.500000000000000000e+00 -7.500000000000000000e-01 2.350685045956133479e-01 0.000000000000000000e+00 2.350685045956133479e-01 9.939353167228819341e-01 9.854533202719557572e-01 3.212927187878854285e-02
-1.250000000000000000e+00 -7.500000000000000000e-01 1.544694533245898060e-01 0.000000000000000000e+00 1.544694533245898060e-01 9.972906554401287371e-01 9.940156879181354377e-01 1.281479268617700430e-02
-1.000000000000000000e+00 -7.500000000000000000e-01 8.964382826367857382e-02 0.000000000000000000e+00 8.964382826367857382e-02 9.983785000326123038e-01 9.963904585900027477e-01 1.105579097639147572e-02
-7.500000000000000000e-01 -7.500000000000000000e-01 1.479710289501242823e-03 0.000000000000000000e+00 1.479710289501242823e-03 9.987483417488426385e-01 9.978353835334650146e-01 3.862975285821597122e-03
-5.000000000000000000e-01 -7.500000000000000000e-01 1.241677280631603292e-01 0.000000000000000000e+00 1.241677280631603292e-01 9.986118103681831393e-01 9.974670728947309106e-01 8.537542916405248955e-03
-2.500000000000000000e-01 -7.500000000000000000e-01 2.991988614337503724e-03 0.000000000000000000e+00 2.991988614337503724e-03 9.977978102522037096e-01 9.969379363465660226e-01 4.566193104646298212e-03
0.000000000000000000e+00 -7.500000000000000000e-01 2.152885732709819977e-01 0.000000000000000000e+00 2.152885732709819977e-01 9.949652259876592408e-01 9.920138628095939159e-01 2.559483031113838139e-02
2.500000000000000000e-01 -7.500000000000000000e-01 2.431756252789055717e-01 0.000000000000000000e+00 2.431756252789055717e-01 9.855621228261253197e-01 9.803008419946452889e-01 1.888922887964305380e-02
5.000000000000000000e-01 -7.500000000000000000e-01 5.369171835891189959e-01 8.935323161475472453e-02 4.475639519743642714e-01 9.544942200248681674e-01 9.336162320885201815e-01 7.114056797465850845e-02
7.500000000000000000e-01 -7.500000000000000000e-01 7.281774511754360857e-01 4.520353968440949388e-01 2.761420543313411469e-01 8.642261821692681645e-01 8.134590043099714229e-01 1.600592991524138475e-01
1.000000000000000000e+00 -7.500000000000000000e-01 9.292860137629797013e-01 8.879189152169246757e-01 4.136709854605502557e-02 6.992734555741669800e-01 6.512483014626749833e-01 2.337053082104882107e-01
1.250000000000000000e+00 -7.500000000000000000e-01 9.629820105804638430e-01 9.988473356824821847e-01 -3.586532510201834167e-02 5.340346632424000095e-01 5.180833909583292263e-01 2.768930125290155475e-01
1.500000000000000000e+00 -7.500000000000000000e-01 9.569087630131039024e-01 9.645226798784982680e-01 -7.613916865394365630e-03 3.693787882368016473e-01 4.125388050934192252e-01 2.779435065607912536e-01
1.750000000000000000e+00 -7.500000000000000000e-01 9.348712694020563374e-01 9.298257901349061827e-01 5.045479267150154712e-03 3.053871024068467999e-01 3.623477326931436315e-01 2.733523983567445192e-01
2.000000000000000000e+00 -7.500000000000000000e-01 9.014887003884556327e-01 8.230285535751448167e-01 7.846014681331081597e-02 2.200052985014069040e-01 2.977704257434644064e-01 2.627182788709752082e-01
-2.000000000000000000e+00 -5.000000000000000000e-01 5.942903664917146278e-01 3.919183588453077904e-01 2.023720076464068374e-01 9.446768308001148862e-01 8.874859457669619367e-01 1.565496592606307191e-01
-1.750000000000000000e+00 -5.000000000000000000e-01 4.319033071783055511e-01 1.781684596105611584e-01 2.537348475677443926e-01 9.628510553836900909e-01 9.332016295762589619e-01 8.983580561019191557e-02
-1.500000000000000000e+00 -5.000000000000000000e-01 3.585090571538867010e-01 1.262378707044762294e-01 2.322711864494104717e-01 9.803239569129450492e-01 9.621672097307126803e-01 6.883610264911566023e-02
-1.250000000000000000e+00 -5.000000000000000000e-01 2.685938704736239857e-01 0.000000000000000000e+00 2.685938704736239857e-01 9.881204486280370514e-01 9.799799799078648954e-01 3.281978475248306659e-02
-1.000000000000000000e+00 -5.000000000000000000e-01 2.528149046306662484e-01 0.000000000000000000e+00 2.528149046306662484e-01 9.914749255711492459e-01 9.858048766241609417e-01 2.625186483056035289e-02
-7.500000000000000000e-01 -5.000000000000000000e-01 1.960103216061875875e-01 0.000000000000000000e+00 1.960103216061875875e-01 9.925132652070605133e-01 9.886185762635860685e-01 2.467921349678186757e-02
-5.000000000000000000e-01 -5.000000000000000000e-01 2.144601402484649644e-01 0.000000000000000000e+00 2.144601402484649644e-01 9.906378032717026993e-01 9.878160070352305366e-01 1.348187612233293919e-02
-2.500000000000000000e-01 -5.000000000000000000e-01 2.809452542570667899e-01 0.000000000000000000e+00 2.809452542570667899e-01 9.843913067879296319e-01 9.812785920414671681e-01 1.576254853378344922e-02
0.000000000000000000e+00 -5.000000000000000000e-01 3.385244239619817352e-01 0.000000000000000000e+00 3.385244239619817352e-01 9.684188252603042057e-01 9.620967751492913722e-01 2.529857750746723408e-02
2.500000000000000000e-01 -5.000000000000000000e-01 5.654672955374288046e-01 1.262378707044761739e-01 4.392294248329526307e-01 9.212871942196554365e-01 9.021006271006071220e-01 7.116921301517577236e-02
5.000000000000000000e-01 -5.000000000000000000e-01 7.835465389433569072e-01 4.275324549083964198e-01 3.560140840349604874e-01 8.291267920503352373e-01 7.902124947428312840e-01 1.455194207270207873e-01
7.500000000000000000e-01 -5.000000000000000000e-01 9.197649917549216569e-01 9.018736053350306925e-01 1.789138641989096445e-02 6.603741171516439579e-01 6.279561273039072633e-01 2.168484154018415488e-01
1.000000000000000000e+00 -5.000000000000000000e-01 9.705803871781343295e-01 9.945772971468858081e-01 -2.399690996875147864e-02 4.830386888919647737e-01 4.818538871444054683e-01 2.587731036498965853e-01
1.250000000000000000e+00 -5.000000000000000000e-01 9.545237659404125496e-01 9.588242800430111235e-01 -4.300514102598573807e-03 3.656311797635250493e-01 4.022607679379190393e-01 2.670553642503311620e-01
1.500000000000000000e+00 -5.000000000000000000e-01 9.122760074665640095e-01 8.772684879784515832e-01 3.500751948811242631e-02 2.800845630532703967e-01 3.381111911739912435e-01 2.694556767307589307e-01
1.750000000000000000e+00 -5.000000000000000000e-01 9.083132783308996983e-01 8.705951987002897852e-01 3.771807963060991309e-02 2.411879483252902523e-01 3.204231226256757381e-01 2.630669570006363700e-01
2.000000000000000000e+00 -5.000000000000000000e-01 8.967167837372905792e-01 8.589854480723154717e-01 3.773133566497510749e-02 2.238412391241350052e-01 3.060876546381223196e-01 2.654008238391157293e-01
-2.000000000000000000e+00 -2.500000000000000000e-01 7.430518949646671700e-01 5.363431737236923347e-01 2.067087212409748354e-01 8.711623179388701121e-01 8.141947103942190900e-01 1.843495169458153338e-01
-1.750000000000000000e+00 -2.500000000000000000e-01 7.026778770710432331e-01 4.674868982121332395e-01 2.351909788589099937e-01 9.005404860626036179e-01 8.517435879853124669e-01 1.624832531195932461e-01
-1.500000000000000000e+00 -2.500000000000000000e-01 6.504619876389801103e-01 3.411744421846381603e-01 3.092875454543419500e-01 9.079420173351393508e-01 8.720192035645987216e-01 1.274816673872852246e-01
-1.250000000000000000e+00 -2.500000000000000000e-01 5.764206506304725419e-01 8.935323161475471065e-02 4.870674190157178174e-01 9.249666980183068876e-01 9.059747924402387076e-01 7.707734433208622560e-02
-1.000000000000000000e+00 -2.500000000000000000e-01 5.342899130945513164e-01 1.262378707044762016e-01 4.080520423900750870e-01 9.286612412648592718e-01 9.142198627928416199e-01 6.811072027734008105e-02
-7.500000000000000000e-01 -2.500000000000000000e-01 4.886665189184082325e-01 8.935323161475471065e-02 3.993132873036535080e-01 9.252315402502940822e-01 9.148063319046296771e-01 5.551387812659488996e-02
-5.000000000000000000e-01 -2.500000000000000000e-01 5.719665732219508802e-01 8.935323161475478004e-02 4.826133416071961002e-01 9.081107319399854827e-01 8.990187838194336756e-01 5.430898215273779334e-02
-2.500000000000000000e-01 -2.500000000000000000e-01 6.253742393773461528e-01 1.262378707044762571e-01 4.991363686728699234e-01 8.568694974804992315e-01 8.450147317035983097e-01 6.956851478002358535e-02
0.000000000000000000e+00 -2.500000000000000000e-01 8.343110220736102978e-01 3.919183588453079570e-01 4.423926632283023408e-01 7.586218262600914475e-01 7.406942871107177195e-01 1.141619700751836525e-01
2.500000000000000000e-01 -2.500000000000000000e-01 9.544629152023247354e-01 8.794452797076157680e-01 7.501763549470896741e-02 6.234287052179162680e-01 6.086198218567442364e-01 1.632343230134019885e-01
5.000000000000000000e-01 -2.500000000000000000e-01 9.586992811386774171e-01 9.656086163658632593e-01 -6.909335227185842143e-03 4.412978601792978961e-01 4.467204948779929796e-01 2.047468670049721884e-01
7.500000000000000000e-01 -2.500000000000000000e-01 9.139310487071111710e-01 8.979977728257474423e-01 1.593327588136372874e-02 3.215973405942103014e-01 3.572808354379786722e-01 2.402548462250130024e-01
1.000000000000000000e+00 -2.500000000000000000e-01 8.794265601830184576e-01 8.029844332239568505e-01 7.644212695906160704e-02 2.541680239117499185e-01 3.053625976028081501e-01 2.244476501753291942e-01
1.250000000000000000e+00 -2.500000000000000000e-01 8.679404360796809659e-01 7.877461520058341993e-01 8.019428407384676660e-02 2.191238978526373893e-01 2.865485674034365382e-01 2.395652140672349939e-01
1.500000000000000000e+00 -2.500000000000000000e-01 8.561599746147409151e-01 7.650254897714166002e-01 9.113448484332431487e-02 1.826082962158703804e-01 2.634931651256702811e-01 2.470213780952946470e-01
1.750000000000000000e+00 -2.500000000000000000e-01 8.517636854383187073e-01 7.939370252104366310e-01 5.782666022788207627e-02 1.832220404040560136e-01 2.744655814029183238e-01 2.582734604134975798e-01
2.000000000000000000e+00 -2.500000000000000000e-01 9.182874709731088103e-01 8.728436286070920813e-01 4.544384236601672900e-02 2.273782717302852974e-01 3.130550303294424297e-01 2.761486401095786802e-01
-2.000000000000000000e+00 0.000000000000000000e+00 9.362120687981454470e-01 8.858351991200206221e-01 5.037686967812482486e-02 6.658711167762274563e-01 6.335738568261524151e-01 2.331566965606101660e-01
-1.750000000000000000e+00 0.000000000000000000e+00 9.430141309364292734e-01 9.298257901349061827e-01 1.318834080152309074e-02 6.361991046280415230e-01 6.129971326942000864e-01 2.168963437092202573e-01
-1.500000000000000000e+00 0.000000000000000000e+00 9.427467052950837534e-01 8.940335564172072758e-01 4.871314887787647763e-02 6.009003877925808146e-01 5.907993793544698002e-01 1.817203884521567669e-01
-1.250000000000000000e+00 0.000000000000000000e+00 9.434851189763368007e-01 9.666767815562787858e-01 -2.319166257994198510e-02 5.395708735319033611e-01 5.388751048851032621e-01 1.591552756592045648e-01
-1.000000000000000000e+00 0.000000000000000000e+00 9.522916219197177234e-01 9.912497162672985196e-01 -3.895809434758079615e-02 5.103441679295916966e-01 5.109239051227667527e-01 1.280142802112790579e-01
-7.500000000000000000e-01 0.000000000000000000e+00 9.625842406524849348e-01 9.754998718605792929e-01 -1.291563120809435805e-02 4.612681502823561819e-01 4.633881785506934747e-01 1.140180089446345135e-01
-5.000000000000000000e-01 0.000000000000000000e+00 9.223610470711094411e-01 7.512655988397161089e-01 1.710954482313933323e-01 3.893441203384404026e-01 3.942271753376485055e-01 1.148968964986348540e-01
-2.500000000000000000e-01 0.000000000000000000e+00 8.733527283749736858e-01 6.052966215005686212e-01 2.680561068744050646e-01 3.171464411647084147e-01 3.293461383680105214e-01 1.369169034992556711e-01
0.000000000000000000e+00 0.000000000000000000e+00 8.405645780086590246e-01 3.919183588453077349e-01 4.486462191633512897e-01 2.127158214443702344e-01 2.318246859577049457e-01 1.232483751883755863e-01
2.500000000000000000e-01 0.000000000000000000e+00 7.834269871119781126e-01 3.919183588453076794e-01 3.915086282666704331e-01 1.626487071723586864e-01 1.917066421734624215e-01 1.334899246524794414e-01
5.000000000000000000e-01 0.000000000000000000e+00 7.219566909119446985e-01 4.189701660023057439e-01 3.029865249096389546e-01 1.233674316424577533e-01 1.633461880840598734e-01 1.513688534376543271e-01
7.500000000000000000e-01 0.000000000000000000e+00 6.315464858243216018e-01 3.919183588453077349e-01 2.396281269790138668e-01 9.715281459684742271e-02 1.424364607761144652e-01 1.472364814603754624e-01
1.000000000000000000e+00 0.000000000000000000e+00 7.042169288129361826e-01 4.895058733049089117e-01 2.147110555080272709e-01 9.000893506813063827e-02 1.486542882256783882e-01 1.690675797027852145e-01
1.250000000000000000e+00 0.000000000000000000e+00 7.263006108837904984e-01 6.156752390668281949e-01 1.106253718169623035e-01 1.073088136450062180e-01 1.825194060777000915e-01 2.100220401474286180e-01
1.500000000000000000e+00 0.000000000000000000e+00 7.825234092386466056e-01 6.681796165702773571e-01 1.143437926683692485e-01 1.382785800333826975e-01 2.174314425737641499e-01 2.275269758274530985e-01
1.750000000000000000e+00 0.000000000000000000e+00 8.210347797606045717e-01 7.021794642397332087e-01 1.188553155208713630e-01 1.483998787147254861e-01 2.297444586956006729e-01 2.314021488262124893e-01
2.000000000000000000e+00 0.000000000000000000e+00 8.637508752555700386e-01 8.230285535751448167e-01 4.072232168042522193e-02 1.881555753834397438e-01 2.783538712605302945e-01 2.542004114244825752e-01
-2.000000000000000000e+00 2.500000000000000000e-01 9.366191525135992846e-01 9.313989478198909655e-01 5.220204693708319077e-03 3.565346735957448665e-01 3.917013450248025275e-01 2.330672019462479982e-01
-1.750000000000000000e+00 2.500000000000000000e-01 8.754091857495741591e-01 6.855771291401122625e-01 1.898320566094618966e-01 2.536864040169534706e-01 2.897470355212750093e-01 1.725531946661989779e-01
-1.500000000000000000e+00 2.500000000000000000e-01 8.000909799602615724e-01 3.060980235153436535e-01 4.939929564449179189e-01 1.614344346330207902e-01 1.931793795488499776e-01 1.255143903826122787e-01
-1.250000000000000000e+00 2.500000000000000000e-01 6.052537241147809555e-01 1.544538766104634198e-01 4.507998475043175635e-01 1.003351250827802521e-01 1.173584209933662831e-01 7.398900791791493403e-02
-1.000000000000000000e+00 2.500000000000000000e-01 5.156971686671992794e-01 0.000000000000000000e+00 5.156971686671992794e-01 7.079558095851951061e-02 8.046605897787963146e-02 4.752073094711015827e-02
-7.500000000000000000e-01 2.500000000000000000e-01 4.450739532973624346e-01 8.935323161475475229e-02 3.557207216826077101e-01 5.426785229373016356e-02 6.207408732392149381e-02 4.711353755716014835e-02
-5.000000000000000000e-01 2.500000000000000000e-01 4.192136656468119504e-01 0.000000000000000000e+00 4.192136656468119504e-01 3.858536438267191893e-02 4.629356202258443770e-02 3.676169699718515732e-02
-2.500000000000000000e-01 2.500000000000000000e-01 3.746950375382584464e-01 0.000000000000000000e+00 3.746950375382584464e-01 3.128156564280983737e-02 4.271928225823566627e-02 5.125443543685823805e-02
0.000000000000000000e+00 2.500000000000000000e-01 4.078372112312599329e-01 1.262378707044761461e-01 2.815993405267838146e-01 2.509944143999576910e-02 3.740012118669693020e-02 5.672830780615111673e-02
2.500000000000000000e-01 2.500000000000000000e-01 3.672819542777958635e-01 8.935323161475473841e-02 2.779287226630411389e-01 2.471030839426503409e-02 3.932704025968087463e-02 5.508754974427733375e-02
5.000000000000000000e-01 2.500000000000000000e-01 3.544967868595681471e-01 1.781684596105609364e-01 1.763283272490072107e-01 2.707002825120456008e-02 4.957374317159453370e-02 8.718235133331024567e-02
7.500000000000000000e-01 2.500000000000000000e-01 4.083415243190857136e-01 1.262378707044762294e-01 2.821036536146094842e-01 2.642774088789989761e-02 4.786278409975070619e-02 6.439801428796258775e-02
1.000000000000000000e+00 2.500000000000000000e-01 4.654989000967546531e-01 1.989974874213244482e-01 2.665014126754302048e-01 3.649141078572813723e-02 7.149402251554062837e-02 1.037489745630363475e-01
1.250000000000000000e+00 2.500000000000000000e-01 5.602050378125752461e-01 3.519999999999979257e-01 2.082050378125773205e-01 5.445436975829505422e-02 1.075956433991545474e-01 1.457853054960029926e-01
1.500000000000000000e+00 2.500000000000000000e-01 7.021796995378942752e-01 5.363431737236916685e-01 1.658365258142026066e-01 8.767907262341051444e-02 1.594380349347202519e-01 1.936304429294785079e-01
1.750000000000000000e+00 2.500000000000000000e-01 7.632715501493984034e-01 6.681796165702778012e-01 9.509193357912060218e-02 1.060786326903172538e-01 1.977916726923617252e-01 2.290696652216819007e-01
2.000000000000000000e+00 2.500000000000000000e-01 8.122753911663115334e-01 7.332121111929313928e-01 7.906327997338014058e-02 1.524261992373399655e-01 2.399247100973127822e-01 2.336593053560888367e-01
-2.000000000000000000e+00 5.000000000000000000e-01 7.802669434108869817e-01 5.299962264016599978e-01 2.502707170092269839e-01 1.405004282575116337e-01 1.976025300141004137e-01 1.764546228134812322e-01
-1.750000000000000000e+00 5.000000000000000000e-01 6.008617545320104059e-01 1.781684596105611029e-01 4.226932949214493029e-01 7.024959489792637068e-02 1.028858008587939243e-01 1.027656327467697944e-01
-1.500000000000000000e+00 5.000000000000000000e-01 3.601611636282926465e-01 0.000000000000000000e+00 3.601611636282926465e-01 2.856110935158309022e-02 4.149544930584237595e-02 4.511354864684327670e-02
-1.250000000000000000e+00 5.000000000000000000e-01 2.125725143511355553e-01 0.000000000000000000e+00 2.125725143511355553e-01 1.266000608709412327e-02 1.750729525154140834e-02 2.018289276771842444e-02
-1.000000000000000000e+00 5.000000000000000000e-01 2.308251122164699520e-01 0.000000000000000000e+00 2.308251122164699520e-01 6.921114209595582122e-03 1.048408385892894007e-02 2.447412537807950456e-02
-7.500000000000000000e-01 5.000000000000000000e-01 1.891986734524220004e-01 0.000000000000000000e+00 1.891986734524220004e-01 4.765712875624513942e-03 7.363647723127547499e-03 1.368990147982701057e-02
-5.000000000000000000e-01 5.000000000000000000e-01 1.609698296140554818e-01 0.000000000000000000e+00 1.609698296140554818e-01 3.785890373628777745e-03 6.276109769905748731e-03 1.334427815411354766e-02
-2.500000000000000000e-01 5.000000000000000000e-01 9.851887958456345684e-02 0.000000000000000000e+00 9.851887958456345684e-02 3.442801407954798523e-03 6.345654432931565649e-03 1.692932876653353846e-02
0.000000000000000000e+00 5.000000000000000000e-01 1.277529079463330386e-01 0.000000000000000000e+00 1.277529079463330386e-01 3.775676186844216693e-03 7.321727990007022638e-03 1.849856619745206265e-02
2.500000000000000000e-01 5.000000000000000000e-01 8.735388424929195483e-02 0.000000000000000000e+00 8.735388424929195483e-02 4.511896618249081753e-03 9.768070467395225179e-03 2.558049077598840287e-02
5.000000000000000000e-01 5.000000000000000000e-01 2.349630725430684741e-01 8.935323161475475229e-02 1.456098409283137218e-01 6.274116587832456043e-03 1.398261938225534538e-02 3.750855802877236383e-02
7.500000000000000000e-01 5.000000000000000000e-01 2.802691258048430334e-01 1.544538766104630034e-01 1.258152491943800300e-01 1.037877599868427224e-02 2.474949184043172962e-02 6.084044810112582136e-02
1.000000000000000000e+00 5.000000000000000000e-01 4.152456253998382807e-01 1.544538766104630589e-01 2.607917487893752218e-01 1.720286023689242966e-02 4.079379600206703427e-02 8.093740538750666957e-02
1.250000000000000000e+00 5.000000000000000000e-01 4.806756402197664979e-01 1.989974874213238931e-01 2.816781527984426048e-01 3.174651508178585185e-02 6.922496962805071985e-02 1.072754452316000973e-01
1.500000000000000000e+00 5.000000000000000000e-01 6.666819735312917716e-01 4.101901997854182080e-01 2.564917737458735636e-01 6.255962294486568098e-02 1.241521128100690485e-01 1.648404620414480326e-01
1.750000000000000000e+00 5.000000000000000000e-01 7.560263922142580473e-01 6.052966215005692874e-01 1.507297707136887599e-01 1.181508556024929157e-01 2.025248337192393222e-01 2.149274967473013831e-01
2.000000000000000000e+00 5.000000000000000000e-01 8.322470532001542409e-01 7.257106861553016541e-01 1.065363670448525868e-01 1.499996118249783961e-01 2.463670194762195287e-01 2.464921802275351348e-01
-2.000000000000000000e+00 7.500000000000000000e-01 6.298206538968414980e-01 3.060980235153440421e-01 3.237226303814974560e-01 6.633505165842121243e-02 1.123980810559094545e-01 1.331635550722041483e-01
-1.750000000000000000e+00 7.500000000000000000e-01 3.353458436395124753e-01 8.935323161475471065e-02 2.459926120247577508e-01 1.959294034038351270e-02 3.486775906764447153e-02 5.163835203401831442e-02
-1.500000000000000000e+00 7.500000000000000000e-01 2.103304406424426620e-01 0.000000000000000000e+00 2.103304406424426620e-01 7.054396393114848937e-03 1.262432510416224354e-02 2.557258941876960207e-02
-1.250000000000000000e+00 7.500000000000000000e-01 4.487502433859442280e-02 0.000000000000000000e+00 4.487502433859442280e-02 2.422499088738102636e-03 3.845816224111121319e-03 6.646152550028792266e-03
-1.000000000000000000e+00 7.500000000000000000e-01 8.539052717926823299e-02 0.000000000000000000e+00 8.539052717926823299e-02 1.055008399054906164e-03 1.918971940030546244e-03 4.086642654073823454e-03
-7.500000000000000000e-01 7.500000000000000000e-01 1.083207661617039685e-01 0.000000000000000000e+00 1.083207661617039685e-01 6.586958827020677381e-04 1.427903464229379445e-03 4.926696583106619787e-03
-5.000000000000000000e-01 7.500000000000000000e-01 4.400754260408488820e-03 0.000000000000000000e+00 4.400754260408488820e-03 5.582166668887099956e-04 1.999067765736056365e-03 2.099177582999533706e-02
-2.500000000000000000e-01 7.500000000000000000e-01 8.935320935458110347e-02 0.000000000000000000e+00 8.935320935458110347e-02 6.224403585701558097e-04 1.855173831995203960e-03 9.702638885713902803e-03
0.000000000000000000e+00 7.500000000000000000e-01 8.101355832931351683e-04 0.000000000000000000e+00 8.101355832931351683e-04 7.884671450618616637e-04 2.006784804922484306e-03 9.069124854076161812e-03
2.500000000000000000e-01 7.500000000000000000e-01 1.267056297111906760e-01 0.000000000000000000e+00 1.267056297111906760e-01 1.380815016556114416e-03 4.104889012448618979e-03 1.847494074876574258e-02
5.000000000000000000e-01 7.500000000000000000e-01 1.261949211995117281e-01 0.000000000000000000e+00 1.261949211995117281e-01 2.398073840529592674e-03 4.555337151954325439e-03 8.009271539378188046e-03
7.500000000000000000e-01 7.500000000000000000e-01 2.615392820550688224e-01 8.935323161475473841e-02 1.721860504403140979e-01 5.196289079613581989e-03 1.247146685329889731e-02 3.653512669351836883e-02
1.000000000000000000e+00 7.500000000000000000e-01 3.006600082413845021e-01 8.935323161475478004e-02 2.113067766266297220e-01 1.164020757889499928e-02 2.492780435102283018e-02 4.717030832313959254e-02
1.250000000000000000e+00 7.500000000000000000e-01 4.685931765140127769e-01 8.935323161475479392e-02 3.792399448992579969e-01 2.518236836616684696e-02 5.542977707020248918e-02 8.825177428049577055e-02
1.500000000000000000e+00 7.500000000000000000e-01 5.589484683276833010e-01 2.509501942617304304e-01 3.079982740659528706e-01 5.156889770879050094e-02 1.016081385161752004e-01 1.280053218698998796e-01
1.750000000000000000e+00 7.500000000000000000e-01 7.573779736982931832e-01 6.052966215005692874e-01 1.520813521977238958e-01 1.109813859925780910e-01 1.986957314949882591e-01 2.076560894783184841e-01
2.000000000000000000e+00 7.500000000000000000e-01 7.926491125408033911e-01 7.616403350663620841e-01 3.100877747444130694e-02 1.556958310265433854e-01 2.467970676776029271e-01 2.465091319441112261e-01
-2.000000000000000000e+00 1.000000000000000000e+00 5.205218642629036996e-01 1.781684596105608809e-01 3.423534046523428187e-01 4.017794583438552558e-02 7.330599739782593660e-02 9.218093871209878665e-02
-1.750000000000000000e+00 1.000000000000000000e+00 2.881965712119365919e-01 0.000000000000000000e+00 2.881965712119365919e-01 9.681555118875067451e-03 1.785744257880529998e-02 2.772806450381629789e-02
-1.500000000000000000e+00 1.000000000000000000e+00 1.474201079507712064e-01 0.000000000000000000e+00 1.474201079507712064e-01 2.409851365172806237e-03 4.680114428175300746e-03 8.019403723252108845e-03
-1.250000000000000000e+00 1.000000000000000000e+00 1.634687265494978725e-02 0.000000000000000000e+00 1.634687265494978725e-02 7.796716516339097106e-04 1.890436063898449578e-03 6.051563488886206946e-03
-1.000000000000000000e+00 1.000000000000000000e+00 1.315289757149258887e-01 0.000000000000000000e+00 1.315289757149258887e-01 3.496292422031274097e-04 7.335434220480498493e-04 2.493317352658916929e-03
-7.500000000000000000e-01 1.000000000000000000e+00 3.284307945328797401e-05 0.000000000000000000e+00 3.284307945328797401e-05 2.062491798265860595e-04 1.323099538272323522e-03 1.281914645070128707e-02
-5.000000000000000000e-01 1.000000000000000000e+00 4.154635002339535373e-08 0.000000000000000000e+00 4.154635002339535373e-08 1.930707231568928135e-04 5.460045769099601239e-04 3.211606237716415659e-03
-2.500000000000000000e-01 1.000000000000000000e+00 6.088208373385444426e-03 0.000000000000000000e+00 6.088208373385444426e-03 1.950419910989354159e-04 6.916551449520027704e-04 5.737057514309269052e-03
0.000000000000000000e+00 1.000000000000000000e+00 1.062205942912914525e-08 0.000000000000000000e+00 1.062205942912914525e-08 3.386013344677797588e-04 1.449141988004125272e-03 8.199788219457685920e-03
2.500000000000000000e-01 1.000000000000000000e+00 2.757714462852675977e-02 0.000000000000000000e+00 2.757714462852675977e-02 5.704732691618920456e-04 1.076879000613500991e-03 2.262918599862494360e-03
5.000000000000000000e-01 1.000000000000000000e+00 6.107896723115386478e-02 0.000000000000000000e+00 6.107896723115386478e-02 1.319895419685669430e-03 3.508901037984539159e-03 1.175332373768865450e-02
7.500000000000000000e-01 1.000000000000000000e+00 1.465233644375098510e-01 0.000000000000000000e+00 1.465233644375098510e-01 3.623442235982738714e-03 7.397381990257538044e-03 1.336362487998823609e-02
1.000000000000000000e+00 1.000000000000000000e+00 2.081190979997345758e-01 0.000000000000000000e+00 2.081190979997345758e-01 9.517957478383994377e-03 1.997845392874718351e-02 3.221441243666205850e-02
1.250000000000000000e+00 1.000000000000000000e+00 3.604088158263182295e-01 8.935323161475476617e-02 2.710555842115634495e-01 2.543655948902075192e-02 5.246773564168302068e-02 7.636209429201520904e-02
1.500000000000000000e+00 1.000000000000000000e+00 5.808013872990985815e-01 3.725801927102404543e-01 2.082211945888581273e-01 5.492570460735350657e-02 1.128951177978627651e-01 1.473789029916361681e-01
1.750000000000000000e+00 1.000000000000000000e+00 7.054391918080860080e-01 5.999999999999994227e-01 1.054391918080865853e-01 1.041166226187109634e-01 1.875018869047057612e-01 2.016383807175801679e-01
2.000000000000000000e+00 1.000000000000000000e+00 8.522018316012496264e-01 7.908577621797752144e-01 6.134406942147441200e-02 1.920612373042795140e-01 2.684837221998776502e-01 2.422605944834704539e-01
-2.000000000000000000e+00 1.250000000000000000e+00 5.444138716670452460e-01 1.781684596105612139e-01 3.662454120564840321e-01 3.574362897048178472e-02 7.564692014841195578e-02 1.043896385456313386e-01
-1.750000000000000000e+00 1.250000000000000000e+00 2.515386431591514205e-01 0.000000000000000000e+00 2.515386431591514205e-01 8.068727012086680112e-03 1.867404703647281353e-02 3.609702494059534306e-02
-1.500000000000000000e+00 1.250000000000000000e+00 1.198282059080155310e-01 0.000000000000000000e+00 1.198282059080155310e-01 1.774619196038693591e-03 5.215092678186003181e-03 2.077675664172754649e-02
-1.250000000000000000e+00 1.250000000000000000e+00 1.516746132426900588e-02 0.000000000000000000e+00 1.516746132426900588e-02 4.911597473880694202e-04 2.108479529104048678e-03 1.712334191274305847e-02
-1.000000000000000000e+00 1.250000000000000000e+00 2.044814032355139408e-02 0.000000000000000000e+00 2.044814032355139408e-02 2.010070903986704101e-04 5.172533543353968147e-04 1.617186010707892313e-03
-7.500000000000000000e-01 1.250000000000000000e+00 3.661061068443944389e-11 0.000000000000000000e+00 3.661061068443944389e-11 1.157775054415015320e-04 3.052532266384276561e-04 1.221023706302340733e-03
-5.000000000000000000e-01 1.250000000000000000e+00 7.118801763669807547e-02 0.000000000000000000e+00 7.118801763669807547e-02 9.036694977129131306e-05 2.386504515673007509e-04 1.023556414045260436e-03
-2.500000000000000000e-01 1.250000000000000000e+00 8.882640312602088639e-02 0.000000000000000000e+00 8.882640312602088639e-02 1.250824863374455957e-04 7.069939069068388506e-04 5.866789363597304900e-03
0.000000000000000000e+00 1.250000000000000000e+00 4.679928681152497466e-02 0.000000000000000000e+00 4.679928681152497466e-02 1.992827787976852842e-04 4.684846260799801999e-04 1.541269006782642866e-03
2.500000000000000000e-01 1.250000000000000000e+00 8.566010128138625002e-02 0.000000000000000000e+00 8.566010128138625002e-02 5.230494405305577106e-04 1.441262746423376678e-03 4.508258740431590403e-03
5.000000000000000000e-01 1.250000000000000000e+00 1.098803939084664616e-01 0.000000000000000000e+00 1.098803939084664616e-01 1.274869158837314267e-03 2.876380609296633108e-03 7.246725155967075928e-03
7.500000000000000000e-01 1.250000000000000000e+00 1.507081558607886451e-01 8.935323161475472453e-02 6.135492424603392059e-02 3.436164756745412226e-03 9.302006285102006056e-03 3.096556736005165802e-02
1.000000000000000000e+00 1.250000000000000000e+00 2.762709222443819335e-01 8.935323161475478004e-02 1.869176906296271534e-01 9.938837887647947178e-03 2.298132121956250606e-02 4.938340010773248356e-02
1.250000000000000000e+00 1.250000000000000000e+00 4.659343205532240351e-01 1.544538766104621430e-01 3.114804439427618643e-01 2.679875713346738936e-02 5.857185183085698160e-02 9.057915522226102356e-02
1.500000000000000000e+00 1.250000000000000000e+00 6.177224196023682889e-01 3.411744421846383823e-01 2.765479774177299066e-01 5.766288229598969667e-02 1.089054343171451528e-01 1.350668499674193834e-01
1.750000000000000000e+00 1.250000000000000000e+00 7.618773583431586172e-01 5.780519007840001500e-01 1.838254575591584672e-01 1.161808289568933977e-01 1.891112575580720656e-01 1.968032301035517184e-01
2.000000000000000000e+00 1.250000000000000000e+00 8.783632349001976314e-01 8.117536572138090989e-01 6.660957768638853249e-02 2.037445196832057825e-01 2.837994971370999542e-01 2.517882059294164754e-01
-2.000000000000000000e+00 1.500000000000000000e+00 5.673670097160687931e-01 1.781684596105609919e-01 3.891985501055078012e-01 3.844685968577560981e-02 8.232631072563424690e-02 1.098792813302952864e-01
-1.750000000000000000e+00 1.500000000000000000e+00 2.845309746259139794e-01 1.262378707044761184e-01 1.582931039214378610e-01 8.401515511808526140e-03 1.989424878658280910e-02 4.901457818022773860e-02
-1.500000000000000000e+00 1.500000000000000000e+00 9.003642971055234034e-02 8.935323161475476617e-02 6.831980957975741786e-04 2.168703124779042257e-03 6.144039534229477073e-03 2.542861042111535172e-02
-1.250000000000000000e+00 1.500000000000000000e+00 1.002522852684505734e-05 0.000000000000000000e+00 1.002522852684505734e-05 5.825262951414507612e-04 1.571080353921001319e-03 5.337832204621389097e-03
-1.000000000000000000e+00 1.500000000000000000e+00 7.450851115210432862e-02 0.000000000000000000e+00 7.450851115210432862e-02 2.042007064794369123e-04 7.080319652467985305e-04 3.124131396887371969e-03
-7.500000000000000000e-01 1.500000000000000000e+00 1.549778015698637100e-12 0.000000000000000000e+00 1.549778015698637100e-12 1.055498947861403390e-04 4.276323793961854221e-04 2.540143431448063822e-03
-5.000000000000000000e-01 1.500000000000000000e+00 2.412367239838600137e-06 0.000000000000000000e+00 2.412367239838600137e-06 9.091304497636639663e-05 2.963982574011384528e-04 1.153555311210488271e-03
-2.500000000000000000e-01 1.500000000000000000e+00 2.135752054042280374e-06 0.000000000000000000e+00 2.135752054042280374e-06 1.096743649802027520e-04 2.740791521010509818e-04 1.404696771305206319e-03
0.000000000000000000e+00 1.500000000000000000e+00 8.932128318292986702e-02 0.000000000000000000e+00 8.932128318292986702e-02 1.802332222435771593e-04 5.519168806405506684e-04 2.612790883115459917e-03
2.500000000000000000e-01 1.500000000000000000e+00 6.585853180426846699e-07 0.000000000000000000e+00 6.585853180426846699e-07 4.454940136014259758e-04 1.284522465586376274e-03 4.962950890509719611e-03
5.000000000000000000e-01 1.500000000000000000e+00 1.328261780265803660e-01 0.000000000000000000e+00 1.328261780265803660e-01 1.232223170588256150e-03 3.623466955802823707e-03 1.960267959411174724e-02
7.500000000000000000e-01 1.500000000000000000e+00 2.065787933629761597e-01 0.000000000000000000e+00 2.065787933629761597e-01 3.909765500931736137e-03 7.728037406218035872e-03 1.128465533211994547e-02
1.000000000000000000e+00 1.500000000000000000e+00 3.116007801062888882e-01 8.935323161475472453e-02 2.222475484915341637e-01 1.122823598358108944e-02 2.872964071467180858e-02 5.581243068554590792e-02
1.250000000000000000e+00 1.500000000000000000e+00 4.407124406241253456e-01 1.544538766104625871e-01 2.862585640136627863e-01 3.056738277110872259e-02 6.433103973206912019e-02 9.313949471321815443e-02
1.500000000000000000e+00 1.500000000000000000e+00 6.039815420091995124e-01 4.101901997854180970e-01 1.937913422237814154e-01 7.213589963500020852e-02 1.332654081264320334e-01 1.569513019064456005e-01
1.750000000000000000e+00 1.500000000000000000e+00 8.254592466955693597e-01 7.332121111929312818e-01 9.224713550263807793e-02 1.530715457960704073e-01 2.347586748284139768e-01 2.272373932638258320e-01
2.000000000000000000e+00 1.500000000000000000e+00 9.187809024641604427e-01 8.565885826929987568e-01 6.219231977116168597e-02 2.388787799327631856e-01 3.131129274817138763e-01 2.601061884801267876e-01
-2.000000000000000000e+00 1.750000000000000000e+00 5.674993866534050468e-01 3.299454500368186882e-01 2.375539366165863586e-01 4.973429124408194207e-02 9.997165365862756281e-02 1.318154380644591395e-01
-1.750000000000000000e+00 1.750000000000000000e+00 3.403271402507002663e-01 0.000000000000000000e+00 3.403271402507002663e-01 1.247310808296735012e-02 2.865658769046982787e-02 4.327198385925902502e-02
-1.500000000000000000e+00 1.750000000000000000e+00 2.112301413783446713e-01 0.000000000000000000e+00 2.112301413783446713e-01 2.905046298265906001e-03 7.578470090975376015e-03 1.582371963817243501e-02
-1.250000000000000000e+00 1.750000000000000000e+00 8.922178122992482918e-02 0.000000000000000000e+00 8.922178122992482918e-02 7.822625231003563651e-04 2.478497845165150617e-03 9.661810469220113995e-03
-1.000000000000000000e+00 1.750000000000000000e+00 8.933149561119275994e-02 0.000000000000000000e+00 8.933149561119275994e-02 2.709537013615907048e-04 1.026642790667645858e-03 6.519748660790483652e-03
-7.500000000000000000e-01 1.750000000000000000e+00 1.092596281149523733e-03 0.000000000000000000e+00 1.092596281149523733e-03 1.442559422991240446e-04 5.597144346018784666e-04 3.617449645559167766e-03
-5.000000000000000000e-01 1.750000000000000000e+00 2.188992783721488782e-13 0.000000000000000000e+00 2.188992783721488782e-13 1.024428800863135788e-04 5.030257813557532541e-04 4.243588229173811399e-03
-2.500000000000000000e-01 1.750000000000000000e+00 3.606021398184812565e-08 0.000000000000000000e+00 3.606021398184812565e-08 1.339320884019594090e-04 4.064369343483427649e-04 2.055188495427368728e-03
0.000000000000000000e+00 1.750000000000000000e+00 3.005379862132903504e-08 0.000000000000000000e+00 3.005379862132903504e-08 2.290192401214673169e-04 5.022714215945352050e-04 9.660720627402806385e-04
2.500000000000000000e-01 1.750000000000000000e+00 8.935312440350311192e-02 0.000000000000000000e+00 8.935312440350311192e-02 5.086049132459338025e-04 1.235322930073158533e-03 2.852585747924405498e-03
5.000000000000000000e-01 1.750000000000000000e+00 9.335739786714991888e-05 0.000000000000000000e+00 9.335739786714991888e-05 1.246968098278722391e-03 2.926596690794919589e-03 5.407661631787572150e-03
7.500000000000000000e-01 1.750000000000000000e+00 2.133094892201358728e-01 0.000000000000000000e+00 2.133094892201358728e-01 3.983553221914847529e-03 9.384178236310904836e-03 1.659226329500663663e-02
1.000000000000000000e+00 1.750000000000000000e+00 2.743325215074339796e-01 0.000000000000000000e+00 2.743325215074339796e-01 1.146048470326178556e-02 2.778024393517753918e-02 4.487511815874222626e-02
1.250000000000000000e+00 1.750000000000000000e+00 5.208358323196529138e-01 2.509501942617312076e-01 2.698856380579217062e-01 3.456428734594051838e-02 7.249498757494363121e-02 1.051244011930243111e-01
1.500000000000000000e+00 1.750000000000000000e+00 6.833758629097359538e-01 5.235417843878386046e-01 1.598340785218973492e-01 7.837225532782765569e-02 1.504032779748289417e-01 1.780636773865975075e-01
1.750000000000000000e+00 1.750000000000000000e+00 8.533672177183158070e-01 7.716890565506296928e-01 8.167816116768611412e-02 1.792304102602105820e-01 2.615180162185907209e-01 2.359415378503161576e-01
2.000000000000000000e+00 1.750000000000000000e+00 9.014333106944890650e-01 8.705951987002895631e-01 3.083811199419950189e-02 2.369864012026283440e-01 3.107493332360561911e-01 2.534840394317651180e-01
-2.000000000000000000e+00 2.000000000000000000e+00 6.739092098407993836e-01 3.624582734605470424e-01 3.114509363802523412e-01 7.000677661462736956e-02 1.295861382242644855e-01 1.475807086221375963e-01
-1.750000000000000000e+00 2.000000000000000000e+00 4.239317455135123147e-01 2.177705214210592655e-01 2.061612240924530493e-01 2.113809570460575826e-02 5.192062096536719656e-02 9.166350201694489774e-02
-1.500000000000000000e+00 2.000000000000000000e+00 2.644287045764764366e-01 0.000000000000000000e+00 2.644287045764764366e-01 5.082799762277547331e-03 1.342079594522573895e-02 3.293736516282447235e-02
-1.250000000000000000e+00 2.000000000000000000e+00 1.856993405645465944e-01 0.000000000000000000e+00 1.856993405645465944e-01 1.374908009354336739e-03 3.609340869986652541e-03 9.079345587777327628e-03
-1.000000000000000000e+00 2.000000000000000000e+00 1.090219141920198698e-01 0.000000000000000000e+00 1.090219141920198698e-01 4.559113288870439342e-04 1.063143196849665592e-03 2.095276025699876338e-03
-7.500000000000000000e-01 2.000000000000000000e+00 3.674928476415216667e-11 0.000000000000000000e+00 3.674928476415216667e-11 2.216269565886292672e-04 5.649659741902830854e-04 1.316464506324110505e-03
-5.000000000000000000e-01 2.000000000000000000e+00 1.096172731126748769e-14 0.000000000000000000e+00 1.096172731126748769e-14 1.653245723602126695e-04 6.556955811847783389e-04 2.942104241010445615e-03
-2.500000000000000000e-01 2.000000000000000000e+00 3.727425545538358432e-10 0.000000000000000000e+00 3.727425545538358432e-10 1.684855335800963772e-04 4.596614015541917423e-04 2.064628145650325344e-03
0.000000000000000000e+00 2.000000000000000000e+00 3.849828977836165095e-02 0.000000000000000000e+00 3.849828977836165095e-02 2.762068093381794603e-04 9.014627471154453659e-04 4.172274252220577011e-03
2.500000000000000000e-01 2.000000000000000000e+00 8.931900742570131335e-02 0.000000000000000000e+00 8.931900742570131335e-02 5.321584402738713119e-04 1.447016219461834093e-03 4.019844031307507649e-03
5.000000000000000000e-01 2.000000000000000000e+00 1.825494541751552374e-02 0.000000000000000000e+00 1.825494541751552374e-02 1.388246058805562297e-03 3.630984177554072868e-03 8.498695262864890132e-03
7.500000000000000000e-01 2.000000000000000000e+00 2.173694852755614082e-01 0.000000000000000000e+00 2.173694852755614082e-01 4.022133143161322859e-03 1.128483443902447876e-02 2.665800450412570896e-02
1.000000000000000000e+00 2.000000000000000000e+00 2.957488822328651623e-01 8.935323161475473841e-02 2.063956506181104378e-01 1.269721883644244972e-02 3.094275267439492577e-02 5.477167935647176550e-02
1.250000000000000000e+00 2.000000000000000000e+00 5.778832831672296999e-01 2.509501942617297643e-01 3.269330889054999356e-01 3.610363991249086746e-02 8.110223386057227590e-02 1.171417277545992175e-01
1.500000000000000000e+00 2.000000000000000000e+00 6.665524946595904332e-01 4.749736834815142528e-01 1.915788111780761804e-01 8.782378529233936248e-02 1.569106039540074660e-01 1.720633612578933158e-01
1.750000000000000000e+00 2.000000000000000000e+00 8.062541210965143978e-01 6.769815359372779451e-01 1.292725851592364528e-01 1.661280730542765982e-01 2.445108106440239681e-01 2.180859233709968037e-01
2.000000000000000000e+00 2.000000000000000000e+00 9.233067470385891706e-01 9.249864863877795829e-01 -1.679739349190412234e-03 2.771622842079338178e-01 3.508114969812825001e-01 2.783755651197312164e-01
-2.000000000000000000e+00 2.250000000000000000e+00 7.610977690132224582e-01 5.169758214849121680e-01 2.441219475283102902e-01 9.920908003627688931e-02 1.702499192384157312e-01 1.816383869829591158e-01
-1.750000000000000000e+00 2.250000000000000000e+00 4.392215920155976283e-01 2.349808502835914747e-01 2.042407417320061536e-01 2.676005765461026212e-02 6.288931936227662445e-02 9.828909559394567730e-02
-1.500000000000000000e+00 2.250000000000000000e+00 3.028760448723210597e-01 8.935323161475471065e-02 2.135228132575663351e-01 8.652663686683088537e-03 2.394515754775077346e-02 5.099454239398795719e-02
-1.250000000000000000e+00 2.250000000000000000e+00 7.600099705549628881e-02 0.000000000000000000e+00 7.600099705549628881e-02 2.490986716160278371e-03 6.823977795293948920e-03 1.723518327534343322e-02
-1.000000000000000000e+00 2.250000000000000000e+00 1.242001811399841976e-01 0.000000000000000000e+00 1.242001811399841976e-01 8.799488074992220825e-04 2.532126752964816360e-03 9.234460435552626842e-03
-7.500000000000000000e-01 2.250000000000000000e+00 1.677280219867639116e-02 0.000000000000000000e+00 1.677280219867639116e-02 3.675605157022261054e-04 2.095533898605379895e-03 1.658481264192060781e-02
-5.000000000000000000e-01 2.250000000000000000e+00 2.732118150079709131e-08 0.000000000000000000e+00 2.732118150079709131e-08 2.332669412339611454e-04 1.157230900479747386e-03 8.829853718610206417e-03
-2.500000000000000000e-01 2.250000000000000000e+00 8.950604887049158631e-02 0.000000000000000000e+00 8.950604887049158631e-02 2.366575541355191625e-04 1.483533173061123795e-03 8.507193578425657765e-03
0.000000000000000000e+00 2.250000000000000000e+00 8.933814942234233336e-02 0.000000000000000000e+00 8.933814942234233336e-02 3.337398931289765891e-04 1.776712414045804756e-03 1.528254859724581353e-02
2.500000000000000000e-01 2.250000000000000000e+00 8.842533059359972136e-02 0.000000000000000000e+00 8.842533059359972136e-02 6.624814085421967379e-04 2.531188322274793411e-03 1.016285667988089947e-02
5.000000000000000000e-01 2.250000000000000000e+00 1.782459968987940568e-01 0.000000000000000000e+00 1.782459968987940568e-01 1.530003529445268275e-03 5.280814010964955500e-03 1.526993943287768309e-02
7.500000000000000000e-01 2.250000000000000000e+00 1.020872776116076019e-01 0.000000000000000000e+00 1.020872776116076019e-01 4.339719120591345632e-03 1.271232939457152961e-02 3.153579816596992214e-02
1.000000000000000000e+00 2.250000000000000000e+00 3.058956308360535337e-01 0.000000000000000000e+00 3.058956308360535337e-01 1.159304819906310097e-02 3.309958121893505356e-02 5.971082175219174365e-02
1.250000000000000000e+00 2.250000000000000000e+00 5.216628764529238627e-01 2.349808502835918078e-01 2.866820261693320271e-01 3.479597024592716303e-02 7.589881533450304474e-02 1.080659653331196984e-01
1.500000000000000000e+00 2.250000000000000000e+00 7.368336913061118709e-01 5.034918072819052348e-01 2.333418840242066361e-01 8.317297395044621899e-02 1.567769457911745712e-01 1.874515438270699663e-01
1.750000000000000000e+00 2.250000000000000000e+00 8.543441021286628523e-01 7.582189657348348266e-01 9.612513639382802566e-02 1.735338657295319165e-01 2.581075802719768331e-01 2.431821011812698718e-01
2.000000000000000000e+00 2.250000000000000000e+00 9.015272791042290290e-01 9.056621886774322006e-01 -4.134909573203171540e-03 2.663737016528546220e-01 3.348840911524196828e-01 2.667882159787925422e-01
-2.000000000000000000e+00 2.500000000000000000e+00 7.498773001778333835e-01 6.105210889068420910e-01 1.393562112709912926e-01 1.246320746057276163e-01 1.968078996387673252e-01 2.037234883852259704e-01
-1.750000000000000000e+00 2.500000000000000000e+00 5.848518534036964978e-01 2.933666647729430421e-01 2.914851886307534556e-01 4.284715942536912459e-02 9.028663398056342715e-02 1.251693780849497950e-01
-1.500000000000000000e+00 2.500000000000000000e+00 3.330337233219790027e-01 0.000000000000000000e+00 3.330337233219790027e-01 1.321300910110134556e-02 3.643845142447367513e-02 6.667942891500740210e-02
-1.250000000000000000e+00 2.500000000000000000e+00 2.398551861575706767e-01 0.000000000000000000e+00 2.398551861575706767e-01 4.208233341695218586e-03 1.145737986200425808e-02 2.542828599892611730e-02
-1.000000000000000000e+00 2.500000000000000000e+00 1.534811539266523472e-01 0.000000000000000000e+00 1.534811539266523472e-01 1.537248646707220934e-03 4.105174105774540665e-03 1.127959558425110920e-02
-7.500000000000000000e-01 2.500000000000000000e+00 8.513524909148641184e-02 0.000000000000000000e+00 8.513524909148641184e-02 5.936930625003417712e-04 2.754745586978542011e-03 1.494119303658901325e-02
-5.000000000000000000e-01 2.500000000000000000e+00 7.125581488599035335e-04 0.000000000000000000e+00 7.125581488599035335e-04 3.789193399558986319e-04 2.485756782700100469e-03 1.398486882158174113e-02
-2.500000000000000000e-01 2.500000000000000000e+00 1.605817710339624005e-01 1.262378707044761739e-01 3.434390032948622662e-02 3.792714899565569151e-04 3.867817803372618820e-03 3.697728561562051847e-02
0.000000000000000000e+00 2.500000000000000000e+00 7.137178174087925215e-11 0.000000000000000000e+00 7.137178174087925215e-11 4.008736119111095059e-04 2.463366525189581747e-03 2.092339853540059122e-02
2.500000000000000000e-01 2.500000000000000000e+00 7.106890975793796195e-02 0.000000000000000000e+00 7.106890975793796195e-02 7.670459770274409925e-04 2.955235540601350644e-03 1.029823789169347428e-02
5.000000000000000000e-01 2.500000000000000000e+00 1.666660244691390291e-01 0.000000000000000000e+00 1.666660244691390291e-01 1.761245782065115834e-03 6.068665631948765016e-03 2.283341378262495822e-02
7.500000000000000000e-01 2.500000000000000000e+00 1.914126274606818001e-01 8.935323161475471065e-02 1.020593958459270895e-01 4.235633118268851242e-03 1.296685314251777403e-02 3.983544050438931478e-02
1.000000000000000000e+00 2.500000000000000000e+00 3.344242874455311543e-01 8.935323161475478004e-02 2.450710558307763742e-01 1.359596049609043331e-02 3.720146070194837312e-02 6.378713255932988435e-02
1.250000000000000000e+00 2.500000000000000000e+00 4.897669611355838226e-01 2.933666647729432086e-01 1.964002963626406140e-01 3.783540170923096330e-02 8.302542532226625527e-02 1.222184201043747809e-01
1.500000000000000000e+00 2.500000000000000000e+00 7.082508776587767008e-01 5.235417843878398259e-01 1.847090932709368749e-01 7.943380958751568299e-02 1.488242208767869834e-01 1.797028601688156202e-01
1.750000000000000000e+00 2.500000000000000000e+00 8.518866748647087039e-01 7.101999718389163663e-01 1.416867030257923377e-01 1.573711159932723036e-01 2.373029370529359805e-01 2.219783715213798081e-01
2.000000000000000000e+00 2.500000000000000000e+00 9.257650918357815950e-01 8.920179370393825913e-01 3.374715479639900373e-02 2.650315132973699028e-01 3.349240184921884467e-01 2.740922273821964628e-01
-2.000000000000000000e+00 2.750000000000000000e+00 7.986448235408319940e-01 6.636987268331900891e-01 1.349460967076419049e-01 1.354387268048147519e-01 2.161585427185148678e-01 2.233630349493780920e-01
-1.750000000000000000e+00 2.750000000000000000e+00 5.940661489324766675e-01 3.823924685450781347e-01 2.116736803873985329e-01 6.081226062688881856e-02 1.212283443771131758e-01 1.624927398309585214e-01
-1.500000000000000000e+00 2.750000000000000000e+00 3.606696025855371524e-01 1.262378707044762016e-01 2.344317318810609507e-01 1.971744228598714191e-02 4.796232393617125278e-02 7.652716469850899539e-02
-1.250000000000000000e+00 2.750000000000000000e+00 1.942179538329165678e-01 1.262378707044761184e-01 6.798008312844044942e-02 7.391946357435497800e-03 2.042729911963563766e-02 5.056412240549722215e-02
-1.000000000000000000e+00 2.750000000000000000e+00 2.260211689782194444e-01 0.000000000000000000e+00 2.260211689782194444e-01 1.930824197732325777e-03 6.002157796538482894e-03 1.913256922605667890e-02
-7.500000000000000000e-01 2.750000000000000000e+00 8.956784970853681749e-02 0.000000000000000000e+00 8.956784970853681749e-02 1.122220617574657374e-03 3.428844477067473535e-03 1.047096911782690633e-02
-5.000000000000000000e-01 2.750000000000000000e+00 9.098923118063349802e-02 0.000000000000000000e+00 9.098923118063349802e-02 7.044408625595699643e-04 2.738492452019087014e-03 1.131553326493235472e-02
-2.500000000000000000e-01 2.750000000000000000e+00 9.982671587555594361e-02 0.000000000000000000e+00 9.982671587555594361e-02 5.744525705460070677e-04 1.784431545915958223e-03 7.198493477770002633e-03
0.000000000000000000e+00 2.750000000000000000e+00 1.532174136138057807e-01 0.000000000000000000e+00 1.532174136138057807e-01 6.460896031944335025e-04 3.329352496624312253e-03 1.874558483849826651e-02
2.500000000000000000e-01 2.750000000000000000e+00 1.460886598520590718e-01 0.000000000000000000e+00 1.460886598520590718e-01 1.133967827518664101e-03 4.647948175239983819e-03 1.509151814034027581e-02
5.000000000000000000e-01 2.750000000000000000e+00 1.883712288889073661e-01 8.935323161475476617e-02 9.901799727415259988e-02 2.219108302412574167e-03 1.034072650250082714e-02 4.347529954007965658e-02
7.500000000000000000e-01 2.750000000000000000e+00 3.099256477480596406e-01 0.000000000000000000e+00 3.099256477480596406e-01 5.837794932473849320e-03 1.692046344896234317e-02 3.346622309185050964e-02
1.000000000000000000e+00 2.750000000000000000e+00 3.429886516521457041e-01 1.262378707044762016e-01 2.167507809476695024e-01 1.379838665527232701e-02 3.750207089728864462e-02 7.096272222841443211e-02
1.250000000000000000e+00 2.750000000000000000e+00 5.680317049979290989e-01 3.182703253525234199e-01 2.497613796454056789e-01 3.631898363453320289e-02 9.114332385818837978e-02 1.391044724347529349e-01
1.500000000000000000e+00 2.750000000000000000e+00 7.444282990427610880e-01 5.425863986500202296e-01 2.018419003927408584e-01 9.311882404931789980e-02 1.669309118844824746e-01 1.894744759912223575e-01
1.750000000000000000e+00 2.750000000000000000e+00 8.120724340528041596e-01 7.294820080029360554e-01 8.259042604986810421e-02 1.520115431510535853e-01 2.360235331564214944e-01 2.247356250907734943e-01
2.000000000000000000e+00 2.750000000000000000e+00 9.312305522174634254e-01 9.147589846511490208e-01 1.647156756631440455e-02 2.906842376190134636e-01 3.561876400808568488e-01 2.725363088228719977e-01
-2.000000000000000000e+00 3.000000000000000000e+00 8.394687423914596325e-01 7.257106861553023203e-01 1.137580562361573122e-01 1.533808414385654517e-01 2.377130683820425361e-01 2.266226658605121347e-01
-1.750000000000000000e+00 3.000000000000000000e+00 7.362855543489199572e-01 5.363431737236922237e-01 1.999423806252277336e-01 7.848321292563095741e-02 1.541658546867818724e-01 1.861013187821301540e-01
-1.500000000000000000e+00 3.000000000000000000e+00 4.465147177630358621e-01 2.177705214210595708e-01 2.287441963419762914e-01 2.869412175433449369e-02 6.759341053280865097e-02 1.013371492093323306e-01
-1.250000000000000000e+00 3.000000000000000000e+00 3.152705169952827458e-01 1.781684596105612695e-01 1.371020573847214763e-01 1.111679110970740375e-02 3.412896968902141143e-02 8.273733561561591454e-02
-1.000000000000000000e+00 3.000000000000000000e+00 2.043213010638988136e-01 1.262378707044760906e-01 7.808343035942272303e-02 4.211481217488379294e-03 1.653968684634780570e-02 5.348600067446636352e-02
-7.500000000000000000e-01 3.000000000000000000e+00 1.684949740652645633e-01 8.935323161475473841e-02 7.914174245050982492e-02 2.049102154144282102e-03 7.077918178555095939e-03 2.615030373459103705e-02
-5.000000000000000000e-01 3.000000000000000000e+00 1.537475787139399308e-01 0.000000000000000000e+00 1.537475787139399308e-01 1.366651878531043246e-03 5.534265864552592729e-03 2.180974054698919112e-02
-2.500000000000000000e-01 3.000000000000000000e+00 1.145992344696482035e-01 0.000000000000000000e+00 1.145992344696482035e-01 1.052711590529932040e-03 5.236033233578546442e-03 2.544062477640322145e-02
0.000000000000000000e+00 3.000000000000000000e+00 8.959138366023111644e-02 0.000000000000000000e+00 8.959138366023111644e-02 1.164085105999271242e-03 4.576714175322154320e-03 1.737916687333095414e-02
2.500000000000000000e-01 3.000000000000000000e+00 1.722328989972469471e-01 0.000000000000000000e+00 1.722328989972469471e-01 1.718659074345547932e-03 7.962237622444278892e-03 3.161014781679290925e-02
5.000000000000000000e-01 3.000000000000000000e+00 2.653325877006377231e-01 8.935323161475476617e-02 1.759793560858829431e-01 3.644409621268492744e-03 1.571202078559945023e-02 4.731239011441177450e-02
7.500000000000000000e-01 3.000000000000000000e+00 3.557269369352680788e-01 1.544538766104631422e-01 2.012730603248049366e-01 8.215910644378725605e-03 2.938305924026829094e-02 7.950012520249881420e-02
1.000000000000000000e+00 3.000000000000000000e+00 4.522078264495713040e-01 1.781684596105610752e-01 2.740393668390102011e-01 1.686309388697644976e-02 4.845183028039088541e-02 8.980880116542926117e-02
1.250000000000000000e+00 3.000000000000000000e+00 6.205085250308012279e-01 3.823924685450785232e-01 2.381160564857227047e-01 3.990692668234048501e-02 1.020034790402763042e-01 1.576873324141432609e-01
1.500000000000000000e+00 3.000000000000000000e+00 7.325128714632109794e-01 5.836574337743004603e-01 1.488554376889105191e-01 9.282989460918115998e-02 1.808551925700613572e-01 2.084223213409921172e-01
1.750000000000000000e+00 3.000000000000000000e+00 8.405786302901677720e-01 7.650254897714166002e-01 7.555314051875117176e-02 1.659898051416557052e-01 2.558893456542149503e-01 2.457105153868084646e-01
2.000000000000000000e+00 3.000000000000000000e+00 9.341557549011316741e-01 9.216593730874759194e-01 1.249638181365575473e-02 2.778601709283205490e-01 3.481845184426147211e-01 2.796791242401046595e-01
