# position velocity action_std action_loc_std action_std_diff action_mean_p_0 action_p_0_mean action_p_0_std
-2.000000000000000000e+00 -3.000000000000000000e+00 9.544170886545605414e-01 9.656086163658633703e-01 -1.119152771130282886e-02 6.536985489686230055e-01 6.026559746720169253e-01 2.826592449103058069e-01
-1.750000000000000000e+00 -3.000000000000000000e+00 9.033476301257535868e-01 8.728436286070920813e-01 3.050400151866150544e-02 7.289568184428385500e-01 6.625286095426726751e-01 2.655246883244033462e-01
-1.500000000000000000e+00 -3.000000000000000000e+00 8.534600200584943064e-01 7.547608892887861520e-01 9.869913076970815435e-02 8.230561885878068251e-01 7.421702887961159067e-01 2.432485937150486721e-01
-1.250000000000000000e+00 -3.000000000000000000e+00 7.058867587075939865e-01 5.235417843878382715e-01 1.823449743197557149e-01 9.055955642173938447e-01 8.325704755916588651e-01 1.883975530029443346e-01
-1.000000000000000000e+00 -3.000000000000000000e+00 5.819878716242155026e-01 4.011782646156192289e-01 1.808096070085962737e-01 9.434626148311948679e-01 8.769079633675710417e-01 1.680399594255037599e-01
-7.500000000000000000e-01 -3.000000000000000000e+00 5.433898431317906175e-01 2.933666647729430421e-01 2.500231783588475754e-01 9.654765709455743750e-01 9.154359233447200150e-01 1.285367719220325555e-01
-5.000000000000000000e-01 -3.000000000000000000e+00 4.660891803015227430e-01 3.060980235153444307e-01 1.599911567861783124e-01 9.725324506370480737e-01 9.280994624723333253e-01 1.245986218304018234e-01
-2.500000000000000000e-01 -3.000000000000000000e+00 4.535561202653961566e-01 2.349808502835915025e-01 2.185752699818046541e-01 9.755366666199627446e-01 9.405173745470670754e-01 1.125175561485059622e-01
0.000000000000000000e+00 -3.000000000000000000e+00 5.364807282239464348e-01 3.182703253525229758e-01 2.182104028714234589e-01 9.708931750209019995e-01 9.226171482926159850e-01 1.383033976974644974e-01
2.500000000000000000e-01 -3.000000000000000000e+00 5.877821812886881991e-01 3.060980235153450968e-01 2.816841577733431023e-01 9.590877965755372214e-01 9.099737535155649759e-01 1.355982685849126679e-01
5.000000000000000000e-01 -3.000000000000000000e+00 6.790172677097292553e-01 4.749736834815150299e-01 2.040435842282142254e-01 9.249918263775485094e-01 8.598916489908591254e-01 1.719647367244627190e-01
7.500000000000000000e-01 -3.000000000000000000e+00 7.874942892855908427e-01 6.726068688320091526e-01 1.148874204535816901e-01 8.683424135558390766e-01 7.892858972256396877e-01 2.243463602738657303e-01
1.000000000000000000e+00 -3.000000000000000000e+00 8.766631356342344805e-01 8.284926070883212867e-01 4.817052854591319377e-02 7.819407090434644658e-01 7.094898364481503350e-01 2.465997576693116367e-01
1.250000000000000000e+00 -3.000000000000000000e+00 9.341455050332307941e-01 9.282327294380444682e-01 5.912775595186325894e-03 6.690502861216068853e-01 6.238329194074462292e-01 2.655939014922791830e-01
1.500000000000000000e+00 -3.000000000000000000e+00 9.557772491237686019e-01 9.871170143402449026e-01 -3.133976521647630076e-02 5.785281474229621024e-01 5.600432930251451058e-01 2.707124671261717519e-01
1.750000000000000000e+00 -3.000000000000000000e+00 9.581822295722315364e-01 9.993517899118462555e-01 -4.116956033961471917e-02 4.914270712968967225e-01 4.913866297308103759e-01 2.747000856875227437e-01
2.000000000000000000e+00 -3.000000000000000000e+00 9.539222810646548201e-01 9.981983770774244258e-01 -4.427609601276960571e-02 4.708650947963969879e-01 4.794898219435740350e-01 2.757997874236562952e-01
-2.000000000000000000e+00 -2.750000000000000000e+00 9.506616537534894329e-01 9.374945333173902995e-01 1.316712043609913341e-02 6.732988255486208606e-01 6.217730090525143138e-01 2.834954166744956816e-01
-1.750000000000000000e+00 -2.750000000000000000e+00 8.684032269660313386e-01 8.311822904754402330e-01 3.722093649059110554e-02 7.922423080242212423e-01 7.122049537248295037e-01 2.605850840910640120e-01
-1.500000000000000000e+00 -2.750000000000000000e+00 8.048170620901573535e-01 7.369016216565117405e-01 6.791544043364561301e-02 8.588164474814841132e-01 7.707323956049552116e-01 2.457053142975944016e-01
-1.250000000000000000e+00 -2.750000000000000000e+00 6.807181492206011431e-01 5.102940328869209896e-01 1.704241163336801534e-01 9.403581277960952889e-01 8.679590492174897864e-01 1.831769428083196427e-01
-1.000000000000000000e+00 -2.750000000000000000e+00 5.242719515763960558e-01 3.624582734605471535e-01 1.618136781158489024e-01 9.734479311208243946e-01 9.245888172676647310e-01 1.427883589365560868e-01
-7.500000000000000000e-01 -2.750000000000000000e+00 4.056539092050517326e-01 2.659022376739241245e-01 1.397516715311276081e-01 9.852375575574476851e-01 9.445976239096640636e-01 1.197063167296728986e-01
-5.000000000000000000e-01 -2.750000000000000000e+00 3.552124194154333559e-01 2.349808502835915025e-01 1.202315691318418533e-01 9.888077738096997527e-01 9.567318774053782393e-01 1.004414683216333648e-01
-2.500000000000000000e-01 -2.750000000000000000e+00 3.808571505109167310e-01 2.177705214210593487e-01 1.630866290898573823e-01 9.908242436892572558e-01 9.667772881907064075e-01 8.299596821485799580e-02
0.000000000000000000e+00 -2.750000000000000000e+00 3.761415662461179976e-01 2.349808502835914470e-01 1.411607159625265506e-01 9.858109949988317355e-01 9.550393366254301686e-01 9.907917349793114725e-02
2.500000000000000000e-01 -2.750000000000000000e+00 5.060098672378964269e-01 3.060980235153452633e-01 1.999118437225511635e-01 9.775727999504737475e-01 9.347022987671105287e-01 1.286895538076658907e-01
5.000000000000000000e-01 -2.750000000000000000e+00 5.309433907847661560e-01 3.060980235153434870e-01 2.248453672694226690e-01 9.535876370923379586e-01 8.990636507900278129e-01 1.415139333829387169e-01
7.500000000000000000e-01 -2.750000000000000000e+00 6.666967115652938647e-01 4.965641952456922859e-01 1.701325163196015788e-01 9.183759747841665488e-01 8.526912012678572461e-01 1.752341394836380017e-01
1.000000000000000000e+00 -2.750000000000000000e+00 8.751560514938812041e-01 7.547608892887861520e-01 1.203951622050950521e-01 7.925028771310439479e-01 7.222208133343904768e-01 2.352015606985805307e-01
1.250000000000000000e+00 -2.750000000000000000e+00 9.275070254774373524e-01 8.858351991200208442e-01 4.167182635741650820e-02 7.233231722110969875e-01 6.639377535398659491e-01 2.560526476428628406e-01
1.500000000000000000e+00 -2.750000000000000000e+00 9.500286725645414876e-01 9.656086163658630372e-01 -1.557994380132154966e-02 6.153221465745218888e-01 5.853028633236444511e-01 2.663785265747851683e-01
1.750000000000000000e+00 -2.750000000000000000e+00 9.698666613507027634e-01 9.996079231378687258e-01 -2.974126178716596236e-02 4.756223482012256754e-01 4.839474964348640107e-01 2.668529067540965638e-01
2.000000000000000000e+00 -2.750000000000000000e+00 9.538840260698585594e-01 9.871170143402447916e-01 -3.323298827038623227e-02 4.244465562185991137e-01 4.467238161872978397e-01 2.702349851168555639e-01
-2.000000000000000000e+00 -2.500000000000000000e+00 9.177807681709440057e-01 9.037787339830435362e-01 1.400203418790046950e-02 7.201601346903115930e-01 6.520725305972416841e-01 2.706647313414310974e-01
-1.750000000000000000e+00 -2.500000000000000000e+00 8.464022459312956492e-01 7.683749084919427874e-01 7.802733743935286181e-02 8.190764530525915799e-01 7.398158832195499413e-01 2.353426620102019862e-01
-1.500000000000000000e+00 -2.500000000000000000e+00 7.456477124096057008e-01 5.665897987080251719e-01 1.790579137015805289e-01 9.129329752239531137e-01 8.346349770010152991e-01 2.033773188288887368e-01
-1.250000000000000000e+00 -2.500000000000000000e+00 5.381462239781644730e-01 3.823924685450779681e-01 1.557537554330865048e-01 9.685321973840185228e-01 9.123408971059430161e-01 1.465951165135649936e-01
-1.000000000000000000e+00 -2.500000000000000000e+00 4.165183429695485384e-01 2.659022376739242910e-01 1.506161052956242474e-01 9.864351775636437392e-01 9.529038060020986745e-01 1.046455693095325185e-01
-7.500000000000000000e-01 -2.500000000000000000e+00 3.507980802038834778e-01 2.509501942617308745e-01 9.984788594215260327e-02 9.923111525830597968e-01 9.613874329076654845e-01 1.024025089251104081e-01
-5.000000000000000000e-01 -2.500000000000000000e+00 3.798236028921695984e-01 1.989974874213241152e-01 1.808261154708454832e-01 9.944098704405084366e-01 9.686375051143257808e-01 8.706348688573355143e-02
-2.500000000000000000e-01 -2.500000000000000000e+00 2.920430296695849526e-01 1.544538766104626704e-01 1.375891530591222822e-01 9.950117217618748011e-01 9.787224629820486799e-01 6.909895380916419860e-02
0.000000000000000000e+00 -2.500000000000000000e+00 4.071261859090601343e-01 1.781684596105611862e-01 2.289577262984989481e-01 9.920937090777632861e-01 9.685470388138182063e-01 8.642588238950014989e-02
2.500000000000000000e-01 -2.500000000000000000e+00 3.463064097908952754e-01 2.177705214210595430e-01 1.285358883698357324e-01 9.889017128236442522e-01 9.627852348362062607e-01 9.176607908193668006e-02
5.000000000000000000e-01 -2.500000000000000000e+00 3.814369550074500625e-01 2.349808502835919188e-01 1.464561047238581437e-01 9.726534076682185059e-01 9.364455185458039344e-01 1.022711740401681529e-01
7.500000000000000000e-01 -2.500000000000000000e+00 6.207036739536957448e-01 4.189701660023066876e-01 2.017335079513890572e-01 9.373502653241191362e-01 8.759238364618388006e-01 1.630618965918000929e-01
1.000000000000000000e+00 -2.500000000000000000e+00 7.760037005967649337e-01 6.105210889068427571e-01 1.654826116899221766e-01 8.493157428957901489e-01 7.812909076566246780e-01 2.068672842324809913e-01
1.250000000000000000e+00 -2.500000000000000000e+00 9.005815201424592908e-01 8.613570688164160494e-01 3.922445132604324147e-02 7.315664335773305327e-01 6.694713794259145034e-01 2.494441585277901441e-01
1.500000000000000000e+00 -2.500000000000000000e+00 9.608735621647227498e-01 9.821690282227358848e-01 -2.129546605801313497e-02 5.924232805893923093e-01 5.664919545734454775e-01 2.699237540350171716e-01
1.750000000000000000e+00 -2.500000000000000000e+00 9.623748267152745228e-01 9.889873608899181212e-01 -2.661253417464359838e-02 4.438761767521250956e-01 4.596191419961009883e-01 2.716469588416425274e-01
2.000000000000000000e+00 -2.500000000000000000e+00 9.578536781600389682e-01 9.677272342969379659e-01 -9.873556136898997693e-03 3.764626250999772994e-01 4.130647716837838046e-01 2.635363555962254578e-01
-2.000000000000000000e+00 -2.250000000000000000e+00 9.059796375388124989e-01 8.637036528810090319e-01 4.227598465780346704e-02 7.406278465964173385e-01 6.770549431307122390e-01 2.574005087310258233e-01
-1.750000000000000000e+00 -2.250000000000000000e+00 7.776191636664917528e-01 6.636987268331902001e-01 1.139204368333015527e-01 8.803337747991755169e-01 7.983322657677692780e-01 2.257197698529281038e-01
-1.500000000000000000e+00 -2.250000000000000000e+00 6.579592060062662284e-01 5.891824844647034487e-01 6.877672154156277973e-02 9.335922671457833610e-01 8.486675773169484183e-01 2.055920218600358340e-01
-1.250000000000000000e+00 -2.250000000000000000e+00 4.488187745142411811e-01 2.509501942617303194e-01 1.978685802525108617e-01 9.791706148522476560e-01 9.374294053712342034e-01 1.119899449999787328e-01
-1.000000000000000000e+00 -2.250000000000000000e+00 3.511739796207919428e-01 2.349808502835915303e-01 1.161931293372004126e-01 9.908834891366097297e-01 9.615100985004837453e-01 9.868401121052881864e-02
-7.500000000000000000e-01 -2.250000000000000000e+00 2.945998085442489423e-01 2.177705214210593210e-01 7.682928712318962128e-02 9.952101917679784249e-01 9.690063773633613708e-01 8.967217788653611410e-02
-5.000000000000000000e-01 -2.250000000000000000e+00 2.554554016860687837e-01 1.262378707044762571e-01 1.292175309815925266e-01 9.971767118648608985e-01 9.842360764157870312e-01 5.245304745495846938e-02
-2.500000000000000000e-01 -2.250000000000000000e+00 1.557254485172691050e-01 8.935323161475476617e-02 6.637221690251433881e-02 9.975332422644679342e-01 9.878062771399153119e-01 4.345954776020798799e-02
0.000000000000000000e+00 -2.250000000000000000e+00 3.003792014148636280e-01 1.262378707044761461e-01 1.741413307103874819e-01 9.954282507226244192e-01 9.801746035322624895e-01 6.431719581060736657e-02
2.500000000000000000e-01 -2.250000000000000000e+00 3.035432566913423003e-01 8.935323161475473841e-02 2.141900250765875757e-01 9.920651046785780025e-01 9.726690691388587551e-01 6.293270267494140147e-02
5.000000000000000000e-01 -2.250000000000000000e+00 4.447224386929913287e-01 1.781684596105611862e-01 2.665539790824301702e-01 9.800694109337657611e-01 9.463419723464393529e-01 9.452132601365029196e-02
7.500000000000000000e-01 -2.250000000000000000e+00 6.067820551793552397e-01 3.519999999999978701e-01 2.547820551793573696e-01 9.427844501822548740e-01 8.856518072313492862e-01 1.457035923390195276e-01
1.000000000000000000e+00 -2.250000000000000000e+00 8.101925482177911864e-01 6.307329070216615152e-01 1.794596411961296711e-01 8.553592091224432314e-01 7.783188440660949725e-01 2.085333612312200713e-01
1.250000000000000000e+00 -2.250000000000000000e+00 9.110297835297230806e-01 8.772684879784516943e-01 3.376129555127138637e-02 7.155904302866255007e-01 6.582747422110775126e-01 2.567530100836209472e-01
1.500000000000000000e+00 -2.250000000000000000e+00 9.553271045776730030e-01 9.806038955663961554e-01 -2.527679098872315233e-02 5.831082840417276536e-01 5.584814158031607967e-01 2.776801157389951480e-01
1.750000000000000000e+00 -2.250000000000000000e+00 9.662200230997134431e-01 9.883804935347549891e-01 -2.216047043504154601e-02 4.425570402730278352e-01 4.584896498827984446e-01 2.685971159818471565e-01
2.000000000000000000e+00 -2.250000000000000000e+00 9.498259697944895219e-01 9.634189120003791018e-01 -1.359294220588957991e-02 3.683741790468820776e-01 4.084051600788679015e-01 2.699110480274558022e-01
-2.000000000000000000e+00 -2.000000000000000000e+00 8.725275140327644063e-01 8.442179813294671265e-01 2.830953270329727989e-02 7.671201376326705068e-01 6.976116117113633219e-01 2.525696680418729745e-01
-1.750000000000000000e+00 -2.000000000000000000e+00 7.925748951623640126e-01 6.897999710060890299e-01 1.027749241562749827e-01 8.684584927919953845e-01 7.872720865737643514e-01 2.230596465277589202e-01
-1.500000000000000000e+00 -2.000000000000000000e+00 6.100318640444003515e-01 3.725801927102404543e-01 2.374516713341598972e-01 9.562433221321942067e-01 8.992766132561735848e-01 1.521599806334813509e-01
-1.250000000000000000e+00 -2.000000000000000000e+00 4.949387520950546127e-01 2.509501942617300418e-01 2.439885578333245708e-01 9.812166183244626083e-01 9.345920232664187699e-01 1.241608967653796275e-01
-1.000000000000000000e+00 -2.000000000000000000e+00 3.361781461516197278e-01 1.544538766104630867e-01 1.817242695411566411e-01 9.928425490193237835e-01 9.676172727625745873e-01 7.868207692059607516e-02
-7.500000000000000000e-01 -2.000000000000000000e+00 3.064925313163576748e-01 1.544538766104630312e-01 1.520386547058946436e-01 9.968195298039416175e-01 9.774155396508710236e-01 7.910146412938522109e-02
-5.000000000000000000e-01 -2.000000000000000000e+00 2.098694617023727782e-01 0.000000000000000000e+00 2.098694617023727782e-01 9.977223585874374079e-01 9.897182439904892437e-01 2.855948451554580353e-02
-2.500000000000000000e-01 -2.000000000000000000e+00 1.768339051412906038e-01 1.262378707044761739e-01 5.059603443681442991e-02 9.973804753787974819e-01 9.877292895331920564e-01 4.070945771465314666e-02
0.000000000000000000e+00 -2.000000000000000000e+00 2.255019634830915665e-01 0.000000000000000000e+00 2.255019634830915665e-01 9.960278161870118607e-01 9.814979892131809880e-01 5.064891729710918611e-02
2.500000000000000000e-01 -2.000000000000000000e+00 3.471714179871345785e-01 1.262378707044760351e-01 2.209335472826585434e-01 9.914663185070536899e-01 9.721233997374223446e-01 6.601836571377529828e-02
5.000000000000000000e-01 -2.000000000000000000e+00 4.323615858573642279e-01 1.544538766104627814e-01 2.779077092469014465e-01 9.809572541997741979e-01 9.550255463835262137e-01 7.872497685498004716e-02
7.500000000000000000e-01 -2.000000000000000000e+00 5.905314681922865239e-01 3.182703253525228648e-01 2.722611428397636590e-01 9.471134873202705640e-01 8.968849223412782568e-01 1.357092649138451901e-01
1.000000000000000000e+00 -2.000000000000000000e+00 8.026550028794092739e-01 6.356225294937258852e-01 1.670324733856833888e-01 8.560350148546556071e-01 7.812523675821667624e-01 2.101078375682211008e-01
1.250000000000000000e+00 -2.000000000000000000e+00 9.389901158973337214e-01 8.979977728257474423e-01 4.099234307158627910e-02 7.100459675187680286e-01 6.526467200839202176e-01 2.510173552008571063e-01
1.500000000000000000e+00 -2.000000000000000000e+00 9.588300677846167686e-01 9.941508939793781696e-01 -3.532082619476140106e-02 5.545042569920113351e-01 5.392252420763363752e-01 2.760820971312348826e-01
1.750000000000000000e+00 -2.000000000000000000e+00 9.539056468423384727e-01 9.781288258711167138e-01 -2.422317902877824114e-02 3.826677789542737296e-01 4.230725019093161121e-01 2.643816240509194726e-01
2.000000000000000000e+00 -2.000000000000000000e+00 9.122960865003963971e-01 9.282327294380444682e-01 -1.593664293764807116e-02 3.040062448845348153e-01 3.585982502042576736e-01 2.550393512588429723e-01
-2.000000000000000000e+00 -1.750000000000000000e+00 8.707708684629672513e-01 8.202536193153917576e-01 5.051724914757549367e-02 7.837073807212968646e-01 7.109740357781144660e-01 2.484581266322346271e-01
-1.750000000000000000e+00 -1.750000000000000000e+00 6.967536449561204659e-01 6.452162428209647915e-01 5.153740213515567437e-02 9.004097805194890558e-01 8.204514717290897208e-01 2.076874248685133817e-01
-1.500000000000000000e+00 -1.750000000000000000e+00 6.245380169920474733e-01 4.011782646156200061e-01 2.233597523764274673e-01 9.553207799919642973e-01 8.972698791752709013e-01 1.521878389447406665e-01
-1.250000000000000000e+00 -1.750000000000000000e+00 4.946976409098078342e-01 3.411744421846382713e-01 1.535231987251695629e-01 9.822299706793878871e-01 9.400857551440930937e-01 1.296097109243039280e-01
-1.000000000000000000e+00 -1.750000000000000000e+00 3.673502564854084218e-01 1.989974874213243927e-01 1.683527690640840291e-01 9.925448696044392172e-01 9.679538235563784898e-01 8.638788473044428651e-02
-7.500000000000000000e-01 -1.750000000000000000e+00 2.160294712072102219e-01 8.935323161475472453e-02 1.266762395924554974e-01 9.966153360132676831e-01 9.850134740136622380e-01 4.887669927142478804e-02
-5.000000000000000000e-01 -1.750000000000000000e+00 1.540865869003090749e-01 0.000000000000000000e+00 1.540865869003090749e-01 9.977014521142912873e-01 9.893402094399769142e-01 3.904997440143374160e-02
-2.500000000000000000e-01 -1.750000000000000000e+00 1.817163795271485305e-01 0.000000000000000000e+00 1.817163795271485305e-01 9.972426808756593708e-01 9.907897328159060990e-01 2.661030307082426494e-02
0.000000000000000000e+00 -1.750000000000000000e+00 2.117080181729038280e-01 1.262378707044762016e-01 8.547014746842762634e-02 9.961119491545461502e-01 9.824767150159560147e-01 5.897716632643924123e-02
2.500000000000000000e-01 -1.750000000000000000e+00 2.934345370551785792e-01 0.000000000000000000e+00 2.934345370551785792e-01 9.914193977594258911e-01 9.765458439816965264e-01 5.020777588382449586e-02
5.000000000000000000e-01 -1.750000000000000000e+00 3.920092207698405717e-01 8.935323161475473841e-02 3.026559891550858472e-01 9.766645923482009106e-01 9.482887165503679494e-01 8.059918189607877259e-02
7.500000000000000000e-01 -1.750000000000000000e+00 6.126979006274911876e-01 2.177705214210587381e-01 3.949273792064324495e-01 9.385108578744956187e-01 8.934813121215396947e-01 1.160746376653699063e-01
1.000000000000000000e+00 -1.750000000000000000e+00 8.107264020725064579e-01 6.452162428209654577e-01 1.655101592515410003e-01 8.485144462486697847e-01 7.754523810532251149e-01 2.068473243037989018e-01
1.250000000000000000e+00 -1.750000000000000000e+00 9.308928789202958187e-01 9.075241043630766224e-01 2.336877455721919628e-02 6.978165423286933899e-01 6.406975597585357063e-01 2.573524022087121388e-01
1.500000000000000000e+00 -1.750000000000000000e+00 9.677731253703328873e-01 9.994878688608482831e-01 -3.171474349051539576e-02 4.929743199017568855e-01 4.961142707765544557e-01 2.686262227072994113e-01
1.750000000000000000e+00 -1.750000000000000000e+00 9.495676168086295554e-01 9.745891442038505659e-01 -2.502152739522101044e-02 3.795544593869233374e-01 4.140754592142920631e-01 2.694497592036592115e-01
2.000000000000000000e+00 -1.750000000000000000e+00 9.150157417639608326e-01 8.920179370393823692e-01 2.299780472457846336e-02 2.789030617861191219e-01 3.372461478751260788e-01 2.519379540739474233e-01
-2.000000000000000000e+00 -1.500000000000000000e+00 9.004035709910566121e-01 8.338441101309019832e-01 6.655946086015462893e-02 7.608370486208618777e-01 6.986828941224745293e-01 2.453787223848219179e-01
-1.750000000000000000e+00 -1.500000000000000000e+00 7.691373157991683307e-01 5.999999999999998668e-01 1.691373157991684639e-01 8.735342446926109838e-01 7.983584184650656113e-01 2.027282751577933195e-01
-1.500000000000000000e+00 -1.500000000000000000e+00 6.341760828377880355e-01 5.034918072819053458e-01 1.306842755558826896e-01 9.446250940757540127e-01 8.805101692141297232e-01 1.690307684643776176e-01
-1.250000000000000000e+00 -1.500000000000000000e+00 4.403605460066493116e-01 1.262378707044760073e-01 3.141226753021733042e-01 9.805992434582487816e-01 9.534418039296281844e-01 8.115038162892228291e-02
-1.000000000000000000e+00 -1.500000000000000000e+00 3.363376149703499185e-01 1.781684596105608531e-01 1.581691553597890654e-01 9.904981814721801614e-01 9.710445741224741356e-01 7.141849250937554183e-02
-7.500000000000000000e-01 -1.500000000000000000e+00 3.341720754627074963e-01 8.935323161475473841e-02 2.448188438479527718e-01 9.954600294157187612e-01 9.830574122929679470e-01 4.726423250100716261e-02
-5.000000000000000000e-01 -1.500000000000000000e+00 1.859184587580073045e-01 0.000000000000000000e+00 1.859184587580073045e-01 9.964583107776422422e-01 9.882251656186465949e-01 3.599230397834279893e-02
-2.500000000000000000e-01 -1.500000000000000000e+00 2.032669580877180804e-01 0.000000000000000000e+00 2.032669580877180804e-01 9.965739250164746821e-01 9.901048229300088988e-01 3.048118909024955664e-02
0.000000000000000000e+00 -1.500000000000000000e+00 2.564819098498571370e-01 8.935323161475478004e-02 1.671286782351023570e-01 9.941616939341076931e-01 9.837039998457359768e-01 4.595442070600421619e-02
2.500000000000000000e-01 -1.500000000000000000e+00 3.470293931072181426e-01 1.262378707044762016e-01 2.207915224027419410e-01 9.867617205174528117e-01 9.709320232964967490e-01 5.977603635723316433e-02
5.000000000000000000e-01 -1.500000000000000000e+00 4.093997512118625615e-01 1.781684596105608531e-01 2.312312916013017083e-01 9.718433039410619978e-01 9.382803703003222973e-01 1.009694473035216838e-01
7.500000000000000000e-01 -1.500000000000000000e+00 5.836316198513099573e-01 3.725801927102404543e-01 2.110514271410695031e-01 9.275562820298430822e-01 8.758467646324357148e-01 1.373141986784197910e-01
1.000000000000000000e+00 -1.500000000000000000e+00 8.344812294788052087e-01 7.101999718389164773e-01 1.242812576398887314e-01 8.242855318161320666e-01 7.553669939268323752e-01 2.148414146788349133e-01
1.250000000000000000e+00 -1.500000000000000000e+00 9.320681474906600261e-01 9.147589846511491318e-01 1.730916283951089429e-02 6.879207590525356908e-01 6.379655063117202207e-01 2.461563808949817911e-01
1.500000000000000000e+00 -1.500000000000000000e+00 9.640374102570302695e-01 9.996079231378688368e-01 -3.557051288083856733e-02 5.227552153216155073e-01 5.167148257582879767e-01 2.676124153978385323e-01
1.750000000000000000e+00 -1.500000000000000000e+00 9.358091496822125155e-01 9.526720317087125078e-01 -1.686288202649999235e-02 3.629005698305542427e-01 3.976266207494735805e-01 2.581699717687436224e-01
2.000000000000000000e+00 -1.500000000000000000e+00 9.084581527372422860e-01 8.492443700137183304e-01 5.921378272352395555e-02 2.595953023483318356e-01 3.198621937747732624e-01 2.364964131414142301e-01
-2.000000000000000000e+00 -1.250000000000000000e+00 8.982876740415866035e-01 8.858351991200211772e-01 1.245247492156542624e-02 7.312073431955836700e-01 6.672274129102998552e-01 2.565457063452334929e-01
-1.750000000000000000e+00 -1.250000000000000000e+00 7.498824368055171385e-01 5.946292962846709829e-01 1.552531405208461557e-01 8.770180923812210816e-01 8.060484286106340823e-01 1.925000740334484595e-01
-1.500000000000000000e+00 -1.250000000000000000e+00 6.418235416346327327e-01 4.101901997854184856e-01 2.316333418492142471e-01 9.372276532789023396e-01 8.762310963102792893e-01 1.633887374358738154e-01
-1.250000000000000000e+00 -1.250000000000000000e+00 5.246988945942180349e-01 3.060980235153440976e-01 2.186008710788739373e-01 9.703681084653332789e-01 9.311571902356180486e-01 1.185842721829128699e-01
-1.000000000000000000e+00 -1.250000000000000000e+00 3.619157526545609405e-01 8.935323161475479392e-02 2.725625210398061604e-01 9.863829291434670354e-01 9.679487558720668572e-01 5.802777786885422728e-02
-7.500000000000000000e-01 -1.250000000000000000e+00 2.608077414987522435e-01 0.000000000000000000e+00 2.608077414987522435e-01 9.924007800951601954e-01 9.797842301227576156e-01 5.171125695587281551e-02
-5.000000000000000000e-01 -1.250000000000000000e+00 2.624673646375089153e-01 0.000000000000000000e+00 2.624673646375089153e-01 9.942448556265619519e-01 9.869960893607415686e-01 2.735077078291738018e-02
-2.500000000000000000e-01 -1.250000000000000000e+00 2.757911707061412865e-01 1.262378707044761461e-01 1.495533000016651404e-01 9.929102816480753768e-01 9.831688257492383620e-01 4.586874233577390575e-02
0.000000000000000000e+00 -1.250000000000000000e+00 3.006555685493282892e-01 0.000000000000000000e+00 3.006555685493282892e-01 9.888250476398762201e-01 9.783893578878950503e-01 3.690563615895558341e-02
2.500000000000000000e-01 -1.250000000000000000e+00 3.073274292710599931e-01 1.262378707044761739e-01 1.810895585665838192e-01 9.803930235538195204e-01 9.636500031679738898e-01 6.251328571332954998e-02
5.000000000000000000e-01 -1.250000000000000000e+00 4.603624481197468032e-01 8.935323161475475229e-02 3.710092165049920787e-01 9.555312866932144100e-01 9.226633139257550686e-01 9.073045729093323630e-02
7.500000000000000000e-01 -1.250000000000000000e+00 6.787641174286750401e-01 3.919183588453077349e-01 2.868457585833673051e-01 9.042371124477680544e-01 8.507856293717822593e-01 1.466887660993651255e-01
1.000000000000000000e+00 -1.250000000000000000e+00 8.638580609740039717e-01 7.218974996493620067e-01 1.419605613246419651e-01 8.019815542572592548e-01 7.359318973375252870e-01 2.209909264069828405e-01
1.250000000000000000e+00 -1.250000000000000000e+00 9.386637725684955358e-01 9.418619856433344539e-01 -3.198213074838918146e-03 6.561412214565039980e-01 6.126704836280225663e-01 2.513549666707635133e-01
1.500000000000000000e+00 -1.250000000000000000e+00 9.563597596400122969e-01 9.976853211308690517e-01 -4.132556149085675479e-02 4.781680538049373763e-01 4.828224609413139246e-01 2.691138544624893103e-01
1.750000000000000000e+00 -1.250000000000000000e+00 9.220686089787967221e-01 9.513863568498317491e-01 -2.931774787103502700e-02 3.729072443604479759e-01 4.043575906773507200e-01 2.596012276970121602e-01
2.000000000000000000e+00 -1.250000000000000000e+00 9.143347800205712250e-01 8.837284650841609190e-01 3.060631493641030598e-02 2.718678980630085951e-01 3.316541790289509462e-01 2.561991385890475259e-01
-2.000000000000000000e+00 -1.000000000000000000e+00 9.089663748096186158e-01 8.683225207260247824e-01 4.064385408359383334e-02 7.408063719098838540e-01 6.762986151253693734e-01 2.623425279181869629e-01
-1.750000000000000000e+00 -1.000000000000000000e+00 8.540847147557050212e-01 7.877461520058339772e-01 6.633856274987104396e-02 8.085665315185520674e-01 7.330648967288213580e-01 2.345904891428212125e-01
-1.500000000000000000e+00 -1.000000000000000000e+00 7.247180437827447363e-01 5.607280981010314136e-01 1.639899456817133228e-01 9.053261358774410406e-01 8.338899154008394543e-01 1.915279926563862034e-01
-1.250000000000000000e+00 -1.000000000000000000e+00 5.250961130650729780e-01 2.933666647729430976e-01 2.317294482921298804e-01 9.612974033011474351e-01 9.209209607891027938e-01 1.180647478324688138e-01
-1.000000000000000000e+00 -1.000000000000000000e+00 3.546897381875859234e-01 2.349808502835918356e-01 1.197088879039940879e-01 9.752355531475573880e-01 9.463352322650829818e-01 9.499705040168032744e-02
-7.500000000000000000e-01 -1.000000000000000000e+00 3.737287598407182942e-01 8.935323161475479392e-02 2.843755282259635142e-01 9.846611808066483285e-01 9.713507734034163565e-01 4.905465376600211952e-02
-5.000000000000000000e-01 -1.000000000000000000e+00 3.390836546634072857e-01 8.935323161475479392e-02 2.497304230486525056e-01 9.867391920430031993e-01 9.752161621676344039e-01 4.915897762331936788e-02
-2.500000000000000000e-01 -1.000000000000000000e+00 2.593499466787791419e-01 8.935323161475472453e-02 1.699967150640244173e-01 9.852723577998364624e-01 9.760819186903301192e-01 4.038721185483640230e-02
0.000000000000000000e+00 -1.000000000000000000e+00 3.335182567894692252e-01 8.935323161475472453e-02 2.441650251747145006e-01 9.775411167925708300e-01 9.619506315110764039e-01 5.485745821090001750e-02
2.500000000000000000e-01 -1.000000000000000000e+00 4.998134832839722930e-01 8.935323161475478004e-02 4.104602516692175129e-01 9.626856178319539437e-01 9.357132801926660859e-01 8.232332063335869032e-02
5.000000000000000000e-01 -1.000000000000000000e+00 6.432154225042865381e-01 2.177705214210592932e-01 4.254449010832272449e-01 9.286222314103677045e-01 8.892830042751328490e-01 1.153068448712711858e-01
7.500000000000000000e-01 -1.000000000000000000e+00 7.851715019909716320e-01 5.780519007840010381e-01 2.071196012069705938e-01 8.634694439478751704e-01 8.008903078228655215e-01 1.867188897969366823e-01
1.000000000000000000e+00 -1.000000000000000000e+00 8.948840295781430587e-01 8.750679973579182924e-01 1.981603222022476629e-02 7.331543423391313485e-01 6.696946652466592154e-01 2.496794929063806401e-01
1.250000000000000000e+00 -1.000000000000000000e+00 9.522577028374337171e-01 9.707728879609290873e-01 -1.851518512349537016e-02 6.371243970944489021e-01 5.927635406280481467e-01 2.689824657411932773e-01
1.500000000000000000e+00 -1.000000000000000000e+00 9.624691977583487157e-01 9.999679994879852041e-01 -3.749880172963648839e-02 5.235806660025902337e-01 5.154931094102547240e-01 2.806301087124445925e-01
1.750000000000000000e+00 -1.000000000000000000e+00 9.438477857659324233e-01 9.645226798784980460e-01 -2.067489411256562271e-02 3.858196473148948757e-01 4.170020245918918400e-01 2.755951487028716063e-01
2.000000000000000000e+00 -1.000000000000000000e+00 9.296039702286956752e-01 9.056621886774322006e-01 2.394178155126347463e-02 3.048604314397291293e-01 3.546646189103029312e-01 2.540696286217750122e-01
-2.000000000000000000e+00 -7.500000000000000000e-01 9.407619699784429690e-01 9.037787339830436473e-01 3.698323599539932172e-02 6.864874478362692489e-01 6.385928836867467151e-01 2.598251230172450854e-01
-1.750000000000000000e+00 -7.500000000000000000e-01 8.857277605128700548e-01 7.814243405474385895e-01 1.043034199654314653e-01 7.918169401070979108e-01 7.210233352963050235e-01 2.493914442874603232e-01
-1.500000000000000000e+00 -7.500000000000000000e-01 7.588283576493110028e-01 5.723635208501649529e-01 1.864648367991460498e-01 8.802246731960567949e-01 8.137440352024889467e-01 1.864881432372542946e-01
-1.250000000000000000e+00 -7.500000000000000000e-01 5.998385199027944648e-01 4.189701660023059104e-01 1.808683539004885543e-01 9.230460084784366526e-01 8.727465102531876129e-01 1.515629645466907427e-01
-1.000000000000000000e+00 -7.500000000000000000e-01 5.391368907052529469e-01 1.544538766104631422e-01 3.846830140947897769e-01 9.503996384973940614e-01 9.209217475375160999e-01 9.370942646792751463e-02
-7.500000000000000000e-01 -7.500000000000000000e-01 4.542367216917901906e-01 1.781684596105613805e-01 2.760682620812288102e-01 9.637690594824253054e-01 9.412316741014550292e-01 8.442225101132826148e-02
-5.000000000000000000e-01 -7.500000000000000000e-01 4.121615145040223305e-01 8.935323161475473841e-02 3.228082828892676059e-01 9.660576006240053637e-01 9.501948176434222848e-01 5.858878496462255336e-02
-2.500000000000000000e-01 -7.500000000000000000e-01 4.989605285689923120e-01 8.935323161475473841e-02 4.096072969542375874e-01 9.583072144300515127e-01 9.399646471880841458e-01 6.440322390106335837e-02
0.000000000000000000e+00 -7.500000000000000000e-01 5.207039643056851075e-01 1.781684596105610197e-01 3.425355046951240601e-01 9.517887394865660600e-01 9.257399183771785056e-01 8.994675767468923722e-02
2.500000000000000000e-01 -7.500000000000000000e-01 6.133507208694445323e-01 2.509501942617299308e-01 3.624005266077146015e-01 9.278700731889679698e-01 8.932429945355624401e-01 1.049917681985200330e-01
5.000000000000000000e-01 -7.500000000000000000e-01 7.172918247445280171e-01 4.101901997854178750e-01 3.071016249591101421e-01 8.835928663623743295e-01 8.309531477244722630e-01 1.526064841251514315e-01
7.500000000000000000e-01 -7.500000000000000000e-01 8.489524337423625111e-01 7.512655988397172191e-01 9.768683490264529201e-02 7.957670296122888454e-01 7.308353215785333701e-01 2.186750658325946894e-01
1.000000000000000000e+00 -7.500000000000000000e-01 9.189728336098815786e-01 8.637036528810091429e-01 5.526918072887243572e-02 7.344021688243288493e-01 6.728906691083075264e-01 2.534175617630239352e-01
1.250000000000000000e+00 -7.500000000000000000e-01 9.523399900682917307e-01 9.666767815562787858e-01 -1.433679148798705505e-02 6.145150839552799837e-01 5.821833877625288700e-01 2.657595720595404831e-01
1.500000000000000000e+00 -7.500000000000000000e-01 9.605756236382805291e-01 9.991996797437439071e-01 -3.862405610546337797e-02 5.188626626643544348e-01 5.118616881537689789e-01 2.777474719501075162e-01
1.750000000000000000e+00 -7.500000000000000000e-01 9.450927850737478320e-01 9.687600322061149516e-01 -2.366724713236711963e-02 3.872430816290007294e-01 4.148363176764016669e-01 2.733390277790337941e-01
2.000000000000000000e+00 -7.500000000000000000e-01 9.366371112809899202e-01 9.500821017154231773e-01 -1.344499043443325714e-02 3.491734951643857277e-01 3.899304737515877362e-01 2.598424173540163085e-01
-2.000000000000000000e+00 -5.000000000000000000e-01 9.380810074058897330e-01 9.282327294380444682e-01 9.848277967845264769e-03 6.626594674582976241e-01 6.186590409488225140e-01 2.699833495967672858e-01
-1.750000000000000000e+00 -5.000000000000000000e-01 9.152072359426109971e-01 8.960267853139233241e-01 1.918045062868767303e-02 7.242104263523327923e-01 6.631995562829533508e-01 2.605031030695675320e-01
-1.500000000000000000e+00 -5.000000000000000000e-01 8.547392153259663061e-01 7.405511461067366685e-01 1.141880692192296376e-01 8.090680283387359228e-01 7.476808808343811119e-01 2.236430730766569841e-01
-1.250000000000000000e+00 -5.000000000000000000e-01 7.549699781679605204e-01 5.665897987080252829e-01 1.883801794599352375e-01 8.602805457216153862e-01 8.065681309513993424e-01 1.727470587431257920e-01
-1.000000000000000000e+00 -5.000000000000000000e-01 7.367120279031129648e-01 3.519999999999986473e-01 3.847120279031143175e-01 8.869100061245792643e-01 8.449787068809896384e-01 1.384888809245064523e-01
-7.500000000000000000e-01 -5.000000000000000000e-01 6.427692280422395710e-01 4.011782646156205612e-01 2.415909634266190098e-01 8.959104320457906834e-01 8.560835255797597521e-01 1.420840326747475346e-01
-5.000000000000000000e-01 -5.000000000000000000e-01 6.795208474176460678e-01 2.933666647729431531e-01 3.861541826447029147e-01 8.979979499931333153e-01 8.664779698392509610e-01 1.207886800379495695e-01
-2.500000000000000000e-01 -5.000000000000000000e-01 6.510147840287415777e-01 2.800000000000000266e-01 3.710147840287415510e-01 8.933677774849531072e-01 8.624052750965359726e-01 1.113004179575277641e-01
0.000000000000000000e+00 -5.000000000000000000e-01 7.142396115601784556e-01 4.011782646156204502e-01 3.130613469445580055e-01 8.768462953035223162e-01 8.355884253575471821e-01 1.413029716112160217e-01
2.500000000000000000e-01 -5.000000000000000000e-01 8.036955936230009145e-01 5.487294415283342497e-01 2.549661520946666649e-01 8.433199565195009795e-01 7.920003925520702204e-01 1.818528729075179762e-01
5.000000000000000000e-01 -5.000000000000000000e-01 8.587094959668243321e-01 7.218974996493621177e-01 1.368119963174622145e-01 7.935314767488657051e-01 7.355861560364853613e-01 2.043088681645147675e-01
7.500000000000000000e-01 -5.000000000000000000e-01 9.283592560206684885e-01 9.075241043630764004e-01 2.083515165759208809e-02 6.971076781669580669e-01 6.433330767757328150e-01 2.505729686950176616e-01
1.000000000000000000e+00 -5.000000000000000000e-01 9.572794126452052188e-01 9.404254356407016902e-01 1.685397700450352865e-02 6.525002859004966904e-01 6.098746557382269673e-01 2.704331947662250157e-01
1.250000000000000000e+00 -5.000000000000000000e-01 9.642191999420413051e-01 9.953813339620096734e-01 -3.116213401996836829e-02 5.562863475587639384e-01 5.365503515982037452e-01 2.694107874392570601e-01
1.500000000000000000e+00 -5.000000000000000000e-01 9.649460765333943701e-01 1.000000000000000000e+00 -3.505392346660562986e-02 4.851967617622053863e-01 4.922919997321489327e-01 2.845191763703119880e-01
1.750000000000000000e+00 -5.000000000000000000e-01 9.691656227161480341e-01 9.945772971468858081e-01 -2.541167443073777399e-02 4.464611378128872654e-01 4.640233368783706069e-01 2.800681330609670061e-01
2.000000000000000000e+00 -5.000000000000000000e-01 9.564438811132117690e-01 9.645226798784980460e-01 -8.078798765286276939e-03 3.813873072230861139e-01 4.142731661496284468e-01 2.741917187903082365e-01
-2.000000000000000000e+00 -2.500000000000000000e-01 9.595747019746840856e-01 9.697752316903091030e-01 -1.020052971562501742e-02 6.134649257217426044e-01 5.817688325435164121e-01 2.769450515691583847e-01
-1.750000000000000000e+00 -2.500000000000000000e-01 9.503897896627672148e-01 9.329523031752522400e-01 1.743748648751497488e-02 6.207815626700844414e-01 5.948967617089018223e-01 2.549707376729830610e-01
-1.500000000000000000e+00 -2.500000000000000000e-01 9.111489022630944179e-01 8.960267853139228800e-01 1.512211694917153793e-02 6.751863647167996030e-01 6.338384142762454321e-01 2.483819593195883690e-01
-1.250000000000000000e+00 -2.500000000000000000e-01 9.279068818846412103e-01 8.940335564172068317e-01 3.387332546743437867e-02 6.846453787164545890e-01 6.466718166697139614e-01 2.320444837461448639e-01
-1.000000000000000000e+00 -2.500000000000000000e-01 8.958145916039230716e-01 8.059379628730755085e-01 8.987662873084756310e-02 7.054940657787716063e-01 6.706292402680534837e-01 1.989115410139487006e-01
-7.500000000000000000e-01 -2.500000000000000000e-01 8.898844666724666785e-01 7.616403350663627503e-01 1.282441316061039283e-01 7.147452014528304920e-01 6.850620738130286380e-01 1.791418890772757400e-01
-5.000000000000000000e-01 -2.500000000000000000e-01 9.127423860935143241e-01 7.332121111929303936e-01 1.795302749005839305e-01 7.086690172030208901e-01 6.774731719572725241e-01 1.765945913660936228e-01
-2.500000000000000000e-01 -2.500000000000000000e-01 9.136174093248478068e-01 8.311822904754402330e-01 8.243511884940757373e-02 6.959652628861150436e-01 6.632890837416988150e-01 1.933928327509128742e-01
0.000000000000000000e+00 -2.500000000000000000e-01 9.378769070454685552e-01 8.879189152169246757e-01 4.995799182854387954e-02 6.675711996324369402e-01 6.366682874573188489e-01 2.045882152675086441e-01
2.500000000000000000e-01 -2.500000000000000000e-01 9.280432706074827065e-01 9.182505104817556552e-01 9.792760125727051346e-03 6.534951281600991368e-01 6.195405399125080148e-01 2.278387319997212113e-01
5.000000000000000000e-01 -2.500000000000000000e-01 9.551462165111016533e-01 9.656086163658631483e-01 -1.046239985476149492e-02 6.028393697680217711e-01 5.753414158830655323e-01 2.387028840077868030e-01
7.500000000000000000e-01 -2.500000000000000000e-01 9.502965979571984523e-01 9.907088371464132237e-01 -4.041223918921477143e-02 5.689600476775973359e-01 5.494749758539372309e-01 2.588213841482257527e-01
1.000000000000000000e+00 -2.500000000000000000e-01 9.666508448648135632e-01 9.990315310339310528e-01 -3.238068616911748965e-02 5.460424582645465597e-01 5.293871556098634912e-01 2.807284973597773958e-01
1.250000000000000000e+00 -2.500000000000000000e-01 9.669802670194453942e-01 9.988473356824822957e-01 -3.186706866303690155e-02 5.407382868766270612e-01 5.210829301502537536e-01 2.899412199412467195e-01
1.500000000000000000e+00 -2.500000000000000000e-01 9.565862223641451445e-01 9.974046320325533621e-01 -4.081840966840821761e-02 4.722783855165008648e-01 4.776529015445526993e-01 2.875211254836732011e-01
1.750000000000000000e+00 -2.500000000000000000e-01 9.561325786446540631e-01 9.949874371066187440e-01 -3.885485846196468085e-02 4.369691740586424955e-01 4.549037573399196677e-01 2.823410471589613557e-01
2.000000000000000000e+00 -2.500000000000000000e-01 9.645970397949542585e-01 9.763933633531139966e-01 -1.179632355815973810e-02 4.030755594712162604e-01 4.298123668508876949e-01 2.781304918845156071e-01
-2.000000000000000000e+00 0.000000000000000000e+00 9.673256739573506957e-01 1.000000000000000000e+00 -3.267432604264930429e-02 5.063424161985041749e-01 5.055636216873793387e-01 2.774093377257505488e-01
-1.750000000000000000e+00 0.000000000000000000e+00 9.621607931818768611e-01 1.000000000000000000e+00 -3.783920681812313891e-02 4.980463753686683592e-01 4.987441603213392805e-01 2.616121277625154118e-01
-1.500000000000000000e+00 0.000000000000000000e+00 9.631632204240313522e-01 9.945772971468858081e-01 -3.141407672285445596e-02 4.578487094894628240e-01 4.710518959923283844e-01 2.516895937528873528e-01
-1.250000000000000000e+00 0.000000000000000000e+00 9.606234225915336600e-01 9.996079231378688368e-01 -3.898450054633517681e-02 5.008442241623939362e-01 5.043926159758296279e-01 2.333979346749619210e-01
-1.000000000000000000e+00 0.000000000000000000e+00 9.556111788093385462e-01 9.797958971132678663e-01 -2.418471830392932009e-02 4.218337987858601368e-01 4.372514812661242867e-01 2.102695295028912392e-01
-7.500000000000000000e-01 0.000000000000000000e+00 9.529550945216967994e-01 9.487591896788111212e-01 4.195904842885678221e-03 4.062741442522450064e-01 4.197631258036367274e-01 1.985654102655909636e-01
-5.000000000000000000e-01 0.000000000000000000e+00 9.377972319751282093e-01 9.147589846511495759e-01 2.303824732397863340e-02 3.973596530963404150e-01 4.085499597324673826e-01 1.959823468879070274e-01
-2.500000000000000000e-01 0.000000000000000000e+00 9.050270061406958666e-01 9.037787339830438693e-01 1.248272157651997283e-03 3.674395858983010577e-01 3.857197349813792364e-01 2.040898334070415931e-01
0.000000000000000000e+00 0.000000000000000000e+00 9.461434871341962705e-01 8.879189152169252308e-01 5.822457191727103964e-02 3.568044103320915927e-01 3.790178039480608940e-01 2.085520722448503950e-01
2.500000000000000000e-01 0.000000000000000000e+00 9.324600480415886627e-01 9.404254356407004689e-01 -7.965387599111806161e-03 3.990512632747701960e-01 4.151743667498921653e-01 2.307649689709591889e-01
5.000000000000000000e-01 0.000000000000000000e+00 9.621814464883126083e-01 9.836666101886346603e-01 -2.148516370032205192e-02 4.412344701455589435e-01 4.540413625390326557e-01 2.487003714906052820e-01
7.500000000000000000e-01 0.000000000000000000e+00 9.577101232431051159e-01 9.806038955663959333e-01 -2.289377232329081746e-02 4.279944781119113806e-01 4.478667717272799553e-01 2.706871842593982502e-01
1.000000000000000000e+00 0.000000000000000000e+00 9.638483134299331567e-01 9.871170143402449026e-01 -2.326870091031174592e-02 4.495266020084222602e-01 4.603897621536517937e-01 2.749381421537426817e-01
1.250000000000000000e+00 0.000000000000000000e+00 9.575857627643534764e-01 9.922822179198833581e-01 -3.469645515552988169e-02 4.381303879326672868e-01 4.546492576315276923e-01 2.785122315660659709e-01
1.500000000000000000e+00 0.000000000000000000e+00 9.578187317062227812e-01 9.961204746414958899e-01 -3.830174293527310869e-02 4.404518857077380223e-01 4.628390357424534973e-01 2.871233109106108849e-01
1.750000000000000000e+00 0.000000000000000000e+00 9.619661746162140314e-01 9.877570551507082186e-01 -2.579088053449418716e-02 4.471841413133699206e-01 4.604047117244848275e-01 2.798694372351355764e-01
2.000000000000000000e+00 0.000000000000000000e+00 9.595211835161331360e-01 9.871170143402447916e-01 -2.759583082411165567e-02 4.296318753664017387e-01 4.508906088335198903e-01 2.720184060984702223e-01
-2.000000000000000000e+00 2.500000000000000000e-01 9.557692690673972313e-01 9.889873608899181212e-01 -3.321809182252088988e-02 4.400851653279307385e-01 4.594871777002342284e-01 2.764017227052410486e-01
-1.750000000000000000e+00 2.500000000000000000e-01 9.431532768487762564e-01 9.611576353543698215e-01 -1.800435850559356510e-02 3.684756456758349064e-01 4.081779703158809891e-01 2.578649900157903851e-01
-1.500000000000000000e+00 2.500000000000000000e-01 9.113030086578867150e-01 8.815985480931758378e-01 2.970446056471087726e-02 3.065048944676440623e-01 3.487504219265406546e-01 2.332005105622637353e-01
-1.250000000000000000e+00 2.500000000000000000e-01 8.843919530696563447e-01 7.441612728434598978e-01 1.402306802261964469e-01 2.589813372970088956e-01 2.992428801671153660e-01 1.897281836120564835e-01
-1.000000000000000000e+00 2.500000000000000000e-01 8.111761467235406586e-01 4.598434516223984247e-01 3.513326951011422339e-01 1.840884655236675882e-01 2.198114330587271625e-01 1.579803995157721408e-01
-7.500000000000000000e-01 2.500000000000000000e-01 7.060468057428074262e-01 3.919183588453077349e-01 3.141284468974996913e-01 1.484547440092269799e-01 1.814592418393219941e-01 1.418658123984047892e-01
-5.000000000000000000e-01 2.500000000000000000e-01 6.819892724287764940e-01 4.101901997854177639e-01 2.717990726433587301e-01 1.321263208823734436e-01 1.667882577334613425e-01 1.492458750286372315e-01
-2.500000000000000000e-01 2.500000000000000000e-01 7.260240968785103277e-01 4.520353968440958825e-01 2.739887000344144452e-01 1.398337208682533805e-01 1.828403179373143395e-01 1.652610198937060071e-01
0.000000000000000000e+00 2.500000000000000000e-01 7.784380432831793373e-01 4.598434516223985913e-01 3.185945916607807460e-01 1.461390827301054796e-01 1.916794875335195436e-01 1.763125012120835278e-01
2.500000000000000000e-01 2.500000000000000000e-01 8.266543623203393976e-01 6.681796165702764689e-01 1.584747457500629286e-01 1.887217153263120728e-01 2.405273601611705725e-01 2.032057529454975031e-01
5.000000000000000000e-01 2.500000000000000000e-01 8.308277241412549419e-01 7.547608892887861520e-01 7.606683485246878984e-02 2.247514310775533264e-01 2.758160366148580955e-01 2.218121144380495180e-01
7.500000000000000000e-01 2.500000000000000000e-01 9.150988169743833334e-01 8.364783320564821434e-01 7.862048491790118998e-02 2.856779869542440675e-01 3.313958420923397985e-01 2.383196638855903937e-01
1.000000000000000000e+00 2.500000000000000000e-01 9.310740175188711998e-01 9.487591896788118984e-01 -1.768517215994069858e-02 3.424504183950701774e-01 3.885250199936810533e-01 2.711345167172805048e-01
1.250000000000000000e+00 2.500000000000000000e-01 9.386713648256671538e-01 9.656086163658635924e-01 -2.693725154019643853e-02 3.682148082722749294e-01 4.039040595786257404e-01 2.691685524075281277e-01
1.500000000000000000e+00 2.500000000000000000e-01 9.423725568375228567e-01 9.677272342969381880e-01 -2.535467745941533124e-02 3.976544134651496809e-01 4.281860371772920337e-01 2.793798213303672062e-01
1.750000000000000000e+00 2.500000000000000000e-01 9.572170480033697082e-01 9.901515035589237845e-01 -3.293445555555407633e-02 4.268614970721793522e-01 4.498858015738440574e-01 2.795839495986401357e-01
2.000000000000000000e+00 2.500000000000000000e-01 9.603787697207706309e-01 9.912497162672986306e-01 -3.087094654652799974e-02 4.536607820593953622e-01 4.645266498505046249e-01 2.792877618331228162e-01
-2.000000000000000000e+00 5.000000000000000000e-01 9.412356370791145066e-01 9.611576353543695994e-01 -1.992199827525509281e-02 3.673965561592850704e-01 4.085085877067012872e-01 2.702008986788590472e-01
-1.750000000000000000e+00 5.000000000000000000e-01 8.771481073200284584e-01 7.969843160313734298e-01 8.016379128865502857e-02 2.461132384062482970e-01 3.032684862649874247e-01 2.227001811276575483e-01
-1.500000000000000000e+00 5.000000000000000000e-01 8.123757425488682404e-01 6.307329070216622924e-01 1.816428355272059481e-01 1.720052727771319845e-01 2.288045820011728737e-01 1.919433704999072010e-01
-1.250000000000000000e+00 5.000000000000000000e-01 6.615399580472894892e-01 3.411744421846385489e-01 3.203655158626509403e-01 1.102576330417708861e-01 1.486354824868517110e-01 1.306582085918096547e-01
-1.000000000000000000e+00 5.000000000000000000e-01 5.253254721177467168e-01 2.800000000000010258e-01 2.453254721177456910e-01 6.552379421066790999e-02 9.237420218721069387e-02 1.056420781332736980e-01
-7.500000000000000000e-01 5.000000000000000000e-01 5.024960070004351742e-01 2.800000000000010258e-01 2.224960070004341484e-01 4.850506233390551591e-02 7.610258402556720203e-02 1.124997766819646056e-01
-5.000000000000000000e-01 5.000000000000000000e-01 4.535480121407797771e-01 2.509501942617309855e-01 2.025978178790487916e-01 3.797912398926459737e-02 6.285661430376897341e-02 1.024040583274961613e-01
-2.500000000000000000e-01 5.000000000000000000e-01 4.726354973491779243e-01 2.659022376739247906e-01 2.067332596752531337e-01 4.280267357140037088e-02 7.093653230630390938e-02 1.129814794626383539e-01
0.000000000000000000e+00 5.000000000000000000e-01 5.344574860981030628e-01 3.299454500368202425e-01 2.045120360612828203e-01 5.243328729167310437e-02 9.075201464812893137e-02 1.321153952186585601e-01
2.500000000000000000e-01 5.000000000000000000e-01 5.988829513311040298e-01 3.624582734605458767e-01 2.364246778705581531e-01 7.705326478876865781e-02 1.216080895687414454e-01 1.518938346947555362e-01
5.000000000000000000e-01 5.000000000000000000e-01 7.380498807504259906e-01 3.919183588453077904e-01 3.461315219051182002e-01 1.117633255774403700e-01 1.565972201487624282e-01 1.504003710342732003e-01
7.500000000000000000e-01 5.000000000000000000e-01 8.255498078004747109e-01 6.726068688320091526e-01 1.529429389684655582e-01 1.881392366765592128e-01 2.433812855506361228e-01 2.018474152933123211e-01
1.000000000000000000e+00 5.000000000000000000e-01 8.994249794258333264e-01 8.311822904754402330e-01 6.824268895039309335e-02 2.704655096663365899e-01 3.167012181374219137e-01 2.260711667887637666e-01
1.250000000000000000e+00 5.000000000000000000e-01 9.341873607700769133e-01 9.249864863877789167e-01 9.200874382297996590e-03 3.367114618585568819e-01 3.774608835958461195e-01 2.523921282267964639e-01
1.500000000000000000e+00 5.000000000000000000e-01 9.527025811072517003e-01 9.754998718605792929e-01 -2.279729075332759258e-02 3.811082181309817796e-01 4.208567195027471675e-01 2.770003050468303751e-01
1.750000000000000000e+00 5.000000000000000000e-01 9.725040412733176876e-01 9.901515035589236735e-01 -1.764746228560598595e-02 4.254403898196420508e-01 4.474766646640587209e-01 2.668723291153898836e-01
2.000000000000000000e+00 5.000000000000000000e-01 9.498592542168698971e-01 9.821690282227358848e-01 -3.230977400586598769e-02 3.909270179678270840e-01 4.273564838993968995e-01 2.816711464838191348e-01
-2.000000000000000000e+00 7.500000000000000000e-01 9.165164226399349356e-01 9.111838453352893996e-01 5.332577304645536032e-03 3.129468796937078245e-01 3.619288862393443829e-01 2.517071142504717640e-01
-1.750000000000000000e+00 7.500000000000000000e-01 8.581895456617374407e-01 7.582189657348349376e-01 9.997057992690250305e-02 2.105912243216501445e-01 2.743797448638151670e-01 2.188090183262590416e-01
-1.500000000000000000e+00 7.500000000000000000e-01 6.804507310734442260e-01 4.189701660023057439e-01 2.614805650711384821e-01 1.097548433390309192e-01 1.588619819284522450e-01 1.471843722718653436e-01
-1.250000000000000000e+00 7.500000000000000000e-01 4.859586779978591897e-01 1.544538766104623928e-01 3.315048013873967969e-01 5.364265055681220057e-02 7.881460589963727725e-02 8.002166671988653057e-02
-1.000000000000000000e+00 7.500000000000000000e-01 3.165577752861818972e-01 1.262378707044762016e-01 1.903199045817056956e-01 2.738612305471720826e-02 4.478259270115456103e-02 7.172305267003552254e-02
-7.500000000000000000e-01 7.500000000000000000e-01 3.583096155768523694e-01 8.935323161475473841e-02 2.689563839620976449e-01 1.657671196129962415e-02 3.105293285344992715e-02 6.831520822110577484e-02
-5.000000000000000000e-01 7.500000000000000000e-01 3.678175690349616556e-01 1.544538766104636418e-01 2.133636924244980138e-01 1.304892922269143551e-02 2.800999023171141938e-02 7.616047648102020062e-02
-2.500000000000000000e-01 7.500000000000000000e-01 3.980747096010068820e-01 2.349808502835918078e-01 1.630938593174150741e-01 1.568763186962616671e-02 3.833567589252985519e-02 1.008407403821878212e-01
0.000000000000000000e+00 7.500000000000000000e-01 3.931505438760533044e-01 1.989974874213241429e-01 1.941530564547291615e-01 2.083149768515846559e-02 4.518485564254042658e-02 9.238520513500900200e-02
2.500000000000000000e-01 7.500000000000000000e-01 5.326854748181979460e-01 2.933666647729432086e-01 2.393188100452547373e-01 3.932700305422297260e-02 7.968217092207181829e-02 1.304491198254725814e-01
5.000000000000000000e-01 7.500000000000000000e-01 6.272932517076600378e-01 3.624582734605463763e-01 2.648349782471136615e-01 6.979945053784286646e-02 1.145478255151163721e-01 1.380616751970538125e-01
7.500000000000000000e-01 7.500000000000000000e-01 7.392909482329331761e-01 5.034918072819053458e-01 2.357991409510278302e-01 1.249827602505216295e-01 1.788489478310167080e-01 1.761225117262750772e-01
1.000000000000000000e+00 7.500000000000000000e-01 8.607978218176277618e-01 6.897999710060895850e-01 1.709978508115381768e-01 2.156475663787713881e-01 2.696336054096258872e-01 2.107288926879210544e-01
1.250000000000000000e+00 7.500000000000000000e-01 9.265375689420529692e-01 9.111838453352895106e-01 1.535372360676345860e-02 3.219627556823041470e-01 3.647547669593128594e-01 2.509849132167317753e-01
1.500000000000000000e+00 7.500000000000000000e-01 9.472393196462399745e-01 9.781288258711164918e-01 -3.088950622487651732e-02 3.903820460989137486e-01 4.224992050435571467e-01 2.609503799934348445e-01
1.750000000000000000e+00 7.500000000000000000e-01 9.403238440218020244e-01 9.736611320166772554e-01 -3.333728799487523098e-02 3.987210140920579571e-01 4.300728812363331377e-01 2.709020355571629679e-01
2.000000000000000000e+00 7.500000000000000000e-01 9.355023970385073495e-01 9.781288258711166028e-01 -4.262642883260925331e-02 4.139543391858461763e-01 4.364288209223087245e-01 2.741308310336634246e-01
-2.000000000000000000e+00 1.000000000000000000e+00 8.975468298952287149e-01 9.018736053350303594e-01 -4.326775439801644474e-03 2.911958113745047316e-01 3.466165214071023071e-01 2.489921732128630716e-01
-1.750000000000000000e+00 1.000000000000000000e+00 7.854972621395266419e-01 5.946292962846699837e-01 1.908679658548566582e-01 1.559500980967123418e-01 2.156676226142308639e-01 1.894068585847321351e-01
-1.500000000000000000e+00 1.000000000000000000e+00 5.992526456068659746e-01 2.349808502835920021e-01 3.642717953232739725e-01 7.010528756093550862e-02 1.073908151796859750e-01 1.090092573107178386e-01
-1.250000000000000000e+00 1.000000000000000000e+00 4.167261677277870890e-01 2.509501942617301529e-01 1.657759734660569362e-01 3.204154640458407172e-02 5.989841940742483828e-02 1.030143757457438747e-01
-1.000000000000000000e+00 1.000000000000000000e+00 3.812755243821525086e-01 8.935323161475471065e-02 2.919222927673977841e-01 1.456286532425881200e-02 2.673265452791729127e-02 5.355431372583079747e-02
-7.500000000000000000e-01 1.000000000000000000e+00 3.024905571049655850e-01 1.262378707044760906e-01 1.762526864004894944e-01 7.909698792180458113e-03 1.847795403542090015e-02 5.103603178859190959e-02
-5.000000000000000000e-01 1.000000000000000000e+00 2.025176281995554883e-01 0.000000000000000000e+00 2.025176281995554883e-01 6.620273166718705117e-03 1.761855795070487243e-02 4.724271264310529739e-02
-2.500000000000000000e-01 1.000000000000000000e+00 2.947060920816830798e-01 2.177705214210593487e-01 7.693557066062373107e-02 6.088361097382800208e-03 1.962940146631512658e-02 7.259143530584549753e-02
0.000000000000000000e+00 1.000000000000000000e+00 3.358807695664037807e-01 1.544538766104627814e-01 1.814268929559409993e-01 1.099503517325609199e-02 2.816585146561364703e-02 6.840387392229502206e-02
2.500000000000000000e-01 1.000000000000000000e+00 3.395997342322377710e-01 1.781684596105609919e-01 1.614312746216767791e-01 2.084410037509178831e-02 4.342780225970856167e-02 8.228060495759592641e-02
5.000000000000000000e-01 1.000000000000000000e+00 5.585524484114761101e-01 2.933666647729432086e-01 2.651857836385329015e-01 4.955754910221527032e-02 8.936154145057692566e-02 1.225232259801073142e-01
7.500000000000000000e-01 1.000000000000000000e+00 6.972086660159532157e-01 5.034918072819052348e-01 1.937168587340479808e-01 1.107896386764592456e-01 1.671024584048217687e-01 1.761436801326187185e-01
1.000000000000000000e+00 1.000000000000000000e+00 8.214991221526414256e-01 6.307329070216620703e-01 1.907662151309793552e-01 1.876532183109570484e-01 2.382206160582192311e-01 1.874508420980202650e-01
1.250000000000000000e+00 1.000000000000000000e+00 9.019495677381822452e-01 8.390852161729470682e-01 6.286435156523517698e-02 2.802257852685752781e-01 3.269464635415669784e-01 2.268793520591282364e-01
1.500000000000000000e+00 1.000000000000000000e+00 9.436207595358376832e-01 9.599999999999976330e-01 -1.637924046415994983e-02 3.780026826329687117e-01 4.092973413788152937e-01 2.522597725026352045e-01
1.750000000000000000e+00 1.000000000000000000e+00 9.602073299873742362e-01 9.829262434180942032e-01 -2.271891343071996694e-02 4.209385300689025278e-01 4.395253928631057683e-01 2.639782884469790147e-01
2.000000000000000000e+00 1.000000000000000000e+00 9.596858873966931380e-01 9.932492134404103945e-01 -3.356332604371725647e-02 4.495860476599989886e-01 4.639054161419196576e-01 2.716570609235139933e-01
-2.000000000000000000e+00 1.250000000000000000e+00 9.100214705772133872e-01 9.147589846511490208e-01 -4.737514073935633618e-03 3.117045581908854390e-01 3.596591552528070612e-01 2.469900107388198207e-01
-1.750000000000000000e+00 1.250000000000000000e+00 8.010736132188341907e-01 5.836574337743005714e-01 2.174161794445336193e-01 1.512694631960982139e-01 2.089145548615144732e-01 1.781686951473701042e-01
-1.500000000000000000e+00 1.250000000000000000e+00 5.496362409793056347e-01 2.800000000000004152e-01 2.696362409793052195e-01 6.123607380800615008e-02 1.029826956108796099e-01 1.237307816817984490e-01
-1.250000000000000000e+00 1.250000000000000000e+00 3.965529902249602112e-01 8.935323161475476617e-02 3.071997586102054312e-01 2.254268487876969623e-02 4.093100817781954170e-02 5.962800415219764866e-02
-1.000000000000000000e+00 1.250000000000000000e+00 2.668146470316904995e-01 1.262378707044760351e-01 1.405767763272144644e-01 9.901942748808314348e-03 2.029063847304862778e-02 5.137965171193924901e-02
-7.500000000000000000e-01 1.250000000000000000e+00 2.132640414163055609e-01 1.262378707044762016e-01 8.702617071182935926e-02 5.376982346559565536e-03 1.538494863063126494e-02 5.200901255840902765e-02
-5.000000000000000000e-01 1.250000000000000000e+00 2.014375101543607327e-01 8.935323161475476617e-02 1.120842785396059665e-01 3.402477344286987913e-03 1.123686564111509717e-02 4.231535387870030696e-02
-2.500000000000000000e-01 1.250000000000000000e+00 3.058949128731857092e-01 1.262378707044760628e-01 1.796570421687096464e-01 4.557001791183777108e-03 2.072743588362651809e-02 7.419232967456286520e-02
0.000000000000000000e+00 1.250000000000000000e+00 3.389910963815740419e-01 1.262378707044762294e-01 2.127532256770978125e-01 7.614336708943106671e-03 2.402328401861958743e-02 6.670930184223158865e-02
2.500000000000000000e-01 1.250000000000000000e+00 4.159009751689313750e-01 2.659022376739254012e-01 1.499987374950059738e-01 1.505515261248023193e-02 4.446457844987063840e-02 1.047408591446394449e-01
5.000000000000000000e-01 1.250000000000000000e+00 4.644691826708637339e-01 3.060980235153440421e-01 1.583711591555196918e-01 3.788516460315316525e-02 7.462514505574320556e-02 1.231421583608545561e-01
7.500000000000000000e-01 1.250000000000000000e+00 6.704378045524277407e-01 4.189701660023061325e-01 2.514676385501216083e-01 8.023749057062494472e-02 1.385422687331537284e-01 1.610734513398421885e-01
1.000000000000000000e+00 1.250000000000000000e+00 8.273436218566604383e-01 6.636987268331900891e-01 1.636448950234703492e-01 1.850167440203938363e-01 2.435902812047975319e-01 2.027226317196297867e-01
1.250000000000000000e+00 1.250000000000000000e+00 9.102899237761170603e-01 8.837284650841609190e-01 2.656145869195614129e-02 2.910839245694930577e-01 3.405583718087307199e-01 2.363057445464988304e-01
1.500000000000000000e+00 1.250000000000000000e+00 9.474814839499924313e-01 9.249864863877796939e-01 2.249499756221273739e-02 3.531330421927304508e-01 3.918920107113373352e-01 2.495732411055938682e-01
1.750000000000000000e+00 1.250000000000000000e+00 9.579406930241927132e-01 9.687600322061148406e-01 -1.081933918192212740e-02 3.980431514972704310e-01 4.213195074823550268e-01 2.487510139396791886e-01
2.000000000000000000e+00 1.250000000000000000e+00 9.598412892611137837e-01 9.850969495435465406e-01 -2.525566028243275696e-02 4.146946107452429975e-01 4.352856610802613435e-01 2.628173124346091516e-01
-2.000000000000000000e+00 1.500000000000000000e+00 9.469585578513125546e-01 9.359999999999955023e-01 1.095855785131705229e-02 3.320368276400904595e-01 3.779503195946646854e-01 2.551102748904424122e-01
-1.750000000000000000e+00 1.500000000000000000e+00 7.594856729879106982e-01 6.105210889068423130e-01 1.489645840810683852e-01 1.531432163940078250e-01 2.143043539436844946e-01 1.911002241895191078e-01
-1.500000000000000000e+00 1.500000000000000000e+00 5.955875680556284024e-01 3.182703253525233089e-01 2.773172427031050935e-01 6.377023021945021908e-02 1.081639265938262873e-01 1.309618202792898201e-01
-1.250000000000000000e+00 1.500000000000000000e+00 4.259375417288459031e-01 1.262378707044761461e-01 2.996996710243697848e-01 2.371916383807820897e-02 4.556706405561420509e-02 7.503151718402734094e-02
-1.000000000000000000e+00 1.500000000000000000e+00 3.106760811023335234e-01 1.544538766104625871e-01 1.562222044918709363e-01 8.330659250444297920e-03 2.339929653313555652e-02 6.933083624611173501e-02
-7.500000000000000000e-01 1.500000000000000000e+00 1.852090943780815291e-01 8.935323161475478004e-02 9.585586276332674904e-02 4.324627000886887944e-03 1.297683689082120354e-02 4.239064209196286709e-02
-5.000000000000000000e-01 1.500000000000000000e+00 1.976582440051554146e-01 0.000000000000000000e+00 1.976582440051554146e-01 3.283859058986419131e-03 1.071200812832468451e-02 2.977634988433342303e-02
-2.500000000000000000e-01 1.500000000000000000e+00 3.312128861799016888e-01 1.781684596105609641e-01 1.530444265693407246e-01 3.828632943704654134e-03 1.763821925114408828e-02 6.973084249783574606e-02
0.000000000000000000e+00 1.500000000000000000e+00 2.562178676049454151e-01 8.935323161475473841e-02 1.668646359901906906e-01 5.425766428056630342e-03 1.730700650580851291e-02 4.703480073056193894e-02
2.500000000000000000e-01 1.500000000000000000e+00 3.533950934944244393e-01 1.544538766104625316e-01 1.989412168839619077e-01 1.276419230544877624e-02 3.522475564112392127e-02 7.619381029346541934e-02
5.000000000000000000e-01 1.500000000000000000e+00 5.148178603050262980e-01 2.659022376739247351e-01 2.489156226311015629e-01 3.030998815472191882e-02 6.622399612500330657e-02 1.062422509380606811e-01
7.500000000000000000e-01 1.500000000000000000e+00 6.422096820842299048e-01 3.725801927102404543e-01 2.696294893739894505e-01 7.524889350424734946e-02 1.268732177485631663e-01 1.452809369569445230e-01
1.000000000000000000e+00 1.500000000000000000e+00 8.570996448189145411e-01 6.452162428209649025e-01 2.118834019979496386e-01 1.626149736250028233e-01 2.241448677586070359e-01 1.953603269996731784e-01
1.250000000000000000e+00 1.500000000000000000e+00 8.887181876569369976e-01 8.416650165000304495e-01 4.705317115690654806e-02 2.570194029312299899e-01 3.152465155482972459e-01 2.343173618775721279e-01
1.500000000000000000e+00 1.500000000000000000e+00 9.518139632554428742e-01 9.645226798784981570e-01 -1.270871662305528282e-02 3.799360881212786034e-01 4.116073968102263447e-01 2.600307926807422509e-01
1.750000000000000000e+00 1.500000000000000000e+00 9.523157784476122822e-01 9.843901665498255849e-01 -3.207438810221330261e-02 4.321126293450562872e-01 4.517730009521544465e-01 2.616749025647782112e-01
2.000000000000000000e+00 1.500000000000000000e+00 9.698174261062042500e-01 9.953813339620093403e-01 -2.556390785580509029e-02 4.582372387848431261e-01 4.697535628528774487e-01 2.683552704015187973e-01
-2.000000000000000000e+00 1.750000000000000000e+00 9.529132401661101204e-01 9.432793859721486651e-01 9.633854193961455259e-03 3.523960461057709659e-01 3.904212718740805999e-01 2.551046931467459422e-01
-1.750000000000000000e+00 1.750000000000000000e+00 8.510131185943464738e-01 7.294820080029366105e-01 1.215311105914098633e-01 1.965668144697632347e-01 2.569581384392563006e-01 2.150888076764001788e-01
-1.500000000000000000e+00 1.750000000000000000e+00 6.864276515130610656e-01 3.823924685450781347e-01 3.040351829679829310e-01 8.833493475051056032e-02 1.393287105375789481e-01 1.457643017838423372e-01
-1.250000000000000000e+00 1.750000000000000000e+00 4.724818469952811739e-01 1.989974874213250589e-01 2.734843595739561151e-01 2.840925845969802938e-02 5.638297946570139385e-02 9.196805889963913239e-02
-1.000000000000000000e+00 1.750000000000000000e+00 3.108671569425278669e-01 1.262378707044762294e-01 1.846292862380516375e-01 1.088608330627397446e-02 2.719107349649812350e-02 5.749031823340946395e-02
-7.500000000000000000e-01 1.750000000000000000e+00 2.329317150655921265e-01 8.935323161475471065e-02 1.435784834508374019e-01 5.518771891240389221e-03 1.844625783620382209e-02 5.729077874377463270e-02
-5.000000000000000000e-01 1.750000000000000000e+00 2.844200204225755813e-01 1.262378707044762294e-01 1.581821497180993519e-01 3.484113397258921125e-03 1.767978625185772160e-02 6.539146466755942078e-02
-2.500000000000000000e-01 1.750000000000000000e+00 1.835813147893801400e-01 1.262378707044762016e-01 5.734344408490393841e-02 3.749619416018693929e-03 1.538150309363562479e-02 5.292979811557394637e-02
0.000000000000000000e+00 1.750000000000000000e+00 2.574319430304125023e-01 8.935323161475478004e-02 1.680787114156577222e-01 5.868143388469485022e-03 1.891144282741486285e-02 5.403169589440773302e-02
2.500000000000000000e-01 1.750000000000000000e+00 3.181764212321636642e-01 2.177705214210577944e-01 1.004058998111058698e-01 1.230280336184164450e-02 3.659000102413913907e-02 8.264303089429088367e-02
5.000000000000000000e-01 1.750000000000000000e+00 4.630230834645026605e-01 2.177705214210576556e-01 2.452525620434450049e-01 2.764357490950462848e-02 5.999363035727262039e-02 9.785532692911101671e-02
7.500000000000000000e-01 1.750000000000000000e+00 6.689060058685996069e-01 4.011782646156193399e-01 2.677277412529802669e-01 7.495033029317098305e-02 1.312202774974244035e-01 1.518641075365674831e-01
1.000000000000000000e+00 1.750000000000000000e+00 7.503331240193056306e-01 5.723635208501652860e-01 1.779696031691403446e-01 1.427925285930694010e-01 2.077509720861209497e-01 1.913316408264926216e-01
1.250000000000000000e+00 1.750000000000000000e+00 8.475227145784176574e-01 7.441612728434592317e-01 1.033614417349584258e-01 2.272676043266039780e-01 2.866576855620970865e-01 2.263235304482875410e-01
1.500000000000000000e+00 1.750000000000000000e+00 9.282966749321477362e-01 9.313989478198908545e-01 -3.102272887743118268e-03 3.413053527649906882e-01 3.837390845706169507e-01 2.442378016742648983e-01
1.750000000000000000e+00 1.750000000000000000e+00 9.528503176967226818e-01 9.806038955663961554e-01 -2.775357786967347362e-02 4.308005355090426258e-01 4.490864550918085008e-01 2.563294638319533747e-01
2.000000000000000000e+00 1.750000000000000000e+00 9.556705846724108389e-01 9.883804935347549891e-01 -3.270990886234415029e-02 4.356058422034007060e-01 4.535364681135415910e-01 2.641665415262845484e-01
-2.000000000000000000e+00 2.000000000000000000e+00 9.571020832412336921e-01 9.806038955663961554e-01 -2.350181232516246332e-02 4.231855058359776378e-01 4.442744732376940342e-01 2.610000064709031009e-01
-1.750000000000000000e+00 2.000000000000000000e+00 8.643077755582099231e-01 7.716890565506296928e-01 9.261871900758023024e-02 2.164713636955101772e-01 2.795676631032810167e-01 2.263497609269477795e-01
-1.500000000000000000e+00 2.000000000000000000e+00 7.236299617330300693e-01 4.189701660023052443e-01 3.046597957307248250e-01 1.015386776316363482e-01 1.592775772788850297e-01 1.561548166203755306e-01
-1.250000000000000000e+00 2.000000000000000000e+00 5.397604770123867191e-01 2.800000000000003042e-01 2.597604770123864149e-01 4.068371092910374326e-02 8.018244432698937163e-02 1.171260762425645335e-01
-1.000000000000000000e+00 2.000000000000000000e+00 3.368269620504596440e-01 1.989974874213236711e-01 1.378294746291359729e-01 1.434289293194621409e-02 3.588374129137238133e-02 8.097644725825375867e-02
-7.500000000000000000e-01 2.000000000000000000e+00 2.504064354713679830e-01 1.262378707044761184e-01 1.241685647668918646e-01 7.135433380760206404e-03 2.251280236420708306e-02 5.793714233258957097e-02
-5.000000000000000000e-01 2.000000000000000000e+00 2.809970317733785361e-01 0.000000000000000000e+00 2.809970317733785361e-01 4.550176849929720747e-03 1.637314359030542232e-02 4.753977980653506519e-02
-2.500000000000000000e-01 2.000000000000000000e+00 3.030180682110551471e-01 8.935323161475479392e-02 2.136648365963003671e-01 4.675695571192312744e-03 2.080441977726935066e-02 6.097221128744714780e-02
0.000000000000000000e+00 2.000000000000000000e+00 3.171481959592593047e-01 1.544538766104626704e-01 1.626943193487966344e-01 5.393823143827864396e-03 2.349605834861472065e-02 7.317444621570437513e-02
2.500000000000000000e-01 2.000000000000000000e+00 4.067721327109412033e-01 1.781684596105607976e-01 2.286036731003804057e-01 1.343635024874157390e-02 4.017248566265054638e-02 8.799333939135262073e-02
5.000000000000000000e-01 2.000000000000000000e+00 4.891203615727783283e-01 3.299454500368186327e-01 1.591749115359596956e-01 2.803668116505862035e-02 7.351523108775012694e-02 1.322654117489924230e-01
7.500000000000000000e-01 2.000000000000000000e+00 6.542650232198501392e-01 4.358898943540676640e-01 2.183751288657824752e-01 6.866886826645418607e-02 1.324680457441847481e-01 1.656298480962976605e-01
1.000000000000000000e+00 2.000000000000000000e+00 7.403340840830809899e-01 5.169758214849121680e-01 2.233582625981688219e-01 1.169686307839124806e-01 1.817113028122494256e-01 1.842325180251748185e-01
1.250000000000000000e+00 2.000000000000000000e+00 8.863904556184813988e-01 8.088609274776474845e-01 7.752952814083391431e-02 2.476531508232774625e-01 3.044502839240804115e-01 2.309085321409775904e-01
1.500000000000000000e+00 2.000000000000000000e+00 9.411028899139499693e-01 9.374945333173904105e-01 3.608356596559558760e-03 3.338734279965563378e-01 3.808529000270084452e-01 2.466761401111724206e-01
1.750000000000000000e+00 2.000000000000000000e+00 9.500427565802852525e-01 9.727157858285259140e-01 -2.267302924824066146e-02 3.940262617426659730e-01 4.227277613531960077e-01 2.617126942856317084e-01
2.000000000000000000e+00 2.000000000000000000e+00 9.639985060164129038e-01 9.850969495435465406e-01 -2.109844352713363680e-02 4.286317184324794916e-01 4.491606432774990498e-01 2.663075439033954495e-01
-2.000000000000000000e+00 2.250000000000000000e+00 9.629187569043125006e-01 9.917741678426553742e-01 -2.885541093834287363e-02 4.241571034537856555e-01 4.483825370219433060e-01 2.677727160728056721e-01
-1.750000000000000000e+00 2.250000000000000000e+00 9.141995782741211274e-01 8.338441101309015391e-01 8.035546814321958831e-02 2.603827961422902626e-01 3.156666573491314076e-01 2.354246339451624703e-01
-1.500000000000000000e+00 2.250000000000000000e+00 7.974734422859089955e-01 5.946292962846707608e-01 2.028441460012382347e-01 1.325805470198472280e-01 2.017811578667388916e-01 1.928000073304757256e-01
-1.250000000000000000e+00 2.250000000000000000e+00 5.743863903667206783e-01 2.509501942617309300e-01 3.234361961049897483e-01 5.614612847822961911e-02 1.011472408483009011e-01 1.208618979178333330e-01
-1.000000000000000000e+00 2.250000000000000000e+00 4.386765283951986061e-01 1.989974874213244482e-01 2.396790409738741578e-01 2.252259785724605376e-02 5.272576080514369823e-02 9.058122442988969514e-02
-7.500000000000000000e-01 2.250000000000000000e+00 4.118102175047935187e-01 2.177705214210585716e-01 1.940396960837349472e-01 1.139927588262947336e-02 3.721529460836182912e-02 8.745497089538217805e-02
-5.000000000000000000e-01 2.250000000000000000e+00 3.630008895777816491e-01 1.989974874213246148e-01 1.640034021564570343e-01 6.758454194075369167e-03 2.565484788474559769e-02 7.380041317928741351e-02
-2.500000000000000000e-01 2.250000000000000000e+00 2.846681403893590034e-01 1.781684596105611584e-01 1.064996807787978450e-01 6.026651204339700599e-03 2.247048657573977662e-02 6.776441630024926388e-02
0.000000000000000000e+00 2.250000000000000000e+00 3.434957531986453927e-01 2.349808502835913915e-01 1.085149029150540012e-01 8.431664712998020172e-03 3.400208275067075070e-02 9.399453982534046459e-02
2.500000000000000000e-01 2.250000000000000000e+00 3.563714419281737156e-01 1.989974874213233103e-01 1.573739545068504053e-01 1.343093823741167876e-02 4.217857268388437025e-02 9.264240157515410412e-02
5.000000000000000000e-01 2.250000000000000000e+00 5.134694181583571160e-01 2.659022376739242355e-01 2.475671804844328805e-01 2.923489919877624368e-02 6.925349701584271322e-02 1.192037529922814754e-01
7.500000000000000000e-01 2.250000000000000000e+00 6.700200463998087219e-01 4.011782646156197285e-01 2.688417817841889934e-01 6.110341354623697457e-02 1.178405321655321830e-01 1.518763775401220650e-01
1.000000000000000000e+00 2.250000000000000000e+00 7.561440410438811099e-01 6.307329070216621814e-01 1.254111340222189286e-01 1.287780541062981399e-01 1.978167041738398413e-01 1.995482817827748112e-01
1.250000000000000000e+00 2.250000000000000000e+00 8.740830516480836421e-01 7.616403350663623062e-01 1.124427165817213359e-01 2.139402165670550582e-01 2.782186439215715845e-01 2.210828931557162202e-01
1.500000000000000000e+00 2.250000000000000000e+00 9.299944134241688865e-01 8.960267853139231020e-01 3.396762811024578443e-02 3.129281479601231930e-01 3.584219605512097284e-01 2.431578671812530679e-01
1.750000000000000000e+00 2.250000000000000000e+00 9.546878448178705012e-01 9.754998718605792929e-01 -2.081202704270879167e-02 3.984693182493480035e-01 4.241301562625495736e-01 2.580205048598321893e-01
2.000000000000000000e+00 2.250000000000000000e+00 9.494162366576230916e-01 9.745891442038505659e-01 -2.517290754622747428e-02 3.979437496460322410e-01 4.288431753324764006e-01 2.660436104281507785e-01
-2.000000000000000000e+00 2.500000000000000000e+00 9.587607322741208415e-01 9.991996797437439071e-01 -4.043894746962306552e-02 4.751821492329986185e-01 4.817368505329635564e-01 2.656805641989050115e-01
-1.750000000000000000e+00 2.500000000000000000e+00 9.235127768686002270e-01 9.147589846511490208e-01 8.753792217451206170e-03 3.253667370627726929e-01 3.674048019122953534e-01 2.479374546785777234e-01
-1.500000000000000000e+00 2.500000000000000000e+00 8.066092225748572320e-01 6.897999710060894740e-01 1.168092515687677579e-01 1.690313537568992330e-01 2.381352907138247210e-01 2.146768145044214426e-01
-1.250000000000000000e+00 2.500000000000000000e+00 6.388630372753685283e-01 3.624582734605462098e-01 2.764047638148223185e-01 7.680314957891294647e-02 1.321746493779098475e-01 1.458297303743023299e-01
-1.000000000000000000e+00 2.500000000000000000e+00 4.813422664523449024e-01 2.349808502835915303e-01 2.463614161687533721e-01 3.662895162397387244e-02 7.850585137988090600e-02 1.132881432327838556e-01
-7.500000000000000000e-01 2.500000000000000000e+00 4.122395980256990944e-01 3.060980235153436535e-01 1.061415745103554409e-01 1.885852419270947489e-02 5.483543940046472359e-02 1.188358956346910883e-01
-5.000000000000000000e-01 2.500000000000000000e+00 3.595248836927386060e-01 2.349808502835915580e-01 1.245440334091470480e-01 1.152077013688191515e-02 3.932617350276632062e-02 9.564903104468711059e-02
-2.500000000000000000e-01 2.500000000000000000e+00 4.111089101048744365e-01 1.262378707044760628e-01 2.848710394003983737e-01 9.671410157341310196e-03 3.471678154749255341e-02 8.206753804585825707e-02
0.000000000000000000e+00 2.500000000000000000e+00 3.571674297903340567e-01 1.544538766104633365e-01 2.027135531798707202e-01 1.091851388571161117e-02 3.560554877856775963e-02 7.732876835249191672e-02
2.500000000000000000e-01 2.500000000000000000e+00 4.028017184978266441e-01 1.262378707044762016e-01 2.765638477933504147e-01 1.752993563539057345e-02 4.879063557409281382e-02 8.745552561914120282e-02
5.000000000000000000e-01 2.500000000000000000e+00 4.947880810979951027e-01 2.933666647729433752e-01 2.014214163250517275e-01 2.971118627329921019e-02 7.598838472784945341e-02 1.241143584222616919e-01
7.500000000000000000e-01 2.500000000000000000e+00 6.404841163791366032e-01 4.101901997854185411e-01 2.302939165937180621e-01 6.537535023774264376e-02 1.270821362314485115e-01 1.570391220667264331e-01
1.000000000000000000e+00 2.500000000000000000e+00 7.719972617377656166e-01 6.052966215005686212e-01 1.667006402371969953e-01 1.220395632186074553e-01 1.952316921359981694e-01 1.994627862863129208e-01
1.250000000000000000e+00 2.500000000000000000e+00 8.626629319383449790e-01 7.908577621797769908e-01 7.180516975856798823e-02 2.016402478600236026e-01 2.721207432997006515e-01 2.342327727017567696e-01
1.500000000000000000e+00 2.500000000000000000e+00 9.112939127208512513e-01 8.837284650841609190e-01 2.756544763669033227e-02 2.796277932543204670e-01 3.365996220438428610e-01 2.459761262808481952e-01
1.750000000000000000e+00 2.500000000000000000e+00 9.455829820527377194e-01 9.374945333173901885e-01 8.088448735347530949e-03 3.449414502932243720e-01 3.846048736154595860e-01 2.558199384657937614e-01
2.000000000000000000e+00 2.500000000000000000e+00 9.579283356332811694e-01 9.907088371464131127e-01 -3.278050151313194327e-02 4.422787177346459986e-01 4.582388896440961479e-01 2.721132064152960717e-01
-2.000000000000000000e+00 2.750000000000000000e+00 9.524556135875522633e-01 9.945772971468858081e-01 -4.212168355933354480e-02 4.637206256645249880e-01 4.688024313483307726e-01 2.667562197245158528e-01
-1.750000000000000000e+00 2.750000000000000000e+00 9.205108117313595129e-01 9.018736053350302484e-01 1.863720639632926446e-02 3.120121267816724497e-01 3.578997644795928745e-01 2.412483548692428148e-01
-1.500000000000000000e+00 2.750000000000000000e+00 8.431624175066007032e-01 7.441612728434586765e-01 9.900114466314202666e-02 1.900643924988023314e-01 2.591754483649750251e-01 2.238795253837723986e-01
-1.250000000000000000e+00 2.750000000000000000e+00 7.269746587864064358e-01 5.547756303227441288e-01 1.721990284636623070e-01 1.185050528074245574e-01 1.822409038442513451e-01 1.818766438688316778e-01
-1.000000000000000000e+00 2.750000000000000000e+00 5.763936985222596343e-01 3.519999999999984253e-01 2.243936985222612090e-01 5.961304650331107624e-02 1.097582628924596987e-01 1.365623626894120479e-01
-7.500000000000000000e-01 2.750000000000000000e+00 5.144860825866800491e-01 1.989974874213239764e-01 3.154885951653561005e-01 2.792293695754159352e-02 6.943145980906080539e-02 1.157605142234366807e-01
-5.000000000000000000e-01 2.750000000000000000e+00 4.300546196861638748e-01 2.509501942617303749e-01 1.791044254244334999e-01 2.087477594569259881e-02 5.550340328503445414e-02 1.036382788357224222e-01
-2.500000000000000000e-01 2.750000000000000000e+00 4.106311318054645665e-01 1.544538766104628646e-01 2.561772551950016741e-01 1.774475277754472211e-02 4.752244136762662913e-02 8.312059672127806997e-02
0.000000000000000000e+00 2.750000000000000000e+00 4.701088817126859998e-01 2.799999999999996936e-01 1.901088817126863062e-01 1.992655970491602826e-02 5.459428046503266019e-02 1.025344686088743573e-01
2.500000000000000000e-01 2.750000000000000000e+00 4.361443323116640514e-01 2.933666647729433197e-01 1.427776675387207317e-01 2.623437348357439067e-02 6.609377423057544165e-02 1.145023255048912836e-01
5.000000000000000000e-01 2.750000000000000000e+00 5.806052187270512865e-01 3.624582734605459322e-01 2.181469452665053543e-01 3.961941579918048378e-02 9.779732465778553929e-02 1.496213410424290513e-01
7.500000000000000000e-01 2.750000000000000000e+00 6.850608409037550750e-01 5.235417843878390487e-01 1.615190565159160263e-01 7.806000925721302830e-02 1.473094537152998817e-01 1.755652962485543256e-01
1.000000000000000000e+00 2.750000000000000000e+00 7.742499299352626485e-01 6.307329070216620703e-01 1.435170229136005782e-01 1.368367133093702503e-01 2.101096070920301928e-01 2.041468198482326302e-01
1.250000000000000000e+00 2.750000000000000000e+00 8.793128459601656788e-01 7.908577621797751034e-01 8.845508378039057540e-02 2.214053569886047235e-01 2.890034352656285499e-01 2.371319027708815586e-01
1.500000000000000000e+00 2.750000000000000000e+00 9.231611855515908793e-01 8.879189152169252308e-01 3.524227033466564851e-02 2.826440284092333610e-01 3.379192534416167182e-01 2.417310425218148484e-01
1.750000000000000000e+00 2.750000000000000000e+00 9.400465791471115384e-01 9.645226798784980460e-01 -2.447610073138650755e-02 3.645524833632289852e-01 4.058328537473001596e-01 2.601327442923727640e-01
2.000000000000000000e+00 2.750000000000000000e+00 9.600317000324078975e-01 9.745891442038504549e-01 -1.455744417144255731e-02 4.092666158265504950e-01 4.318867939995534311e-01 2.607165801561863172e-01
-2.000000000000000000e+00 3.000000000000000000e+00 9.514032527606888223e-01 9.932492134404103945e-01 -4.184596067972157218e-02 4.452238571259916067e-01 4.630595386861684482e-01 2.686647722821446926e-01
-1.750000000000000000e+00 3.000000000000000000e+00 9.415518697014372274e-01 9.404254356407015791e-01 1.126434060735648224e-03 3.606658378603239123e-01 3.992834444622001544e-01 2.662489724522855705e-01
-1.500000000000000000e+00 3.000000000000000000e+00 9.122721996970226677e-01 8.416650165000307826e-01 7.060718319699188505e-02 2.693330859709273661e-01 3.279303324282123455e-01 2.386804354001020034e-01
-1.250000000000000000e+00 3.000000000000000000e+00 7.608881665269391359e-01 6.591631057636678781e-01 1.017250607632712578e-01 1.557216558057175904e-01 2.262334856516251824e-01 2.100250545205910313e-01
-1.000000000000000000e+00 3.000000000000000000e+00 6.632618409068065102e-01 5.034918072819054569e-01 1.597700336249010533e-01 8.882085139238972415e-02 1.564489551953558155e-01 1.800574841458840170e-01
-7.500000000000000000e-01 3.000000000000000000e+00 6.609058188715378757e-01 4.358898943540693849e-01 2.250159245174684908e-01 6.701984251336651210e-02 1.315686109599445985e-01 1.661575711875932504e-01
-5.000000000000000000e-01 3.000000000000000000e+00 5.940941599574534049e-01 3.624582734605460432e-01 2.316358864969073617e-01 4.062702587314409586e-02 9.411186669662278959e-02 1.440580405443940559e-01
-2.500000000000000000e-01 3.000000000000000000e+00 5.120266796119060659e-01 2.349808502835913915e-01 2.770458293283146745e-01 2.845354534370100538e-02 6.919974350014390652e-02 1.120837459890729609e-01
0.000000000000000000e+00 3.000000000000000000e+00 5.737216837249354828e-01 3.823924685450781347e-01 1.913292151798573482e-01 3.782805524470635172e-02 9.456542933669741247e-02 1.467054196383321130e-01
2.500000000000000000e-01 3.000000000000000000e+00 6.244291464724348595e-01 3.519999999999982032e-01 2.724291464724366563e-01 4.246734980221119476e-02 9.844268812604412000e-02 1.455723329584675541e-01
5.000000000000000000e-01 3.000000000000000000e+00 6.786506260051885508e-01 4.358898943540680526e-01 2.427607316511204982e-01 6.644710137238114822e-02 1.291241234932036797e-01 1.626095000629501075e-01
7.500000000000000000e-01 3.000000000000000000e+00 7.727526900016911116e-01 5.425863986500196745e-01 2.301662913516714370e-01 1.015377156748597520e-01 1.768917031232993542e-01 1.922545087875261183e-01
1.000000000000000000e+00 3.000000000000000000e+00 7.859354732595990045e-01 6.591631057636683222e-01 1.267723674959306823e-01 1.533173046526203065e-01 2.223956965544796605e-01 2.101680668152716147e-01
1.250000000000000000e+00 3.000000000000000000e+00 8.528477299040355675e-01 7.582189657348349376e-01 9.462876416920062983e-02 1.922577061210819505e-01 2.621988612664643559e-01 2.309916325423771732e-01
1.500000000000000000e+00 3.000000000000000000e+00 9.266670674549645215e-01 9.056621886774319785e-01 2.100487877753254295e-02 3.039317052418951670e-01 3.559610568898876060e-01 2.534910899254006478e-01
1.750000000000000000e+00 3.000000000000000000e+00 9.403411688309357697e-01 9.588242800430110124e-01 -1.848311121207524277e-02 3.747103581039910036e-01 4.101552111511446719e-01 2.607033453130963574e-01
2.000000000000000000e+00 3.000000000000000000e+00 9.524289713203726304e-01 9.821690282227355517e-01 -2.974005690236292132e-02 4.057130914648831577e-01 4.338809730344801441e-01 2.665601436223025145e-01
