# position velocity action_std action_loc_std action_std_diff action_mean_p_0 action_p_0_mean action_p_0_std
-2.000000000000000000e+00 -3.000000000000000000e+00 7.324990225544761868e-01 6.207608235061256030e-01 1.117381990483505838e-01 8.956335023727260980e-01 8.103774668996261976e-01 2.065330955173782235e-01
-1.750000000000000000e+00 -3.000000000000000000e+00 5.753750531314316685e-01 4.011782646156212273e-01 1.741967885158104412e-01 9.507813771045628970e-01 8.873730662150861592e-01 1.492121891487199759e-01
-1.500000000000000000e+00 -3.000000000000000000e+00 4.514292020793649329e-01 3.299454500368191323e-01 1.214837520425458006e-01 9.768961458589547897e-01 9.327191859904653271e-01 1.248329302405578739e-01
-1.250000000000000000e+00 -3.000000000000000000e+00 3.646337811431880072e-01 1.989974874213238099e-01 1.656362937218641973e-01 9.923193121656336269e-01 9.680304562057847617e-01 8.979467329289428368e-02
-1.000000000000000000e+00 -3.000000000000000000e+00 2.534178247266258288e-01 8.935323161475471065e-02 1.640645931118711043e-01 9.968057452978689170e-01 9.861080018446664042e-01 4.575283129600998117e-02
-7.500000000000000000e-01 -3.000000000000000000e+00 2.507184495044097461e-01 0.000000000000000000e+00 2.507184495044097461e-01 9.973989994720239283e-01 9.875618312968050816e-01 4.296318649885889213e-02
-5.000000000000000000e-01 -3.000000000000000000e+00 1.997804429097647660e-01 8.935323161475473841e-02 1.104272112950100276e-01 9.986766650298579684e-01 9.915090438193611133e-01 4.600466117755028922e-02
-2.500000000000000000e-01 -3.000000000000000000e+00 1.650285358985667528e-01 0.000000000000000000e+00 1.650285358985667528e-01 9.984335117399989468e-01 9.938906299987309012e-01 2.277087379739698228e-02
0.000000000000000000e+00 -3.000000000000000000e+00 1.998623799696503944e-01 8.935323161475472453e-02 1.105091483548956699e-01 9.974959397747196199e-01 9.875188950141559063e-01 4.937679393456204796e-02
2.500000000000000000e-01 -3.000000000000000000e+00 2.333988460646318763e-01 0.000000000000000000e+00 2.333988460646318763e-01 9.960620799182475782e-01 9.864768136017645350e-01 3.836236571646203103e-02
5.000000000000000000e-01 -3.000000000000000000e+00 2.872949289582448218e-01 0.000000000000000000e+00 2.872949289582448218e-01 9.896825179582484644e-01 9.737007335439346045e-01 4.668004117338634545e-02
7.500000000000000000e-01 -3.000000000000000000e+00 4.653324931830150613e-01 2.800000000000011924e-01 1.853324931830138689e-01 9.680241774585214287e-01 9.230097715793844637e-01 1.151685454604055026e-01
1.000000000000000000e+00 -3.000000000000000000e+00 7.307066251386430400e-01 5.547756303227437957e-01 1.759309948158992443e-01 9.194500638982916474e-01 8.390996177793276223e-01 1.951335091300979152e-01
1.250000000000000000e+00 -3.000000000000000000e+00 8.306322980364937436e-01 8.000000000000022649e-01 3.063229803649147875e-02 8.130172741477628140e-01 7.244632277836896561e-01 2.468059281380299286e-01
1.500000000000000000e+00 -3.000000000000000000e+00 9.212107853873126029e-01 9.418619856433345650e-01 -2.065120025602196208e-02 6.831703882032938990e-01 6.253053141527504799e-01 2.824727281385844835e-01
1.750000000000000000e+00 -3.000000000000000000e+00 9.589292181943993576e-01 9.993517899118461445e-01 -4.042257171744678690e-02 5.162192758828699768e-01 5.143045559279929568e-01 2.963905557323793238e-01
2.000000000000000000e+00 -3.000000000000000000e+00 9.551262538194333906e-01 9.941508939793781696e-01 -3.902464015994477897e-02 4.140217033901542054e-01 4.476227565838406530e-01 2.874052932553666784e-01
-2.000000000000000000e+00 -2.750000000000000000e+00 7.510599202634834493e-01 5.607280981010314136e-01 1.903318221624520357e-01 9.065060082377641715e-01 8.308184217366021418e-01 1.892172342889252568e-01
-1.750000000000000000e+00 -2.750000000000000000e+00 5.094458882855816828e-01 3.519999999999978146e-01 1.574458882855838682e-01 9.642186560013280561e-01 9.067726194073072454e-01 1.449396750047996230e-01
-1.500000000000000000e+00 -2.750000000000000000e+00 4.421669476826777800e-01 2.177705214210587659e-01 2.243964262616190142e-01 9.887673177006426339e-01 9.633202410516326086e-01 8.529286708240602088e-02
-1.250000000000000000e+00 -2.750000000000000000e+00 2.521394645606508944e-01 0.000000000000000000e+00 2.521394645606508944e-01 9.960935124065680712e-01 9.855563140952524614e-01 3.611094525468550726e-02
-1.000000000000000000e+00 -2.750000000000000000e+00 2.452706130483810754e-01 0.000000000000000000e+00 2.452706130483810754e-01 9.981027574881554676e-01 9.894731893202843853e-01 4.068784287348486961e-02
-7.500000000000000000e-01 -2.750000000000000000e+00 1.211622284488071549e-01 8.935323161475475229e-02 3.180899683405240264e-02 9.992388783047951861e-01 9.944713956864447146e-01 3.886698529111165534e-02
-5.000000000000000000e-01 -2.750000000000000000e+00 1.754408411482605845e-01 0.000000000000000000e+00 1.754408411482605845e-01 9.994526294619966444e-01 9.976485488899637932e-01 8.915871583163747019e-03
-2.500000000000000000e-01 -2.750000000000000000e+00 1.188467018413413012e-01 0.000000000000000000e+00 1.188467018413413012e-01 9.993947636903107723e-01 9.973706615084103611e-01 8.659207579654590314e-03
0.000000000000000000e+00 -2.750000000000000000e+00 1.586348905408909229e-02 0.000000000000000000e+00 1.586348905408909229e-02 9.991151000471614196e-01 9.967011926641178299e-01 1.055198602384400421e-02
2.500000000000000000e-01 -2.750000000000000000e+00 2.006742479365812848e-01 0.000000000000000000e+00 2.006742479365812848e-01 9.978278236835959047e-01 9.915424974292410543e-01 2.993772199798467801e-02
5.000000000000000000e-01 -2.750000000000000000e+00 3.308852404899242927e-01 1.544538766104628924e-01 1.764313638794614003e-01 9.937122422908118979e-01 9.766168577091089986e-01 6.632104943252888074e-02
7.500000000000000000e-01 -2.750000000000000000e+00 3.676571029434527182e-01 1.781684596105613805e-01 1.894886433328913378e-01 9.814942280253723395e-01 9.492224546440488631e-01 8.720441503486987822e-02
1.000000000000000000e+00 -2.750000000000000000e+00 6.523692097576628823e-01 4.011782646156195065e-01 2.511909451420433759e-01 9.421674263747761291e-01 8.779656848378821765e-01 1.600496722185175413e-01
1.250000000000000000e+00 -2.750000000000000000e+00 8.646721436645152803e-01 7.441612728434595647e-01 1.205108708210557156e-01 8.360480148508585563e-01 7.507178903997144825e-01 2.387959414895604315e-01
1.500000000000000000e+00 -2.750000000000000000e+00 9.426567717420559767e-01 9.588242800430112345e-01 -1.616750830095525782e-02 6.630450293396761285e-01 6.110544651089219181e-01 2.888064532518538896e-01
1.750000000000000000e+00 -2.750000000000000000e+00 9.700356057532303344e-01 9.999279974078089106e-01 -2.989239165457857617e-02 5.023429646995414277e-01 5.005327394553276132e-01 2.956525919911219269e-01
2.000000000000000000e+00 -2.750000000000000000e+00 9.506087341688043146e-01 9.634189120003792128e-01 -1.281017783157489820e-02 3.603697926362775528e-01 4.073851354298408389e-01 2.847991317028580327e-01
-2.000000000000000000e+00 -2.500000000000000000e+00 6.685366197597737425e-01 5.169758214849121680e-01 1.515607982748615745e-01 9.388511616845988117e-01 8.612614228691720664e-01 1.838682086073668842e-01
-1.750000000000000000e+00 -2.500000000000000000e+00 4.869640961909588728e-01 2.800000000000002487e-01 2.069640961909586241e-01 9.763106142527854248e-01 9.335518402660163417e-01 1.198344383327765439e-01
-1.500000000000000000e+00 -2.500000000000000000e+00 2.701389154249404512e-01 1.544538766104634198e-01 1.156850388144770314e-01 9.921837956964177918e-01 9.714855285273532592e-01 7.206647098826267361e-02
-1.250000000000000000e+00 -2.500000000000000000e+00 2.100781625708329214e-01 0.000000000000000000e+00 2.100781625708329214e-01 9.977831520456139636e-01 9.906408407057286647e-01 2.941807687706139707e-02
-1.000000000000000000e+00 -2.500000000000000000e+00 9.036139162391072788e-02 0.000000000000000000e+00 9.036139162391072788e-02 9.991871656153274994e-01 9.963975439108343490e-01 1.186249461618690652e-02
-7.500000000000000000e-01 -2.500000000000000000e+00 1.419892437071517688e-01 0.000000000000000000e+00 1.419892437071517688e-01 9.995994955515017377e-01 9.966258315033182935e-01 1.912666028375051980e-02
-5.000000000000000000e-01 -2.500000000000000000e+00 1.781683507166069713e-01 8.935323161475473841e-02 8.881511910185223291e-02 9.997226359011206487e-01 9.971857622325916992e-01 2.623844846426551594e-02
-2.500000000000000000e-01 -2.500000000000000000e+00 1.234447894782885607e-01 0.000000000000000000e+00 1.234447894782885607e-01 9.997277027306267216e-01 9.986567462172860621e-01 7.392528776851469210e-03
0.000000000000000000e+00 -2.500000000000000000e+00 9.082620744977337734e-02 0.000000000000000000e+00 9.082620744977337734e-02 9.995381224489828798e-01 9.974076628637476016e-01 1.696698537621567360e-02
2.500000000000000000e-01 -2.500000000000000000e+00 1.264078655370484139e-01 0.000000000000000000e+00 1.264078655370484139e-01 9.987786798201983007e-01 9.965656995360341330e-01 1.043676527016273829e-02
5.000000000000000000e-01 -2.500000000000000000e+00 2.245205245192902210e-01 8.935323161475478004e-02 1.351672929045354410e-01 9.959773416030542892e-01 9.849326067093776560e-01 4.711207288964694428e-02
7.500000000000000000e-01 -2.500000000000000000e+00 3.710040052319351078e-01 1.262378707044761739e-01 2.447661345274589340e-01 9.859970584750393785e-01 9.603971689378641985e-01 7.160159473963109700e-02
1.000000000000000000e+00 -2.500000000000000000e+00 4.886831879814313995e-01 3.182703253525229758e-01 1.704128626289084236e-01 9.546322399555912108e-01 9.038645011297962162e-01 1.359216486868364271e-01
1.250000000000000000e+00 -2.500000000000000000e+00 8.392379146666424372e-01 7.218974996493617846e-01 1.173404150172806526e-01 8.423605233032263051e-01 7.595076400398644845e-01 2.330222985625007015e-01
1.500000000000000000e+00 -2.500000000000000000e+00 9.429786164018016947e-01 9.329523031752521289e-01 1.002631322654956580e-02 6.819259279362082093e-01 6.263206022771242720e-01 2.767114711185745257e-01
1.750000000000000000e+00 -2.500000000000000000e+00 9.716004342793194137e-01 9.994878688608483941e-01 -2.788743458152898036e-02 4.706256426567944628e-01 4.836677883772247388e-01 2.837946090958109457e-01
2.000000000000000000e+00 -2.500000000000000000e+00 9.547440680569506677e-01 9.500821017154231773e-01 4.661966341527490343e-03 3.201480852040086145e-01 3.785216346985161295e-01 2.850488223414850419e-01
-2.000000000000000000e+00 -2.250000000000000000e+00 6.318756306936560430e-01 3.624582734605470424e-01 2.694173572331090005e-01 9.514042354914520327e-01 8.854805606534751350e-01 1.553914849037722479e-01
-1.750000000000000000e+00 -2.250000000000000000e+00 3.764334478570107723e-01 1.544538766104628646e-01 2.219795712465479076e-01 9.828652984191627029e-01 9.536524670184639563e-01 8.438869443735105835e-02
-1.500000000000000000e+00 -2.250000000000000000e+00 2.203366607666623345e-01 8.935323161475472453e-02 1.309834291519076099e-01 9.951997836460312330e-01 9.838542564770758059e-01 4.254787936650119423e-02
-1.250000000000000000e+00 -2.250000000000000000e+00 1.833409860379882003e-02 8.935323161475473841e-02 -7.101913301095591491e-02 9.984918966961831011e-01 9.934064414064400772e-01 3.159162942373205246e-02
-1.000000000000000000e+00 -2.250000000000000000e+00 1.290566694987571594e-01 0.000000000000000000e+00 1.290566694987571594e-01 9.995053775550608588e-01 9.980462990768155240e-01 5.924187884578856374e-03
-7.500000000000000000e-01 -2.250000000000000000e+00 2.283896337706759795e-03 0.000000000000000000e+00 2.283896337706759795e-03 9.997831958685738929e-01 9.984002109557187365e-01 1.031261752889482859e-02
-5.000000000000000000e-01 -2.250000000000000000e+00 9.773508382868325892e-07 0.000000000000000000e+00 9.773508382868325892e-07 9.998288322127217853e-01 9.984017254626774696e-01 1.243780350342910297e-02
-2.500000000000000000e-01 -2.250000000000000000e+00 8.935307757330532286e-02 0.000000000000000000e+00 8.935307757330532286e-02 9.998301163717536744e-01 9.991560482939882970e-01 4.251520563856215143e-03
0.000000000000000000e+00 -2.250000000000000000e+00 1.092095515069674756e-05 0.000000000000000000e+00 1.092095515069674756e-05 9.996910111904973029e-01 9.988365663585767606e-01 4.971671017742195289e-03
2.500000000000000000e-01 -2.250000000000000000e+00 1.831025934195401883e-01 0.000000000000000000e+00 1.831025934195401883e-01 9.991699833108574902e-01 9.966515711484651430e-01 2.038406820729955771e-02
5.000000000000000000e-01 -2.250000000000000000e+00 1.793429824031530367e-02 0.000000000000000000e+00 1.793429824031530367e-02 9.971818458869207147e-01 9.915226075573977393e-01 1.785292221681806721e-02
7.500000000000000000e-01 -2.250000000000000000e+00 3.342723071557707204e-01 8.935323161475479392e-02 2.449190755410159404e-01 9.861832412522192337e-01 9.647587450555248356e-01 6.135292838060948245e-02
1.000000000000000000e+00 -2.250000000000000000e+00 5.585199374027594033e-01 3.519999999999983697e-01 2.065199374027610335e-01 9.460207430568329245e-01 8.886876906078853278e-01 1.481700575061395408e-01
1.250000000000000000e+00 -2.250000000000000000e+00 8.058840659822296137e-01 6.939740629158955842e-01 1.119100030663340295e-01 8.405721656769699068e-01 7.640942227144765786e-01 2.243504941535937325e-01
1.500000000000000000e+00 -2.250000000000000000e+00 9.534632694922405838e-01 9.857869952479593190e-01 -3.232372575571873519e-02 6.033704776491357613e-01 5.674762024261138516e-01 2.924424965739974569e-01
1.750000000000000000e+00 -2.250000000000000000e+00 9.658238880585425790e-01 9.772696659571536992e-01 -1.144577789861112027e-02 3.868036552157528840e-01 4.297445109393512874e-01 2.847186887958497725e-01
2.000000000000000000e+00 -2.250000000000000000e+00 9.161678909092543233e-01 9.075241043630766224e-01 8.643786546177700814e-03 2.703708462735731621e-01 3.377401127002249703e-01 2.757440737268132547e-01
-2.000000000000000000e+00 -2.000000000000000000e+00 5.653774153816997217e-01 3.624582734605481527e-01 2.029191419211515690e-01 9.627628499701149645e-01 9.104335191258829951e-01 1.371169210904290003e-01
-1.750000000000000000e+00 -2.000000000000000000e+00 3.353911988346291451e-01 1.781684596105608809e-01 1.572227392240682642e-01 9.877065766722923357e-01 9.622819405808873405e-01 8.054163556204135821e-02
-1.500000000000000000e+00 -2.000000000000000000e+00 2.179499756174316516e-01 8.935323161475473841e-02 1.285967440026768993e-01 9.971101689402880330e-01 9.881653527164301343e-01 4.269597938881487809e-02
-1.250000000000000000e+00 -2.000000000000000000e+00 6.677745186370259711e-02 8.935323161475475229e-02 -2.257577975105215518e-02 9.991715809385502967e-01 9.950077322475943120e-01 4.252722692354701794e-02
-1.000000000000000000e+00 -2.000000000000000000e+00 2.887867609864317158e-04 0.000000000000000000e+00 2.887867609864317158e-04 9.996654078176443470e-01 9.976996536253458503e-01 9.989695549847672426e-03
-7.500000000000000000e-01 -2.000000000000000000e+00 9.947274356225895009e-02 0.000000000000000000e+00 9.947274356225895009e-02 9.998588275720450280e-01 9.984192750059524002e-01 1.020569204631924590e-02
-5.000000000000000000e-01 -2.000000000000000000e+00 1.334608428649385490e-05 0.000000000000000000e+00 1.334608428649385490e-05 9.998994935242360160e-01 9.993796215467601884e-01 4.116562238432455029e-03
-2.500000000000000000e-01 -2.000000000000000000e+00 1.267470580918449337e-03 0.000000000000000000e+00 1.267470580918449337e-03 9.998833319269900821e-01 9.994363834254922363e-01 3.643255927325058079e-03
0.000000000000000000e+00 -2.000000000000000000e+00 1.630685076958745771e-06 0.000000000000000000e+00 1.630685076958745771e-06 9.997470682633485817e-01 9.991778868558417459e-01 2.381245778303463061e-03
2.500000000000000000e-01 -2.000000000000000000e+00 1.093720601355862299e-01 0.000000000000000000e+00 1.093720601355862299e-01 9.993294706837433372e-01 9.978061148385892754e-01 9.504364168585303224e-03
5.000000000000000000e-01 -2.000000000000000000e+00 2.796714238446910625e-02 0.000000000000000000e+00 2.796714238446910625e-02 9.973158161833383106e-01 9.930785330349132245e-01 1.485198345704246553e-02
7.500000000000000000e-01 -2.000000000000000000e+00 3.355604296010912813e-01 0.000000000000000000e+00 3.355604296010912813e-01 9.879005245232636012e-01 9.700800915579443906e-01 5.015151691852286209e-02
1.000000000000000000e+00 -2.000000000000000000e+00 5.935469714591062873e-01 3.919183588453077904e-01 2.016286126137984969e-01 9.503052009030686920e-01 8.946587780256030076e-01 1.508290816560113046e-01
1.250000000000000000e+00 -2.000000000000000000e+00 8.499096980062005313e-01 7.332121111929309487e-01 1.166975868132695826e-01 8.170367626840280284e-01 7.385689048925158096e-01 2.299852828694131934e-01
1.500000000000000000e+00 -2.000000000000000000e+00 9.711392594444478998e-01 9.889873608899182322e-01 -1.784810144547033239e-02 5.800825271796457017e-01 5.548789826974587225e-01 2.831188658367995159e-01
1.750000000000000000e+00 -2.000000000000000000e+00 9.395970313580509492e-01 9.666767815562787858e-01 -2.707975019822783658e-02 3.977361604895463532e-01 4.289852003495772115e-01 2.857475574538148599e-01
2.000000000000000000e+00 -2.000000000000000000e+00 9.063705836840706409e-01 8.541662601625027440e-01 5.220432352156789690e-02 2.146706287554415171e-01 3.011376178605716936e-01 2.613057131653865883e-01
-2.000000000000000000e+00 -1.750000000000000000e+00 5.076946618806696954e-01 3.182703253525233644e-01 1.894243365281463309e-01 9.698646707087501539e-01 9.219191028600909332e-01 1.284247597088385984e-01
-1.750000000000000000e+00 -1.750000000000000000e+00 3.402830529040036800e-01 1.262378707044762294e-01 2.140451821995274506e-01 9.901818875661019259e-01 9.704186015208347005e-01 6.694519359695144667e-02
-1.500000000000000000e+00 -1.750000000000000000e+00 1.989548644870969829e-01 8.935323161475473841e-02 1.096016328723422445e-01 9.976860417994424246e-01 9.887980000750938858e-01 4.850309230986359771e-02
-1.250000000000000000e+00 -1.750000000000000000e+00 9.337083165976563237e-02 8.935323161475471065e-02 4.017600045010921717e-03 9.992586105729605039e-01 9.950173890304154778e-01 3.275406708498129760e-02
-1.000000000000000000e+00 -1.750000000000000000e+00 8.837703293462564891e-02 0.000000000000000000e+00 8.837703293462564891e-02 9.997859916893935273e-01 9.982987706539897532e-01 1.168606103026628533e-02
-7.500000000000000000e-01 -1.750000000000000000e+00 1.059495046862669737e-01 0.000000000000000000e+00 1.059495046862669737e-01 9.998832690727007533e-01 9.986329594250120678e-01 1.245421528654600853e-02
-5.000000000000000000e-01 -1.750000000000000000e+00 2.684397024415619394e-08 0.000000000000000000e+00 2.684397024415619394e-08 9.999185779510525451e-01 9.997125863958131742e-01 1.028146714373298111e-03
-2.500000000000000000e-01 -1.750000000000000000e+00 2.333541420839455785e-11 0.000000000000000000e+00 2.333541420839455785e-11 9.998961150842700096e-01 9.995661838789161591e-01 1.762927775622165306e-03
0.000000000000000000e+00 -1.750000000000000000e+00 6.760926799270703653e-11 0.000000000000000000e+00 6.760926799270703653e-11 9.997752866385742898e-01 9.993794067253549684e-01 2.125572468381537600e-03
2.500000000000000000e-01 -1.750000000000000000e+00 1.947000283537177190e-01 0.000000000000000000e+00 1.947000283537177190e-01 9.992335519386981169e-01 9.976992572091385458e-01 6.506611689179995009e-03
5.000000000000000000e-01 -1.750000000000000000e+00 1.976825838602151164e-01 0.000000000000000000e+00 1.976825838602151164e-01 9.972676863391461977e-01 9.937541766648194663e-01 1.124612386657605073e-02
7.500000000000000000e-01 -1.750000000000000000e+00 3.853498617621258227e-01 1.262378707044761461e-01 2.591119910576497043e-01 9.851470562199656777e-01 9.652296613525426228e-01 6.402344415495123120e-02
1.000000000000000000e+00 -1.750000000000000000e+00 6.597560052628494986e-01 3.060980235153443196e-01 3.536579817475051790e-01 9.390937504790086710e-01 8.867312706027139502e-01 1.389007892961785229e-01
1.250000000000000000e+00 -1.750000000000000000e+00 8.611292608987471953e-01 7.650254897714166002e-01 9.610377112733059501e-02 7.983905143282339356e-01 7.282238518529841054e-01 2.265467125575024721e-01
1.500000000000000000e+00 -1.750000000000000000e+00 9.639579524495859308e-01 9.996079231378689478e-01 -3.564997068828301696e-02 5.284120196475757814e-01 5.175881495435307178e-01 2.866279680839138866e-01
1.750000000000000000e+00 -1.750000000000000000e+00 9.281019400809703557e-01 9.474175425861599553e-01 -1.931560250518959965e-02 3.137458935815466421e-01 3.757706251138974163e-01 2.830662170913180731e-01
2.000000000000000000e+00 -1.750000000000000000e+00 8.968497809550015631e-01 8.117536572138096540e-01 8.509612374119190914e-02 2.039239006190328996e-01 2.894748674802228861e-01 2.549124835268558043e-01
-2.000000000000000000e+00 -1.500000000000000000e+00 4.395983785595392601e-01 2.509501942617310410e-01 1.886481842978082191e-01 9.763079968689555299e-01 9.383220868936935632e-01 1.060510348801027153e-01
-1.750000000000000000e+00 -1.500000000000000000e+00 2.570697896833271101e-01 1.262378707044761739e-01 1.308319189788509362e-01 9.922078623034775724e-01 9.762042684878913246e-01 5.966163325380906268e-02
-1.500000000000000000e+00 -1.500000000000000000e+00 1.539286618397233408e-01 0.000000000000000000e+00 1.539286618397233408e-01 9.977339276171582894e-01 9.927930568810425793e-01 1.948266948376976143e-02
-1.250000000000000000e+00 -1.500000000000000000e+00 5.442589996128012171e-05 0.000000000000000000e+00 5.442589996128012171e-05 9.994789140019881835e-01 9.979556306419498091e-01 1.209694440443654165e-02
-1.000000000000000000e+00 -1.500000000000000000e+00 5.297221117987306138e-05 0.000000000000000000e+00 5.297221117987306138e-05 9.997665446732889594e-01 9.989002690763232328e-01 4.467571446872550291e-03
-7.500000000000000000e-01 -1.500000000000000000e+00 4.796932923950225636e-03 0.000000000000000000e+00 4.796932923950225636e-03 9.998823358750095203e-01 9.994515953168803257e-01 2.291075603581296978e-03
-5.000000000000000000e-01 -1.500000000000000000e+00 7.665383023274350172e-05 0.000000000000000000e+00 7.665383023274350172e-05 9.998995305154334545e-01 9.993785750008040702e-01 6.227308803841225329e-03
-2.500000000000000000e-01 -1.500000000000000000e+00 1.879547211324805818e-09 0.000000000000000000e+00 1.879547211324805818e-09 9.998733564198284407e-01 9.995088479814892013e-01 3.379095098938712186e-03
0.000000000000000000e+00 -1.500000000000000000e+00 7.544841209797217840e-02 0.000000000000000000e+00 7.544841209797217840e-02 9.996988422611361447e-01 9.989712646365656035e-01 7.605710559187601506e-03
2.500000000000000000e-01 -1.500000000000000000e+00 2.254769093820794407e-02 0.000000000000000000e+00 2.254769093820794407e-02 9.989706123628063761e-01 9.974871254102106732e-01 6.931851099887813457e-03
5.000000000000000000e-01 -1.500000000000000000e+00 1.669123464137446944e-01 0.000000000000000000e+00 1.669123464137446944e-01 9.959821952869383210e-01 9.920920517848913489e-01 1.326821748501951816e-02
7.500000000000000000e-01 -1.500000000000000000e+00 3.671364319529891729e-01 0.000000000000000000e+00 3.671364319529891729e-01 9.825844058057960906e-01 9.646775321762076638e-01 5.359197296883641548e-02
1.000000000000000000e+00 -1.500000000000000000e+00 6.745598500479891291e-01 4.358898943540687743e-01 2.386699556939203548e-01 9.145533326627387494e-01 8.533241478338915442e-01 1.610657471771416160e-01
1.250000000000000000e+00 -1.500000000000000000e+00 9.134198196214349252e-01 8.467443533912668574e-01 6.667546623016806784e-02 7.468218935252795010e-01 6.850070109238086680e-01 2.331736070059237109e-01
1.500000000000000000e+00 -1.500000000000000000e+00 9.678992889187831850e-01 9.986470848102442233e-01 -3.074779589146103831e-02 5.289556049233832269e-01 5.191331075734213485e-01 2.780292921048858612e-01
1.750000000000000000e+00 -1.500000000000000000e+00 9.470261698166281272e-01 9.359999999999949472e-01 1.102616981663318008e-02 3.020945209925576802e-01 3.697822654238810403e-01 2.897463934145705355e-01
2.000000000000000000e+00 -1.500000000000000000e+00 8.563348092535583156e-01 8.467443533912667464e-01 9.590455862291569211e-03 2.082176161035578510e-01 2.883663590804139698e-01 2.529130427195410147e-01
-2.000000000000000000e+00 -1.250000000000000000e+00 4.565742189618891556e-01 1.989974874213239764e-01 2.575767315405651514e-01 9.771233447824395624e-01 9.404536190438381738e-01 1.064266349731379097e-01
-1.750000000000000000e+00 -1.250000000000000000e+00 2.775631904240417613e-01 8.935323161475479392e-02 1.882099588092869813e-01 9.936134566698285875e-01 9.813648085660005016e-01 4.856191946058371900e-02
-1.500000000000000000e+00 -1.250000000000000000e+00 1.244125055231174865e-01 0.000000000000000000e+00 1.244125055231174865e-01 9.979194303759720830e-01 9.919370620197759392e-01 2.447119702443669234e-02
-1.250000000000000000e+00 -1.250000000000000000e+00 1.010527279964148206e-01 0.000000000000000000e+00 1.010527279964148206e-01 9.993357914706380019e-01 9.972971794003032686e-01 1.065259308154050191e-02
-1.000000000000000000e+00 -1.250000000000000000e+00 9.950812343751334824e-11 0.000000000000000000e+00 9.950812343751334824e-11 9.997413031277097017e-01 9.992860914258616667e-01 2.163393667273277431e-03
-7.500000000000000000e-01 -1.250000000000000000e+00 2.639616578379365246e-03 0.000000000000000000e+00 2.639616578379365246e-03 9.998543323833825047e-01 9.994848277276743298e-01 2.724901954382145421e-03
-5.000000000000000000e-01 -1.250000000000000000e+00 5.366795590587196596e-07 0.000000000000000000e+00 5.366795590587196596e-07 9.998660783046913192e-01 9.995620153913132855e-01 1.621055733075944935e-03
-2.500000000000000000e-01 -1.250000000000000000e+00 1.212484150346484213e-01 0.000000000000000000e+00 1.212484150346484213e-01 9.997711581290016358e-01 9.993170932890441671e-01 2.538564250362844704e-03
0.000000000000000000e+00 -1.250000000000000000e+00 5.520565189554079311e-04 0.000000000000000000e+00 5.520565189554079311e-04 9.994625561492623822e-01 9.986478419299908982e-01 5.830340528772650494e-03
2.500000000000000000e-01 -1.250000000000000000e+00 1.403286577780189226e-01 0.000000000000000000e+00 1.403286577780189226e-01 9.982655917496705555e-01 9.965263222726673531e-01 1.103354319560691243e-02
5.000000000000000000e-01 -1.250000000000000000e+00 1.935669447172506663e-01 0.000000000000000000e+00 1.935669447172506663e-01 9.932761384685605544e-01 9.876552044443384082e-01 2.468175338076648503e-02
7.500000000000000000e-01 -1.250000000000000000e+00 3.889494966570652412e-01 0.000000000000000000e+00 3.889494966570652412e-01 9.735376762411659390e-01 9.495815052989228233e-01 6.496792218476440950e-02
1.000000000000000000e+00 -1.250000000000000000e+00 7.352885410365153085e-01 4.598434516223988133e-01 2.754450894141164952e-01 8.975681868085664261e-01 8.371854907384103095e-01 1.651755901657275538e-01
1.250000000000000000e+00 -1.250000000000000000e+00 9.175959017403719775e-01 8.960267853139228800e-01 2.156911642644909755e-02 7.182628892145582755e-01 6.593476101106061638e-01 2.549389661033205079e-01
1.500000000000000000e+00 -1.250000000000000000e+00 9.638727862428864146e-01 9.971078176406003024e-01 -3.323503139771388781e-02 4.703640679542022696e-01 4.812720068888436953e-01 2.745482940102380032e-01
1.750000000000000000e+00 -1.250000000000000000e+00 9.365501586476492335e-01 9.165151389911705415e-01 2.003501965647869199e-02 3.084968319156409233e-01 3.605399304354025003e-01 2.682663883629800017e-01
2.000000000000000000e+00 -1.250000000000000000e+00 8.738709429318151090e-01 8.442179813294683477e-01 2.965296160234676126e-02 2.178341204063865555e-01 2.974884225637117185e-01 2.660348556894078231e-01
-2.000000000000000000e+00 -1.000000000000000000e+00 5.115621332612635408e-01 1.989974874213243095e-01 3.125646458399392591e-01 9.760917736962220204e-01 9.412667411760027303e-01 9.798775700697531787e-02
-1.750000000000000000e+00 -1.000000000000000000e+00 2.885467141061305862e-01 8.935323161475478004e-02 1.991934824913758062e-01 9.911939654989438964e-01 9.736517921503279327e-01 6.178045455322339619e-02
-1.500000000000000000e+00 -1.000000000000000000e+00 7.826477281317950618e-02 0.000000000000000000e+00 7.826477281317950618e-02 9.968764823224864902e-01 9.918011085795321868e-01 2.540444502823313924e-02
-1.250000000000000000e+00 -1.000000000000000000e+00 1.544371984890071658e-01 0.000000000000000000e+00 1.544371984890071658e-01 9.988894436499924367e-01 9.967019193274714306e-01 9.524788976969114293e-03
-1.000000000000000000e+00 -1.000000000000000000e+00 1.262378665977143821e-01 0.000000000000000000e+00 1.262378665977143821e-01 9.995163614198784297e-01 9.983105991309627614e-01 8.501898676720959572e-03
-7.500000000000000000e-01 -1.000000000000000000e+00 7.934598266129932606e-07 0.000000000000000000e+00 7.934598266129932606e-07 9.996924028876054136e-01 9.989837592378474351e-01 4.517208555085795892e-03
-5.000000000000000000e-01 -1.000000000000000000e+00 3.797612098139158381e-03 0.000000000000000000e+00 3.797612098139158381e-03 9.996593644424124347e-01 9.992708215700784047e-01 2.145128671412559283e-03
-2.500000000000000000e-01 -1.000000000000000000e+00 1.242550769741451316e-01 0.000000000000000000e+00 1.242550769741451316e-01 9.993824625468192835e-01 9.985440782618556499e-01 3.794241131108589109e-03
0.000000000000000000e+00 -1.000000000000000000e+00 1.492232525261090459e-01 0.000000000000000000e+00 1.492232525261090459e-01 9.987327253213147404e-01 9.974584812852703708e-01 1.002176583875053623e-02
2.500000000000000000e-01 -1.000000000000000000e+00 9.902986938063404465e-02 0.000000000000000000e+00 9.902986938063404465e-02 9.958798152743925103e-01 9.939321801931333411e-01 6.721706654206950800e-03
5.000000000000000000e-01 -1.000000000000000000e+00 1.933585770972705564e-01 0.000000000000000000e+00 1.933585770972705564e-01 9.840790953596111335e-01 9.748028693647825538e-01 3.003894985983403959e-02
7.500000000000000000e-01 -1.000000000000000000e+00 4.566537866107505672e-01 1.781684596105611307e-01 2.784853270001894643e-01 9.418720343440646348e-01 9.077845076831815296e-01 9.950857678425426012e-02
1.000000000000000000e+00 -1.000000000000000000e+00 8.137259069973458159e-01 6.257795138864775675e-01 1.879463931108682484e-01 8.272261974157293363e-01 7.657721578661915718e-01 1.957688284914638754e-01
1.250000000000000000e+00 -1.000000000000000000e+00 9.532212900283596468e-01 9.645226798784981570e-01 -1.130138985013851016e-02 6.299978098335469179e-01 5.894579120377175796e-01 2.609874352293305444e-01
1.500000000000000000e+00 -1.000000000000000000e+00 9.676662376944655808e-01 9.971078176406003024e-01 -2.944157994613472162e-02 4.584580860171435512e-01 4.708157395083680807e-01 2.923462628338960312e-01
1.750000000000000000e+00 -1.000000000000000000e+00 9.413830304877831567e-01 8.879189152169248977e-01 5.346411527085825899e-02 2.889474392942253944e-01 3.497641420492977882e-01 2.727345947290005790e-01
2.000000000000000000e+00 -1.000000000000000000e+00 8.999466318290690880e-01 8.416650165000300055e-01 5.828161532903908260e-02 2.107344192137806382e-01 2.931198038307373799e-01 2.660618098117386587e-01
-2.000000000000000000e+00 -7.500000000000000000e-01 4.818478153062171754e-01 1.989974874213240874e-01 2.828503278848930602e-01 9.688390307205896335e-01 9.299585723591633490e-01 1.046720652747910180e-01
-1.750000000000000000e+00 -7.500000000000000000e-01 3.141511762805987429e-01 1.262378707044762016e-01 1.879133055761225413e-01 9.867081692411179272e-01 9.706517726374296329e-01 5.667513721721861852e-02
-1.500000000000000000e+00 -7.500000000000000000e-01 2.514102778856872056e-01 1.262378707044761461e-01 1.251724071812110595e-01 9.947016742981842352e-01 9.852821327610035151e-01 4.824340629492968741e-02
-1.250000000000000000e+00 -7.500000000000000000e-01 7.155981527714327939e-02 0.000000000000000000e+00 7.155981527714327939e-02 9.972273696430854484e-01 9.928270311927208658e-01 2.776027110929693564e-02
-1.000000000000000000e+00 -7.500000000000000000e-01 9.147670826858095294e-02 0.000000000000000000e+00 9.147670826858095294e-02 9.984882329695363712e-01 9.969458631809746674e-01 6.170511263104009117e-03
-7.500000000000000000e-01 -7.500000000000000000e-01 3.212526322666480475e-05 0.000000000000000000e+00 3.212526322666480475e-05 9.989595256489726127e-01 9.981874256230666154e-01 3.719202101452206023e-03
-5.000000000000000000e-01 -7.500000000000000000e-01 1.287173114348065701e-03 0.000000000000000000e+00 1.287173114348065701e-03 9.986607297106697700e-01 9.975326199486684864e-01 7.744175972922964259e-03
-2.500000000000000000e-01 -7.500000000000000000e-01 1.262361453920080312e-01 0.000000000000000000e+00 1.262361453920080312e-01 9.978658586917553697e-01 9.968088477205873099e-01 6.365650037963000406e-03
0.000000000000000000e+00 -7.500000000000000000e-01 1.763991155811652500e-01 0.000000000000000000e+00 1.763991155811652500e-01 9.950940017714243746e-01 9.928339125612817284e-01 1.210472525851833021e-02
2.500000000000000000e-01 -7.500000000000000000e-01 1.954198133078785815e-01 0.000000000000000000e+00 1.954198133078785815e-01 9.850502867544507213e-01 9.782396894475855476e-01 2.886783098501930281e-02
5.000000000000000000e-01 -7.500000000000000000e-01 5.412006262825534986e-01 0.000000000000000000e+00 5.412006262825534986e-01 9.508778421485669652e-01 9.319496975100346470e-01 6.095144364376121893e-02
7.500000000000000000e-01 -7.500000000000000000e-01 7.115800033696144666e-01 4.749736834815150854e-01 2.366063198880993812e-01 8.627383873312940432e-01 8.134652662055588124e-01 1.631976286483665106e-01
1.000000000000000000e+00 -7.500000000000000000e-01 9.211618749630067216e-01 8.960267853139237682e-01 2.513508964908295340e-02 7.163215303665484424e-01 6.623930378995278589e-01 2.377134215715445420e-01
1.250000000000000000e+00 -7.500000000000000000e-01 9.707079997344343347e-01 1.000000000000000000e+00 -2.929200026556566527e-02 5.042282489377808430e-01 4.981657595256456239e-01 2.730839626734358760e-01
1.500000000000000000e+00 -7.500000000000000000e-01 9.525255560518883780e-01 9.500821017154230663e-01 2.443454336465311627e-03 3.575636756804033700e-01 3.990614249548011250e-01 2.732960171465796950e-01
1.750000000000000000e+00 -7.500000000000000000e-01 9.131204536291118723e-01 8.960267853139229910e-01 1.709366831518888130e-02 2.787301397594593722e-01 3.445777797484126381e-01 2.759508155366656168e-01
2.000000000000000000e+00 -7.500000000000000000e-01 8.575896857993435818e-01 8.059379628730760636e-01 5.165172292626751815e-02 1.974718827336245652e-01 2.839103277785225421e-01 2.601482004761305755e-01
-2.000000000000000000e+00 -5.000000000000000000e-01 6.445328462398083325e-01 4.101901997854185966e-01 2.343426464543897358e-01 9.350109354168321119e-01 8.825485310479790346e-01 1.470723382305784144e-01
-1.750000000000000000e+00 -5.000000000000000000e-01 5.264002845763409155e-01 1.781684596105609641e-01 3.482318249657799791e-01 9.671819105746307654e-01 9.373898590650917573e-01 8.830487521549115759e-02
-1.500000000000000000e+00 -5.000000000000000000e-01 3.308573266742720342e-01 1.262378707044762294e-01 2.046194559697958049e-01 9.820102840477781259e-01 9.655239986266870300e-01 6.947534391473844662e-02
-1.250000000000000000e+00 -5.000000000000000000e-01 2.394121116793659354e-01 0.000000000000000000e+00 2.394121116793659354e-01 9.884281954444824603e-01 9.789957574035490495e-01 3.574110322190621886e-02
-1.000000000000000000e+00 -5.000000000000000000e-01 1.852606559198376746e-01 0.000000000000000000e+00 1.852606559198376746e-01 9.921708681153451614e-01 9.880405105487236606e-01 1.812176055157415158e-02
-7.500000000000000000e-01 -5.000000000000000000e-01 2.389539645438591708e-01 0.000000000000000000e+00 2.389539645438591708e-01 9.932423482182098917e-01 9.902843760016787344e-01 1.438323475731149471e-02
-5.000000000000000000e-01 -5.000000000000000000e-01 1.555337324431044221e-01 0.000000000000000000e+00 1.555337324431044221e-01 9.915204451434384003e-01 9.886845264492553076e-01 1.416008579811833985e-02
-2.500000000000000000e-01 -5.000000000000000000e-01 2.330731562423120073e-01 0.000000000000000000e+00 2.330731562423120073e-01 9.849950514171510463e-01 9.813921452803904266e-01 2.401405571138673020e-02
0.000000000000000000e+00 -5.000000000000000000e-01 3.575049719954911387e-01 0.000000000000000000e+00 3.575049719954911387e-01 9.681969921075247454e-01 9.608819335609749546e-01 3.206254312327100342e-02
2.500000000000000000e-01 -5.000000000000000000e-01 6.049331082407279903e-01 1.262378707044762294e-01 4.786952375362517609e-01 9.228793507860399981e-01 9.045166491553922050e-01 7.079242186845605134e-02
5.000000000000000000e-01 -5.000000000000000000e-01 7.924760419020184798e-01 4.674868982121337391e-01 3.249891436898847408e-01 8.193610000443879438e-01 7.814430621447238101e-01 1.498075751970297520e-01
7.500000000000000000e-01 -5.000000000000000000e-01 9.147061759376731160e-01 9.165151389911707636e-01 -1.808963053497647522e-03 6.456207885338917096e-01 6.184387504579259565e-01 2.132945008779689733e-01
1.000000000000000000e+00 -5.000000000000000000e-01 9.642496359248130533e-01 9.971078176406006355e-01 -3.285818171578758218e-02 4.829328836149143767e-01 4.854379299700857242e-01 2.591917088057771323e-01
1.250000000000000000e+00 -5.000000000000000000e-01 9.448762192654540648e-01 9.344859549506355778e-01 1.039026431481848700e-02 3.453541571813454336e-01 3.859485645783176655e-01 2.688584254830477804e-01
1.500000000000000000e+00 -5.000000000000000000e-01 9.092939984754335736e-01 8.837284650841606970e-01 2.556553339127287661e-02 2.653503964446890517e-01 3.325181578141398475e-01 2.632397447188346007e-01
1.750000000000000000e+00 -5.000000000000000000e-01 8.987082265785875101e-01 8.338441101309010950e-01 6.486411644768641516e-02 2.314952927242107661e-01 3.047671358143460019e-01 2.641747630913228728e-01
2.000000000000000000e+00 -5.000000000000000000e-01 8.906578204928041753e-01 8.683225207260241163e-01 2.233529976678005902e-02 2.309042835091157930e-01 3.094000542129409226e-01 2.665708196613261194e-01
-2.000000000000000000e+00 -2.500000000000000000e-01 7.905879886831905790e-01 5.169758214849121680e-01 2.736121671982784109e-01 8.629201920229212508e-01 8.071563144013591540e-01 1.817099347432920842e-01
-1.750000000000000000e+00 -2.500000000000000000e-01 6.935193916249160484e-01 4.275324549083944770e-01 2.659869367165215714e-01 8.906337187751718343e-01 8.443320558955802468e-01 1.507131766791057759e-01
-1.500000000000000000e+00 -2.500000000000000000e-01 5.999002781081812508e-01 2.349808502835919188e-01 3.649194278245893042e-01 9.163983848160890400e-01 8.847373615004445746e-01 1.134416215405452677e-01
-1.250000000000000000e+00 -2.500000000000000000e-01 5.707582806737658832e-01 2.659022376739240134e-01 3.048560429998418697e-01 9.259814694857967377e-01 8.993524096682046221e-01 1.020101353172956360e-01
-1.000000000000000000e+00 -2.500000000000000000e-01 5.569441788975935115e-01 1.262378707044762016e-01 4.307063081931172821e-01 9.329177401632483546e-01 9.169368355415141725e-01 7.337242877433980404e-02
-7.500000000000000000e-01 -2.500000000000000000e-01 4.743987670238469789e-01 1.262378707044762571e-01 3.481608963193707496e-01 9.281076295940207110e-01 9.174238218051888882e-01 5.773868923898761718e-02
-5.000000000000000000e-01 -2.500000000000000000e-01 6.383151757168625817e-01 0.000000000000000000e+00 6.383151757168625817e-01 9.113538946366008808e-01 9.033883506005788711e-01 4.656505313910443145e-02
-2.500000000000000000e-01 -2.500000000000000000e-01 7.007777662430321186e-01 8.935323161475475229e-02 6.114245346282773941e-01 8.640398437804821530e-01 8.521404988931046143e-01 7.002224469064699530e-02
0.000000000000000000e+00 -2.500000000000000000e-01 8.657371234999942100e-01 3.299454500368196874e-01 5.357916734631744671e-01 7.635100382779422823e-01 7.476181467993402441e-01 1.084187980561929637e-01
2.500000000000000000e-01 -2.500000000000000000e-01 9.445986430479286211e-01 9.165151389911705415e-01 2.808350405675807959e-02 6.102847124553023583e-01 5.943144261743629198e-01 1.706906847366538305e-01
5.000000000000000000e-01 -2.500000000000000000e-01 9.485885078625949651e-01 9.707728879609289763e-01 -2.218438009833401114e-02 4.448013002470143085e-01 4.502052388919862702e-01 1.989770284456057192e-01
7.500000000000000000e-01 -2.500000000000000000e-01 9.302991967366499582e-01 8.999466650863291450e-01 3.035253165032081313e-02 3.292122304668924637e-01 3.638793483318005784e-01 2.340058609836336845e-01
1.000000000000000000e+00 -2.500000000000000000e-01 8.431942621473330624e-01 7.294820080029366105e-01 1.137122541443964518e-01 2.206023700363662354e-01 2.775060120206133685e-01 2.276022234457703575e-01
1.250000000000000000e+00 -2.500000000000000000e-01 8.553461955877659229e-01 7.683749084919433425e-01 8.697128709582258033e-02 1.984454591650403055e-01 2.702383210616081111e-01 2.447281131764121598e-01
1.500000000000000000e+00 -2.500000000000000000e-01 8.311763268927955250e-01 7.846018098373215288e-01 4.657451705547399623e-02 1.792993079289878500e-01 2.651069013756471304e-01 2.570122683652917295e-01
1.750000000000000000e+00 -2.500000000000000000e-01 8.430426018658266907e-01 7.101999718389164773e-01 1.328426300269102134e-01 1.585890951805163651e-01 2.403533654351429627e-01 2.327405834086480052e-01
2.000000000000000000e+00 -2.500000000000000000e-01 8.720080280465750677e-01 8.117536572138097650e-01 6.025437083276530270e-02 1.793069468526290178e-01 2.795296741513687011e-01 2.680341831072898806e-01
-2.000000000000000000e+00 0.000000000000000000e+00 9.523807923352475280e-01 9.344859549506356888e-01 1.789483738461183915e-02 6.170179317065970226e-01 5.933472389688054793e-01 2.386964253222974564e-01
-1.750000000000000000e+00 0.000000000000000000e+00 9.359192150488224726e-01 9.233330926594173205e-01 1.258612238940515216e-02 6.205120029784203517e-01 6.007552928530992542e-01 2.207955769317456185e-01
-1.500000000000000000e+00 0.000000000000000000e+00 9.311164507944561519e-01 8.705951987002896741e-01 6.052125209416647778e-02 6.158046914782383530e-01 6.037301760988353916e-01 1.847894786913307774e-01
-1.250000000000000000e+00 0.000000000000000000e+00 9.523310152566084597e-01 9.374945333173899664e-01 1.483648193921849323e-02 5.609150773871544038e-01 5.573583192560987998e-01 1.683431339593915999e-01
-1.000000000000000000e+00 0.000000000000000000e+00 9.460403515772691785e-01 9.821690282227355517e-01 -3.612867664546637325e-02 5.185985074556489494e-01 5.191074104866789662e-01 1.357268019577222706e-01
-7.500000000000000000e-01 0.000000000000000000e+00 9.465632259752739808e-01 9.772696659571535882e-01 -3.070643998187960744e-02 4.641231659073737914e-01 4.667560719470449926e-01 1.182504662529916123e-01
-5.000000000000000000e-01 0.000000000000000000e+00 9.360851653381365711e-01 7.846018098373208627e-01 1.514833555008157084e-01 3.977652131030278704e-01 4.027582071691135912e-01 1.149011505621927581e-01
-2.500000000000000000e-01 0.000000000000000000e+00 8.482360399584087940e-01 5.034918072819052348e-01 3.447442326765035592e-01 2.979635633917318005e-01 3.090816002611282975e-01 1.173560159214059040e-01
0.000000000000000000e+00 0.000000000000000000e+00 8.065660663358678040e-01 4.674868982121337391e-01 3.390791681237340649e-01 2.223280292770200284e-01 2.425124042155217541e-01 1.301938493447898360e-01
2.500000000000000000e-01 0.000000000000000000e+00 7.488627795438038692e-01 4.823111029200983779e-01 2.665516766237054913e-01 1.612885349622042996e-01 1.925595263353631348e-01 1.448687293440489299e-01
5.000000000000000000e-01 0.000000000000000000e+00 6.919456267419304973e-01 4.101901997854183191e-01 2.817554269565121783e-01 1.132216808778023914e-01 1.532425304691137080e-01 1.544498195305747390e-01
7.500000000000000000e-01 0.000000000000000000e+00 6.160217131425327342e-01 4.011782646156203391e-01 2.148434485269123950e-01 8.829750550949240495e-02 1.372774872905599963e-01 1.556768539571672660e-01
1.000000000000000000e+00 0.000000000000000000e+00 7.043777207189280132e-01 4.823111029200990996e-01 2.220666177988289136e-01 8.651627218065967295e-02 1.505050808712247723e-01 1.840107306012342403e-01
1.250000000000000000e+00 0.000000000000000000e+00 7.462128757692495507e-01 4.749736834815150854e-01 2.712391922877344652e-01 8.750068780587874628e-02 1.554002151610978377e-01 1.822838153257521632e-01
1.500000000000000000e+00 0.000000000000000000e+00 7.596687205195882253e-01 6.156752390668289721e-01 1.439934814527592533e-01 1.102947822598947109e-01 1.912952137611844683e-01 2.219356785138263677e-01
1.750000000000000000e+00 0.000000000000000000e+00 8.483079978357347395e-01 7.616403350663629723e-01 8.666766276937176716e-02 1.487480368548740883e-01 2.425751697515430572e-01 2.532835179438807649e-01
2.000000000000000000e+00 0.000000000000000000e+00 8.683291275031991274e-01 7.846018098373210847e-01 8.372731766587804270e-02 1.593300106829902141e-01 2.512939012328452848e-01 2.601862881548220874e-01
-2.000000000000000000e+00 2.500000000000000000e-01 9.248835083929136669e-01 9.199652167337628583e-01 4.918291659150808570e-03 3.374709402124523305e-01 3.749751230561261250e-01 2.277767487343650143e-01
-1.750000000000000000e+00 2.500000000000000000e-01 8.771290970455579705e-01 6.452162428209652356e-01 2.319128542245927349e-01 2.258917499879279644e-01 2.686647218537507875e-01 1.856556752943730459e-01
-1.500000000000000000e+00 2.500000000000000000e-01 7.075257913949690725e-01 2.659022376739240134e-01 4.416235537210450590e-01 1.485947027932766895e-01 1.786210390189244268e-01 1.151238921761509881e-01
-1.250000000000000000e+00 2.500000000000000000e-01 6.328828274187854319e-01 8.935323161475478004e-02 5.435295958040307074e-01 1.014402096355592892e-01 1.193185857047490972e-01 7.217555267611769354e-02
-1.000000000000000000e+00 2.500000000000000000e-01 5.091804582395391687e-01 0.000000000000000000e+00 5.091804582395391687e-01 7.144624355339081190e-02 7.942005602829994848e-02 4.083544836134699041e-02
-7.500000000000000000e-01 2.500000000000000000e-01 4.325729933939038707e-01 0.000000000000000000e+00 4.325729933939038707e-01 5.166880865711500487e-02 5.839819678818997106e-02 3.813166225030076989e-02
-5.000000000000000000e-01 2.500000000000000000e-01 3.709967531508528427e-01 8.935323161475478004e-02 2.816435215360980626e-01 3.992828267680995774e-02 4.856843280697237947e-02 4.242905581164424511e-02
-2.500000000000000000e-01 2.500000000000000000e-01 3.351221837642509582e-01 8.935323161475479392e-02 2.457689521494961782e-01 3.008621363637082116e-02 3.996836557201675216e-02 4.830205945126652550e-02
0.000000000000000000e+00 2.500000000000000000e-01 2.936363137375479493e-01 1.262378707044762016e-01 1.673984430330717477e-01 2.429627834783913004e-02 3.525411752724078723e-02 5.797989803708750167e-02
2.500000000000000000e-01 2.500000000000000000e-01 3.231371813885748900e-01 8.935323161475471065e-02 2.337839497738201655e-01 2.275159463036986393e-02 3.726893306445765164e-02 5.852481727070388273e-02
5.000000000000000000e-01 2.500000000000000000e-01 3.578017332049542309e-01 1.262378707044760628e-01 2.315638625004781681e-01 2.120694377556538168e-02 3.810615570848755601e-02 6.218068624023749547e-02
7.500000000000000000e-01 2.500000000000000000e-01 4.165201369146199206e-01 1.989974874213244482e-01 2.175226494932954724e-01 2.401648991354747228e-02 4.988250363947890897e-02 9.297319555344059350e-02
1.000000000000000000e+00 2.500000000000000000e-01 4.635480482507268740e-01 2.177705214210590989e-01 2.457775268296677751e-01 2.848095230684623280e-02 6.272517548132963694e-02 9.977849528307063121e-02
1.250000000000000000e+00 2.500000000000000000e-01 6.196011041490980809e-01 3.919183588453077349e-01 2.276827453037903459e-01 4.568822668691115835e-02 1.005870565045835635e-01 1.537694048370449318e-01
1.500000000000000000e+00 2.500000000000000000e-01 6.347028119783540978e-01 4.598434516223990909e-01 1.748593603559550069e-01 6.286507632779983479e-02 1.323948172283585523e-01 1.783838647384289600e-01
1.750000000000000000e+00 2.500000000000000000e-01 7.561696248131903886e-01 5.836574337742995722e-01 1.725121910388908164e-01 9.517045222646894342e-02 1.815677998845216801e-01 2.007102671796317239e-01
2.000000000000000000e+00 2.500000000000000000e-01 8.186700674133559064e-01 7.332121111929305046e-01 8.545795622042540174e-02 1.523472556612662787e-01 2.450441147698590172e-01 2.450203756292957391e-01
-2.000000000000000000e+00 5.000000000000000000e-01 7.241214628009432497e-01 5.299962264016595537e-01 1.941252363992836960e-01 1.379738071730258753e-01 1.964596119223766812e-01 1.743685560698184644e-01
-1.750000000000000000e+00 5.000000000000000000e-01 5.381793360487998612e-01 1.989974874213243650e-01 3.391818486274754685e-01 6.431349950293667461e-02 9.686416457492423582e-02 1.023946223327230898e-01
-1.500000000000000000e+00 5.000000000000000000e-01 3.847329093680028622e-01 0.000000000000000000e+00 3.847329093680028622e-01 2.911128495598541699e-02 4.133932201630526049e-02 3.992568909712888858e-02
-1.250000000000000000e+00 5.000000000000000000e-01 1.529803516863512958e-01 0.000000000000000000e+00 1.529803516863512958e-01 1.336635872584160216e-02 1.888719122920375776e-02 2.833914959958973648e-02
-1.000000000000000000e+00 5.000000000000000000e-01 2.618171748383211761e-01 8.935323161475473841e-02 1.724639432235664516e-01 7.274024075961764250e-03 1.124263560559164363e-02 3.189699441304096744e-02
-7.500000000000000000e-01 5.000000000000000000e-01 1.775467127774811305e-01 0.000000000000000000e+00 1.775467127774811305e-01 4.733392373943147609e-03 6.842981915861552980e-03 1.323516366025917664e-02
-5.000000000000000000e-01 5.000000000000000000e-01 1.412020209398817394e-01 0.000000000000000000e+00 1.412020209398817394e-01 3.554440389183329517e-03 5.831544436391305174e-03 1.415050604307538026e-02
-2.500000000000000000e-01 5.000000000000000000e-01 1.262127857170649847e-01 8.935323161475479392e-02 3.685955410231019080e-02 3.046599342252279564e-03 5.975927759534534027e-03 2.509799911118195878e-02
0.000000000000000000e+00 5.000000000000000000e-01 1.172011168048389118e-01 8.935323161475478004e-02 2.784788519008413177e-02 3.089062820065727188e-03 6.350265629057192523e-03 2.956608386976929820e-02
2.500000000000000000e-01 5.000000000000000000e-01 1.832569996475079954e-01 0.000000000000000000e+00 1.832569996475079954e-01 3.888254082691047428e-03 7.394872006497974284e-03 1.513286890874192443e-02
5.000000000000000000e-01 5.000000000000000000e-01 2.089460543460748554e-01 8.935323161475478004e-02 1.195928227313200753e-01 5.103228432188035811e-03 1.199190153256434084e-02 3.323428762303032996e-02
7.500000000000000000e-01 5.000000000000000000e-01 2.740233657989457061e-01 8.935323161475478004e-02 1.846701341841909261e-01 7.600424985325858820e-03 1.847784450081085134e-02 5.011804646386999046e-02
1.000000000000000000e+00 5.000000000000000000e-01 3.595824243140092191e-01 1.544538766104627536e-01 2.051285477035464655e-01 1.228789617617492141e-02 3.280652294648401385e-02 7.687044239816295810e-02
1.250000000000000000e+00 5.000000000000000000e-01 4.654643908047785827e-01 1.989974874213241984e-01 2.664669033834543566e-01 2.267756104984277460e-02 5.529508693857552309e-02 9.963424035598779371e-02
1.500000000000000000e+00 5.000000000000000000e-01 5.847156652607847782e-01 3.519999999999975371e-01 2.327156652607872411e-01 4.414365624246182479e-02 1.000364014643169014e-01 1.467480810629422094e-01
1.750000000000000000e+00 5.000000000000000000e-01 7.560412943307430744e-01 5.723635208501661742e-01 1.836777734805769002e-01 8.155747177549164950e-02 1.613820438147417768e-01 2.032021858709609774e-01
2.000000000000000000e+00 5.000000000000000000e-01 7.960432706939027936e-01 7.332121111929305046e-01 6.283115950097228897e-02 1.450864839728464584e-01 2.421575175245034017e-01 2.438646370463173341e-01
-2.000000000000000000e+00 7.500000000000000000e-01 5.838075422695274685e-01 2.799999999999998601e-01 3.038075422695276084e-01 6.258579172094430598e-02 1.047325799529891105e-01 1.237782892762853970e-01
-1.750000000000000000e+00 7.500000000000000000e-01 3.470543695894413583e-01 0.000000000000000000e+00 3.470543695894413583e-01 2.108250626178670081e-02 3.689855430974500750e-02 4.530844926319620158e-02
-1.500000000000000000e+00 7.500000000000000000e-01 1.270110879380305646e-01 8.935323161475473841e-02 3.765785632327582622e-02 6.817608550195673051e-03 1.248338527078200928e-02 3.052550757187962732e-02
-1.250000000000000000e+00 7.500000000000000000e-01 1.264144715251499795e-01 8.935323161475478004e-02 3.706123991039519949e-02 2.604779452758547442e-03 5.398853834757692989e-03 2.657422907828340189e-02
-1.000000000000000000e+00 7.500000000000000000e-01 1.193203296747178538e-01 8.935323161475471065e-02 2.996709805996314313e-02 1.174529553821880828e-03 3.700756095772380402e-03 3.061414081800181708e-02
-7.500000000000000000e-01 7.500000000000000000e-01 1.238693434752192457e-01 0.000000000000000000e+00 1.238693434752192457e-01 6.585093763545972739e-04 1.552108405298768465e-03 9.076340420567140591e-03
-5.000000000000000000e-01 7.500000000000000000e-01 1.255174588548010894e-01 0.000000000000000000e+00 1.255174588548010894e-01 5.203373747002023458e-04 8.931818123696969557e-04 1.941978381727925982e-03
-2.500000000000000000e-01 7.500000000000000000e-01 7.354285586486622624e-03 0.000000000000000000e+00 7.354285586486622624e-03 6.011418596356100062e-04 3.691498757481436604e-03 2.951497866535808534e-02
0.000000000000000000e+00 7.500000000000000000e-01 8.935321687274519475e-02 0.000000000000000000e+00 8.935321687274519475e-02 7.186658018175618411e-04 2.123101561598186859e-03 1.068146803959214679e-02
2.500000000000000000e-01 7.500000000000000000e-01 1.448677448030232240e-01 0.000000000000000000e+00 1.448677448030232240e-01 1.014988691034544562e-03 2.945582045144352207e-03 1.777773790227039213e-02
5.000000000000000000e-01 7.500000000000000000e-01 1.542666738119475578e-01 0.000000000000000000e+00 1.542666738119475578e-01 1.770709028741474780e-03 4.290335521135912357e-03 1.381241223986515859e-02
7.500000000000000000e-01 7.500000000000000000e-01 9.515336614221385492e-02 0.000000000000000000e+00 9.515336614221385492e-02 3.279735075973665061e-03 7.332109527845370560e-03 1.831415357714753778e-02
1.000000000000000000e+00 7.500000000000000000e-01 2.787453993253330986e-01 0.000000000000000000e+00 2.787453993253330986e-01 7.755923530052913524e-03 1.804588984386207642e-02 3.000886772338105801e-02
1.250000000000000000e+00 7.500000000000000000e-01 4.250625645916576989e-01 1.781684596105610197e-01 2.468941049810966792e-01 1.765859444461040720e-02 4.717412148560290452e-02 8.479841123886430743e-02
1.500000000000000000e+00 7.500000000000000000e-01 5.594333813765122176e-01 3.182703253525229203e-01 2.411630560239892973e-01 3.927977527618368991e-02 9.085110061156503880e-02 1.380274055938404409e-01
1.750000000000000000e+00 7.500000000000000000e-01 6.510005085219631171e-01 5.235417843878394928e-01 1.274587241341236243e-01 6.887401126588783840e-02 1.472828075053490282e-01 1.957946566927249998e-01
2.000000000000000000e+00 7.500000000000000000e-01 7.625579748388150447e-01 6.636987268331906442e-01 9.885924800562440051e-02 1.339058281107666781e-01 2.175040653979923022e-01 2.210675394978832420e-01
-2.000000000000000000e+00 1.000000000000000000e+00 5.046861799141587612e-01 1.262378707044761461e-01 3.784483092096826429e-01 3.858288230600449148e-02 7.401535359779469470e-02 9.084279671095013553e-02
-1.750000000000000000e+00 1.000000000000000000e+00 1.928434311134390733e-01 0.000000000000000000e+00 1.928434311134390733e-01 1.015509227737090153e-02 1.977349675621133465e-02 2.893574231608927669e-02
-1.500000000000000000e+00 1.000000000000000000e+00 1.277519338686147754e-01 0.000000000000000000e+00 1.277519338686147754e-01 2.639889008775847534e-03 5.248042014291552822e-03 1.069349358513196901e-02
-1.250000000000000000e+00 1.000000000000000000e+00 1.510529432081637164e-04 0.000000000000000000e+00 1.510529432081637164e-04 7.529922246030811049e-04 1.173809170691680675e-03 1.387033449109269711e-03
-1.000000000000000000e+00 1.000000000000000000e+00 2.315429048481078972e-02 0.000000000000000000e+00 2.315429048481078972e-02 3.419728881370042188e-04 1.344100266068782006e-03 1.487055291959992961e-02
-7.500000000000000000e-01 1.000000000000000000e+00 9.333478073397782296e-09 0.000000000000000000e+00 9.333478073397782296e-09 1.934926479969380057e-04 4.267797734590433553e-04 1.072620877913136326e-03
-5.000000000000000000e-01 1.000000000000000000e+00 3.355136409145171279e-09 0.000000000000000000e+00 3.355136409145171279e-09 1.613214057267630004e-04 5.649972431501867507e-04 3.361322298425811761e-03
-2.500000000000000000e-01 1.000000000000000000e+00 4.892512302949124706e-10 0.000000000000000000e+00 4.892512302949124706e-10 1.642934865740526226e-04 5.218086984899546936e-04 3.548283881425742890e-03
0.000000000000000000e+00 1.000000000000000000e+00 3.804135498831426733e-05 0.000000000000000000e+00 3.804135498831426733e-05 2.607747703667647040e-04 2.132593738985565351e-03 2.188860156945257596e-02
2.500000000000000000e-01 1.000000000000000000e+00 1.095294338503873532e-01 0.000000000000000000e+00 1.095294338503873532e-01 5.234981220009983418e-04 2.061940282005448460e-03 1.805944153994583704e-02
5.000000000000000000e-01 1.000000000000000000e+00 8.949015736123698550e-02 0.000000000000000000e+00 8.949015736123698550e-02 1.060669075555886395e-03 2.800162807751604022e-03 1.175601710812994825e-02
7.500000000000000000e-01 1.000000000000000000e+00 1.394946806777578041e-01 0.000000000000000000e+00 1.394946806777578041e-01 2.704008608121825832e-03 7.198017321640803531e-03 2.177627768066687369e-02
1.000000000000000000e+00 1.000000000000000000e+00 1.980455636198383829e-01 8.935323161475471065e-02 1.086923320050836722e-01 7.238681091271420391e-03 1.775250352429598791e-02 3.971473092146143857e-02
1.250000000000000000e+00 1.000000000000000000e+00 4.616953284008659675e-01 1.544538766104621708e-01 3.072414517904037967e-01 1.864396812283317106e-02 4.650568187708307294e-02 7.977646430838766789e-02
1.500000000000000000e+00 1.000000000000000000e+00 5.120969315684777978e-01 3.060980235153444862e-01 2.059989080531333117e-01 3.862704146833521868e-02 8.071172782520018296e-02 1.155576261888219824e-01
1.750000000000000000e+00 1.000000000000000000e+00 6.414811100908562880e-01 4.823111029200988220e-01 1.591700071707574660e-01 8.185901184111635254e-02 1.535490185894657633e-01 1.739039844307879168e-01
2.000000000000000000e+00 1.000000000000000000e+00 8.133080308107321077e-01 7.332121111929306156e-01 8.009591961780149205e-02 1.372070108318397264e-01 2.268185363446826586e-01 2.393974582147913033e-01
-2.000000000000000000e+00 1.250000000000000000e+00 4.823697457257473675e-01 1.989974874213241707e-01 2.833722583044231969e-01 3.202031481988092121e-02 6.649281554304591058e-02 9.070655138640416892e-02
-1.750000000000000000e+00 1.250000000000000000e+00 2.386960373348982201e-01 8.935323161475471065e-02 1.493428057201435233e-01 8.303149868243615145e-03 1.905694825028464087e-02 3.695600343809978677e-02
-1.500000000000000000e+00 1.250000000000000000e+00 1.262340370112371990e-01 0.000000000000000000e+00 1.262340370112371990e-01 1.975231879211065533e-03 4.582260070104489380e-03 1.194668966538894178e-02
-1.250000000000000000e+00 1.250000000000000000e+00 1.261056058568309213e-01 0.000000000000000000e+00 1.261056058568309213e-01 5.785479196668880022e-04 2.392717612704913649e-03 2.128038368851631681e-02
-1.000000000000000000e+00 1.250000000000000000e+00 1.791640761829781537e-11 0.000000000000000000e+00 1.791640761829781537e-11 2.207039454139441705e-04 6.234738453931711966e-04 3.962534480706695998e-03
-7.500000000000000000e-01 1.250000000000000000e+00 1.348117902987365807e-14 0.000000000000000000e+00 1.348117902987365807e-14 1.194989060762432093e-04 5.686944492524227115e-04 4.909431068449166165e-03
-5.000000000000000000e-01 1.250000000000000000e+00 1.173081684487276388e-11 0.000000000000000000e+00 1.173081684487276388e-11 9.338687816917967113e-05 1.935154262715576363e-04 4.118047028834143845e-04
-2.500000000000000000e-01 1.250000000000000000e+00 1.921508937906706009e-07 0.000000000000000000e+00 1.921508937906706009e-07 9.875629062371467013e-05 2.693061504884766873e-04 1.603487255516179840e-03
0.000000000000000000e+00 1.250000000000000000e+00 9.723301253914628632e-09 0.000000000000000000e+00 9.723301253914628632e-09 1.837525321900100226e-04 5.939047373603898936e-04 2.942086109213954727e-03
2.500000000000000000e-01 1.250000000000000000e+00 8.935322559738696768e-02 0.000000000000000000e+00 8.935322559738696768e-02 3.577244881215141479e-04 9.823210951153463471e-04 5.464831814704813884e-03
5.000000000000000000e-01 1.250000000000000000e+00 5.603447200157068292e-02 0.000000000000000000e+00 5.603447200157068292e-02 8.206332899079445218e-04 1.565919601524503853e-03 2.506858757917567512e-03
7.500000000000000000e-01 1.250000000000000000e+00 1.460628331091900767e-01 0.000000000000000000e+00 1.460628331091900767e-01 2.191095622298725679e-03 4.812239310080185760e-03 1.433523947742358119e-02
1.000000000000000000e+00 1.250000000000000000e+00 3.030876527715124502e-01 0.000000000000000000e+00 3.030876527715124502e-01 7.036773601678632771e-03 1.728492271464483060e-02 3.687401882725892255e-02
1.250000000000000000e+00 1.250000000000000000e+00 3.920564770969961477e-01 1.262378707044762294e-01 2.658186063925199183e-01 1.898093551240999377e-02 4.262826800010864614e-02 6.952636477969117990e-02
1.500000000000000000e+00 1.250000000000000000e+00 5.998114918767530890e-01 1.989974874213242262e-01 4.008140044554288628e-01 4.323159053792236667e-02 8.947670295441381705e-02 1.123181466781513205e-01
1.750000000000000000e+00 1.250000000000000000e+00 7.041068078896614013e-01 5.235417843878391597e-01 1.805650235018222416e-01 8.815273238248827470e-02 1.594069013669074941e-01 1.830941693921536162e-01
2.000000000000000000e+00 1.250000000000000000e+00 8.729064167977965694e-01 8.174496926416952025e-01 5.545672415610136685e-02 1.874476258782441784e-01 2.712178041093362690e-01 2.494042900076947622e-01
-2.000000000000000000e+00 1.500000000000000000e+00 4.567997609615607746e-01 1.989974874213242817e-01 2.578022735402364929e-01 3.551247796868343271e-02 7.584194822043664741e-02 1.069950651844109590e-01
-1.750000000000000000e+00 1.500000000000000000e+00 2.019065477198840330e-01 1.262378707044761461e-01 7.566867701540788693e-02 9.507433187005214295e-03 2.456696918959015014e-02 5.123718759510761944e-02
-1.500000000000000000e+00 1.500000000000000000e+00 1.068780886848369749e-01 0.000000000000000000e+00 1.068780886848369749e-01 2.150867564651571910e-03 5.027752692654358264e-03 9.271393056800194057e-03
-1.250000000000000000e+00 1.500000000000000000e+00 8.935291471213949177e-02 0.000000000000000000e+00 8.935291471213949177e-02 5.679261445013868322e-04 1.236446134529850353e-03 2.999411622575585707e-03
-1.000000000000000000e+00 1.500000000000000000e+00 8.925664516411216387e-02 0.000000000000000000e+00 8.925664516411216387e-02 2.070364277348679932e-04 4.785602236712897133e-04 1.362892992461706880e-03
-7.500000000000000000e-01 1.500000000000000000e+00 7.740175233762167573e-08 0.000000000000000000e+00 7.740175233762167573e-08 1.099050668803434796e-04 2.447917144584034173e-04 5.162636196092139666e-04
-5.000000000000000000e-01 1.500000000000000000e+00 6.161127022093227518e-02 0.000000000000000000e+00 6.161127022093227518e-02 8.200395517114101457e-05 2.335694430098638049e-04 1.466478889038703992e-03
-2.500000000000000000e-01 1.500000000000000000e+00 1.914579659508188450e-11 0.000000000000000000e+00 1.914579659508188450e-11 1.111440069804495487e-04 4.986907792053603752e-04 3.173356936591581641e-03
0.000000000000000000e+00 1.500000000000000000e+00 6.153206561792407686e-02 0.000000000000000000e+00 6.153206561792407686e-02 1.682465519457984886e-04 4.546192690651084290e-04 2.637022805346309322e-03
2.500000000000000000e-01 1.500000000000000000e+00 4.328217635820025408e-04 0.000000000000000000e+00 4.328217635820025408e-04 3.759118489956989246e-04 8.957071526276961073e-04 2.560806547748880647e-03
5.000000000000000000e-01 1.500000000000000000e+00 8.935322852687356543e-02 0.000000000000000000e+00 8.935322852687356543e-02 9.451837471282500481e-04 2.517758274788163726e-03 8.068331313695839904e-03
7.500000000000000000e-01 1.500000000000000000e+00 1.313305867621058221e-01 8.935323161475471065e-02 4.197735514735111140e-02 2.980280214738608054e-03 8.648614564099476112e-03 3.404418006098580002e-02
1.000000000000000000e+00 1.500000000000000000e+00 3.528981717812475494e-01 8.935323161475479392e-02 2.635449401664927693e-01 8.431671359515682806e-03 2.161971710991555592e-02 4.629398092517532370e-02
1.250000000000000000e+00 1.500000000000000000e+00 4.174014306699094234e-01 1.781684596105610474e-01 2.392329710593483760e-01 2.276832318090953045e-02 5.108237905423945735e-02 8.072927900670191781e-02
1.500000000000000000e+00 1.500000000000000000e+00 5.992917311620907794e-01 3.725801927102404543e-01 2.267115384518503252e-01 5.570386718213114069e-02 1.116192664782170302e-01 1.483161517361586135e-01
1.750000000000000000e+00 1.500000000000000000e+00 7.644977265302660419e-01 6.356225294937258852e-01 1.288751970365401567e-01 1.220237014167584316e-01 2.046549854194018025e-01 2.109292283685163250e-01
2.000000000000000000e+00 1.500000000000000000e+00 8.382625890506002486e-01 7.814243405474391446e-01 5.683824850316110400e-02 1.869577990916107546e-01 2.699760339915556751e-01 2.468608769822828730e-01
-2.000000000000000000e+00 1.750000000000000000e+00 5.444654536374154974e-01 3.299454500368196319e-01 2.145200036005958655e-01 5.462430721255884247e-02 1.080500450079455721e-01 1.350886707206499782e-01
-1.750000000000000000e+00 1.750000000000000000e+00 3.438578428738599535e-01 8.935323161475471065e-02 2.545046112591052290e-01 1.303973281375434348e-02 3.078720445575171619e-02 5.880061599243689707e-02
-1.500000000000000000e+00 1.750000000000000000e+00 1.931184033285279211e-01 0.000000000000000000e+00 1.931184033285279211e-01 3.062566898342534549e-03 8.067471103271254065e-03 1.852446817268720014e-02
-1.250000000000000000e+00 1.750000000000000000e+00 3.463609269888831804e-05 0.000000000000000000e+00 3.463609269888831804e-05 9.589953657376566612e-04 3.110375359338962090e-03 1.172276808525423916e-02
-1.000000000000000000e+00 1.750000000000000000e+00 8.935271017809023886e-02 0.000000000000000000e+00 8.935271017809023886e-02 2.867625619069852729e-04 8.650927632260502079e-04 3.069404942398929262e-03
-7.500000000000000000e-01 1.750000000000000000e+00 3.539039549079702005e-08 0.000000000000000000e+00 3.539039549079702005e-08 1.620507807118558492e-04 4.789492310708096199e-04 1.778172652833841195e-03
-5.000000000000000000e-01 1.750000000000000000e+00 7.111182217957721821e-05 0.000000000000000000e+00 7.111182217957721821e-05 1.062264998384443660e-04 3.231345878549515523e-04 1.952368000210285464e-03
-2.500000000000000000e-01 1.750000000000000000e+00 6.953270672972251820e-02 0.000000000000000000e+00 6.953270672972251820e-02 1.251833294371713196e-04 4.728547429075934442e-04 2.586153710843750505e-03
0.000000000000000000e+00 1.750000000000000000e+00 4.016291746469411589e-02 0.000000000000000000e+00 4.016291746469411589e-02 1.982837724301337971e-04 4.217333790719269334e-04 7.666703894634125868e-04
2.500000000000000000e-01 1.750000000000000000e+00 8.817919896610209109e-08 0.000000000000000000e+00 8.817919896610209109e-08 4.423783066780473221e-04 1.205993865823102489e-03 5.097367585544935673e-03
5.000000000000000000e-01 1.750000000000000000e+00 1.030090267739293686e-01 0.000000000000000000e+00 1.030090267739293686e-01 1.041063707031948888e-03 2.763125534710271676e-03 1.167763828877319172e-02
7.500000000000000000e-01 1.750000000000000000e+00 1.559124660839996401e-01 0.000000000000000000e+00 1.559124660839996401e-01 3.000402256840035888e-03 7.129037218205977987e-03 1.779373429225483347e-02
1.000000000000000000e+00 1.750000000000000000e+00 3.140536903360722221e-01 0.000000000000000000e+00 3.140536903360722221e-01 8.825350125098987628e-03 2.089233895754533804e-02 3.429644974064633561e-02
1.250000000000000000e+00 1.750000000000000000e+00 3.930101528330063321e-01 1.989974874213237543e-01 1.940126654116825777e-01 2.524357862659738425e-02 5.753530047537383507e-02 8.936672332606003522e-02
1.500000000000000000e+00 1.750000000000000000e+00 6.178911164739981920e-01 4.011782646156202836e-01 2.167128518583779084e-01 6.617888409742586631e-02 1.279285266302136737e-01 1.565867623478348347e-01
1.750000000000000000e+00 1.750000000000000000e+00 7.800139219306638783e-01 5.780519007840005941e-01 2.019620211466632842e-01 1.206512552171853103e-01 2.018272798296769366e-01 2.058117350295604331e-01
2.000000000000000000e+00 1.750000000000000000e+00 8.822494279734363065e-01 8.146164741766518391e-01 6.763295379678446739e-02 2.216752885129458783e-01 3.006095337717180072e-01 2.545139705652889051e-01
-2.000000000000000000e+00 2.000000000000000000e+00 6.486681658513062665e-01 4.275324549083959202e-01 2.211357109429103462e-01 6.800088672818056790e-02 1.321078338523597739e-01 1.643285696032914800e-01
-1.750000000000000000e+00 2.000000000000000000e+00 3.221935037349666908e-01 1.544538766104637806e-01 1.677396271245029102e-01 1.889498849044687553e-02 4.348442179134980046e-02 7.139653372661269870e-02
-1.500000000000000000e+00 2.000000000000000000e+00 2.746490640174146236e-01 0.000000000000000000e+00 2.746490640174146236e-01 5.174191194095944905e-03 1.309262919287778118e-02 2.601239246392863733e-02
-1.250000000000000000e+00 2.000000000000000000e+00 1.722601441114504084e-01 0.000000000000000000e+00 1.722601441114504084e-01 1.451509859939402155e-03 4.917308654912021758e-03 2.140525593560310691e-02
-1.000000000000000000e+00 2.000000000000000000e+00 1.058540072605401338e-05 0.000000000000000000e+00 1.058540072605401338e-05 5.556842384707836755e-04 1.946520418558329900e-03 9.233696940367438002e-03
-7.500000000000000000e-01 2.000000000000000000e+00 3.229144517211711623e-09 0.000000000000000000e+00 3.229144517211711623e-09 2.330950038734439411e-04 6.067670077693424879e-04 1.734805704055253188e-03
-5.000000000000000000e-01 2.000000000000000000e+00 8.935273424957923538e-02 0.000000000000000000e+00 8.935273424957923538e-02 1.736959650712318552e-04 5.648302964808016042e-04 3.644039864336303010e-03
-2.500000000000000000e-01 2.000000000000000000e+00 1.034212085632223832e-10 0.000000000000000000e+00 1.034212085632223832e-10 1.638967591505562376e-04 3.734673717677522648e-04 7.669686514920578176e-04
0.000000000000000000e+00 2.000000000000000000e+00 8.752620027643696898e-02 0.000000000000000000e+00 8.752620027643696898e-02 2.559785803060254765e-04 8.493091826653735186e-04 6.256540140519167154e-03
2.500000000000000000e-01 2.000000000000000000e+00 5.688873919217646985e-04 0.000000000000000000e+00 5.688873919217646985e-04 4.855054343798520283e-04 1.343490178689467221e-03 7.478632224865420369e-03
5.000000000000000000e-01 2.000000000000000000e+00 2.116698650875670218e-02 0.000000000000000000e+00 2.116698650875670218e-02 1.102235716812215724e-03 2.745100190412542388e-03 8.114580859228611581e-03
7.500000000000000000e-01 2.000000000000000000e+00 1.261971607884129765e-01 0.000000000000000000e+00 1.261971607884129765e-01 3.275415920727647607e-03 7.442219483828983739e-03 1.402843474827657026e-02
1.000000000000000000e+00 2.000000000000000000e+00 2.443538022477100558e-01 1.262378707044760628e-01 1.181159315432339929e-01 1.047976110756437818e-02 2.802499491351313418e-02 6.685289106232812639e-02
1.250000000000000000e+00 2.000000000000000000e+00 4.645064123051603766e-01 1.544538766104630034e-01 3.100525356946973732e-01 2.692905407874016110e-02 5.998950899269475667e-02 8.685574091729178492e-02
1.500000000000000000e+00 2.000000000000000000e+00 7.033492036786662682e-01 4.189701660023061880e-01 2.843790376763600802e-01 7.030563163989343722e-02 1.358481325363602443e-01 1.582745788801944997e-01
1.750000000000000000e+00 2.000000000000000000e+00 7.870050118016976848e-01 6.769815359372786112e-01 1.100234758644190736e-01 1.443733999817537195e-01 2.272140102686370511e-01 2.218816673667179662e-01
2.000000000000000000e+00 2.000000000000000000e+00 9.057053654474315207e-01 8.416650165000307826e-01 6.404034894740073813e-02 2.412781138054882757e-01 3.174611248837618804e-01 2.545691891676062357e-01
-2.000000000000000000e+00 2.250000000000000000e+00 7.314015531947390958e-01 4.965641952456924524e-01 2.348373579490466434e-01 9.488721661402756136e-02 1.642072344073883805e-01 1.735643646274963869e-01
-1.750000000000000000e+00 2.250000000000000000e+00 4.871819858811898829e-01 1.781684596105612139e-01 3.090135262706286690e-01 3.022528767656679563e-02 6.779839333321417694e-02 9.740120974819160837e-02
-1.500000000000000000e+00 2.250000000000000000e+00 3.014940273753962119e-01 0.000000000000000000e+00 3.014940273753962119e-01 8.463402718171426919e-03 2.063844676037851142e-02 3.995807440783236825e-02
-1.250000000000000000e+00 2.250000000000000000e+00 9.093466878795165853e-02 0.000000000000000000e+00 9.093466878795165853e-02 2.663401106097206244e-03 7.845062015944695086e-03 2.386727405635922367e-02
-1.000000000000000000e+00 2.250000000000000000e+00 1.265035955707578541e-01 0.000000000000000000e+00 1.265035955707578541e-01 9.290789191580961634e-04 3.239627018706883396e-03 1.991505591867779451e-02
-7.500000000000000000e-01 2.250000000000000000e+00 5.872749204834525061e-02 0.000000000000000000e+00 5.872749204834525061e-02 3.947956142524531318e-04 1.205005340429095599e-03 4.341398493369453583e-03
-5.000000000000000000e-01 2.250000000000000000e+00 2.516739675077847143e-10 0.000000000000000000e+00 2.516739675077847143e-10 2.684204515432555942e-04 8.784766264491131746e-04 4.341394430321531168e-03
-2.500000000000000000e-01 2.250000000000000000e+00 8.935323094968598834e-02 0.000000000000000000e+00 8.935323094968598834e-02 2.407896840053805625e-04 1.113103788975665451e-03 8.534038117106290677e-03
0.000000000000000000e+00 2.250000000000000000e+00 8.935322355170773057e-02 0.000000000000000000e+00 8.935322355170773057e-02 3.671262407544882396e-04 1.144651630412803775e-03 5.136835790708012273e-03
2.500000000000000000e-01 2.250000000000000000e+00 8.937162626831009204e-02 0.000000000000000000e+00 8.937162626831009204e-02 6.316301949768578965e-04 1.647920053397416680e-03 4.919603482897646173e-03
5.000000000000000000e-01 2.250000000000000000e+00 1.213672575367050477e-01 0.000000000000000000e+00 1.213672575367050477e-01 1.346015176584686645e-03 4.643336281524005141e-03 1.443802653562891065e-02
7.500000000000000000e-01 2.250000000000000000e+00 1.988802249537846012e-01 0.000000000000000000e+00 1.988802249537846012e-01 4.085714896413536988e-03 1.149585211281443746e-02 2.583174364875891887e-02
1.000000000000000000e+00 2.250000000000000000e+00 3.556841303120122921e-01 1.262378707044762294e-01 2.294462596075360628e-01 1.006313787844758355e-02 2.976434955554561196e-02 6.051094113250426315e-02
1.250000000000000000e+00 2.250000000000000000e+00 4.709560945965299283e-01 1.989974874213234490e-01 2.719586071752064793e-01 2.982871497978952652e-02 6.875615209968723163e-02 1.051322095199994089e-01
1.500000000000000000e+00 2.250000000000000000e+00 6.428023829974657266e-01 4.189701660023055774e-01 2.238322169951601492e-01 6.961133099664496005e-02 1.375527429731148998e-01 1.660010025110478793e-01
1.750000000000000000e+00 2.250000000000000000e+00 8.412894456018380485e-01 6.855771291401122625e-01 1.557123164617257860e-01 1.436415989308565677e-01 2.266921590010419763e-01 2.249007546996662499e-01
2.000000000000000000e+00 2.250000000000000000e+00 9.053467670622634689e-01 8.660254037844385966e-01 3.932136327782487228e-02 2.386148954656037158e-01 3.171612659638042286e-01 2.590993219813020887e-01
-2.000000000000000000e+00 2.500000000000000000e+00 6.959271405655828024e-01 6.156752390668278618e-01 8.025190149875494061e-02 1.062282365425594455e-01 1.852226215391855335e-01 2.093832140542560838e-01
-1.750000000000000000e+00 2.500000000000000000e+00 5.500438767831599129e-01 3.060980235153447637e-01 2.439458532678151492e-01 4.374335566079293192e-02 9.416311130923127326e-02 1.321173540829895798e-01
-1.500000000000000000e+00 2.500000000000000000e+00 3.448745654189367404e-01 8.935323161475473841e-02 2.555213338041820159e-01 1.324508788558137126e-02 3.555384126492108082e-02 6.390227936850369217e-02
-1.250000000000000000e+00 2.500000000000000000e+00 1.819411818934358049e-01 0.000000000000000000e+00 1.819411818934358049e-01 4.231255384281217696e-03 9.844714758027017093e-03 1.779421767320681427e-02
-1.000000000000000000e+00 2.500000000000000000e+00 1.276035358289851762e-01 8.935323161475475229e-02 3.825030421423042393e-02 1.649510395863717106e-03 6.125079001211561520e-03 3.387399135383539067e-02
-7.500000000000000000e-01 2.500000000000000000e+00 1.486606247292805161e-01 0.000000000000000000e+00 1.486606247292805161e-01 7.110771231105937227e-04 3.340331415713830750e-03 1.886415820182509723e-02
-5.000000000000000000e-01 2.500000000000000000e+00 1.897058921509853571e-02 0.000000000000000000e+00 1.897058921509853571e-02 4.279860033819544302e-04 1.403612827695423530e-03 5.498034151718724991e-03
-2.500000000000000000e-01 2.500000000000000000e+00 3.928250770587266624e-04 0.000000000000000000e+00 3.928250770587266624e-04 4.008220756810887343e-04 1.603185986001994055e-03 1.433757436404610452e-02
0.000000000000000000e+00 2.500000000000000000e+00 4.440112792819151527e-02 0.000000000000000000e+00 4.440112792819151527e-02 4.765341461003596494e-04 1.461860228150251018e-03 5.180759203014127269e-03
2.500000000000000000e-01 2.500000000000000000e+00 9.825396291087752643e-02 0.000000000000000000e+00 9.825396291087752643e-02 8.269290829570618033e-04 3.261813850680959394e-03 1.384682096766171912e-02
5.000000000000000000e-01 2.500000000000000000e+00 1.405490363071148219e-01 0.000000000000000000e+00 1.405490363071148219e-01 1.647649714902713579e-03 6.363445638780154331e-03 2.905642931928502370e-02
7.500000000000000000e-01 2.500000000000000000e+00 1.262202247192271420e-01 0.000000000000000000e+00 1.262202247192271420e-01 4.327393828039531598e-03 1.105507663787244285e-02 2.315447087646131663e-02
1.000000000000000000e+00 2.500000000000000000e+00 3.325735364634227476e-01 1.262378707044762571e-01 2.063356657589464904e-01 1.088678290106142796e-02 3.022248244180931326e-02 6.385428035945427128e-02
1.250000000000000000e+00 2.500000000000000000e+00 5.063411232039601861e-01 1.989974874213236156e-01 3.073436357826365706e-01 3.185098424709621040e-02 7.300072842208880919e-02 1.017327520974566774e-01
1.500000000000000000e+00 2.500000000000000000e+00 7.412477649946512814e-01 4.895058733049090782e-01 2.517418916897422032e-01 7.678443770239477828e-02 1.478891765909338962e-01 1.789298672877330243e-01
1.750000000000000000e+00 2.500000000000000000e+00 8.446215881458409847e-01 7.101999718389164773e-01 1.344216163069245074e-01 1.583751110329088274e-01 2.420423812866850100e-01 2.336156155006206825e-01
2.000000000000000000e+00 2.500000000000000000e+00 8.825175196475076866e-01 9.037787339830437583e-01 -2.126121433553607165e-02 2.582100252106458993e-01 3.347905698230180804e-01 2.751142466152410315e-01
-2.000000000000000000e+00 2.750000000000000000e+00 7.820860146329257079e-01 6.897999710060890299e-01 9.228604362683667794e-02 1.484620364546981042e-01 2.269034234062352329e-01 2.237665079183184802e-01
-1.750000000000000000e+00 2.750000000000000000e+00 6.072179399889255924e-01 3.725801927102404543e-01 2.346377472786851381e-01 5.852678169113537110e-02 1.152905541461486244e-01 1.403357522552284020e-01
-1.500000000000000000e+00 2.750000000000000000e+00 4.104136611096438902e-01 1.989974874213244205e-01 2.114161736883194698e-01 2.087696175578647798e-02 5.103343985483571599e-02 8.937268854688787401e-02
-1.250000000000000000e+00 2.750000000000000000e+00 2.686999709956257032e-01 8.935323161475475229e-02 1.793467393808709509e-01 6.860475718977968734e-03 1.982909228661865197e-02 4.999994924975085381e-02
-1.000000000000000000e+00 2.750000000000000000e+00 1.166691885443656429e-01 8.935323161475473841e-02 2.731595692961090449e-02 2.774838465355749986e-03 8.992108479834873616e-03 2.943727256453362862e-02
-7.500000000000000000e-01 2.750000000000000000e+00 1.101256384203233296e-01 0.000000000000000000e+00 1.101256384203233296e-01 1.289622127240706720e-03 3.938403608261125538e-03 1.215254807809825095e-02
-5.000000000000000000e-01 2.750000000000000000e+00 8.881990378631032801e-02 8.935323161475473841e-02 -5.333278284444104012e-04 7.285391229210844968e-04 3.389856544811609574e-03 2.500783385806363418e-02
-2.500000000000000000e-01 2.750000000000000000e+00 1.115546036724921058e-01 0.000000000000000000e+00 1.115546036724921058e-01 6.194377984872001053e-04 2.176205198330722138e-03 8.709460608322687827e-03
0.000000000000000000e+00 2.750000000000000000e+00 8.934820553492041351e-02 0.000000000000000000e+00 8.934820553492041351e-02 7.287166438943358743e-04 2.257745240280293730e-03 8.583213140790619741e-03
2.500000000000000000e-01 2.750000000000000000e+00 8.764499218210046461e-02 0.000000000000000000e+00 8.764499218210046461e-02 1.186687758536059773e-03 5.063983474729333301e-03 1.987178530013976319e-02
5.000000000000000000e-01 2.750000000000000000e+00 2.087728639534975061e-01 0.000000000000000000e+00 2.087728639534975061e-01 2.074987090315983784e-03 8.148508527547821886e-03 2.988651170273979446e-02
7.500000000000000000e-01 2.750000000000000000e+00 2.834621283422719684e-01 8.935323161475478004e-02 1.941088967275171884e-01 5.263986616768132239e-03 1.837642644932551902e-02 4.798765922777813858e-02
1.000000000000000000e+00 2.750000000000000000e+00 3.412539768989482636e-01 1.262378707044760628e-01 2.150161061944722007e-01 1.364583105971067106e-02 3.603966750349214820e-02 6.660553879054911808e-02
1.250000000000000000e+00 2.750000000000000000e+00 5.652626638969920903e-01 2.800000000000001377e-01 2.852626638969919526e-01 3.603331270297766009e-02 8.641520627594644066e-02 1.275755081848823913e-01
1.500000000000000000e+00 2.750000000000000000e+00 6.948776578590326602e-01 5.607280981010314136e-01 1.341495597580012467e-01 8.019531451537097178e-02 1.592669348227834236e-01 1.900668815647134635e-01
1.750000000000000000e+00 2.750000000000000000e+00 8.325852906214992188e-01 7.332121111929312818e-01 9.937317942856793707e-02 1.517157601478935636e-01 2.417311927074300704e-01 2.455088186273086392e-01
2.000000000000000000e+00 2.750000000000000000e+00 8.912974164521479947e-01 8.815985480931755047e-01 9.698868358972490000e-03 2.412402570898429521e-01 3.204983178773516683e-01 2.697094152105406484e-01
-2.000000000000000000e+00 3.000000000000000000e+00 8.429274679166194328e-01 7.180417815141370008e-01 1.248856864024824320e-01 1.553389531864496353e-01 2.366701631606145939e-01 2.293672188995148353e-01
-1.750000000000000000e+00 3.000000000000000000e+00 7.345548196465739865e-01 5.487294415283325844e-01 1.858253781182414022e-01 7.607421915846408755e-02 1.508449497256385829e-01 1.885369101198730302e-01
-1.500000000000000000e+00 3.000000000000000000e+00 4.459892180742572876e-01 1.989974874213239486e-01 2.469917306529333390e-01 3.062924204136676862e-02 6.722332481534008808e-02 9.309906493496902802e-02
-1.250000000000000000e+00 3.000000000000000000e+00 3.520352303806218441e-01 8.935323161475478004e-02 2.626819987658670641e-01 1.097447081204322092e-02 3.092180680895754291e-02 5.864443693394426338e-02
-1.000000000000000000e+00 3.000000000000000000e+00 2.638296364895336144e-01 0.000000000000000000e+00 2.638296364895336144e-01 5.019199627181985396e-03 1.526837932743956884e-02 3.503149185900027163e-02
-7.500000000000000000e-01 3.000000000000000000e+00 1.734101598086365825e-01 8.935323161475473841e-02 8.405692819388184411e-02 2.139034092432357502e-03 8.705906966023918211e-03 3.448977481100067022e-02
-5.000000000000000000e-01 3.000000000000000000e+00 1.778547038304906236e-01 0.000000000000000000e+00 1.778547038304906236e-01 1.464159328307791793e-03 6.353527246692604151e-03 2.321796456266250058e-02
-2.500000000000000000e-01 3.000000000000000000e+00 1.882116550405561473e-01 8.935323161475473841e-02 9.885842342580140885e-02 1.237122012948618961e-03 6.314925604596682493e-03 3.827724482647044263e-02
0.000000000000000000e+00 3.000000000000000000e+00 1.248827375364461034e-01 8.935323161475473841e-02 3.552950592169136501e-02 1.237722713993895819e-03 4.961654193027640984e-03 2.467540652516492586e-02
2.500000000000000000e-01 3.000000000000000000e+00 1.695792288516624891e-01 8.935323161475473841e-02 8.022599723690775064e-02 1.800281241243663431e-03 7.107034544007898545e-03 2.768743727800550974e-02
5.000000000000000000e-01 3.000000000000000000e+00 2.818657448767534213e-01 0.000000000000000000e+00 2.818657448767534213e-01 3.255570684172182615e-03 1.138863363885973985e-02 3.054570320016279303e-02
7.500000000000000000e-01 3.000000000000000000e+00 2.479013180916581627e-01 0.000000000000000000e+00 2.479013180916581627e-01 7.867050257514687089e-03 2.516050226507244095e-02 5.409977891560471125e-02
1.000000000000000000e+00 3.000000000000000000e+00 4.354816933348941710e-01 2.349808502835918356e-01 2.005008430513023354e-01 1.555095691265702754e-02 4.591405160342187236e-02 9.305108263288444648e-02
1.250000000000000000e+00 3.000000000000000000e+00 5.484411887922846507e-01 2.800000000000006373e-01 2.684411887922840134e-01 3.872464330496802609e-02 9.220283147502215948e-02 1.362893628432103599e-01
1.500000000000000000e+00 3.000000000000000000e+00 6.769597019833585305e-01 5.299962264016603308e-01 1.469634755816981997e-01 8.565086587434470045e-02 1.645283660442563578e-01 1.932607918085932630e-01
1.750000000000000000e+00 3.000000000000000000e+00 8.443246008193455721e-01 7.141428428542861973e-01 1.301817579650593748e-01 1.759486690644720686e-01 2.535945390677856737e-01 2.316280990405473750e-01
2.000000000000000000e+00 3.000000000000000000e+00 8.756518902905323642e-01 8.683225207260248935e-01 7.329369564507470791e-03 2.309506643472026000e-01 3.097554413306917720e-01 2.583203524303113729e-01
