# position velocity action_std action_loc_std action_std_diff action_mean_p_0 action_p_0_mean action_p_0_std
-2.000000000000000000e+00 -3.000000000000000000e+00 8.062050600161709824e-01 6.681796165702765800e-01 1.380254434458944024e-01 8.522869326995645700e-01 7.745345084419246184e-01 2.077102828754888997e-01
-1.750000000000000000e+00 -3.000000000000000000e+00 6.786495067216878896e-01 4.823111029200987110e-01 1.963384038015891786e-01 9.300148548469100440e-01 8.586131989951339971e-01 1.796761520264485157e-01
-1.500000000000000000e+00 -3.000000000000000000e+00 5.518339306811261835e-01 3.624582734605462098e-01 1.893756572205799737e-01 9.679447807416797778e-01 9.152857173762155574e-01 1.398837559138697006e-01
-1.250000000000000000e+00 -3.000000000000000000e+00 3.413872807994891567e-01 1.262378707044762571e-01 2.151494100950128996e-01 9.892109226444066872e-01 9.661524587005188014e-01 7.920810060222936710e-02
-1.000000000000000000e+00 -3.000000000000000000e+00 2.528702660809648006e-01 0.000000000000000000e+00 2.528702660809648006e-01 9.949465809613698974e-01 9.835480551509487857e-01 4.099587851571073055e-02
-7.500000000000000000e-01 -3.000000000000000000e+00 2.336658165751487326e-01 8.935323161475472453e-02 1.443125849603940081e-01 9.969886658527197243e-01 9.856851508528220451e-01 5.569702033749058395e-02
-5.000000000000000000e-01 -3.000000000000000000e+00 1.900472742679685523e-01 0.000000000000000000e+00 1.900472742679685523e-01 9.978683558472386528e-01 9.915131282779261479e-01 2.511747887604804177e-02
-2.500000000000000000e-01 -3.000000000000000000e+00 1.021303210263351802e-01 0.000000000000000000e+00 1.021303210263351802e-01 9.980360981804053955e-01 9.940386176342418389e-01 1.723982400180902944e-02
0.000000000000000000e+00 -3.000000000000000000e+00 1.541621711741371359e-01 0.000000000000000000e+00 1.541621711741371359e-01 9.970455908646981280e-01 9.886694411858961695e-01 3.355670899635947863e-02
2.500000000000000000e-01 -3.000000000000000000e+00 2.655001251957720410e-01 8.935323161475473841e-02 1.761468935810173164e-01 9.941547467013240880e-01 9.799362066765801016e-01 5.424665372846954742e-02
5.000000000000000000e-01 -3.000000000000000000e+00 3.859241390401912386e-01 1.544538766104637528e-01 2.314702624297274858e-01 9.854172746627568591e-01 9.594395789571548150e-01 8.666165647920652526e-02
7.500000000000000000e-01 -3.000000000000000000e+00 5.827819156632687569e-01 3.182703253525231979e-01 2.645115903107455591e-01 9.620491359299917500e-01 9.133138212825574476e-01 1.291856721357572124e-01
1.000000000000000000e+00 -3.000000000000000000e+00 7.256985104990127944e-01 5.836574337742993501e-01 1.420410767247134443e-01 8.988888095158700242e-01 8.155807020199072888e-01 2.025951472580731494e-01
1.250000000000000000e+00 -3.000000000000000000e+00 8.471491670065987023e-01 7.908577621797769908e-01 5.629140482682171154e-02 7.974667245155068196e-01 7.189656088806708478e-01 2.371868065160787353e-01
1.500000000000000000e+00 -3.000000000000000000e+00 9.373132004041435650e-01 9.588242800430113455e-01 -2.151107963886778052e-02 6.698301202479698402e-01 6.124390221036073445e-01 2.802789787831368451e-01
1.750000000000000000e+00 -3.000000000000000000e+00 9.558067390036922850e-01 9.997999799959953471e-01 -4.399324099230306206e-02 5.064917499205561224e-01 5.018146447740540195e-01 2.783737723839534439e-01
2.000000000000000000e+00 -3.000000000000000000e+00 9.633523612812814330e-01 9.922822179198834691e-01 -2.892985663860203616e-02 4.098853738243136147e-01 4.450668850821583034e-01 2.881312918977627646e-01
-2.000000000000000000e+00 -2.750000000000000000e+00 7.475781317661077674e-01 6.499230723708783186e-01 9.765505939522944878e-02 8.912602821643783590e-01 8.076789588299587708e-01 2.122251136762188795e-01
-1.750000000000000000e+00 -2.750000000000000000e+00 6.148670565930853815e-01 4.598434516223985913e-01 1.550236049706867902e-01 9.521453005824369598e-01 8.856089377705154142e-01 1.625661378425359016e-01
-1.500000000000000000e+00 -2.750000000000000000e+00 4.123170773867419481e-01 1.262378707044761739e-01 2.860792066822657742e-01 9.819854442047479814e-01 9.510279723600959523e-01 8.347412872839526932e-02
-1.250000000000000000e+00 -2.750000000000000000e+00 2.996522837733530675e-01 1.262378707044762294e-01 1.734144130688768382e-01 9.934018729197690023e-01 9.729404112025435980e-01 7.597746088168590151e-02
-1.000000000000000000e+00 -2.750000000000000000e+00 2.153552386699871812e-01 8.935323161475479392e-02 1.260020070552324012e-01 9.973176759277400105e-01 9.862209737902276618e-01 4.559550380823042953e-02
-7.500000000000000000e-01 -2.750000000000000000e+00 1.231734948529309426e-01 0.000000000000000000e+00 1.231734948529309426e-01 9.987849600724927335e-01 9.925602467679891516e-01 3.030529806760468362e-02
-5.000000000000000000e-01 -2.750000000000000000e+00 1.670019417441117870e-01 8.935323161475473841e-02 7.764871012935704864e-02 9.992089062832416602e-01 9.939713714571912773e-01 3.178965601069436153e-02
-2.500000000000000000e-01 -2.750000000000000000e+00 1.540929461964094926e-03 0.000000000000000000e+00 1.540929461964094926e-03 9.991662965333548696e-01 9.965946636027398498e-01 1.568980192686753733e-02
0.000000000000000000e+00 -2.750000000000000000e+00 1.260308387349269865e-01 0.000000000000000000e+00 1.260308387349269865e-01 9.987135579289004861e-01 9.942818941257490772e-01 2.455375001330719134e-02
2.500000000000000000e-01 -2.750000000000000000e+00 2.078327195275124217e-01 0.000000000000000000e+00 2.078327195275124217e-01 9.970978909731932349e-01 9.902627884226357091e-01 2.769249761165205187e-02
5.000000000000000000e-01 -2.750000000000000000e+00 3.132540019578712864e-01 1.262378707044761739e-01 1.870161312533951126e-01 9.917491524760863042e-01 9.746562704355153928e-01 6.098859003293492786e-02
7.500000000000000000e-01 -2.750000000000000000e+00 4.467907027301017964e-01 2.349808502835915858e-01 2.118098524465102106e-01 9.769577688886174061e-01 9.415787890314132325e-01 1.038700278680530220e-01
1.000000000000000000e+00 -2.750000000000000000e+00 6.725217904882980768e-01 4.440540507640951540e-01 2.284677397242029229e-01 9.318047523409384025e-01 8.628729633927025855e-01 1.706047972784598965e-01
1.250000000000000000e+00 -2.750000000000000000e+00 8.226979840446774217e-01 7.405511461067351142e-01 8.214683793794230748e-02 8.151091270278635337e-01 7.378476207284688781e-01 2.391446243160947616e-01
1.500000000000000000e+00 -2.750000000000000000e+00 9.249699524051496757e-01 9.313989478198907435e-01 -6.428995414741067727e-03 6.819047348340736558e-01 6.286695355500020455e-01 2.674518711124299064e-01
1.750000000000000000e+00 -2.750000000000000000e+00 9.734958382710526825e-01 9.997119585160565425e-01 -2.621612024500385996e-02 4.873305315440340513e-01 4.916065696761611203e-01 2.816746889533491283e-01
2.000000000000000000e+00 -2.750000000000000000e+00 9.632556141274204453e-01 9.797958971132678663e-01 -1.654028298584742096e-02 3.916600215704308385e-01 4.307337301907402938e-01 2.922373094087813428e-01
-2.000000000000000000e+00 -2.500000000000000000e+00 6.602400981203263575e-01 5.169758214849121680e-01 1.432642766354141894e-01 9.195105783579441416e-01 8.468967905096521642e-01 1.873141026494618000e-01
-1.750000000000000000e+00 -2.500000000000000000e+00 5.547426562311831288e-01 3.299454500368193544e-01 2.247972061943637745e-01 9.633035506998389730e-01 9.099531572754940845e-01 1.315395128107271772e-01
-1.500000000000000000e+00 -2.500000000000000000e+00 2.984271754004302890e-01 1.262378707044762294e-01 1.721893046959540596e-01 9.880662861706513977e-01 9.663933169079550467e-01 6.828766638317743110e-02
-1.250000000000000000e+00 -2.500000000000000000e+00 2.476768894006170230e-01 8.935323161475476617e-02 1.583236577858622707e-01 9.963660806747864918e-01 9.851425675191847198e-01 4.378401353807175739e-02
-1.000000000000000000e+00 -2.500000000000000000e+00 1.542124499195576537e-01 8.935323161475478004e-02 6.485921830480287364e-02 9.987185912607077221e-01 9.935485778175456861e-01 2.956581469074328131e-02
-7.500000000000000000e-01 -2.500000000000000000e+00 1.603221042236057936e-01 0.000000000000000000e+00 1.603221042236057936e-01 9.993431189646648782e-01 9.954267789878924466e-01 2.186040847337730048e-02
-5.000000000000000000e-01 -2.500000000000000000e+00 1.305632467600504887e-01 0.000000000000000000e+00 1.305632467600504887e-01 9.995929872779255598e-01 9.969672468596260106e-01 2.285805412615656354e-02
-2.500000000000000000e-01 -2.500000000000000000e+00 1.514656978817410598e-06 0.000000000000000000e+00 1.514656978817410598e-06 9.995146467527298295e-01 9.973040173794697205e-01 1.239113005445562250e-02
0.000000000000000000e+00 -2.500000000000000000e+00 1.240882856281230601e-01 0.000000000000000000e+00 1.240882856281230601e-01 9.993550271012400232e-01 9.965367101659452498e-01 1.785957765894557320e-02
2.500000000000000000e-01 -2.500000000000000000e+00 1.613489029711909772e-01 0.000000000000000000e+00 1.613489029711909772e-01 9.982376098668651609e-01 9.942935975166199425e-01 1.589919038865370352e-02
5.000000000000000000e-01 -2.500000000000000000e+00 2.031316006290191656e-01 0.000000000000000000e+00 2.031316006290191656e-01 9.946154283204847735e-01 9.827721966389509900e-01 3.891133828754577556e-02
7.500000000000000000e-01 -2.500000000000000000e+00 3.893839498011894551e-01 1.262378707044762016e-01 2.631460790967132812e-01 9.827752373955545018e-01 9.523602009094578325e-01 8.125064355246330861e-02
1.000000000000000000e+00 -2.500000000000000000e+00 6.659291792093094964e-01 4.520353968440952719e-01 2.138937823652142245e-01 9.320111838378422053e-01 8.659348385273496485e-01 1.738371171289277983e-01
1.250000000000000000e+00 -2.500000000000000000e+00 8.314338570954377117e-01 6.897999710060890299e-01 1.416338860893486817e-01 8.423315685475922798e-01 7.656512778614396053e-01 2.175424341193013533e-01
1.500000000000000000e+00 -2.500000000000000000e+00 9.436953642788205032e-01 9.736611320166773664e-01 -2.996576773785686321e-02 6.166009269587380270e-01 5.836632111827072533e-01 2.791959599082311505e-01
1.750000000000000000e+00 -2.500000000000000000e+00 9.629571648606625178e-01 9.971078176406000804e-01 -3.415065277993756254e-02 4.563139346477217972e-01 4.769434441414814874e-01 2.901673202445296806e-01
2.000000000000000000e+00 -2.500000000000000000e+00 9.567850241030891878e-01 9.460570807303311236e-01 1.072794337275806420e-02 3.241467392022738259e-01 3.826778824785203592e-01 2.734255848297804103e-01
-2.000000000000000000e+00 -2.250000000000000000e+00 6.976450184597445814e-01 4.965641952456931740e-01 2.010808232140514074e-01 9.300828893239055928e-01 8.546172529867619438e-01 1.841238952667542117e-01
-1.750000000000000000e+00 -2.250000000000000000e+00 5.089348312050223644e-01 2.509501942617307635e-01 2.579846369432916009e-01 9.746875957784049138e-01 9.375411611824341351e-01 1.112821447459299978e-01
-1.500000000000000000e+00 -2.250000000000000000e+00 3.269763505780593493e-01 1.544538766104620597e-01 1.725224739675972896e-01 9.924739991589732746e-01 9.738955589278960323e-01 7.052554272058655926e-02
-1.250000000000000000e+00 -2.250000000000000000e+00 1.983762589005105825e-01 8.935323161475471065e-02 1.090230272857558719e-01 9.977587229770403798e-01 9.867104481257059634e-01 5.339932766355817706e-02
-1.000000000000000000e+00 -2.250000000000000000e+00 9.163431768169967573e-02 0.000000000000000000e+00 9.163431768169967573e-02 9.992536448632847179e-01 9.965190961943519721e-01 1.430129325000278374e-02
-7.500000000000000000e-01 -2.250000000000000000e+00 7.389862883417935846e-02 0.000000000000000000e+00 7.389862883417935846e-02 9.996735732044806921e-01 9.981588202693273404e-01 1.283773758022141616e-02
-5.000000000000000000e-01 -2.250000000000000000e+00 8.927030963023550869e-02 0.000000000000000000e+00 8.927030963023550869e-02 9.997632377751521915e-01 9.986235198473276675e-01 7.804425606466683547e-03
-2.500000000000000000e-01 -2.250000000000000000e+00 8.935318156445450077e-02 0.000000000000000000e+00 8.935318156445450077e-02 9.997506480686296770e-01 9.990207398171758735e-01 3.105228521963552049e-03
0.000000000000000000e+00 -2.250000000000000000e+00 1.013961518533568369e-02 0.000000000000000000e+00 1.013961518533568369e-02 9.994793844259276527e-01 9.971473828227389591e-01 1.376163920506265348e-02
2.500000000000000000e-01 -2.250000000000000000e+00 1.197335790966065627e-01 0.000000000000000000e+00 1.197335790966065627e-01 9.986814535621190148e-01 9.949266016735582863e-01 2.153712364495556988e-02
5.000000000000000000e-01 -2.250000000000000000e+00 2.091539262032970914e-01 0.000000000000000000e+00 2.091539262032970914e-01 9.960393830447094032e-01 9.880295382220458666e-01 3.040336961776399227e-02
7.500000000000000000e-01 -2.250000000000000000e+00 3.987193461048471610e-01 1.262378707044761739e-01 2.724814754003709871e-01 9.842592812867402285e-01 9.577474048935845641e-01 7.707498736887113955e-02
1.000000000000000000e+00 -2.250000000000000000e+00 6.357942952576461915e-01 3.919183588453079015e-01 2.438759364123382900e-01 9.361094176302097170e-01 8.809222257476332363e-01 1.503163244560072886e-01
1.250000000000000000e+00 -2.250000000000000000e+00 8.309081160210501915e-01 7.547608892887861520e-01 7.614722673226403948e-02 8.329608671854509261e-01 7.501077599539821561e-01 2.338481938200304422e-01
1.500000000000000000e+00 -2.250000000000000000e+00 9.291933705798747223e-01 9.634189120003791018e-01 -3.422554142050437953e-02 6.124504315431599233e-01 5.808811150037164195e-01 2.715751989998750338e-01
1.750000000000000000e+00 -2.250000000000000000e+00 9.583073595994145988e-01 9.883804935347551002e-01 -3.007313393534050139e-02 4.457243023829972617e-01 4.610136640761800519e-01 2.902820138153832663e-01
2.000000000000000000e+00 -2.250000000000000000e+00 9.263720045235537270e-01 9.093646133427436551e-01 1.700739118081007195e-02 2.872019358644432030e-01 3.514575967513620669e-01 2.652370128303424557e-01
-2.000000000000000000e+00 -2.000000000000000000e+00 5.935691456013753031e-01 3.725801927102404543e-01 2.209889528911348489e-01 9.453877016253731114e-01 8.871299036225001045e-01 1.515516486066513513e-01
-1.750000000000000000e+00 -2.000000000000000000e+00 3.937032874489396761e-01 1.781684596105613805e-01 2.155348278383782956e-01 9.790936877634408564e-01 9.491284272157483048e-01 8.452991146796436095e-02
-1.500000000000000000e+00 -2.000000000000000000e+00 2.674704069439993726e-01 8.935323161475478004e-02 1.781171753292445925e-01 9.947723596068605012e-01 9.830613988864057573e-01 4.137854813242217156e-02
-1.250000000000000000e+00 -2.000000000000000000e+00 1.997165956432621625e-01 8.935323161475476617e-02 1.103633640285073964e-01 9.984638471835562967e-01 9.926089412213617846e-01 3.789817913356577361e-02
-1.000000000000000000e+00 -2.000000000000000000e+00 1.262052191176698535e-01 8.935323161475471065e-02 3.685198750291514280e-02 9.993968199028582244e-01 9.959651514350882362e-01 2.575201239397254330e-02
-7.500000000000000000e-01 -2.000000000000000000e+00 8.915140139377440709e-02 0.000000000000000000e+00 8.915140139377440709e-02 9.997569391362070013e-01 9.988005936840290699e-01 4.398283780011264139e-03
-5.000000000000000000e-01 -2.000000000000000000e+00 4.345348019035256970e-02 0.000000000000000000e+00 4.345348019035256970e-02 9.998233207706588299e-01 9.990411680796151828e-01 7.670094022341956974e-03
-2.500000000000000000e-01 -2.000000000000000000e+00 6.118353078733550221e-02 0.000000000000000000e+00 6.118353078733550221e-02 9.998119996573003876e-01 9.993177772988576235e-01 3.374276744881063786e-03
0.000000000000000000e+00 -2.000000000000000000e+00 1.138705256487137635e-01 0.000000000000000000e+00 1.138705256487137635e-01 9.996335775873601559e-01 9.984963545106402272e-01 6.788988272833597001e-03
2.500000000000000000e-01 -2.000000000000000000e+00 5.748117759483833272e-02 0.000000000000000000e+00 5.748117759483833272e-02 9.989442503222142333e-01 9.969493428121896095e-01 8.631373906446344543e-03
5.000000000000000000e-01 -2.000000000000000000e+00 1.475606613928243105e-01 0.000000000000000000e+00 1.475606613928243105e-01 9.961852663810135677e-01 9.901223096927489475e-01 2.332803946358696229e-02
7.500000000000000000e-01 -2.000000000000000000e+00 2.690772398714175173e-01 8.935323161475478004e-02 1.797240082566627373e-01 9.848536783080835688e-01 9.666120004206126826e-01 5.646366392740630874e-02
1.000000000000000000e+00 -2.000000000000000000e+00 5.733065320073731375e-01 3.411744421846388819e-01 2.321320898227342555e-01 9.392107533107415529e-01 8.836639491618122344e-01 1.480715709004634673e-01
1.250000000000000000e+00 -2.000000000000000000e+00 8.450390391761097852e-01 7.218974996493616736e-01 1.231415395267481117e-01 8.100296292661063324e-01 7.334147116516402942e-01 2.333455788417317101e-01
1.500000000000000000e+00 -2.000000000000000000e+00 9.482486504339981970e-01 9.772696659571534772e-01 -2.902101552315528021e-02 6.100053489884199598e-01 5.745029483415449167e-01 2.780182442355800254e-01
1.750000000000000000e+00 -2.000000000000000000e+00 9.649141089017795325e-01 9.877570551507081076e-01 -2.284294624892857506e-02 4.100714807300323006e-01 4.425790687147090896e-01 2.844106650736894504e-01
2.000000000000000000e+00 -2.000000000000000000e+00 9.305923822654682542e-01 9.199652167337627473e-01 1.062716553170550693e-02 2.773939383615099952e-01 3.528143564450690328e-01 2.712294498322284642e-01
-2.000000000000000000e+00 -1.750000000000000000e+00 5.717231099630660784e-01 3.182703253525230869e-01 2.534527846105429916e-01 9.573506174619972331e-01 9.084884855785196889e-01 1.281193768647836406e-01
-1.750000000000000000e+00 -1.750000000000000000e+00 4.561895567462038725e-01 8.935323161475476617e-02 3.668363251314490925e-01 9.826982688628325135e-01 9.524055780948685879e-01 8.641942546797280744e-02
-1.500000000000000000e+00 -1.750000000000000000e+00 2.396719310979241180e-01 1.262378707044762016e-01 1.134340603934479164e-01 9.952220644661149418e-01 9.839295615704677367e-01 5.507324698872255453e-02
-1.250000000000000000e+00 -1.750000000000000000e+00 1.195418923645567288e-01 0.000000000000000000e+00 1.195418923645567288e-01 9.987551959178805339e-01 9.952645657932978063e-01 1.681219440883991237e-02
-1.000000000000000000e+00 -1.750000000000000000e+00 8.958933381257740136e-02 0.000000000000000000e+00 8.958933381257740136e-02 9.995465108418117861e-01 9.970227150419768147e-01 1.644687708121340269e-02
-7.500000000000000000e-01 -1.750000000000000000e+00 6.026813027805777434e-02 0.000000000000000000e+00 6.026813027805777434e-02 9.997826025928281402e-01 9.988306895591748669e-01 5.093085031555355351e-03
-5.000000000000000000e-01 -1.750000000000000000e+00 1.222985144531730420e-07 0.000000000000000000e+00 1.222985144531730420e-07 9.998419887833523978e-01 9.986866433961100187e-01 1.020294270059846249e-02
-2.500000000000000000e-01 -1.750000000000000000e+00 8.935682214813052415e-02 0.000000000000000000e+00 8.935682214813052415e-02 9.998015737073272513e-01 9.992905130405586034e-01 2.798575451391662958e-03
0.000000000000000000e+00 -1.750000000000000000e+00 5.636400349022089619e-03 0.000000000000000000e+00 5.636400349022089619e-03 9.995962951486826453e-01 9.988912878838229759e-01 3.245668616328638897e-03
2.500000000000000000e-01 -1.750000000000000000e+00 1.262390302730443392e-01 0.000000000000000000e+00 1.262390302730443392e-01 9.988597593318584433e-01 9.970533479792671461e-01 8.569085449194695919e-03
5.000000000000000000e-01 -1.750000000000000000e+00 1.579959762066744378e-01 0.000000000000000000e+00 1.579959762066744378e-01 9.954974614539926492e-01 9.904377648860582806e-01 1.843083754922405018e-02
7.500000000000000000e-01 -1.750000000000000000e+00 3.608876849442294032e-01 0.000000000000000000e+00 3.608876849442294032e-01 9.814121592540512307e-01 9.588054441186537602e-01 6.207548937342290130e-02
1.000000000000000000e+00 -1.750000000000000000e+00 6.315416476727193640e-01 3.725801927102404543e-01 2.589614549624789097e-01 9.284017210334775116e-01 8.719897267292284759e-01 1.473477881823289926e-01
1.250000000000000000e+00 -1.750000000000000000e+00 8.928194719770282672e-01 7.877461520058341993e-01 1.050733199711940680e-01 7.930502634301268561e-01 7.165375127384062681e-01 2.373220479894200818e-01
1.500000000000000000e+00 -1.750000000000000000e+00 9.565789111052092064e-01 9.864603387871176965e-01 -2.988142768190849008e-02 5.745996082170846675e-01 5.495556452661669589e-01 2.712792192863474616e-01
1.750000000000000000e+00 -1.750000000000000000e+00 9.549035075615485146e-01 9.656086163658635924e-01 -1.070510880431507772e-02 3.759330571022280743e-01 4.135882267222939501e-01 2.834231821492185222e-01
2.000000000000000000e+00 -1.750000000000000000e+00 9.144243374667335722e-01 8.940335564172068317e-01 2.039078104952674053e-02 2.701978901411370981e-01 3.394047383826647724e-01 2.679482489017900315e-01
-2.000000000000000000e+00 -1.500000000000000000e+00 5.092824912332482024e-01 1.989974874213241984e-01 3.102850038119240317e-01 9.642276320861343786e-01 9.250174538719817541e-01 1.016827811085053296e-01
-1.750000000000000000e+00 -1.500000000000000000e+00 3.845102657452226236e-01 1.544538766104631700e-01 2.300563891347594536e-01 9.866280933269706566e-01 9.630404970846604407e-01 7.940306009171273216e-02
-1.500000000000000000e+00 -1.500000000000000000e+00 1.814838248823071598e-01 0.000000000000000000e+00 1.814838248823071598e-01 9.962968825384754812e-01 9.887884276832484831e-01 2.983184274713996526e-02
-1.250000000000000000e+00 -1.500000000000000000e+00 1.465653388208151831e-01 0.000000000000000000e+00 1.465653388208151831e-01 9.987012665390488930e-01 9.953972729119984209e-01 1.688810109804575466e-02
-1.000000000000000000e+00 -1.500000000000000000e+00 2.562560541329418975e-04 0.000000000000000000e+00 2.562560541329418975e-04 9.995269742179216932e-01 9.974068866027784308e-01 2.014853452700023778e-02
-7.500000000000000000e-01 -1.500000000000000000e+00 1.704872928886657225e-04 0.000000000000000000e+00 1.704872928886657225e-04 9.997681967331545350e-01 9.981295704649651990e-01 1.651149791970243225e-02
-5.000000000000000000e-01 -1.500000000000000000e+00 8.935323148471313592e-02 0.000000000000000000e+00 8.935323148471313592e-02 9.997962120498499194e-01 9.994340085628810044e-01 2.254316675060547524e-03
-2.500000000000000000e-01 -1.500000000000000000e+00 1.262375575741747358e-01 0.000000000000000000e+00 1.262375575741747358e-01 9.997406169170758305e-01 9.990238546432916866e-01 6.224651650186349520e-03
0.000000000000000000e+00 -1.500000000000000000e+00 8.416752042015136770e-02 0.000000000000000000e+00 8.416752042015136770e-02 9.994813350018130205e-01 9.989032722711984613e-01 2.531837315525661478e-03
2.500000000000000000e-01 -1.500000000000000000e+00 1.543481224646463534e-01 0.000000000000000000e+00 1.543481224646463534e-01 9.984494922014856000e-01 9.970938722102182794e-01 4.715702701221779862e-03
5.000000000000000000e-01 -1.500000000000000000e+00 2.658981601233165182e-01 0.000000000000000000e+00 2.658981601233165182e-01 9.938039925454479340e-01 9.884635733117785872e-01 1.517545252737362987e-02
7.500000000000000000e-01 -1.500000000000000000e+00 4.059632426054571308e-01 8.935323161475476617e-02 3.166100109907023508e-01 9.772348533655037528e-01 9.538936296972377882e-01 6.648898543080346279e-02
1.000000000000000000e+00 -1.500000000000000000e+00 6.907844291917594193e-01 4.749736834815150299e-01 2.158107457102443894e-01 9.086617045082959754e-01 8.456822040462639301e-01 1.698166280881427403e-01
1.250000000000000000e+00 -1.500000000000000000e+00 8.576983924033801943e-01 8.311822904754402330e-01 2.651610192793996124e-02 7.754505580944097698e-01 7.048270941547699620e-01 2.353029182675038522e-01
1.500000000000000000e+00 -1.500000000000000000e+00 9.518741377203346898e-01 9.877570551507082186e-01 -3.588291743037352877e-02 5.680340478329140019e-01 5.489483706163705845e-01 2.754270082416243048e-01
1.750000000000000000e+00 -1.500000000000000000e+00 9.576719876100553419e-01 9.622972513729856070e-01 -4.625263762930265088e-03 3.583288584915594877e-01 4.031818342038251402e-01 2.842175479841642649e-01
2.000000000000000000e+00 -1.500000000000000000e+00 8.739060445017305945e-01 8.467443533912670794e-01 2.716169111046351503e-02 2.292112773264560477e-01 3.036574690330007265e-01 2.496677315784897599e-01
-2.000000000000000000e+00 -1.250000000000000000e+00 5.214203723830679316e-01 2.509501942617301529e-01 2.704701781213377787e-01 9.645370872789008621e-01 9.251601492292250706e-01 1.126649621008159602e-01
-1.750000000000000000e+00 -1.250000000000000000e+00 3.514068402753473541e-01 8.935323161475471065e-02 2.620536086605926296e-01 9.857158993390214841e-01 9.664757547346273236e-01 5.961100309455324986e-02
-1.500000000000000000e+00 -1.250000000000000000e+00 2.434838612002206693e-01 0.000000000000000000e+00 2.434838612002206693e-01 9.957302275718094009e-01 9.894571205008600989e-01 2.449547824733782145e-02
-1.250000000000000000e+00 -1.250000000000000000e+00 1.144567221335401341e-01 0.000000000000000000e+00 1.144567221335401341e-01 9.984566706210790121e-01 9.931668156297729366e-01 3.240558544343784958e-02
-1.000000000000000000e+00 -1.250000000000000000e+00 1.543982517107268526e-01 8.935323161475473841e-02 6.504502009597211420e-02 9.993986504309350094e-01 9.968913536764348882e-01 3.074937474437357612e-02
-7.500000000000000000e-01 -1.250000000000000000e+00 8.287736396778296044e-02 0.000000000000000000e+00 8.287736396778296044e-02 9.996491245698928552e-01 9.989809169435936997e-01 2.992530060157530189e-03
-5.000000000000000000e-01 -1.250000000000000000e+00 9.200840595396023560e-04 0.000000000000000000e+00 9.200840595396023560e-04 9.996668325808352185e-01 9.990585498144161081e-01 4.119994777519412656e-03
-2.500000000000000000e-01 -1.250000000000000000e+00 8.762852911597532575e-07 0.000000000000000000e+00 8.762852911597532575e-07 9.995304459852164536e-01 9.981147106224674825e-01 2.143116144667859754e-02
0.000000000000000000e+00 -1.250000000000000000e+00 3.448510866102766933e-07 0.000000000000000000e+00 3.448510866102766933e-07 9.990078819017393919e-01 9.980960871914031918e-01 5.513333300733174076e-03
2.500000000000000000e-01 -1.250000000000000000e+00 1.267305697759044947e-01 0.000000000000000000e+00 1.267305697759044947e-01 9.969623158804101770e-01 9.955537262603504356e-01 4.707007387575273122e-03
5.000000000000000000e-01 -1.250000000000000000e+00 2.218040830240923800e-01 0.000000000000000000e+00 2.218040830240923800e-01 9.892857930887065665e-01 9.808893543408891968e-01 2.955546782681972573e-02
7.500000000000000000e-01 -1.250000000000000000e+00 3.945786453554163686e-01 1.544538766104629202e-01 2.401247687449534485e-01 9.663569486431867750e-01 9.370549852549080461e-01 8.356572943295496880e-02
1.000000000000000000e+00 -1.250000000000000000e+00 7.288230948946452514e-01 4.674868982121326288e-01 2.613361966825126226e-01 8.797589507572672884e-01 8.196138981525974421e-01 1.686532441911618996e-01
1.250000000000000000e+00 -1.250000000000000000e+00 8.941292244178647985e-01 8.517182632772443140e-01 4.241096114062048450e-02 7.586151359777679737e-01 6.875308784350595559e-01 2.524159388398264370e-01
1.500000000000000000e+00 -1.250000000000000000e+00 9.710098311004345950e-01 9.999679994879854261e-01 -2.895816838755083111e-02 5.323267499942069270e-01 5.162400942416215388e-01 2.810584011907805158e-01
1.750000000000000000e+00 -1.250000000000000000e+00 9.606220074034457213e-01 9.797958971132677553e-01 -1.917388970982203400e-02 3.686471143179164134e-01 4.154202028547530623e-01 2.830512585675662995e-01
2.000000000000000000e+00 -1.250000000000000000e+00 9.103013987001942198e-01 8.879189152169247867e-01 2.238248348326943304e-02 2.615254097048603787e-01 3.318487049724733184e-01 2.697943943402643652e-01
-2.000000000000000000e+00 -1.000000000000000000e+00 5.355708491090509504e-01 3.060980235153442641e-01 2.294728255937066863e-01 9.638018585736530808e-01 9.204841168608604018e-01 1.240307765588281180e-01
-1.750000000000000000e+00 -1.000000000000000000e+00 3.952065256857950626e-01 1.544538766104629757e-01 2.407526490753320869e-01 9.837657421731589302e-01 9.620136135035444180e-01 6.788878581558963066e-02
-1.500000000000000000e+00 -1.000000000000000000e+00 2.193273219867127588e-01 0.000000000000000000e+00 2.193273219867127588e-01 9.938972322539016968e-01 9.835909454016528164e-01 4.007671781264575406e-02
-1.250000000000000000e+00 -1.000000000000000000e+00 1.160987807968759250e-01 0.000000000000000000e+00 1.160987807968759250e-01 9.977761432621705673e-01 9.949673310459725695e-01 1.068059189939010549e-02
-1.000000000000000000e+00 -1.000000000000000000e+00 8.935298411015658859e-02 0.000000000000000000e+00 8.935298411015658859e-02 9.989525553242407652e-01 9.973790634618909801e-01 9.633622593964065103e-03
-7.500000000000000000e-01 -1.000000000000000000e+00 5.296939982779393097e-02 0.000000000000000000e+00 5.296939982779393097e-02 9.992997096267206558e-01 9.983937706033012560e-01 4.497757295527432184e-03
-5.000000000000000000e-01 -1.000000000000000000e+00 4.381276359523314096e-06 0.000000000000000000e+00 4.381276359523314096e-06 9.992755391317831304e-01 9.978487979251809969e-01 1.391984113333438050e-02
-2.500000000000000000e-01 -1.000000000000000000e+00 1.500440274881152114e-01 0.000000000000000000e+00 1.500440274881152114e-01 9.990054724844457112e-01 9.981735793134710599e-01 6.450011224504824739e-03
0.000000000000000000e+00 -1.000000000000000000e+00 9.592247230342094977e-02 0.000000000000000000e+00 9.592247230342094977e-02 9.978394962803764923e-01 9.964648982054870041e-01 1.045430986556720489e-02
2.500000000000000000e-01 -1.000000000000000000e+00 1.802254283600317475e-01 0.000000000000000000e+00 1.802254283600317475e-01 9.935602981225054586e-01 9.901690588206861765e-01 1.473857668975820170e-02
5.000000000000000000e-01 -1.000000000000000000e+00 2.276450254438156517e-01 0.000000000000000000e+00 2.276450254438156517e-01 9.792342842054957419e-01 9.664377663267035290e-01 3.947517276955362503e-02
7.500000000000000000e-01 -1.000000000000000000e+00 5.747651400861849558e-01 1.544538766104621708e-01 4.203112634757227850e-01 9.322691213589584525e-01 8.981326944866365736e-01 9.621305771569985121e-02
1.000000000000000000e+00 -1.000000000000000000e+00 8.109687868996938720e-01 6.404498419080122407e-01 1.705189449916816313e-01 8.302360687274544793e-01 7.684519988338978091e-01 1.978754920506143322e-01
1.250000000000000000e+00 -1.000000000000000000e+00 9.216790466133973903e-01 9.487591896788117873e-01 -2.708014306541439709e-02 6.690301419789800308e-01 6.145069590715785957e-01 2.651651445501684856e-01
1.500000000000000000e+00 -1.000000000000000000e+00 9.701438070096287669e-01 9.994878688608482831e-01 -2.934406185121951616e-02 4.984748738516288080e-01 4.970987934478002246e-01 2.849400947292383135e-01
1.750000000000000000e+00 -1.000000000000000000e+00 9.381080427207527661e-01 9.526720317087127299e-01 -1.456398898795996377e-02 3.565166085836462551e-01 3.962527515647079057e-01 2.760244442027991463e-01
2.000000000000000000e+00 -1.000000000000000000e+00 9.071399086838141113e-01 9.111838453352895106e-01 -4.043936651475399380e-03 2.904627369041652418e-01 3.501033944725487346e-01 2.701056187916502926e-01
-2.000000000000000000e+00 -7.500000000000000000e-01 6.545878154753712597e-01 3.823924685450789673e-01 2.721953469302922923e-01 9.478303275607256051e-01 8.996873568271639421e-01 1.414542327072493277e-01
-1.750000000000000000e+00 -7.500000000000000000e-01 4.216292688205814376e-01 1.544538766104625871e-01 2.671753922101188783e-01 9.773125072930608503e-01 9.514086591207124854e-01 8.207514510013359799e-02
-1.500000000000000000e+00 -7.500000000000000000e-01 3.228259367938385305e-01 1.262378707044762294e-01 1.965880660893623011e-01 9.888984471672945809e-01 9.730963389663245255e-01 6.170625023765577422e-02
-1.250000000000000000e+00 -7.500000000000000000e-01 1.947307468974246447e-01 0.000000000000000000e+00 1.947307468974246447e-01 9.951319126543519689e-01 9.903323292205259420e-01 2.200437396602358819e-02
-1.000000000000000000e+00 -7.500000000000000000e-01 1.136375741545269241e-01 0.000000000000000000e+00 1.136375741545269241e-01 9.970562963613970320e-01 9.940802241323208888e-01 1.476407075593278752e-02
-7.500000000000000000e-01 -7.500000000000000000e-01 1.492080027224189087e-01 0.000000000000000000e+00 1.492080027224189087e-01 9.976865087598885129e-01 9.951505555726690710e-01 1.490893489187445492e-02
-5.000000000000000000e-01 -7.500000000000000000e-01 3.820029780605316283e-02 0.000000000000000000e+00 3.820029780605316283e-02 9.974751113283444326e-01 9.962091173360680951e-01 5.469114071694388887e-03
-2.500000000000000000e-01 -7.500000000000000000e-01 1.701086911229571508e-01 0.000000000000000000e+00 1.701086911229571508e-01 9.959782318723658934e-01 9.943767465055570742e-01 7.829294915001221156e-03
0.000000000000000000e+00 -7.500000000000000000e-01 1.797707976157808252e-01 0.000000000000000000e+00 1.797707976157808252e-01 9.913419237724923061e-01 9.880124438036625989e-01 1.470590847754850612e-02
2.500000000000000000e-01 -7.500000000000000000e-01 3.129223191115405034e-01 0.000000000000000000e+00 3.129223191115405034e-01 9.783873008165620000e-01 9.701657062141018084e-01 2.652371366977467754e-02
5.000000000000000000e-01 -7.500000000000000000e-01 5.513650138162744518e-01 1.262378707044761739e-01 4.251271431117982780e-01 9.433143071383126577e-01 9.188808246179271944e-01 7.426299026926136415e-02
7.500000000000000000e-01 -7.500000000000000000e-01 7.840138849707237734e-01 5.034918072819052348e-01 2.805220776888185386e-01 8.642999172937347874e-01 8.085739754792293787e-01 1.706488572633680367e-01
1.000000000000000000e+00 -7.500000000000000000e-01 8.973492805745489909e-01 8.637036528810091429e-01 3.364562769353984795e-02 7.336588295730185338e-01 6.744117585304666429e-01 2.367837603741132502e-01
1.250000000000000000e+00 -7.500000000000000000e-01 9.585151425927929125e-01 9.932492134404102835e-01 -3.473407084761737096e-02 5.576246785526920435e-01 5.380446501131689319e-01 2.603126561361805980e-01
1.500000000000000000e+00 -7.500000000000000000e-01 9.524559100855516380e-01 9.772696659571535882e-01 -2.481375587160195018e-02 4.167309605096853331e-01 4.376821236401321480e-01 2.700380304747865279e-01
1.750000000000000000e+00 -7.500000000000000000e-01 9.500292357784617669e-01 9.611576353543699325e-01 -1.112839957590816553e-02 3.666798276160775916e-01 4.066246257597042058e-01 2.809425699087816919e-01
2.000000000000000000e+00 -7.500000000000000000e-01 9.261213927351095165e-01 9.165151389911703195e-01 9.606253743939197065e-03 2.866064710738706611e-01 3.547038714942684634e-01 2.828466422104532474e-01
-2.000000000000000000e+00 -5.000000000000000000e-01 6.963997259066340151e-01 4.275324549083950876e-01 2.688672709982389275e-01 9.144112419455001639e-01 8.552385735345244822e-01 1.637563071398442649e-01
-1.750000000000000000e+00 -5.000000000000000000e-01 5.291239049377599590e-01 2.659022376739240690e-01 2.632216672638358901e-01 9.462082249206194007e-01 9.048422974821207498e-01 1.261770419758179718e-01
-1.500000000000000000e+00 -5.000000000000000000e-01 4.428146400568997443e-01 1.262378707044762016e-01 3.165767693524235149e-01 9.681462679793227943e-01 9.444555953386327696e-01 7.951338919011906314e-02
-1.250000000000000000e+00 -5.000000000000000000e-01 2.849275661438305240e-01 0.000000000000000000e+00 2.849275661438305240e-01 9.806833164423504057e-01 9.687844038124070467e-01 4.269916771274704509e-02
-1.000000000000000000e+00 -5.000000000000000000e-01 3.188939170347990237e-01 0.000000000000000000e+00 3.188939170347990237e-01 9.873610299283811509e-01 9.805716270440102411e-01 3.438756377620221655e-02
-7.500000000000000000e-01 -5.000000000000000000e-01 2.214460010777621057e-01 0.000000000000000000e+00 2.214460010777621057e-01 9.882228398992519702e-01 9.832824516664347980e-01 2.890282401567118020e-02
-5.000000000000000000e-01 -5.000000000000000000e-01 2.648247302071874976e-01 0.000000000000000000e+00 2.648247302071874976e-01 9.869415828349947795e-01 9.827727333286762068e-01 2.194507553528525501e-02
-2.500000000000000000e-01 -5.000000000000000000e-01 3.241678985414628289e-01 0.000000000000000000e+00 3.241678985414628289e-01 9.785374884150954689e-01 9.734788744077762512e-01 2.252354172137110283e-02
0.000000000000000000e+00 -5.000000000000000000e-01 4.592425881991978875e-01 0.000000000000000000e+00 4.592425881991978875e-01 9.606128069019910232e-01 9.506360572148949695e-01 3.798639156796273370e-02
2.500000000000000000e-01 -5.000000000000000000e-01 5.792820371370545063e-01 0.000000000000000000e+00 5.792820371370545063e-01 9.142434419063055762e-01 8.916626398755872485e-01 7.889149532446733393e-02
5.000000000000000000e-01 -5.000000000000000000e-01 8.405698702362041086e-01 5.299962264016602198e-01 3.105736438345438888e-01 8.152885883539057188e-01 7.707449658009788429e-01 1.595362285700080152e-01
7.500000000000000000e-01 -5.000000000000000000e-01 8.940464517639528097e-01 8.589854480723156938e-01 3.506100369163711594e-02 7.104732692286617191e-01 6.654177126896131389e-01 2.229780434802450806e-01
1.000000000000000000e+00 -5.000000000000000000e-01 9.604417429451113097e-01 9.871170143402447916e-01 -2.667527139513348189e-02 5.807000103635810984e-01 5.556313373605452632e-01 2.573176744328727894e-01
1.250000000000000000e+00 -5.000000000000000000e-01 9.647513196010215619e-01 9.922822179198831360e-01 -2.753089831886157413e-02 4.392233913594829064e-01 4.555908802704499161e-01 2.641865116760767074e-01
1.500000000000000000e+00 -5.000000000000000000e-01 9.419783826548151495e-01 9.460570807303309016e-01 -4.078698075515752031e-03 3.457353333265932860e-01 3.878596944071966979e-01 2.802487555724202384e-01
1.750000000000000000e+00 -5.000000000000000000e-01 9.332424506130811981e-01 9.329523031752520179e-01 2.901474378291801770e-04 3.149278277857112118e-01 3.717474531837469676e-01 2.792186253821578590e-01
2.000000000000000000e+00 -5.000000000000000000e-01 9.240243292146470555e-01 9.165151389911702084e-01 7.509190223476847059e-03 2.741566092160570012e-01 3.475030303229074136e-01 2.795606161554933244e-01
-2.000000000000000000e+00 -2.500000000000000000e-01 8.057266117867513122e-01 6.499230723708775415e-01 1.558035394158737708e-01 8.347859786229672174e-01 7.733646218726746291e-01 2.043670143117835569e-01
-1.750000000000000000e+00 -2.500000000000000000e-01 7.091745520202777930e-01 4.011782646156203946e-01 3.079962874046573984e-01 8.716140367629906516e-01 8.301822041244861783e-01 1.470393976690284321e-01
-1.500000000000000000e+00 -2.500000000000000000e-01 6.664477918906706044e-01 3.299454500368198540e-01 3.365023418538507505e-01 8.853808406406266096e-01 8.487227972574057366e-01 1.329579035928428743e-01
-1.250000000000000000e+00 -2.500000000000000000e-01 5.906542382384687428e-01 1.781684596105609086e-01 4.124857786279078065e-01 9.104070213488910657e-01 8.879931746079119392e-01 9.160954755376142511e-02
-1.000000000000000000e+00 -2.500000000000000000e-01 6.392295593275421073e-01 1.544538766104627814e-01 4.847756827170793259e-01 9.164106792852884098e-01 8.993092901997129518e-01 8.260630599380766603e-02
-7.500000000000000000e-01 -2.500000000000000000e-01 5.771762955968249287e-01 0.000000000000000000e+00 5.771762955968249287e-01 9.140067343840295733e-01 9.017581999236897738e-01 5.890519743289665544e-02
-5.000000000000000000e-01 -2.500000000000000000e-01 5.969211290296920769e-01 0.000000000000000000e+00 5.969211290296920769e-01 8.990384290711710413e-01 8.887574335824000027e-01 5.519751019298620859e-02
-2.500000000000000000e-01 -2.500000000000000000e-01 6.394270721176384953e-01 1.544538766104629202e-01 4.849731955071755474e-01 8.534833257756472280e-01 8.362848476982467361e-01 9.153204157777498906e-02
0.000000000000000000e+00 -2.500000000000000000e-01 8.553718682957457409e-01 3.411744421846388819e-01 5.141974261111068589e-01 7.747929852624194647e-01 7.515145501029850683e-01 1.240200810444998386e-01
2.500000000000000000e-01 -2.500000000000000000e-01 9.269620463126009291e-01 8.589854480723158048e-01 6.797659824028512432e-02 6.605363216050015307e-01 6.357935271337339378e-01 1.833285926647712227e-01
5.000000000000000000e-01 -2.500000000000000000e-01 9.609071750428150871e-01 9.999279974078089106e-01 -3.902082236499382351e-02 5.260945623443972208e-01 5.162902474407757847e-01 2.171994147169573064e-01
7.500000000000000000e-01 -2.500000000000000000e-01 9.498739052921116865e-01 9.645226798784980460e-01 -1.464877458638635943e-02 4.024521202754031690e-01 4.221742487320081505e-01 2.349410872864967637e-01
1.000000000000000000e+00 -2.500000000000000000e-01 9.275311196543831738e-01 9.037787339830435362e-01 2.375238567133963752e-02 3.300266547095985215e-01 3.697483847640997134e-01 2.491201753114909156e-01
1.250000000000000000e+00 -2.500000000000000000e-01 9.095809286827037932e-01 9.018736053350302484e-01 7.707323347673544767e-03 2.881904042101579577e-01 3.446654428526119140e-01 2.614346673015650047e-01
1.500000000000000000e+00 -2.500000000000000000e-01 9.008773642220632150e-01 8.940335564172072758e-01 6.843807804855939203e-03 2.521148329655671372e-01 3.275102754011948170e-01 2.744785131543190926e-01
1.750000000000000000e+00 -2.500000000000000000e-01 9.130266148600897358e-01 9.266196630764995668e-01 -1.359304821640983096e-02 2.714876371483155304e-01 3.448666970991980385e-01 2.724020502770513330e-01
2.000000000000000000e+00 -2.500000000000000000e-01 9.045814813071516580e-01 8.999466650863289230e-01 4.634816220822735033e-03 2.611963069539939286e-01 3.354352502425547722e-01 2.796096976971502723e-01
-2.000000000000000000e+00 0.000000000000000000e+00 9.320335064680691506e-01 9.037787339830438693e-01 2.825477248502528127e-02 6.650958986234414283e-01 6.292979891802495951e-01 2.354730353202635906e-01
-1.750000000000000000e+00 0.000000000000000000e+00 9.372139546149095279e-01 9.182505104817563213e-01 1.896344413315320665e-02 6.360431339613382695e-01 6.136414255868710699e-01 2.195505952212609413e-01
-1.500000000000000000e+00 0.000000000000000000e+00 9.446054146521205563e-01 9.093646133427443212e-01 3.524080130937623512e-02 6.057107440603678450e-01 5.933927514693307925e-01 1.884096858910226380e-01
-1.250000000000000000e+00 0.000000000000000000e+00 9.394275580724811281e-01 8.999466650863291450e-01 3.948089298615198306e-02 5.814561604971540953e-01 5.762562759644740407e-01 1.517864383546323193e-01
-1.000000000000000000e+00 0.000000000000000000e+00 9.447996074926376942e-01 9.313989478198907435e-01 1.340065967274695069e-02 5.530468670638476469e-01 5.505771118969999822e-01 1.268860404819940335e-01
-7.500000000000000000e-01 0.000000000000000000e+00 9.547234926158028046e-01 9.997119585160565425e-01 -4.498846590025373793e-02 5.045871812648478061e-01 5.038774119935454099e-01 1.232863335249156783e-01
-5.000000000000000000e-01 0.000000000000000000e+00 9.415543277219212692e-01 9.697752316903091030e-01 -2.822090396838783377e-02 4.610975502819734673e-01 4.628091058450155004e-01 1.311960682680509971e-01
-2.500000000000000000e-01 0.000000000000000000e+00 9.078196062314400905e-01 7.369016216565122956e-01 1.709179845749277948e-01 3.594423932910191799e-01 3.690976419132653841e-01 1.408978636611974422e-01
0.000000000000000000e+00 0.000000000000000000e+00 8.958908025790264240e-01 6.404498419080126848e-01 2.554409606710137393e-01 2.948999813687417926e-01 3.126453557601414635e-01 1.479406817388456696e-01
2.500000000000000000e-01 0.000000000000000000e+00 8.761988817632501148e-01 6.105210889068425351e-01 2.656777928564075797e-01 2.408891467671758491e-01 2.706099672387418109e-01 1.734223750517145390e-01
5.000000000000000000e-01 0.000000000000000000e+00 8.118505199017793661e-01 6.499230723708769863e-01 1.619274475309023797e-01 1.909924433465341742e-01 2.396817872980098740e-01 1.939902792630103234e-01
7.500000000000000000e-01 0.000000000000000000e+00 7.985128721246593786e-01 5.665897987080268372e-01 2.319230734166325414e-01 1.791746382546493821e-01 2.248627740401315245e-01 1.793730688005229501e-01
1.000000000000000000e+00 0.000000000000000000e+00 7.936689077524268221e-01 6.404498419080120186e-01 1.532190658444148035e-01 1.602984100965144376e-01 2.235674389070153034e-01 2.069845987253463027e-01
1.250000000000000000e+00 0.000000000000000000e+00 8.800035874253590018e-01 7.441612728434595647e-01 1.358423145818994371e-01 1.983696764507823229e-01 2.658383560210672569e-01 2.348426679166741027e-01
1.500000000000000000e+00 0.000000000000000000e+00 8.614668811781567292e-01 8.146164741766518391e-01 4.685040700150489013e-02 1.934616494084386296e-01 2.743500489881479654e-01 2.527733268187052906e-01
1.750000000000000000e+00 0.000000000000000000e+00 9.016305106299575822e-01 8.815985480931752827e-01 2.003196253678229954e-02 2.278535271026321529e-01 3.076077896870355044e-01 2.712073851985689066e-01
2.000000000000000000e+00 0.000000000000000000e+00 8.828426405926508291e-01 8.613570688164159384e-01 2.148557177623489078e-02 2.359842538224092012e-01 3.143532231896989937e-01 2.611419840131498082e-01
-2.000000000000000000e+00 2.500000000000000000e-01 9.472142591934779032e-01 9.806038955663962664e-01 -3.338963637291836317e-02 4.055168964198312964e-01 4.315950478147396185e-01 2.498455424608362341e-01
-1.750000000000000000e+00 2.500000000000000000e-01 9.122958521971924473e-01 8.174496926416952025e-01 9.484615955549724475e-02 3.018250646743225185e-01 3.344356977643625495e-01 1.930132969782238639e-01
-1.500000000000000000e+00 2.500000000000000000e-01 8.109288610789535667e-01 4.674868982121337946e-01 3.434419628668197721e-01 2.183678739841903860e-01 2.498579098660187459e-01 1.423063338663480559e-01
-1.250000000000000000e+00 2.500000000000000000e-01 7.141686989485039883e-01 2.509501942617309855e-01 4.632185046867730027e-01 1.474201007082465154e-01 1.685083074989894847e-01 1.017695029790905981e-01
-1.000000000000000000e+00 2.500000000000000000e-01 5.543065664934617720e-01 0.000000000000000000e+00 5.543065664934617720e-01 1.115410939023620818e-01 1.251555180330908013e-01 6.744503042791327729e-02
-7.500000000000000000e-01 2.500000000000000000e-01 5.555530869915289438e-01 1.544538766104631700e-01 4.010992103810657738e-01 8.438415026298311250e-02 9.637969883298376506e-02 6.417018141176974999e-02
-5.000000000000000000e-01 2.500000000000000000e-01 5.160864879115724113e-01 0.000000000000000000e+00 5.160864879115724113e-01 6.565293392910348524e-02 7.739360110195153686e-02 5.519718753413908191e-02
-2.500000000000000000e-01 2.500000000000000000e-01 4.369057745637193735e-01 8.935323161475475229e-02 3.475525429489646490e-01 5.583981206950922732e-02 6.773717399824996654e-02 5.494828036736410654e-02
0.000000000000000000e+00 2.500000000000000000e-01 4.024848539583800178e-01 1.781684596105609364e-01 2.243163943478190814e-01 4.655148181822417464e-02 6.411137939209025915e-02 7.711710526938574117e-02
2.500000000000000000e-01 2.500000000000000000e-01 4.873140339777559116e-01 2.177705214210580720e-01 2.695435125566978396e-01 4.586593028351606399e-02 6.718567168914016396e-02 8.686624832925379791e-02
5.000000000000000000e-01 2.500000000000000000e-01 5.527298981178485615e-01 2.509501942617305414e-01 3.017797038561180201e-01 4.900101848518139541e-02 7.870073794142030954e-02 1.043119666645581506e-01
7.500000000000000000e-01 2.500000000000000000e-01 5.662288359242517721e-01 2.509501942617308745e-01 3.152786416625208976e-01 5.818665118671305370e-02 9.744443758185580839e-02 1.223135213373322677e-01
1.000000000000000000e+00 2.500000000000000000e-01 6.491109617286353606e-01 4.598434516223990354e-01 1.892675101062363252e-01 7.682517613198833195e-02 1.318177688582263807e-01 1.660684657946772946e-01
1.250000000000000000e+00 2.500000000000000000e-01 7.144435371500904575e-01 5.425863986500195635e-01 1.718571385000708940e-01 1.004304895735242537e-01 1.642925143498572271e-01 1.843424405508213015e-01
1.500000000000000000e+00 2.500000000000000000e-01 7.902291030549900563e-01 6.681796165702776902e-01 1.220494864847123662e-01 1.324725290062873650e-01 2.091578252759657697e-01 2.093614489715519000e-01
1.750000000000000000e+00 2.500000000000000000e-01 8.418252476159384656e-01 7.369016216565117405e-01 1.049236259594267251e-01 1.715111523555345741e-01 2.447249554121408155e-01 2.228842762290932644e-01
2.000000000000000000e+00 2.500000000000000000e-01 9.035310422629634353e-01 8.541662601625025220e-01 4.936478210046091331e-02 2.252389832286665616e-01 3.061425763157961111e-01 2.654001293595961708e-01
-2.000000000000000000e+00 5.000000000000000000e-01 8.428717769720478481e-01 6.499230723708772084e-01 1.929487046011706397e-01 2.124983945214171666e-01 2.632768823739279340e-01 1.880019677599621686e-01
-1.750000000000000000e+00 5.000000000000000000e-01 7.206884134384602403e-01 3.060980235153442641e-01 4.145903899231159762e-01 1.131678848878519134e-01 1.524641060294767148e-01 1.278680655091096741e-01
-1.500000000000000000e+00 5.000000000000000000e-01 4.822568331327083402e-01 1.262378707044762016e-01 3.560189624282321663e-01 5.511072723795069905e-02 7.416400213247004158e-02 6.827782011949186380e-02
-1.250000000000000000e+00 5.000000000000000000e-01 3.347033019551662325e-01 0.000000000000000000e+00 3.347033019551662325e-01 2.469321669489812562e-02 3.303455234348547098e-02 3.457455669850684893e-02
-1.000000000000000000e+00 5.000000000000000000e-01 2.669763611798112168e-01 8.935323161475478004e-02 1.776231295650564368e-01 1.449278454811921829e-02 2.076706941562414185e-02 3.516584185707798821e-02
-7.500000000000000000e-01 5.000000000000000000e-01 2.490253799035399562e-01 8.935323161475473841e-02 1.596721482887852317e-01 1.077565525818274805e-02 1.685861726456530651e-02 4.154134997456626621e-02
-5.000000000000000000e-01 5.000000000000000000e-01 2.313757699234748055e-01 0.000000000000000000e+00 2.313757699234748055e-01 8.500456614306553527e-03 1.463341015667133337e-02 3.526898297219211581e-02
-2.500000000000000000e-01 5.000000000000000000e-01 2.507698958667259337e-01 0.000000000000000000e+00 2.507698958667259337e-01 8.222715088787435969e-03 1.525296426723375329e-02 3.576782453017196550e-02
0.000000000000000000e+00 5.000000000000000000e-01 1.445270017142269436e-01 8.935323161475476617e-02 5.517377009947217747e-02 8.876379974528418246e-03 1.597561063786336749e-02 4.314294565520581520e-02
2.500000000000000000e-01 5.000000000000000000e-01 2.367050127243723046e-01 8.935323161475475229e-02 1.473517811096175523e-01 1.088846945005412202e-02 2.156381836775642102e-02 4.670125865619677991e-02
5.000000000000000000e-01 5.000000000000000000e-01 2.490368077777924682e-01 8.935323161475478004e-02 1.596835761630376882e-01 1.523314105737567925e-02 2.631879352545212977e-02 5.487430659193338195e-02
7.500000000000000000e-01 5.000000000000000000e-01 2.937003815059184841e-01 1.262378707044760906e-01 1.674625108014423935e-01 2.178610036402679057e-02 4.245595053762910714e-02 7.453805573813714058e-02
1.000000000000000000e+00 5.000000000000000000e-01 5.130071759510583806e-01 2.349808502835917523e-01 2.780263256674666561e-01 3.617891695731654395e-02 6.828976487803478657e-02 1.005727993967617112e-01
1.250000000000000000e+00 5.000000000000000000e-01 6.465373983131318392e-01 3.823924685450779126e-01 2.641449297680539265e-01 6.667108738807553392e-02 1.212916694724225364e-01 1.493843736636764064e-01
1.500000000000000000e+00 5.000000000000000000e-01 7.834282853952206915e-01 6.257795138864780116e-01 1.576487715087426800e-01 1.039801423128484670e-01 1.820433143601724868e-01 2.038181347564009260e-01
1.750000000000000000e+00 5.000000000000000000e-01 8.390358622439902936e-01 7.218974996493615626e-01 1.171383625946287310e-01 1.580812932896975831e-01 2.404856381713755820e-01 2.294831471515251797e-01
2.000000000000000000e+00 5.000000000000000000e-01 8.552750364587721199e-01 8.284926070883212867e-01 2.678242937045083316e-02 1.976271828927756713e-01 2.884602796590536866e-01 2.531590179702243870e-01
-2.000000000000000000e+00 7.500000000000000000e-01 6.919306198263482921e-01 5.034918072819053458e-01 1.884388125444429463e-01 1.083785723085743252e-01 1.699472299186682855e-01 1.666157954681209419e-01
-1.750000000000000000e+00 7.500000000000000000e-01 4.901762436144788682e-01 1.262378707044762294e-01 3.639383729100026388e-01 4.228064117883475331e-02 6.624163528474961982e-02 7.188248914425306169e-02
-1.500000000000000000e+00 7.500000000000000000e-01 2.775130850751950096e-01 8.935323161475473841e-02 1.881598534604402850e-01 1.525143262640378007e-02 2.588023068135680144e-02 3.855339734716062283e-02
-1.250000000000000000e+00 7.500000000000000000e-01 1.445901126252816249e-01 0.000000000000000000e+00 1.445901126252816249e-01 5.400559222349223323e-03 8.300700883340140016e-03 1.186169179507541062e-02
-1.000000000000000000e+00 7.500000000000000000e-01 9.698930999678787024e-02 0.000000000000000000e+00 9.698930999678787024e-02 2.646782957809114007e-03 4.033676525757882471e-03 7.060068360781149820e-03
-7.500000000000000000e-01 7.500000000000000000e-01 1.900246732851981479e-01 0.000000000000000000e+00 1.900246732851981479e-01 1.879118142301581694e-03 3.812622313775724907e-03 9.652692377827095174e-03
-5.000000000000000000e-01 7.500000000000000000e-01 9.129041604030523060e-02 0.000000000000000000e+00 9.129041604030523060e-02 1.412774882700639899e-03 2.764333374877276685e-03 7.332238602746669019e-03
-2.500000000000000000e-01 7.500000000000000000e-01 4.511374380526528977e-02 0.000000000000000000e+00 4.511374380526528977e-02 1.535932333901709286e-03 3.275697006411438812e-03 1.321606149760010465e-02
0.000000000000000000e+00 7.500000000000000000e-01 1.265911022611856396e-01 0.000000000000000000e+00 1.265911022611856396e-01 2.005496570719375246e-03 5.604326554151195169e-03 2.455318425587843176e-02
2.500000000000000000e-01 7.500000000000000000e-01 9.000261522124282376e-02 8.935323161475478004e-02 6.493836064880437187e-04 3.245113936403105654e-03 8.111012414897139991e-03 3.297547515312163058e-02
5.000000000000000000e-01 7.500000000000000000e-01 3.090690891414227814e-01 0.000000000000000000e+00 3.090690891414227814e-01 5.821573082155703273e-03 1.258234976102364823e-02 3.357880361320555312e-02
7.500000000000000000e-01 7.500000000000000000e-01 3.013611730721096338e-01 0.000000000000000000e+00 3.013611730721096338e-01 1.119238827669928951e-02 2.142355900353590595e-02 3.731661709645517355e-02
1.000000000000000000e+00 7.500000000000000000e-01 4.127732577639370293e-01 1.989974874213238654e-01 2.137757703426131639e-01 2.642098606463808702e-02 4.936206955065942231e-02 8.150578042440377591e-02
1.250000000000000000e+00 7.500000000000000000e-01 5.616963803495640395e-01 3.182703253525231979e-01 2.434260549970408416e-01 5.188445484179330519e-02 9.632517096327875006e-02 1.267366089453835776e-01
1.500000000000000000e+00 7.500000000000000000e-01 6.738027616279915755e-01 5.235417843878390487e-01 1.502609772401525268e-01 8.695202962439758931e-02 1.558692083143773388e-01 1.802470031493776936e-01
1.750000000000000000e+00 7.500000000000000000e-01 7.729356087993696223e-01 7.141428428542857532e-01 5.879276594508386911e-02 1.477313634685991361e-01 2.274469558357917476e-01 2.238231813148117699e-01
2.000000000000000000e+00 7.500000000000000000e-01 8.928875837389624870e-01 8.492443700137185525e-01 4.364321372524393450e-02 2.216084005799541234e-01 2.984738862959595007e-01 2.500668029097610767e-01
-2.000000000000000000e+00 1.000000000000000000e+00 6.326252496859742225e-01 2.659022376739244020e-01 3.667230120120498205e-01 7.408333401642563931e-02 1.238388922680473403e-01 1.300495976768642203e-01
-1.750000000000000000e+00 1.000000000000000000e+00 3.673506701096289073e-01 1.262378707044762294e-01 2.411127994051526779e-01 2.143707892252301461e-02 3.995439900182014975e-02 5.796131829783233297e-02
-1.500000000000000000e+00 1.000000000000000000e+00 2.736232051510978924e-01 0.000000000000000000e+00 2.736232051510978924e-01 6.291533511803578879e-03 1.239330914317901371e-02 2.539640833280577478e-02
-1.250000000000000000e+00 1.000000000000000000e+00 8.955886010377467343e-02 0.000000000000000000e+00 8.955886010377467343e-02 2.046508430215752614e-03 4.119098069331532559e-03 1.215648187229373921e-02
-1.000000000000000000e+00 1.000000000000000000e+00 3.988887138705380503e-02 0.000000000000000000e+00 3.988887138705380503e-02 9.505617264619401320e-04 2.490930784811331514e-03 1.054020240582412629e-02
-7.500000000000000000e-01 1.000000000000000000e+00 8.935239475697655254e-02 0.000000000000000000e+00 8.935239475697655254e-02 5.236006592158484003e-04 1.939918681550039390e-03 1.867998974151987429e-02
-5.000000000000000000e-01 1.000000000000000000e+00 6.650571720174428880e-06 0.000000000000000000e+00 6.650571720174428880e-06 4.340392239205810208e-04 8.768643631887267998e-04 1.946745724540936738e-03
-2.500000000000000000e-01 1.000000000000000000e+00 8.925389925672111424e-02 0.000000000000000000e+00 8.925389925672111424e-02 4.821395312621553882e-04 1.113045386134759590e-03 3.810467704012922285e-03
0.000000000000000000e+00 1.000000000000000000e+00 1.261231263218972332e-01 0.000000000000000000e+00 1.261231263218972332e-01 7.815584459415251487e-04 2.863059230302557236e-03 1.854675053180505559e-02
2.500000000000000000e-01 1.000000000000000000e+00 4.631469638906074437e-02 0.000000000000000000e+00 4.631469638906074437e-02 1.548917478543929008e-03 4.133361046971296970e-03 1.653094491710935254e-02
5.000000000000000000e-01 1.000000000000000000e+00 1.543153666370492005e-01 0.000000000000000000e+00 1.543153666370492005e-01 3.580508992674859454e-03 7.011510774313676857e-03 1.530311142604733055e-02
7.500000000000000000e-01 1.000000000000000000e+00 2.876961219776505985e-01 8.935323161475476617e-02 1.983428903628958184e-01 7.908163952408566247e-03 1.920195953388625920e-02 4.746648869622047823e-02
1.000000000000000000e+00 1.000000000000000000e+00 3.551653216459538243e-01 1.781684596105610474e-01 1.769968620353927768e-01 1.793641894472689999e-02 3.787496406007124367e-02 7.752807966540102569e-02
1.250000000000000000e+00 1.000000000000000000e+00 5.517220906393502933e-01 1.989974874213243927e-01 3.527246032180259006e-01 4.222402600139713025e-02 8.141358871075352055e-02 1.004569686759483743e-01
1.500000000000000000e+00 1.000000000000000000e+00 6.690719642342930484e-01 4.189701660023072982e-01 2.501017982319857502e-01 8.518505047763386129e-02 1.414136155396638339e-01 1.504688968403736782e-01
1.750000000000000000e+00 1.000000000000000000e+00 8.109257491502543935e-01 7.616403350663625282e-01 4.928541408389186529e-02 1.702062070260123572e-01 2.520096204322394007e-01 2.292827225684539172e-01
2.000000000000000000e+00 1.000000000000000000e+00 8.656612976669511017e-01 8.146164741766518391e-01 5.104482349029926258e-02 2.128267457991977196e-01 2.873817475793055687e-01 2.440887016494927286e-01
-2.000000000000000000e+00 1.250000000000000000e+00 6.059832068832124996e-01 3.299454500368199650e-01 2.760377568463925346e-01 6.386261482373058185e-02 1.103225984908053903e-01 1.291648384921045833e-01
-1.750000000000000000e+00 1.250000000000000000e+00 3.229799345156889046e-01 8.935323161475478004e-02 2.336267029009341245e-01 1.752546641590657303e-02 3.445712715093192380e-02 5.355046202677358341e-02
-1.500000000000000000e+00 1.250000000000000000e+00 2.133461274648306150e-01 0.000000000000000000e+00 2.133461274648306150e-01 5.027297199546050706e-03 1.143584800076270953e-02 2.360877546478978503e-02
-1.250000000000000000e+00 1.250000000000000000e+00 1.542564388294142275e-01 0.000000000000000000e+00 1.542564388294142275e-01 1.404364229967489672e-03 3.755934689032237352e-03 1.110614520620050935e-02
-1.000000000000000000e+00 1.250000000000000000e+00 8.782795099307424969e-02 0.000000000000000000e+00 8.782795099307424969e-02 4.641265169109873019e-04 1.047203016473910800e-03 3.609835991540587957e-03
-7.500000000000000000e-01 1.250000000000000000e+00 1.976901854518294844e-09 0.000000000000000000e+00 1.976901854518294844e-09 2.687714430753656821e-04 6.653145224095788866e-04 2.524515160236004765e-03
-5.000000000000000000e-01 1.250000000000000000e+00 2.543494059047296851e-11 0.000000000000000000e+00 2.543494059047296851e-11 2.147926168791783265e-04 7.571445042935275776e-04 3.785169586343573641e-03
-2.500000000000000000e-01 1.250000000000000000e+00 8.926140352703594572e-02 0.000000000000000000e+00 8.926140352703594572e-02 2.655588445239523919e-04 8.643246847298102602e-04 4.257539314547549754e-03
0.000000000000000000e+00 1.250000000000000000e+00 2.997238067008271270e-04 0.000000000000000000e+00 2.997238067008271270e-04 4.351540114555135547e-04 2.041031852785457710e-03 1.432886094723560474e-02
2.500000000000000000e-01 1.250000000000000000e+00 7.681649720359111366e-02 0.000000000000000000e+00 7.681649720359111366e-02 1.038440645583382825e-03 2.488148959844460779e-03 6.939761282939557220e-03
5.000000000000000000e-01 1.250000000000000000e+00 1.351687203608215593e-01 0.000000000000000000e+00 1.351687203608215593e-01 2.727524472112173842e-03 6.083371408908570810e-03 1.590152823382934635e-02
7.500000000000000000e-01 1.250000000000000000e+00 2.026986808425483289e-01 8.935323161475475229e-02 1.133454492277935766e-01 6.996638770624422250e-03 1.487321070055338049e-02 3.739011174376626750e-02
1.000000000000000000e+00 1.250000000000000000e+00 3.737322253407420747e-01 8.935323161475478004e-02 2.843789937259872946e-01 1.982543367971758425e-02 3.748195069334596397e-02 5.835135438746245212e-02
1.250000000000000000e+00 1.250000000000000000e+00 5.719393987464869156e-01 1.781684596105610474e-01 3.937709391359258682e-01 4.384200315199999337e-02 7.957422216821419259e-02 9.885472680807341761e-02
1.500000000000000000e+00 1.250000000000000000e+00 7.309217914048941056e-01 4.749736834815156961e-01 2.559481079233784095e-01 1.099534414609374816e-01 1.787233631851409266e-01 1.771664862310988742e-01
1.750000000000000000e+00 1.250000000000000000e+00 8.273048360797470302e-01 7.512655988397162199e-01 7.603923724003081031e-02 1.835667597582737176e-01 2.586310933228416209e-01 2.289271421186722388e-01
2.000000000000000000e+00 1.250000000000000000e+00 8.985490255050647690e-01 8.589854480723149166e-01 3.956357743274985239e-02 2.558580470986317468e-01 3.208353468104847561e-01 2.516372441155487749e-01
-2.000000000000000000e+00 1.500000000000000000e+00 6.310564618751431931e-01 3.182703253525230314e-01 3.127861365226201618e-01 7.492818124416675274e-02 1.242997829798121179e-01 1.345600157596774094e-01
-1.750000000000000000e+00 1.500000000000000000e+00 4.008306269706502500e-01 8.935323161475473841e-02 3.114773953558955255e-01 1.914400922293485463e-02 4.047992555563316441e-02 6.143235768438204403e-02
-1.500000000000000000e+00 1.500000000000000000e+00 2.054974315884222913e-01 0.000000000000000000e+00 2.054974315884222913e-01 4.917575600169882960e-03 1.102981013761403922e-02 1.821019747907465930e-02
-1.250000000000000000e+00 1.500000000000000000e+00 1.295532039861480578e-01 0.000000000000000000e+00 1.295532039861480578e-01 1.314735636283940936e-03 3.243960677945223556e-03 8.515760255561824130e-03
-1.000000000000000000e+00 1.500000000000000000e+00 1.099897444063214630e-01 8.935323161475472453e-02 2.063651279156673846e-02 4.642565435365450044e-04 4.307422585699082970e-03 4.528334643194646680e-02
-7.500000000000000000e-01 1.500000000000000000e+00 9.810399162127217496e-05 0.000000000000000000e+00 9.810399162127217496e-05 2.417754224108176230e-04 1.266456215352944900e-03 7.704196984426031972e-03
-5.000000000000000000e-01 1.500000000000000000e+00 9.159145181421995634e-10 0.000000000000000000e+00 9.159145181421995634e-10 1.928859747361433698e-04 6.607327563516979902e-04 2.667351191129282203e-03
-2.500000000000000000e-01 1.500000000000000000e+00 3.377441447339368513e-09 0.000000000000000000e+00 3.377441447339368513e-09 2.156184893768551961e-04 4.591754245548160880e-04 1.344149956191286301e-03
0.000000000000000000e+00 1.500000000000000000e+00 1.163581386757878422e-01 0.000000000000000000e+00 1.163581386757878422e-01 4.117906823327028578e-04 2.611010678088164592e-03 2.102760564054767869e-02
2.500000000000000000e-01 1.500000000000000000e+00 3.961256700356153356e-06 0.000000000000000000e+00 3.961256700356153356e-06 7.805649383179877375e-04 1.543290819838770336e-03 2.804847742278827015e-03
5.000000000000000000e-01 1.500000000000000000e+00 8.847697910213868366e-02 0.000000000000000000e+00 8.847697910213868366e-02 2.125585920822906788e-03 5.419505266231402184e-03 1.632903522872498209e-02
7.500000000000000000e-01 1.500000000000000000e+00 2.363348146036949871e-01 0.000000000000000000e+00 2.363348146036949871e-01 6.715123069906606471e-03 1.633049947200528734e-02 3.604992710253215188e-02
1.000000000000000000e+00 1.500000000000000000e+00 3.561503538900437360e-01 8.935323161475478004e-02 2.667971222752889560e-01 1.914477474319957809e-02 4.034720503157501748e-02 6.207514865527787723e-02
1.250000000000000000e+00 1.500000000000000000e+00 5.583039269388757608e-01 1.781684596105610474e-01 3.801354673283147134e-01 4.785307967622402792e-02 8.411526285358061905e-02 9.576930577567040193e-02
1.500000000000000000e+00 1.500000000000000000e+00 6.899362444332510780e-01 5.235417843878388267e-01 1.663944600454122513e-01 1.131160881921876027e-01 1.777524498243670814e-01 1.743304348190292119e-01
1.750000000000000000e+00 1.500000000000000000e+00 8.012612014779144642e-01 7.332121111929313928e-01 6.804909028498307144e-02 1.766529726935235911e-01 2.494516537135642031e-01 2.222630565284411663e-01
2.000000000000000000e+00 1.500000000000000000e+00 9.192656353073694886e-01 8.750679973579181814e-01 4.419763794945130719e-02 2.702161714409743176e-01 3.368401101922018914e-01 2.623035321145530396e-01
-2.000000000000000000e+00 1.750000000000000000e+00 6.889318507554604842e-01 5.034918072819052348e-01 1.854400434735552494e-01 9.046377231721247636e-02 1.587562674232342597e-01 1.741720890962069612e-01
-1.750000000000000000e+00 1.750000000000000000e+00 4.770529194571157539e-01 1.781684596105612417e-01 2.988844598465545399e-01 2.684757519588868227e-02 5.452377487656643457e-02 8.144390199259471386e-02
-1.500000000000000000e+00 1.750000000000000000e+00 2.924040039212077446e-01 8.935323161475473841e-02 2.030507723064530201e-01 5.429705065961550406e-03 1.394840045361036944e-02 3.989205613865411115e-02
-1.250000000000000000e+00 1.750000000000000000e+00 1.781466992273263716e-01 0.000000000000000000e+00 1.781466992273263716e-01 1.671755624611263348e-03 3.997148306526514087e-03 8.892000339990796531e-03
-1.000000000000000000e+00 1.750000000000000000e+00 1.544505632038543630e-01 8.935323161475473841e-02 6.509733158909962458e-02 5.612067878441709444e-04 2.925605404867264673e-03 2.901035302452809050e-02
-7.500000000000000000e-01 1.750000000000000000e+00 1.838550946583407029e-04 0.000000000000000000e+00 1.838550946583407029e-04 2.865324755443914495e-04 1.380784388789850709e-03 6.535153332804482899e-03
-5.000000000000000000e-01 1.750000000000000000e+00 8.930020962783373484e-02 0.000000000000000000e+00 8.930020962783373484e-02 2.028799891634322820e-04 1.206541132095634988e-03 9.630756879746816060e-03
-2.500000000000000000e-01 1.750000000000000000e+00 1.061928763596091807e-06 0.000000000000000000e+00 1.061928763596091807e-06 2.397049774765272175e-04 9.857942268523159184e-04 4.323663223141038792e-03
0.000000000000000000e+00 1.750000000000000000e+00 1.115062942167978967e-04 0.000000000000000000e+00 1.115062942167978967e-04 3.851467170903038594e-04 1.278395267460825935e-03 9.329933053867835863e-03
2.500000000000000000e-01 1.750000000000000000e+00 6.742834347391625516e-02 8.935323161475475229e-02 -2.192488814083849713e-02 8.765281325067626229e-04 5.211407927641308752e-03 3.529860268225643721e-02
5.000000000000000000e-01 1.750000000000000000e+00 2.470529629318908571e-01 0.000000000000000000e+00 2.470529629318908571e-01 2.470372627399005337e-03 6.531525359166255595e-03 1.690544127209194641e-02
7.500000000000000000e-01 1.750000000000000000e+00 2.218341011899109538e-01 0.000000000000000000e+00 2.218341011899109538e-01 6.808260498991971013e-03 1.570358930383433313e-02 2.883462083873738688e-02
1.000000000000000000e+00 1.750000000000000000e+00 3.326214028548465929e-01 1.262378707044762016e-01 2.063835321503703912e-01 2.085218264811009720e-02 4.462366734170414295e-02 6.842281550420727110e-02
1.250000000000000000e+00 1.750000000000000000e+00 6.472204179492347942e-01 3.299454500368195764e-01 3.172749679124152178e-01 5.850723404859183019e-02 1.110151613863610970e-01 1.377130345159131852e-01
1.500000000000000000e+00 1.750000000000000000e+00 7.598251159371066654e-01 5.999999999999984235e-01 1.598251159371082419e-01 1.131572490267996611e-01 1.888820251231409786e-01 1.961554970064097181e-01
1.750000000000000000e+00 1.750000000000000000e+00 8.184462177785085668e-01 7.616403350663631944e-01 5.680588271214537244e-02 1.996533685395695257e-01 2.702447189156988450e-01 2.316509658987860043e-01
2.000000000000000000e+00 1.750000000000000000e+00 9.397089381665989505e-01 9.344859549506355778e-01 5.222983215963372672e-03 3.179098983067537576e-01 3.761701223011526540e-01 2.697588800444619128e-01
-2.000000000000000000e+00 2.000000000000000000e+00 7.398131661547497906e-01 5.487294415283333615e-01 1.910837246264164291e-01 1.054498096743202440e-01 1.757445872160935951e-01 1.890659359703478759e-01
-1.750000000000000000e+00 2.000000000000000000e+00 4.880225042173295669e-01 1.544538766104628646e-01 3.335686276068666745e-01 3.379832869603714013e-02 6.938581763436851846e-02 9.286458073940599689e-02
-1.500000000000000000e+00 2.000000000000000000e+00 2.691552679203644272e-01 8.935323161475471065e-02 1.798020363056097026e-01 1.069523611701893827e-02 2.432491381232896807e-02 4.205559167198546361e-02
-1.250000000000000000e+00 2.000000000000000000e+00 2.169629609334066123e-01 0.000000000000000000e+00 2.169629609334066123e-01 2.545002578552948806e-03 7.912607302364487935e-03 2.503722063888301833e-02
-1.000000000000000000e+00 2.000000000000000000e+00 5.862260402015249949e-02 0.000000000000000000e+00 5.862260402015249949e-02 8.118696432884848742e-04 2.681502548440845360e-03 9.534222917060292471e-03
-7.500000000000000000e-01 2.000000000000000000e+00 8.934587318696504687e-02 0.000000000000000000e+00 8.934587318696504687e-02 3.951432473246738511e-04 1.379725392451156257e-03 6.630542903444364145e-03
-5.000000000000000000e-01 2.000000000000000000e+00 8.935305159104775519e-02 0.000000000000000000e+00 8.935305159104775519e-02 2.916350077678436553e-04 1.386841936543301880e-03 6.065886951381350804e-03
-2.500000000000000000e-01 2.000000000000000000e+00 8.931604449265707901e-02 0.000000000000000000e+00 8.931604449265707901e-02 2.913285016035196116e-04 1.358662330021559407e-03 1.309152688663639715e-02
0.000000000000000000e+00 2.000000000000000000e+00 1.064939641413814864e-01 8.935323161475478004e-02 1.714073252662670632e-02 4.389517088607364725e-04 2.849072119106073765e-03 2.866236163670400974e-02
2.500000000000000000e-01 2.000000000000000000e+00 1.709033411577856598e-01 0.000000000000000000e+00 1.709033411577856598e-01 9.344225806101459728e-04 3.600985955645435738e-03 1.662448559764227382e-02
5.000000000000000000e-01 2.000000000000000000e+00 1.355530339300611287e-01 0.000000000000000000e+00 1.355530339300611287e-01 2.405493509119809980e-03 5.390557438373260249e-03 1.080591396543344705e-02
7.500000000000000000e-01 2.000000000000000000e+00 1.852847921790769514e-01 0.000000000000000000e+00 1.852847921790769514e-01 6.799231840300020736e-03 1.626188219668172480e-02 2.885569051395202311e-02
1.000000000000000000e+00 2.000000000000000000e+00 4.024445018031154175e-01 1.262378707044760351e-01 2.762066310986394102e-01 2.171415242023457676e-02 4.848808211743954599e-02 7.230158353758722733e-02
1.250000000000000000e+00 2.000000000000000000e+00 6.072703100531875453e-01 1.989974874213251421e-01 4.082728226318623754e-01 5.234151633966100531e-02 9.946021563863444159e-02 1.219844490699318884e-01
1.500000000000000000e+00 2.000000000000000000e+00 7.807748630465354278e-01 6.452162428209659017e-01 1.355586202255695261e-01 1.398508072546902625e-01 2.196720377293734094e-01 2.070256403750637686e-01
1.750000000000000000e+00 2.000000000000000000e+00 8.847634378720453663e-01 7.908577621797753254e-01 9.390567569227004086e-02 2.198209165027141809e-01 2.899682984270570696e-01 2.392404185788028492e-01
2.000000000000000000e+00 2.000000000000000000e+00 9.354015066066554418e-01 9.404254356407014681e-01 -5.023929034046026310e-03 3.277092722439925998e-01 3.804770044876516488e-01 2.673344383300832461e-01
-2.000000000000000000e+00 2.250000000000000000e+00 7.972339964480884555e-01 6.499230723708772084e-01 1.473109240772112472e-01 1.363152930796328322e-01 2.123915761099835764e-01 2.088057224703619985e-01
-1.750000000000000000e+00 2.250000000000000000e+00 6.009684268776225302e-01 3.182703253525230869e-01 2.826981015250994433e-01 4.984722556298375878e-02 1.005312423092544760e-01 1.325394097929786519e-01
-1.500000000000000000e+00 2.250000000000000000e+00 2.937874179454807444e-01 0.000000000000000000e+00 2.937874179454807444e-01 1.608832404470387015e-02 3.869001797703752049e-02 6.231659677619354187e-02
-1.250000000000000000e+00 2.250000000000000000e+00 2.787012040367317089e-01 0.000000000000000000e+00 2.787012040367317089e-01 4.371085388257468091e-03 1.260877467829563982e-02 3.129151313014000985e-02
-1.000000000000000000e+00 2.250000000000000000e+00 1.492198308597092182e-01 0.000000000000000000e+00 1.492198308597092182e-01 1.338920695839765536e-03 4.900602271820704396e-03 2.204229228785930389e-02
-7.500000000000000000e-01 2.250000000000000000e+00 8.852587843068138174e-02 8.935323161475476617e-02 -8.273531840733844289e-04 5.842763192282915885e-04 2.504710076910339044e-03 2.287374046963484495e-02
-5.000000000000000000e-01 2.250000000000000000e+00 1.701719739486810545e-01 0.000000000000000000e+00 1.701719739486810545e-01 3.781931222466632342e-04 1.463195633267572095e-03 6.706313682860511396e-03
-2.500000000000000000e-01 2.250000000000000000e+00 3.714305546990613695e-08 0.000000000000000000e+00 3.714305546990613695e-08 3.612051238982425991e-04 1.049768445205745068e-03 3.464750511501051532e-03
0.000000000000000000e+00 2.250000000000000000e+00 1.282552275189469959e-01 8.935323161475476617e-02 3.890199590419222975e-02 6.006426416324587257e-04 3.395487440705731441e-03 2.671957486288902353e-02
2.500000000000000000e-01 2.250000000000000000e+00 1.262131402086816012e-01 0.000000000000000000e+00 1.262131402086816012e-01 1.006002523157550031e-03 3.126156276696295377e-03 8.346937582743301984e-03
5.000000000000000000e-01 2.250000000000000000e+00 1.776362819383591196e-01 0.000000000000000000e+00 1.776362819383591196e-01 2.461727101814886309e-03 6.125565532161575573e-03 1.246849299479596725e-02
7.500000000000000000e-01 2.250000000000000000e+00 3.236920046798382189e-01 0.000000000000000000e+00 3.236920046798382189e-01 7.408852984920905743e-03 2.012896978829181380e-02 4.288343436045417151e-02
1.000000000000000000e+00 2.250000000000000000e+00 3.676989164585170999e-01 1.781684596105609086e-01 1.895304568479561913e-01 2.491921553675252934e-02 5.773185870088734517e-02 9.106418825547372975e-02
1.250000000000000000e+00 2.250000000000000000e+00 6.364006878534487210e-01 2.933666647729433752e-01 3.430340230805053459e-01 5.557563650415038581e-02 1.084966661423844986e-01 1.355397190095186111e-01
1.500000000000000000e+00 2.250000000000000000e+00 7.414812523307653391e-01 5.607280981010314136e-01 1.807531542297339255e-01 1.162905642090615727e-01 1.872169411282292306e-01 1.864231406945718872e-01
1.750000000000000000e+00 2.250000000000000000e+00 8.775437887291438477e-01 8.338441101309000958e-01 4.369967859824375189e-02 2.244780019881014166e-01 2.942769006856983949e-01 2.428829772579141066e-01
2.000000000000000000e+00 2.250000000000000000e+00 9.269147346633610507e-01 9.165151389911707636e-01 1.039959567219028713e-02 3.183336743784486722e-01 3.722922189965880979e-01 2.711136348823732223e-01
-2.000000000000000000e+00 2.500000000000000000e+00 8.413232606568530336e-01 7.782133383590874587e-01 6.310992229776557494e-02 1.860476831813378806e-01 2.630192863186031627e-01 2.340873050905768471e-01
-1.750000000000000000e+00 2.500000000000000000e+00 6.244144837869485265e-01 3.060980235153442641e-01 3.183164602716042624e-01 7.258661923489076462e-02 1.284343401701476262e-01 1.417784760732523353e-01
-1.500000000000000000e+00 2.500000000000000000e+00 4.300954160577547536e-01 8.935323161475478004e-02 3.407421844429999735e-01 2.286436835657794722e-02 4.902562997302572362e-02 7.610824957445601335e-02
-1.250000000000000000e+00 2.500000000000000000e+00 2.995032572816622718e-01 8.935323161475471065e-02 2.101500256669075473e-01 6.484847608588936371e-03 1.790918270408605253e-02 4.955593516236479756e-02
-1.000000000000000000e+00 2.500000000000000000e+00 1.750100001475920486e-01 0.000000000000000000e+00 1.750100001475920486e-01 2.868513997013926765e-03 7.572076584797567643e-03 1.541953799283849250e-02
-7.500000000000000000e-01 2.500000000000000000e+00 7.699159428643534420e-02 0.000000000000000000e+00 7.699159428643534420e-02 1.000394792553219820e-03 3.347988488635024462e-03 1.492258283905929447e-02
-5.000000000000000000e-01 2.500000000000000000e+00 1.763993940141531380e-01 8.935323161475473841e-02 8.704616239939839961e-02 6.965302886078746872e-04 4.333685319354146741e-03 3.494049114140826418e-02
-2.500000000000000000e-01 2.500000000000000000e+00 1.255048041432776929e-01 0.000000000000000000e+00 1.255048041432776929e-01 5.374673152619622836e-04 3.115394262292586584e-03 2.351852120035131596e-02
0.000000000000000000e+00 2.500000000000000000e+00 4.937842354687171446e-07 0.000000000000000000e+00 4.937842354687171446e-07 6.836457412185716325e-04 2.344231009508391042e-03 8.821987571010193874e-03
2.500000000000000000e-01 2.500000000000000000e+00 1.262697149989590040e-01 0.000000000000000000e+00 1.262697149989590040e-01 1.266318318395006758e-03 4.008075234570106227e-03 1.393102190418995905e-02
5.000000000000000000e-01 2.500000000000000000e+00 8.935282913732041365e-02 8.935323161475471065e-02 -4.024774342969994478e-07 2.757976885524378741e-03 8.843427691209673758e-03 2.929576629287206080e-02
7.500000000000000000e-01 2.500000000000000000e+00 3.022925236447288611e-01 0.000000000000000000e+00 3.022925236447288611e-01 8.384423195579526755e-03 2.025992630894894730e-02 4.001710931750452477e-02
1.000000000000000000e+00 2.500000000000000000e+00 4.276504742860809949e-01 1.781684596105613250e-01 2.494820146755196699e-01 2.148349921905820178e-02 5.362374309354435431e-02 8.364388464738187201e-02
1.250000000000000000e+00 2.500000000000000000e+00 6.009339269250884019e-01 3.624582734605461543e-01 2.384756534645422477e-01 5.641034622052745751e-02 1.133859105612603502e-01 1.453933951456105045e-01
1.500000000000000000e+00 2.500000000000000000e+00 7.310762018946306284e-01 5.487294415283334725e-01 1.823467603662971559e-01 1.142217684759644220e-01 1.866145024673216968e-01 1.875243368589520621e-01
1.750000000000000000e+00 2.500000000000000000e+00 8.576576322321894930e-01 7.969843160313733188e-01 6.067331620081617416e-02 2.118206471641611022e-01 2.806640941560751834e-01 2.410808550510026571e-01
2.000000000000000000e+00 2.500000000000000000e+00 9.251122030247964645e-01 9.233330926594173205e-01 1.779110365379144021e-03 3.177714792170146518e-01 3.697272706075594439e-01 2.678898559621417097e-01
-2.000000000000000000e+00 2.750000000000000000e+00 8.804123636132028530e-01 8.390852161729468461e-01 4.132714744025600684e-02 2.218798827248423533e-01 3.010308572648289216e-01 2.603895414990296531e-01
-1.750000000000000000e+00 2.750000000000000000e+00 7.048193330546567159e-01 5.235417843878398259e-01 1.812775486668168901e-01 9.473667899266577375e-02 1.618221541298994204e-01 1.848496802507341163e-01
-1.500000000000000000e+00 2.750000000000000000e+00 5.388822500880110500e-01 2.659022376739252347e-01 2.729800124140858153e-01 3.742536002417968383e-02 7.929036498524942578e-02 1.175163608333291143e-01
-1.250000000000000000e+00 2.750000000000000000e+00 2.551481089622768539e-01 1.262378707044762294e-01 1.289102382578006245e-01 1.124452704125836373e-02 2.781429834723483235e-02 5.901819703250535398e-02
-1.000000000000000000e+00 2.750000000000000000e+00 2.383957814438108780e-01 0.000000000000000000e+00 2.383957814438108780e-01 4.691222350041102974e-03 1.441968295398772873e-02 3.635886829928464126e-02
-7.500000000000000000e-01 2.750000000000000000e+00 1.819996617482146084e-01 0.000000000000000000e+00 1.819996617482146084e-01 1.864571445006412342e-03 6.179518629838468870e-03 1.645023447813438039e-02
-5.000000000000000000e-01 2.750000000000000000e+00 8.185937981178201261e-02 0.000000000000000000e+00 8.185937981178201261e-02 1.078954719167435263e-03 3.821713366919564196e-03 1.301089181923392908e-02
-2.500000000000000000e-01 2.750000000000000000e+00 9.667124508173534359e-02 8.935323161475478004e-02 7.318013466980563542e-03 1.022805200219808076e-03 6.219642093747756138e-03 3.315986122465504338e-02
0.000000000000000000e+00 2.750000000000000000e+00 1.712120198106965308e-01 0.000000000000000000e+00 1.712120198106965308e-01 1.081650877435084198e-03 4.694295597508633087e-03 1.824517106949223935e-02
2.500000000000000000e-01 2.750000000000000000e+00 2.140281532026153954e-01 0.000000000000000000e+00 2.140281532026153954e-01 1.903672540858465786e-03 7.713664146258661716e-03 2.391931816074495398e-02
5.000000000000000000e-01 2.750000000000000000e+00 2.543878532452436558e-01 1.262378707044762294e-01 1.281499825407674265e-01 3.950097650168631243e-03 1.581338187939437118e-02 5.532933419253102669e-02
7.500000000000000000e-01 2.750000000000000000e+00 3.206188490172003913e-01 1.544538766104618654e-01 1.661649724067385259e-01 8.941766084832877132e-03 2.736512570468708702e-02 6.625413380479457104e-02
1.000000000000000000e+00 2.750000000000000000e+00 4.303617969307744762e-01 2.509501942617305414e-01 1.794116026690439347e-01 2.526348544780875408e-02 6.570797408811367146e-02 1.102355003514522425e-01
1.250000000000000000e+00 2.750000000000000000e+00 5.969681976864632533e-01 3.519999999999977036e-01 2.449681976864655497e-01 5.461505848197597407e-02 1.113808947772632896e-01 1.417029667296605400e-01
1.500000000000000000e+00 2.750000000000000000e+00 7.741366169186600921e-01 6.636987268331904222e-01 1.104378900854696699e-01 1.275248850599945138e-01 2.092957591619220015e-01 2.124446126282433234e-01
1.750000000000000000e+00 2.750000000000000000e+00 9.034042777331641183e-01 8.088609274776470404e-01 9.454335025551707794e-02 2.102167064391880780e-01 2.807687044793305553e-01 2.387009538048734947e-01
2.000000000000000000e+00 2.750000000000000000e+00 9.414965498194100002e-01 9.404254356407009130e-01 1.071114178709087206e-03 3.312040755394597413e-01 3.830225216930954746e-01 2.763265653306530845e-01
-2.000000000000000000e+00 3.000000000000000000e+00 8.807760667753222750e-01 8.467443533912664133e-01 3.403171338405586166e-02 2.418811429847218808e-01 3.141369623024269919e-01 2.523465103573035995e-01
-1.750000000000000000e+00 3.000000000000000000e+00 7.419089382173281733e-01 6.307329070216621814e-01 1.111760311956659919e-01 1.161712399128093653e-01 1.990167509742679919e-01 2.083649303444154999e-01
-1.500000000000000000e+00 3.000000000000000000e+00 5.877575820342118007e-01 3.299454500368196319e-01 2.578121319973921688e-01 4.808688965680153748e-02 1.005182879722465172e-01 1.336262600589654681e-01
-1.250000000000000000e+00 3.000000000000000000e+00 3.917129680236624556e-01 2.177705214210591544e-01 1.739424466026033012e-01 1.799736683198557494e-02 4.664844714679933224e-02 9.071400931228702780e-02
-1.000000000000000000e+00 3.000000000000000000e+00 2.403835037454206403e-01 0.000000000000000000e+00 2.403835037454206403e-01 7.974127823586906263e-03 2.094672511311893720e-02 4.165825324380052069e-02
-7.500000000000000000e-01 3.000000000000000000e+00 2.591255395208219570e-01 8.935323161475471065e-02 1.697723079060672324e-01 4.025263661330168857e-03 1.497225880753933792e-02 4.835830550946278172e-02
-5.000000000000000000e-01 3.000000000000000000e+00 1.598185071379011057e-01 0.000000000000000000e+00 1.598185071379011057e-01 2.113715569878543178e-03 7.050204837648054237e-03 1.994344015578098164e-02
-2.500000000000000000e-01 3.000000000000000000e+00 9.290957706620632528e-02 8.935323161475476617e-02 3.556345451451559114e-03 1.715223720229089137e-03 7.524484284377246264e-03 3.326877054521577143e-02
0.000000000000000000e+00 3.000000000000000000e+00 1.969567663427292947e-01 8.935323161475475229e-02 1.076035347279745424e-01 2.255970325789422287e-03 1.119081811810394671e-02 4.186146144200598995e-02
2.500000000000000000e-01 3.000000000000000000e+00 2.049643281279770468e-01 1.262378707044762016e-01 7.872645742350084519e-02 2.906497193378802194e-03 1.100032209665053468e-02 4.383605603061222628e-02
5.000000000000000000e-01 3.000000000000000000e+00 2.641650117238794615e-01 1.262378707044761739e-01 1.379271410194032876e-01 5.640771100933158685e-03 2.122841087983282429e-02 5.717283853143076411e-02
7.500000000000000000e-01 3.000000000000000000e+00 2.919343712298298477e-01 1.262378707044762016e-01 1.656965005253536460e-01 1.215429426154358665e-02 3.561051113375317961e-02 7.012417285256694610e-02
1.000000000000000000e+00 3.000000000000000000e+00 4.780692016569755287e-01 2.177705214210589602e-01 2.602986802359165686e-01 2.542754180837639155e-02 6.212995928212848573e-02 9.657159054630415351e-02
1.250000000000000000e+00 3.000000000000000000e+00 6.362613110523147597e-01 4.101901997854182080e-01 2.260711112668965517e-01 5.975306930439370362e-02 1.239004664888836843e-01 1.536152742420456574e-01
1.500000000000000000e+00 3.000000000000000000e+00 7.916382179140508679e-01 6.726068688320092637e-01 1.190313490820416042e-01 1.346763740662287323e-01 2.193576302067220540e-01 2.205549555191399780e-01
1.750000000000000000e+00 3.000000000000000000e+00 8.839742006779425232e-01 8.613570688164163824e-01 2.261713186152614075e-02 2.372738692913257397e-01 3.119031977244590137e-01 2.645751870651549265e-01
2.000000000000000000e+00 3.000000000000000000e+00 9.275862335594301511e-01 9.313989478198907435e-01 -3.812714260460592364e-03 3.288172977320584778e-01 3.811265204397017992e-01 2.657806354368752455e-01
