# position velocity action_std action_loc_std action_std_diff action_mean_p_0 action_p_0_mean action_p_0_std
-2.000000000000000000e+00 -3.000000000000000000e+00 8.712959342509352112e-01 8.088609274776469293e-01 6.243500677328828186e-02 7.906782435144471544e-01 7.143247116865578672e-01 2.556077704606865564e-01
-1.750000000000000000e+00 -3.000000000000000000e+00 7.714303690185365658e-01 6.356225294937252190e-01 1.358078395248113468e-01 8.865440673654944037e-01 8.026175865176868873e-01 2.179648471937594145e-01
-1.500000000000000000e+00 -3.000000000000000000e+00 6.394469585396054256e-01 4.440540507640944878e-01 1.953929077755109378e-01 9.495459986909196015e-01 8.840530227721717926e-01 1.676071893741083174e-01
-1.250000000000000000e+00 -3.000000000000000000e+00 5.700121256229321309e-01 3.411744421846385489e-01 2.288376834382935820e-01 9.755643950289403232e-01 9.222471099309241804e-01 1.425350310478884219e-01
-1.000000000000000000e+00 -3.000000000000000000e+00 3.947906523574246096e-01 2.177705214210584050e-01 1.770201309363662046e-01 9.893918216906383289e-01 9.622100046721697719e-01 8.755092887068383067e-02
-7.500000000000000000e-01 -3.000000000000000000e+00 2.952020708799721338e-01 1.989974874213245315e-01 9.620458345864760230e-02 9.938713675368194833e-01 9.731995390902048459e-01 7.867564203514409993e-02
-5.000000000000000000e-01 -3.000000000000000000e+00 2.561973895693111514e-01 8.935323161475478004e-02 1.668441579545563713e-01 9.960589432594014747e-01 9.837948218643175480e-01 4.941371598143711602e-02
-2.500000000000000000e-01 -3.000000000000000000e+00 1.986592016739709421e-01 8.935323161475473841e-02 1.093059700592162037e-01 9.953727680702560976e-01 9.826137252225546348e-01 4.963669682097473362e-02
0.000000000000000000e+00 -3.000000000000000000e+00 2.162548645486333521e-01 8.935323161475471065e-02 1.269016329338786275e-01 9.939074256653744888e-01 9.794328240640818306e-01 5.348094588025394114e-02
2.500000000000000000e-01 -3.000000000000000000e+00 3.446241412727083508e-01 8.935323161475476617e-02 2.552709096579535708e-01 9.899303734353105400e-01 9.720910775423444727e-01 5.756999986235991629e-02
5.000000000000000000e-01 -3.000000000000000000e+00 4.854459997832686335e-01 2.349808502835912805e-01 2.504651494996773531e-01 9.730971111172169730e-01 9.376346423820975939e-01 1.019196553982334996e-01
7.500000000000000000e-01 -3.000000000000000000e+00 6.744760654005393929e-01 4.011782646156203391e-01 2.732978007849190538e-01 9.466627609384766773e-01 8.831052142334814281e-01 1.629727128665136304e-01
1.000000000000000000e+00 -3.000000000000000000e+00 8.156208927499447592e-01 6.591631057636674340e-01 1.564577869862773252e-01 8.709652669508693990e-01 7.954952741663080529e-01 2.133052848200800433e-01
1.250000000000000000e+00 -3.000000000000000000e+00 8.991032487110032223e-01 8.311822904754402330e-01 6.792095823556298928e-02 7.698650814305327827e-01 6.977064540111415081e-01 2.472469682675551006e-01
1.500000000000000000e+00 -3.000000000000000000e+00 9.574610708095609990e-01 9.857869952479594300e-01 -2.832592443839843099e-02 6.030878625095031920e-01 5.664406059178687114e-01 2.853422912911522391e-01
1.750000000000000000e+00 -3.000000000000000000e+00 9.716339302191407956e-01 9.961204746414957789e-01 -2.448654442235498330e-02 4.422636670981928142e-01 4.616719215546903898e-01 2.854918572521802922e-01
2.000000000000000000e+00 -3.000000000000000000e+00 9.604748377605732967e-01 9.864603387871176965e-01 -2.598550102654439975e-02 3.986382391220101851e-01 4.329012767778133708e-01 2.802228829879233607e-01
-2.000000000000000000e+00 -2.750000000000000000e+00 8.470577904718866735e-01 7.141428428542860862e-01 1.329149476176005873e-01 8.508311527804148788e-01 7.660551043834191720e-01 2.243403489149861374e-01
-1.750000000000000000e+00 -2.750000000000000000e+00 6.675961324481435311e-01 4.749736834815155850e-01 1.926224489666279460e-01 9.203143910717316301e-01 8.509517146616820682e-01 1.773081975078647787e-01
-1.500000000000000000e+00 -2.750000000000000000e+00 5.249441748583474343e-01 3.182703253525225318e-01 2.066738495058249026e-01 9.702577860054056869e-01 9.171851480341682850e-01 1.475426457935687663e-01
-1.250000000000000000e+00 -2.750000000000000000e+00 3.847897476804685302e-01 2.659022376739248461e-01 1.188875100065436841e-01 9.885966155093605101e-01 9.580522738980691289e-01 1.011394383793303153e-01
-1.000000000000000000e+00 -2.750000000000000000e+00 3.624725125797554903e-01 1.544538766104629202e-01 2.080186359692925702e-01 9.951857392522157619e-01 9.766116106257085594e-01 6.931890527802593571e-02
-7.500000000000000000e-01 -2.750000000000000000e+00 2.148023594528448155e-01 8.935323161475471065e-02 1.254491278380900909e-01 9.973943737616677296e-01 9.878539130268487733e-01 4.106518171227615394e-02
-5.000000000000000000e-01 -2.750000000000000000e+00 2.308351012389416868e-01 1.262378707044760628e-01 1.045972305344656239e-01 9.981910004006060433e-01 9.844135451627984423e-01 6.034547651895013493e-02
-2.500000000000000000e-01 -2.750000000000000000e+00 1.750005830403708329e-01 1.262378707044762294e-01 4.876271233589460352e-02 9.982740807650881676e-01 9.904960745555086987e-01 5.013949358054045624e-02
0.000000000000000000e+00 -2.750000000000000000e+00 2.053952999170937932e-01 1.544538766104630867e-01 5.094142330663070650e-02 9.972892910260059418e-01 9.830147440305612161e-01 6.556489080211330700e-02
2.500000000000000000e-01 -2.750000000000000000e+00 2.285758107755546387e-01 8.935323161475476617e-02 1.392225791607998864e-01 9.944243400339461969e-01 9.793098499528372081e-01 5.150299901089579191e-02
5.000000000000000000e-01 -2.750000000000000000e+00 3.879915819906642471e-01 1.781684596105611862e-01 2.098231223801030609e-01 9.853179355027921194e-01 9.596481183175497032e-01 7.857532167819505919e-02
7.500000000000000000e-01 -2.750000000000000000e+00 5.724354381165025485e-01 2.509501942617307635e-01 3.214852438547717850e-01 9.631757298739407336e-01 9.218097775446149056e-01 1.109976287727887923e-01
1.000000000000000000e+00 -2.750000000000000000e+00 7.552718239331052130e-01 5.425863986500198966e-01 2.126854252830853165e-01 8.923943163776922871e-01 8.202805607825969236e-01 1.922365969597491231e-01
1.250000000000000000e+00 -2.750000000000000000e+00 8.804354437429047220e-01 8.467443533912666354e-01 3.369109035163808663e-02 7.657572961983913906e-01 6.907953846067502734e-01 2.521717688544479197e-01
1.500000000000000000e+00 -2.750000000000000000e+00 9.661194028862717387e-01 9.927738916792683277e-01 -2.665448879299658902e-02 5.663195907000218021e-01 5.458970855382218046e-01 2.855141352028917057e-01
1.750000000000000000e+00 -2.750000000000000000e+00 9.659750855255834212e-01 9.981983770774245368e-01 -3.222329155184111560e-02 4.655730476028016041e-01 4.765948956125235503e-01 2.891960680957075258e-01
2.000000000000000000e+00 -2.750000000000000000e+00 9.560217874628328394e-01 9.576304088739023834e-01 -1.608621411069544038e-03 3.516375355545957038e-01 3.966144518683972220e-01 2.760301234545183835e-01
-2.000000000000000000e+00 -2.500000000000000000e+00 7.614127804657788712e-01 6.257795138864760132e-01 1.356332665793028580e-01 8.834516401724430423e-01 8.053314706643805998e-01 2.115693412282785291e-01
-1.750000000000000000e+00 -2.500000000000000000e+00 6.103942084072758734e-01 3.624582734605477641e-01 2.479359349467281093e-01 9.505597779210458453e-01 8.985577394824280084e-01 1.418340340287868317e-01
-1.500000000000000000e+00 -2.500000000000000000e+00 4.295979661426148621e-01 2.177705214210585438e-01 2.118274447215563183e-01 9.793627582128037190e-01 9.445237075811123706e-01 1.020950075822056463e-01
-1.250000000000000000e+00 -2.500000000000000000e+00 3.058796781316404090e-01 8.935323161475473841e-02 2.165264465168856844e-01 9.935064771175444731e-01 9.725893498479472044e-01 7.124677147989154358e-02
-1.000000000000000000e+00 -2.500000000000000000e+00 1.944285414413078894e-01 0.000000000000000000e+00 1.944285414413078894e-01 9.973491978558080007e-01 9.842849555131263362e-01 4.852302410784178205e-02
-7.500000000000000000e-01 -2.500000000000000000e+00 2.159177196699837431e-01 1.262378707044762571e-01 8.967984896550748597e-02 9.988930276296908994e-01 9.910597519084344276e-01 5.060947608234869083e-02
-5.000000000000000000e-01 -2.500000000000000000e+00 1.867121111700778824e-01 0.000000000000000000e+00 1.867121111700778824e-01 9.992497882571533818e-01 9.954375164271149767e-01 2.411063937490826037e-02
-2.500000000000000000e-01 -2.500000000000000000e+00 8.935300347371809282e-02 0.000000000000000000e+00 8.935300347371809282e-02 9.991678498643983275e-01 9.965451410192286419e-01 1.169235047218502091e-02
0.000000000000000000e+00 -2.500000000000000000e+00 1.718076726643374130e-01 0.000000000000000000e+00 1.718076726643374130e-01 9.988219428181536186e-01 9.939487420289025987e-01 2.707111582109837308e-02
2.500000000000000000e-01 -2.500000000000000000e+00 2.262780038282045658e-01 1.262378707044761461e-01 1.000401331237284197e-01 9.967702782912061243e-01 9.858389184743340250e-01 5.121188027835751888e-02
5.000000000000000000e-01 -2.500000000000000000e+00 2.926639317076143998e-01 0.000000000000000000e+00 2.926639317076143998e-01 9.909179298508267175e-01 9.738712185571157809e-01 4.951004182240054813e-02
7.500000000000000000e-01 -2.500000000000000000e+00 4.787354927975963070e-01 2.177705214210587659e-01 2.609649713765375134e-01 9.705044356680797568e-01 9.321248369247155940e-01 1.071128818114437525e-01
1.000000000000000000e+00 -2.500000000000000000e+00 7.023907140356107082e-01 5.299962264016604419e-01 1.723944876339502663e-01 9.147062466014693749e-01 8.422904081137638777e-01 1.841665335643998813e-01
1.250000000000000000e+00 -2.500000000000000000e+00 9.020457853446338659e-01 8.257747876994065983e-01 7.627099764522726755e-02 7.640258767736837209e-01 6.952050500616262507e-01 2.394932146666286232e-01
1.500000000000000000e+00 -2.500000000000000000e+00 9.660393985602309108e-01 9.806038955663962664e-01 -1.456449700616535559e-02 6.003759573871851885e-01 5.693334153218126970e-01 2.841252926318479921e-01
1.750000000000000000e+00 -2.500000000000000000e+00 9.536366409259724453e-01 9.877570551507082186e-01 -3.412041422473577335e-02 4.118504191967864991e-01 4.407590659406297462e-01 2.764912860432460207e-01
2.000000000000000000e+00 -2.500000000000000000e+00 9.501939769227913946e-01 9.588242800430113455e-01 -8.630303120219950941e-03 3.443570396315820958e-01 3.973616938372804275e-01 2.828196552090324056e-01
-2.000000000000000000e+00 -2.250000000000000000e+00 7.676222884973616933e-01 6.207608235061260471e-01 1.468614649912356462e-01 8.966677201529780206e-01 8.168482555701022108e-01 2.075275369869603315e-01
-1.750000000000000000e+00 -2.250000000000000000e+00 5.171841525029088338e-01 3.060980235153447637e-01 2.110861289875640701e-01 9.583602022033023138e-01 9.066059187667492303e-01 1.287717859946168608e-01
-1.500000000000000000e+00 -2.250000000000000000e+00 3.164699297314697013e-01 1.544538766104625316e-01 1.620160531210071697e-01 9.885233012233244354e-01 9.652785984476731640e-01 7.679822198409436140e-02
-1.250000000000000000e+00 -2.250000000000000000e+00 3.052800112523322285e-01 1.262378707044761739e-01 1.790421405478560546e-01 9.958288938263859524e-01 9.815609804294872509e-01 6.290595298789110335e-02
-1.000000000000000000e+00 -2.250000000000000000e+00 1.535777032899227346e-01 0.000000000000000000e+00 1.535777032899227346e-01 9.985577355498919117e-01 9.926591390068555398e-01 2.745160913064310926e-02
-7.500000000000000000e-01 -2.250000000000000000e+00 1.542264241043820316e-01 0.000000000000000000e+00 1.542264241043820316e-01 9.994304898391656033e-01 9.967190759196070671e-01 1.701287728228489254e-02
-5.000000000000000000e-01 -2.250000000000000000e+00 1.907798973886469796e-01 0.000000000000000000e+00 1.907798973886469796e-01 9.995412009758701810e-01 9.979591833393088862e-01 7.208261967251071434e-03
-2.500000000000000000e-01 -2.250000000000000000e+00 1.781317974806730930e-01 0.000000000000000000e+00 1.781317974806730930e-01 9.995106990350154375e-01 9.972026944712315544e-01 1.199917209648844463e-02
0.000000000000000000e+00 -2.250000000000000000e+00 3.954655178651436676e-02 0.000000000000000000e+00 3.954655178651436676e-02 9.991734007705470599e-01 9.966809259755475825e-01 1.274579511938736878e-02
2.500000000000000000e-01 -2.250000000000000000e+00 1.653234975467466894e-01 0.000000000000000000e+00 1.653234975467466894e-01 9.978446530462319330e-01 9.913107410448516177e-01 2.950001625861576465e-02
5.000000000000000000e-01 -2.250000000000000000e+00 2.490659846352366591e-01 8.935323161475472453e-02 1.597127530204819346e-01 9.933696909323639357e-01 9.825845006650377744e-01 3.732284163108275099e-02
7.500000000000000000e-01 -2.250000000000000000e+00 4.304945496834360896e-01 2.177705214210592655e-01 2.127240282623768242e-01 9.738295997530229675e-01 9.385876507898328613e-01 9.333202962443613859e-02
1.000000000000000000e+00 -2.250000000000000000e+00 6.778993573964656738e-01 4.749736834815147524e-01 2.029256739149509214e-01 9.101471632004413115e-01 8.428031267496928214e-01 1.735988626200296314e-01
1.250000000000000000e+00 -2.250000000000000000e+00 8.356564063944071918e-01 7.294820080029360554e-01 1.061743983914711364e-01 8.055740805948475858e-01 7.386429917063469519e-01 2.244164870738984130e-01
1.500000000000000000e+00 -2.250000000000000000e+00 9.647936421537482987e-01 9.907088371464132237e-01 -2.591519499266492499e-02 5.773172446927290480e-01 5.524838667416991367e-01 2.755019959978579625e-01
1.750000000000000000e+00 -2.250000000000000000e+00 9.504769971045615717e-01 9.864603387871178075e-01 -3.598334168255623577e-02 3.866334684032496360e-01 4.278873571267535203e-01 2.848837029666691500e-01
2.000000000000000000e+00 -2.250000000000000000e+00 9.017623807213401843e-01 8.772684879784515832e-01 2.449389274288860108e-02 2.572162025746989045e-01 3.295179683014750061e-01 2.648445959329962518e-01
-2.000000000000000000e+00 -2.000000000000000000e+00 6.834564129596341076e-01 5.780519007840010381e-01 1.054045121756330694e-01 9.134651830796957084e-01 8.369100047686013344e-01 1.980739633980129755e-01
-1.750000000000000000e+00 -2.000000000000000000e+00 4.684982253246401385e-01 2.659022376739255122e-01 2.025959876507146262e-01 9.726836943103430722e-01 9.319999875244984189e-01 1.179206380051039532e-01
-1.500000000000000000e+00 -2.000000000000000000e+00 2.710275366543813402e-01 1.262378707044761184e-01 1.447896659499052219e-01 9.906456293635766963e-01 9.729547138506748905e-01 6.254509125636524558e-02
-1.250000000000000000e+00 -2.000000000000000000e+00 2.157595557599079894e-01 0.000000000000000000e+00 2.157595557599079894e-01 9.970751750940588520e-01 9.890768051174031461e-01 3.183675797954924058e-02
-1.000000000000000000e+00 -2.000000000000000000e+00 2.343490582238625941e-01 1.781684596105608531e-01 5.618059861330174098e-02 9.988836899914090850e-01 9.905377941448596513e-01 5.417125302680928650e-02
-7.500000000000000000e-01 -2.000000000000000000e+00 1.544529862811712395e-01 0.000000000000000000e+00 1.544529862811712395e-01 9.995344392896455821e-01 9.974789654997053834e-01 1.022060967590109060e-02
-5.000000000000000000e-01 -2.000000000000000000e+00 2.626469677007740866e-02 0.000000000000000000e+00 2.626469677007740866e-02 9.996485615284474990e-01 9.975539610600689944e-01 1.505197426712303818e-02
-2.500000000000000000e-01 -2.000000000000000000e+00 1.111421814941757884e-07 0.000000000000000000e+00 1.111421814941757884e-07 9.996370150794003928e-01 9.987668707069694563e-01 3.494017395644755542e-03
0.000000000000000000e+00 -2.000000000000000000e+00 8.969178189648009669e-02 0.000000000000000000e+00 8.969178189648009669e-02 9.993256572374381586e-01 9.973367281378406890e-01 1.064491021839631367e-02
2.500000000000000000e-01 -2.000000000000000000e+00 1.904738959963507283e-01 0.000000000000000000e+00 1.904738959963507283e-01 9.980770830371408220e-01 9.925720942862018559e-01 2.995648922509772452e-02
5.000000000000000000e-01 -2.000000000000000000e+00 2.450054397109742155e-01 8.935323161475475229e-02 1.556522080962194632e-01 9.940698756160529781e-01 9.846799384833492264e-01 3.607115366508440585e-02
7.500000000000000000e-01 -2.000000000000000000e+00 4.057414115250533859e-01 1.544538766104628924e-01 2.512875349145904935e-01 9.779751911504931394e-01 9.516483828029460579e-01 7.039598131571016271e-02
1.000000000000000000e+00 -2.000000000000000000e+00 6.559689917367792500e-01 4.823111029200989885e-01 1.736578888166802614e-01 9.163544961053836646e-01 8.573523952564340300e-01 1.629412190215067391e-01
1.250000000000000000e+00 -2.000000000000000000e+00 8.691176459287143219e-01 8.750679973579182924e-01 -5.950351429203970532e-03 7.455564984120496286e-01 6.792639823848883873e-01 2.471161687182896749e-01
1.500000000000000000e+00 -2.000000000000000000e+00 9.601896401348518628e-01 9.988473356824820737e-01 -3.865769554763021087e-02 5.328767567978968112e-01 5.210534202188661368e-01 2.826372838624094941e-01
1.750000000000000000e+00 -2.000000000000000000e+00 9.397093583996037891e-01 9.564183185196716286e-01 -1.670896012006783948e-02 3.655405840632237058e-01 4.024398149658232615e-01 2.723232625063441437e-01
2.000000000000000000e+00 -2.000000000000000000e+00 8.934127934579899621e-01 8.442179813294675705e-01 4.919481212852239160e-02 2.342924685163148002e-01 3.123636593088118807e-01 2.525545540031345904e-01
-2.000000000000000000e+00 -1.750000000000000000e+00 6.755585303467533942e-01 4.440540507640951540e-01 2.315044795826582402e-01 9.258242247350279008e-01 8.566180805838182755e-01 1.714247690847572059e-01
-1.750000000000000000e+00 -1.750000000000000000e+00 4.428056437348983354e-01 1.989974874213233658e-01 2.438081563135749696e-01 9.756825142208089829e-01 9.416421304416773275e-01 9.341219464244805704e-02
-1.500000000000000000e+00 -1.750000000000000000e+00 2.864462847882636720e-01 1.544538766104622540e-01 1.319924081778014180e-01 9.916510747359313926e-01 9.746328077292754077e-01 6.288467383172355318e-02
-1.250000000000000000e+00 -1.750000000000000000e+00 7.195273684931699498e-02 0.000000000000000000e+00 7.195273684931699498e-02 9.978626113485048466e-01 9.925763429181466702e-01 2.339035569963725594e-02
-1.000000000000000000e+00 -1.750000000000000000e+00 1.531947591613112836e-01 1.262378707044762016e-01 2.695688845683508195e-02 9.991188710274314655e-01 9.941013048004107011e-01 4.101604811893912184e-02
-7.500000000000000000e-01 -1.750000000000000000e+00 1.519662514084446081e-01 0.000000000000000000e+00 1.519662514084446081e-01 9.995435994051240503e-01 9.979051366748695751e-01 8.408535146181745495e-03
-5.000000000000000000e-01 -1.750000000000000000e+00 1.214357724007092548e-01 0.000000000000000000e+00 1.214357724007092548e-01 9.996701870840156712e-01 9.979664118987469079e-01 1.063088329136025953e-02
-2.500000000000000000e-01 -1.750000000000000000e+00 1.155259691231528968e-01 0.000000000000000000e+00 1.155259691231528968e-01 9.995889834374890315e-01 9.980371218113105458e-01 1.114122318514729031e-02
0.000000000000000000e+00 -1.750000000000000000e+00 8.920844953727222193e-02 0.000000000000000000e+00 8.920844953727222193e-02 9.991960133969257640e-01 9.975231029010230843e-01 1.181889062265983718e-02
2.500000000000000000e-01 -1.750000000000000000e+00 1.308833204871391875e-01 0.000000000000000000e+00 1.308833204871391875e-01 9.975653589463040483e-01 9.933772504666543712e-01 1.874870942353357162e-02
5.000000000000000000e-01 -1.750000000000000000e+00 1.603962711755834991e-01 0.000000000000000000e+00 1.603962711755834991e-01 9.930779007224991295e-01 9.849666060366853992e-01 2.599958622584142356e-02
7.500000000000000000e-01 -1.750000000000000000e+00 4.053456747338077260e-01 8.935323161475471065e-02 3.159924431190530014e-01 9.731413288922378113e-01 9.473806815996441699e-01 6.817567561475015858e-02
1.000000000000000000e+00 -1.750000000000000000e+00 6.822762257921179962e-01 4.101901997854189297e-01 2.720860260066990666e-01 9.138463844768665023e-01 8.566324752017259181e-01 1.582229900542118373e-01
1.250000000000000000e+00 -1.750000000000000000e+00 9.011852652135399211e-01 8.442179813294667934e-01 5.696728388407312771e-02 7.377200253145602682e-01 6.740547083947128204e-01 2.504043691778374270e-01
1.500000000000000000e+00 -1.750000000000000000e+00 9.659317962440916450e-01 9.949874371066187440e-01 -2.905564086252709899e-02 5.355294591991440756e-01 5.289167005192625393e-01 2.709615819498019107e-01
1.750000000000000000e+00 -1.750000000000000000e+00 9.413422442615740904e-01 9.249864863877789167e-01 1.635575787379517365e-02 3.187845758051539580e-01 3.694483101172676420e-01 2.729068235343236615e-01
2.000000000000000000e+00 -1.750000000000000000e+00 8.909601321856208678e-01 8.467443533912667464e-01 4.421577879435412139e-02 2.391915748731774372e-01 3.112002465898630055e-01 2.449429851228092925e-01
-2.000000000000000000e+00 -1.500000000000000000e+00 6.209077147854672463e-01 4.189701660023061325e-01 2.019375487831611138e-01 9.373784919265744087e-01 8.764155226222902773e-01 1.629618339520714498e-01
-1.750000000000000000e+00 -1.500000000000000000e+00 4.221981474207445184e-01 1.544538766104628646e-01 2.677442708102816260e-01 9.727458081538707946e-01 9.385548937942113090e-01 9.285583328039663520e-02
-1.500000000000000000e+00 -1.500000000000000000e+00 3.228126443443466442e-01 1.262378707044762294e-01 1.965747736398704149e-01 9.902332300479066429e-01 9.693737732506791938e-01 7.311891141876920852e-02
-1.250000000000000000e+00 -1.500000000000000000e+00 1.574352274153676123e-01 0.000000000000000000e+00 1.574352274153676123e-01 9.969271987619604536e-01 9.910822613693709426e-01 1.784753256835126117e-02
-1.000000000000000000e+00 -1.500000000000000000e+00 1.882845654532446789e-01 1.262378707044762294e-01 6.204669474876844948e-02 9.989743792544043544e-01 9.941089553151464253e-01 3.891125730364577290e-02
-7.500000000000000000e-01 -1.500000000000000000e+00 8.935293340693001296e-02 0.000000000000000000e+00 8.935293340693001296e-02 9.994800785100589335e-01 9.976214659206116275e-01 9.167322052878734695e-03
-5.000000000000000000e-01 -1.500000000000000000e+00 1.333956024276493069e-01 0.000000000000000000e+00 1.333956024276493069e-01 9.995346793845455435e-01 9.977697626706569789e-01 1.197420360432859335e-02
-2.500000000000000000e-01 -1.500000000000000000e+00 8.933755488639288922e-02 0.000000000000000000e+00 8.933755488639288922e-02 9.994029568006085329e-01 9.974512908318566851e-01 1.567930363855372933e-02
0.000000000000000000e+00 -1.500000000000000000e+00 8.932219013005203434e-02 0.000000000000000000e+00 8.932219013005203434e-02 9.987987913276348273e-01 9.971410514248612023e-01 7.242296733186308171e-03
2.500000000000000000e-01 -1.500000000000000000e+00 1.741596010710539100e-01 0.000000000000000000e+00 1.741596010710539100e-01 9.969636870525142580e-01 9.940167370960458770e-01 1.148399944182892582e-02
5.000000000000000000e-01 -1.500000000000000000e+00 2.952871596787292052e-01 8.935323161475478004e-02 2.059339280639744252e-01 9.894791778811263816e-01 9.772353995892100187e-01 4.353582354688619038e-02
7.500000000000000000e-01 -1.500000000000000000e+00 4.495450956318708391e-01 1.262378707044761461e-01 3.233072249273947207e-01 9.652657009203622351e-01 9.394031497502577377e-01 7.684396857895219035e-02
1.000000000000000000e+00 -1.500000000000000000e+00 7.315380609782277110e-01 4.189701660023055774e-01 3.125678949759221337e-01 9.016517580935755616e-01 8.470724614761482307e-01 1.493483582072731297e-01
1.250000000000000000e+00 -1.500000000000000000e+00 8.809706649409426715e-01 8.416650165000307826e-01 3.930564844091188892e-02 7.484616813489527454e-01 6.854604114786115865e-01 2.446737274644475713e-01
1.500000000000000000e+00 -1.500000000000000000e+00 9.585113709593743314e-01 9.901515035589237845e-01 -3.164013259954945312e-02 5.524418749138280127e-01 5.382618943545747214e-01 2.690437365689061777e-01
1.750000000000000000e+00 -1.500000000000000000e+00 9.341190505275904776e-01 9.539392014169474354e-01 -1.982015088935695779e-02 3.563193362865410552e-01 3.979809277648587718e-01 2.662315371450527657e-01
2.000000000000000000e+00 -1.500000000000000000e+00 8.519752484543727800e-01 8.338441101309025383e-01 1.813113832347024168e-02 2.276069735880882905e-01 3.009628050570538615e-01 2.444513011382620504e-01
-2.000000000000000000e+00 -1.250000000000000000e+00 6.669340680497566343e-01 3.411744421846379938e-01 3.257596258651186405e-01 9.332446847739186424e-01 8.809134123650258497e-01 1.337710497483422523e-01
-1.750000000000000000e+00 -1.250000000000000000e+00 4.660857637150353505e-01 2.177705214210591822e-01 2.483152422939761683e-01 9.707424937472827198e-01 9.387723683943833830e-01 9.097889326418218126e-02
-1.500000000000000000e+00 -1.250000000000000000e+00 2.961093590242959150e-01 8.935323161475473841e-02 2.067561274095411905e-01 9.901644542239083080e-01 9.731467966807307857e-01 5.565604099589305243e-02
-1.250000000000000000e+00 -1.250000000000000000e+00 1.996355537929691004e-01 0.000000000000000000e+00 1.996355537929691004e-01 9.968825222384627427e-01 9.919749614560949835e-01 2.097877844125844993e-02
-1.000000000000000000e+00 -1.250000000000000000e+00 8.745241022075533888e-02 0.000000000000000000e+00 8.745241022075533888e-02 9.984422784298899733e-01 9.942709507105967903e-01 2.585555597950824416e-02
-7.500000000000000000e-01 -1.250000000000000000e+00 8.889212019592250547e-02 0.000000000000000000e+00 8.889212019592250547e-02 9.990968791958294570e-01 9.963225978855035914e-01 1.938260299881947729e-02
-5.000000000000000000e-01 -1.250000000000000000e+00 7.016053347967855791e-02 0.000000000000000000e+00 7.016053347967855791e-02 9.992166670622536495e-01 9.978433265018764597e-01 8.275849292204101246e-03
-2.500000000000000000e-01 -1.250000000000000000e+00 1.308078833596736379e-01 0.000000000000000000e+00 1.308078833596736379e-01 9.990058489154194366e-01 9.978630916048122357e-01 7.259968577604249476e-03
0.000000000000000000e+00 -1.250000000000000000e+00 7.965741185660116241e-02 0.000000000000000000e+00 7.965741185660116241e-02 9.982133306866989297e-01 9.969548584511176426e-01 4.602473237380444449e-03
2.500000000000000000e-01 -1.250000000000000000e+00 1.149895229166754268e-01 0.000000000000000000e+00 1.149895229166754268e-01 9.951361293327728452e-01 9.925553582505789452e-01 8.069792066229404884e-03
5.000000000000000000e-01 -1.250000000000000000e+00 3.103992407334493775e-01 0.000000000000000000e+00 3.103992407334493775e-01 9.850381140754923548e-01 9.740090306170844370e-01 3.429806640510200261e-02
7.500000000000000000e-01 -1.250000000000000000e+00 4.953373066407333880e-01 1.544538766104623928e-01 3.408834300302709952e-01 9.560390575785594480e-01 9.256174100032347196e-01 8.540852319336277032e-02
1.000000000000000000e+00 -1.250000000000000000e+00 7.540919434517249220e-01 4.101901997854180970e-01 3.439017436663068250e-01 8.807220539577752527e-01 8.278852716296430936e-01 1.582067445961973240e-01
1.250000000000000000e+00 -1.250000000000000000e+00 8.998074032401170985e-01 8.541662601625021889e-01 4.564114307761490963e-02 7.313703722013559227e-01 6.783975506711908965e-01 2.355284485922568560e-01
1.500000000000000000e+00 -1.250000000000000000e+00 9.671379584299244492e-01 9.999919999679972582e-01 -3.285404153807280903e-02 5.122683085844241813e-01 5.039510834793992089e-01 2.716443995198009054e-01
1.750000000000000000e+00 -1.250000000000000000e+00 9.489461801349162728e-01 9.500821017154230663e-01 -1.135921580506793482e-03 3.451739742071754935e-01 3.896093240838118255e-01 2.659444553865781824e-01
2.000000000000000000e+00 -1.250000000000000000e+00 9.072172849430064634e-01 8.442179813294674595e-01 6.299930361353900388e-02 2.295627829037772960e-01 3.053683434819199904e-01 2.566609854934392976e-01
-2.000000000000000000e+00 -1.000000000000000000e+00 6.655379582747442679e-01 4.823111029200989885e-01 1.832268553546452794e-01 9.162005807444062455e-01 8.540313411480544570e-01 1.698615705056434055e-01
-1.750000000000000000e+00 -1.000000000000000000e+00 4.437472758546767704e-01 1.781684596105611307e-01 2.655788162441156119e-01 9.659600843522008207e-01 9.291399517598676328e-01 1.011465857384540312e-01
-1.500000000000000000e+00 -1.000000000000000000e+00 1.932932100670280984e-01 8.935323161475473841e-02 1.039399784522733600e-01 9.869949726932417677e-01 9.709313639077195024e-01 6.202377607316824498e-02
-1.250000000000000000e+00 -1.000000000000000000e+00 1.405061042589266784e-01 0.000000000000000000e+00 1.405061042589266784e-01 9.942567470282215325e-01 9.866942561272502576e-01 3.132475909361576161e-02
-1.000000000000000000e+00 -1.000000000000000000e+00 1.859057151616444470e-01 0.000000000000000000e+00 1.859057151616444470e-01 9.968517104397327522e-01 9.926070696980924257e-01 2.347592591662881617e-02
-7.500000000000000000e-01 -1.000000000000000000e+00 6.596643779633795668e-02 0.000000000000000000e+00 6.596643779633795668e-02 9.980800370522088238e-01 9.964411198174688566e-01 6.309276696798440942e-03
-5.000000000000000000e-01 -1.000000000000000000e+00 1.180503316817577697e-01 0.000000000000000000e+00 1.180503316817577697e-01 9.982003403150692122e-01 9.966577182163138815e-01 6.513016986401853371e-03
-2.500000000000000000e-01 -1.000000000000000000e+00 1.630995177999196577e-01 0.000000000000000000e+00 1.630995177999196577e-01 9.974984676799432126e-01 9.954591204938681992e-01 9.463251918684412178e-03
0.000000000000000000e+00 -1.000000000000000000e+00 1.906570729572840406e-01 0.000000000000000000e+00 1.906570729572840406e-01 9.953322661905524837e-01 9.930618874410584995e-01 9.934427545030757520e-03
2.500000000000000000e-01 -1.000000000000000000e+00 3.455318262975931587e-01 0.000000000000000000e+00 3.455318262975931587e-01 9.883258778643368991e-01 9.823991652719626932e-01 1.981199762733842906e-02
5.000000000000000000e-01 -1.000000000000000000e+00 4.259788834407806646e-01 0.000000000000000000e+00 4.259788834407806646e-01 9.701307442544997439e-01 9.552535642489904388e-01 4.731597342693796837e-02
7.500000000000000000e-01 -1.000000000000000000e+00 6.159643756628311317e-01 2.933666647729431531e-01 3.225977108898879786e-01 9.230337746789152309e-01 8.833233404289898560e-01 1.198827647359568260e-01
1.000000000000000000e+00 -1.000000000000000000e+00 7.890896030571066255e-01 6.207608235061259361e-01 1.683287795509806895e-01 8.358496343129498962e-01 7.701011780759601244e-01 1.956133722975541833e-01
1.250000000000000000e+00 -1.000000000000000000e+00 9.233800823545228464e-01 9.374945333173901885e-01 -1.411445096286734202e-02 6.578569346852349842e-01 6.170377235084788525e-01 2.482445466933552447e-01
1.500000000000000000e+00 -1.000000000000000000e+00 9.583205204641233044e-01 9.999919999679974802e-01 -4.167147950387417588e-02 5.063007411707022287e-01 5.012708823485492182e-01 2.729058850219511223e-01
1.750000000000000000e+00 -1.000000000000000000e+00 9.558771902406169030e-01 9.622972513729857180e-01 -6.420061132368815038e-03 3.575012451782980660e-01 4.013233270604924519e-01 2.654031001126507805e-01
2.000000000000000000e+00 -1.000000000000000000e+00 9.023375076415814933e-01 8.899797750510952676e-01 1.235773259048622563e-02 2.600346278004355693e-01 3.294558103309533359e-01 2.679467041664018723e-01
-2.000000000000000000e+00 -7.500000000000000000e-01 7.313412054075729696e-01 4.674868982121325178e-01 2.638543071954404517e-01 9.003940214244181561e-01 8.402616053912603800e-01 1.690750597629057383e-01
-1.750000000000000000e+00 -7.500000000000000000e-01 5.569551623292404718e-01 3.182703253525230869e-01 2.386848369767173850e-01 9.483326849631471545e-01 9.031436768053148212e-01 1.256880192049834588e-01
-1.500000000000000000e+00 -7.500000000000000000e-01 4.085877342854363770e-01 1.781684596105613250e-01 2.304192746748750520e-01 9.765176123247938378e-01 9.513297050650276754e-01 8.310206245411158599e-02
-1.250000000000000000e+00 -7.500000000000000000e-01 3.041719309704497554e-01 8.935323161475478004e-02 2.148186993556949753e-01 9.871681493622948000e-01 9.735524316532353506e-01 5.068827387777120885e-02
-1.000000000000000000e+00 -7.500000000000000000e-01 2.281599133528609269e-01 0.000000000000000000e+00 2.281599133528609269e-01 9.924515183479127867e-01 9.853509465130435574e-01 3.182991850870093425e-02
-7.500000000000000000e-01 -7.500000000000000000e-01 1.772577413997521167e-01 0.000000000000000000e+00 1.772577413997521167e-01 9.943359676172656147e-01 9.902162530265602447e-01 2.351564406655263367e-02
-5.000000000000000000e-01 -7.500000000000000000e-01 1.600869414248850264e-01 8.935323161475475229e-02 7.073370981013027414e-02 9.938097740681053338e-01 9.893502682872394871e-01 3.350849821508933291e-02
-2.500000000000000000e-01 -7.500000000000000000e-01 2.223603201146923947e-01 0.000000000000000000e+00 2.223603201146923947e-01 9.916383890327951089e-01 9.889617055446129346e-01 1.060667575854530413e-02
0.000000000000000000e+00 -7.500000000000000000e-01 2.043855039273176077e-01 0.000000000000000000e+00 2.043855039273176077e-01 9.854379744048298306e-01 9.799319594544376733e-01 2.598674968150281248e-02
2.500000000000000000e-01 -7.500000000000000000e-01 4.339670288459649972e-01 0.000000000000000000e+00 4.339670288459649972e-01 9.688531099370278898e-01 9.559458011148234124e-01 4.522734562277461179e-02
5.000000000000000000e-01 -7.500000000000000000e-01 5.825172477981857000e-01 1.544538766104628924e-01 4.280633711877228076e-01 9.323312241991557059e-01 8.981616460807428926e-01 1.014387278013274135e-01
7.500000000000000000e-01 -7.500000000000000000e-01 8.028671437227714591e-01 5.363431737236918906e-01 2.665239699990795685e-01 8.570105960913678711e-01 7.997946634097415908e-01 1.803516344422781692e-01
1.000000000000000000e+00 -7.500000000000000000e-01 8.637083850692021114e-01 8.311822904754402330e-01 3.252609459376187839e-02 7.597707918987443021e-01 6.992400812980728020e-01 2.250144788029418697e-01
1.250000000000000000e+00 -7.500000000000000000e-01 9.537199959822957318e-01 9.611576353543699325e-01 -7.437639372074200672e-03 6.311911557993222788e-01 5.940147543305436262e-01 2.612676013907863637e-01
1.500000000000000000e+00 -7.500000000000000000e-01 9.696692630780519018e-01 9.988473356824824068e-01 -2.917807260443050499e-02 4.951843541087542211e-01 4.944256987160081107e-01 2.814970991899341524e-01
1.750000000000000000e+00 -7.500000000000000000e-01 9.505252503033925215e-01 9.864603387871175855e-01 -3.593508848372506392e-02 4.107448205721984658e-01 4.408710530707566910e-01 2.774914000701890204e-01
2.000000000000000000e+00 -7.500000000000000000e-01 9.172671629181012865e-01 9.249864863877793608e-01 -7.719323469678074368e-03 3.020918357336817572e-01 3.583377808019544419e-01 2.617199404461275081e-01
-2.000000000000000000e+00 -5.000000000000000000e-01 8.050792847287351339e-01 6.052966215005688433e-01 1.997826632281662906e-01 8.613424530152682390e-01 7.969288006849430950e-01 1.991490002269840354e-01
-1.750000000000000000e+00 -5.000000000000000000e-01 6.059621346951915566e-01 4.440540507640958201e-01 1.619080839310957365e-01 9.060732996166055431e-01 8.537199406003481705e-01 1.541188632883443432e-01
-1.500000000000000000e+00 -5.000000000000000000e-01 5.580998294618130240e-01 2.509501942617303749e-01 3.071496352000826491e-01 9.413488673881946767e-01 9.014899785136847310e-01 1.219874153246258003e-01
-1.250000000000000000e+00 -5.000000000000000000e-01 5.156610830234440446e-01 1.781684596105611307e-01 3.374926234128828861e-01 9.586117388868341527e-01 9.319029404706249409e-01 8.869119272403622189e-02
-1.000000000000000000e+00 -5.000000000000000000e-01 3.864020511676218295e-01 0.000000000000000000e+00 3.864020511676218295e-01 9.709554288878182726e-01 9.574519888444867899e-01 4.599141265926279254e-02
-7.500000000000000000e-01 -5.000000000000000000e-01 3.490213260517881499e-01 0.000000000000000000e+00 3.490213260517881499e-01 9.743026826734086931e-01 9.623048273959977639e-01 4.670214428548104257e-02
-5.000000000000000000e-01 -5.000000000000000000e-01 3.634484196916567544e-01 0.000000000000000000e+00 3.634484196916567544e-01 9.709942113907426009e-01 9.611423647494515832e-01 4.360609500570666874e-02
-2.500000000000000000e-01 -5.000000000000000000e-01 4.756605776951945974e-01 0.000000000000000000e+00 4.756605776951945974e-01 9.616689304926374637e-01 9.533508176634359899e-01 3.356512556676821690e-02
0.000000000000000000e+00 -5.000000000000000000e-01 4.827903510910385165e-01 8.935323161475471065e-02 3.934371194762837920e-01 9.374767462294529841e-01 9.212533208329682921e-01 6.253554203544905987e-02
2.500000000000000000e-01 -5.000000000000000000e-01 6.673364543417688033e-01 1.781684596105612139e-01 4.891679947312075893e-01 8.854656164204843805e-01 8.582133283031122550e-01 1.017114779277735748e-01
5.000000000000000000e-01 -5.000000000000000000e-01 7.784246708081741239e-01 5.780519007840012602e-01 2.003727700241728638e-01 8.218610896713053338e-01 7.729695741341020554e-01 1.715049781063287815e-01
7.500000000000000000e-01 -5.000000000000000000e-01 8.916136504139179353e-01 8.390852161729478453e-01 5.252843424097008995e-02 7.231890834953433878e-01 6.741357113354989883e-01 2.275145932691261252e-01
1.000000000000000000e+00 -5.000000000000000000e-01 9.304005307611663556e-01 9.526720317087128409e-01 -2.227150094754648535e-02 6.265969110259664854e-01 5.922062323042869281e-01 2.463469488127610074e-01
1.250000000000000000e+00 -5.000000000000000000e-01 9.604164898044174059e-01 9.984307687566555956e-01 -3.801427895223818965e-02 5.326138849437280776e-01 5.197186180494917096e-01 2.721288482717507673e-01
1.500000000000000000e+00 -5.000000000000000000e-01 9.600553645426016525e-01 9.917741678426552632e-01 -3.171880330005361071e-02 4.452467558770930589e-01 4.571921392783582228e-01 2.810995022415770928e-01
1.750000000000000000e+00 -5.000000000000000000e-01 9.458139694556008115e-01 9.526720317087126189e-01 -6.858062253111807394e-03 3.601407603497717158e-01 3.972371243139542485e-01 2.728657792300497875e-01
2.000000000000000000e+00 -5.000000000000000000e-01 9.120773338217950110e-01 9.165151389911705415e-01 -4.437805169375530490e-03 2.996073451936088761e-01 3.588102335587142755e-01 2.733922561821943154e-01
-2.000000000000000000e+00 -2.500000000000000000e-01 8.681382606499620236e-01 8.059379628730745093e-01 6.220029777688751427e-02 7.508856659217864049e-01 6.942236269874206833e-01 2.322877645237244049e-01
-1.750000000000000000e+00 -2.500000000000000000e-01 8.237371871450417382e-01 7.101999718389164773e-01 1.135372153061252609e-01 7.953557015514127748e-01 7.425469074057038377e-01 2.130237403035997457e-01
-1.500000000000000000e+00 -2.500000000000000000e-01 8.028320949561023046e-01 5.169758214849120570e-01 2.858562734711902475e-01 8.352580322314835382e-01 7.894080258456565025e-01 1.681530891652846804e-01
-1.250000000000000000e+00 -2.500000000000000000e-01 7.522692871647254087e-01 4.101901997854179860e-01 3.420790873793074227e-01 8.546889762122461542e-01 8.224794622442385128e-01 1.356573627354334954e-01
-1.000000000000000000e+00 -2.500000000000000000e-01 7.084721446878246010e-01 2.933666647729431531e-01 4.151054799148814478e-01 8.682446475756064874e-01 8.433384551228794157e-01 1.089969970707262009e-01
-7.500000000000000000e-01 -2.500000000000000000e-01 7.019611525361656446e-01 1.781684596105613250e-01 5.237926929256042641e-01 8.604211591546382376e-01 8.409155528730788420e-01 9.646458567597451794e-02
-5.000000000000000000e-01 -2.500000000000000000e-01 6.917320669000271982e-01 2.349808502835919466e-01 4.567512166164352516e-01 8.453907221687660956e-01 8.288356525558236987e-01 9.297598559184178102e-02
-2.500000000000000000e-01 -2.500000000000000000e-01 7.709109312764631516e-01 2.800000000000004152e-01 4.909109312764627364e-01 8.019661823712878057e-01 7.807721133092536681e-01 1.108071961296787505e-01
0.000000000000000000e+00 -2.500000000000000000e-01 8.948604216432023417e-01 6.356225294937258852e-01 2.592378921494764565e-01 7.235248659997750575e-01 6.993183198030318293e-01 1.506086216591488447e-01
2.500000000000000000e-01 -2.500000000000000000e-01 9.239020548758885010e-01 9.018736053350301374e-01 2.202844954085836360e-02 6.380626238384314863e-01 6.136229664061663147e-01 1.967799496722168751e-01
5.000000000000000000e-01 -2.500000000000000000e-01 9.544693765544394193e-01 9.843901665498254738e-01 -2.992078999538605455e-02 5.605782087611643760e-01 5.480230089931434900e-01 2.153925861887041882e-01
7.500000000000000000e-01 -2.500000000000000000e-01 9.620420595535418284e-01 9.988473356824822957e-01 -3.680527612894046730e-02 4.949352527711526895e-01 4.903986534086441917e-01 2.537710402756357952e-01
1.000000000000000000e+00 -2.500000000000000000e-01 9.579880199213891556e-01 9.883804935347551002e-01 -3.039247361336594455e-02 4.294429557702757472e-01 4.447593586290372603e-01 2.704946183387338943e-01
1.250000000000000000e+00 -2.500000000000000000e-01 9.622982257072787426e-01 9.829262434180946473e-01 -2.062801771081590463e-02 4.210043706455177115e-01 4.423967281371726235e-01 2.790645074159778805e-01
1.500000000000000000e+00 -2.500000000000000000e-01 9.383017790530640001e-01 9.599999999999978550e-01 -2.169822094693385495e-02 3.531058904981955182e-01 4.011931958777573137e-01 2.793353032777184386e-01
1.750000000000000000e+00 -2.500000000000000000e-01 9.482912909925291789e-01 9.599999999999978550e-01 -1.170870900746867616e-02 3.326005888826982781e-01 3.871140058419351715e-01 2.844108321076583845e-01
2.000000000000000000e+00 -2.500000000000000000e-01 9.112156491113061474e-01 9.147589846511487988e-01 -3.543335539842651372e-03 3.098196389871903933e-01 3.675657218682698013e-01 2.760602240377160177e-01
-2.000000000000000000e+00 0.000000000000000000e+00 9.377376537480779373e-01 9.513863568498317491e-01 -1.364870310175381185e-02 6.252862372688973158e-01 5.973975485606051183e-01 2.480352572115791243e-01
-1.750000000000000000e+00 0.000000000000000000e+00 9.500934987379334729e-01 9.622972513729858290e-01 -1.220375263505235619e-02 5.832162560487186287e-01 5.685073598180935273e-01 2.345073638193327648e-01
-1.500000000000000000e+00 0.000000000000000000e+00 9.478180229222120667e-01 9.932492134404103945e-01 -4.543119051819832777e-02 5.313261495217248553e-01 5.290173801331977677e-01 2.112052233685885183e-01
-1.250000000000000000e+00 0.000000000000000000e+00 9.535138403204749258e-01 9.677272342969379659e-01 -1.421339397646304015e-02 5.487391151711926707e-01 5.463177148968186847e-01 1.801297173344472147e-01
-1.000000000000000000e+00 0.000000000000000000e+00 9.631541855785377138e-01 9.997999799959953471e-01 -3.664579441745763333e-02 4.924897597182788522e-01 4.948963322665502207e-01 1.599481818638068820e-01
-7.500000000000000000e-01 0.000000000000000000e+00 9.571196792279228482e-01 9.754998718605796260e-01 -1.838019263265677772e-02 4.529149148301727656e-01 4.572024230820168067e-01 1.513792731118610013e-01
-5.000000000000000000e-01 0.000000000000000000e+00 9.328563979656178118e-01 8.467443533912670794e-01 8.611204457435073234e-02 3.918997767040170999e-01 4.001866288197356569e-01 1.344024945599537335e-01
-2.500000000000000000e-01 0.000000000000000000e+00 9.263656835026462533e-01 7.782133383590891240e-01 1.481523451435571292e-01 3.495764290048167244e-01 3.633783157817726539e-01 1.591548689525645599e-01
0.000000000000000000e+00 0.000000000000000000e+00 8.578562685983585068e-01 6.726068688320091526e-01 1.852493997663493541e-01 2.902766891514722558e-01 3.118702811366456662e-01 1.647102024806510467e-01
2.500000000000000000e-01 0.000000000000000000e+00 8.662201708089960484e-01 6.769815359372782781e-01 1.892386348717177702e-01 2.482231101556015562e-01 2.821973706591357489e-01 1.836299650484821688e-01
5.000000000000000000e-01 0.000000000000000000e+00 8.660848788855485259e-01 7.441612728434601198e-01 1.219236060420884060e-01 2.474645358417868757e-01 2.897722714338812899e-01 1.965836500656309993e-01
7.500000000000000000e-01 0.000000000000000000e+00 8.824043859520624977e-01 7.908577621797761026e-01 9.154662377228639514e-02 2.291517063053737924e-01 2.879370019081879395e-01 2.230017882565799303e-01
1.000000000000000000e+00 0.000000000000000000e+00 8.795700687908200033e-01 8.202536193153910915e-01 5.931644947542891178e-02 2.420803267483786492e-01 3.037221393670371805e-01 2.457138869353515664e-01
1.250000000000000000e+00 0.000000000000000000e+00 9.024372858532009323e-01 8.899797750510943795e-01 1.245751080210655282e-02 2.692453875717719103e-01 3.330160331864744916e-01 2.650206209223568421e-01
1.500000000000000000e+00 0.000000000000000000e+00 9.056747615637650295e-01 8.442179813294677926e-01 6.145678023429723691e-02 2.493319472430715888e-01 3.155159691056192983e-01 2.516302626089273464e-01
1.750000000000000000e+00 0.000000000000000000e+00 9.324334055637406582e-01 9.526720317087126189e-01 -2.023862614497196066e-02 3.192945449728015750e-01 3.770150778719300044e-01 2.864052244517329981e-01
2.000000000000000000e+00 0.000000000000000000e+00 9.128332816922115622e-01 8.794452797076156569e-01 3.338800198459590529e-02 2.774227197695311453e-01 3.353768238479039043e-01 2.574308740919295513e-01
-2.000000000000000000e+00 2.500000000000000000e-01 9.594982571885311007e-01 9.912497162672985196e-01 -3.175145907876741891e-02 4.387412788224125948e-01 4.579475179742044100e-01 2.566098146570841565e-01
-1.750000000000000000e+00 2.500000000000000000e-01 8.883866261508756024e-01 8.979977728257474423e-01 -9.611146674871839934e-03 3.164477596574541973e-01 3.589755536070139974e-01 2.178235344457603584e-01
-1.500000000000000000e+00 2.500000000000000000e-01 8.367800657464351533e-01 6.545716156388099449e-01 1.822084501076252083e-01 2.389653917268269867e-01 2.783984381113582818e-01 1.748882479643738552e-01
-1.250000000000000000e+00 2.500000000000000000e-01 7.631605838187255353e-01 3.519999999999974261e-01 4.111605838187281092e-01 1.708750718966006998e-01 2.010441757399314411e-01 1.320277802528181943e-01
-1.000000000000000000e+00 2.500000000000000000e-01 7.201469193050520357e-01 2.177705214210575169e-01 5.023763978839945743e-01 1.246155877330606537e-01 1.468295913530422436e-01 1.003525546441377397e-01
-7.500000000000000000e-01 2.500000000000000000e-01 5.905560337981717867e-01 1.544538766104627814e-01 4.361021571877090053e-01 9.245412368208920373e-02 1.083031868216512705e-01 7.618710714815984941e-02
-5.000000000000000000e-01 2.500000000000000000e-01 5.980777381969408779e-01 2.800000000000022471e-01 3.180777381969386308e-01 8.042276602274676944e-02 1.033548047138215797e-01 1.085900655554980637e-01
-2.500000000000000000e-01 2.500000000000000000e-01 5.811488005433594894e-01 2.349808502835915025e-01 3.461679502597679869e-01 6.592706694719659144e-02 8.832836209894721902e-02 1.084173796121512962e-01
0.000000000000000000e+00 2.500000000000000000e-01 5.920582689181023150e-01 2.509501942617309300e-01 3.411080746563713850e-01 6.512410176328020661e-02 9.032676883029042147e-02 1.020575422523184173e-01
2.500000000000000000e-01 2.500000000000000000e-01 5.616379319153407268e-01 3.060980235153442086e-01 2.555399083999965182e-01 6.587833002466907117e-02 9.715600367258545034e-02 1.180204296976121447e-01
5.000000000000000000e-01 2.500000000000000000e-01 5.439011362696306584e-01 2.933666647729431531e-01 2.505344714966875053e-01 7.269535457743567242e-02 1.078427425440368764e-01 1.185757628365941563e-01
7.500000000000000000e-01 2.500000000000000000e-01 7.075277536296954439e-01 4.011782646156205612e-01 3.063494890140748828e-01 9.302456472190469283e-02 1.412362981182809230e-01 1.488953109753287096e-01
1.000000000000000000e+00 2.500000000000000000e-01 7.679089399050177400e-01 5.891824844647030046e-01 1.787264554403147354e-01 1.364271739754339130e-01 2.007145712543287330e-01 2.001322971391581440e-01
1.250000000000000000e+00 2.500000000000000000e-01 8.043652701111042580e-01 6.257795138864774565e-01 1.785857562246268015e-01 1.671734958176261110e-01 2.314790118786493600e-01 2.101547894109683512e-01
1.500000000000000000e+00 2.500000000000000000e-01 8.659236424930192300e-01 8.174496926416950915e-01 4.847394985132413847e-02 2.230442228339208355e-01 2.968703122138731665e-01 2.542919963597946587e-01
1.750000000000000000e+00 2.500000000000000000e-01 9.108876285079313684e-01 8.899797750510944905e-01 2.090785345683687790e-02 2.719441633007807502e-01 3.371094959000103808e-01 2.585374394990320734e-01
2.000000000000000000e+00 2.500000000000000000e-01 9.286380447122062343e-01 9.249864863877796939e-01 3.651558324426540381e-03 3.062022233106984070e-01 3.681358350729747042e-01 2.767924558257143786e-01
-2.000000000000000000e+00 5.000000000000000000e-01 8.870446994768119708e-01 8.230285535751448167e-01 6.401614590166715413e-02 2.601477358149966723e-01 3.162230347204399994e-01 2.294574322065979777e-01
-1.750000000000000000e+00 5.000000000000000000e-01 6.935608498210170669e-01 5.235417843878392707e-01 1.700190654331777962e-01 1.444300437800826453e-01 1.954664055871052353e-01 1.616472814424892435e-01
-1.500000000000000000e+00 5.000000000000000000e-01 5.611900586308996575e-01 1.989974874213237821e-01 3.621925712095758754e-01 7.420382153643004242e-02 1.047621992461867657e-01 1.033412467686647129e-01
-1.250000000000000000e+00 5.000000000000000000e-01 4.121681675743607554e-01 8.935323161475478004e-02 3.228149359596059753e-01 3.870946378890580825e-02 5.578171565551177241e-02 6.378386729800759880e-02
-1.000000000000000000e+00 5.000000000000000000e-01 3.445394396543268734e-01 8.935323161475479392e-02 2.551862080395720933e-01 2.227841732332511843e-02 3.085338550851727396e-02 4.466231837007866856e-02
-7.500000000000000000e-01 5.000000000000000000e-01 2.684741613253412429e-01 1.262378707044762294e-01 1.422362906208650135e-01 1.498739146932121825e-02 2.224262490914930696e-02 4.326066084897679798e-02
-5.000000000000000000e-01 5.000000000000000000e-01 2.244582891753760245e-01 0.000000000000000000e+00 2.244582891753760245e-01 1.157639219689501724e-02 1.616064687049692875e-02 2.232240429993290198e-02
-2.500000000000000000e-01 5.000000000000000000e-01 2.654888745714129583e-01 8.935323161475478004e-02 1.761356429566581783e-01 1.099309286127491889e-02 1.890826501154051209e-02 4.223850027577043253e-02
0.000000000000000000e+00 5.000000000000000000e-01 3.209899042255869861e-01 8.935323161475472453e-02 2.316366726108322616e-01 1.210104548572536569e-02 2.012355040506363241e-02 4.017553836848052756e-02
2.500000000000000000e-01 5.000000000000000000e-01 3.671513889672974318e-01 8.935323161475479392e-02 2.777981573525426517e-01 1.806527488454564082e-02 3.391073596992612987e-02 6.343279011289056080e-02
5.000000000000000000e-01 5.000000000000000000e-01 3.763693081115811467e-01 2.349808502835914470e-01 1.413884578279896997e-01 2.418255546708554179e-02 4.542890568103326310e-02 8.863752228084360862e-02
7.500000000000000000e-01 5.000000000000000000e-01 5.751092797042085536e-01 2.349808502835914470e-01 3.401284294206171066e-01 4.268191510201722882e-02 7.788505593948791272e-02 1.036373405108140383e-01
1.000000000000000000e+00 5.000000000000000000e-01 6.208632432003788892e-01 3.823924685450783567e-01 2.384707746553005325e-01 7.321036968308766713e-02 1.264766187545579013e-01 1.569299668826496519e-01
1.250000000000000000e+00 5.000000000000000000e-01 7.948683953636835886e-01 6.052966215005689543e-01 1.895717738631146343e-01 1.371337478076433136e-01 2.014229068639220022e-01 1.926457135547693378e-01
1.500000000000000000e+00 5.000000000000000000e-01 8.397115406375392777e-01 7.782133383590885689e-01 6.149820227845070875e-02 1.960974938517618393e-01 2.723031200748080027e-01 2.313466141115355090e-01
1.750000000000000000e+00 5.000000000000000000e-01 9.102231148912889314e-01 8.174496926416950915e-01 9.277342224959383987e-02 2.250541031778944823e-01 2.969644182472784832e-01 2.510660612887770649e-01
2.000000000000000000e+00 5.000000000000000000e-01 9.195155695826078279e-01 9.216593730874760304e-01 -2.143803504868202481e-03 2.884302915215987140e-01 3.514348745968683962e-01 2.742602623069972378e-01
-2.000000000000000000e+00 7.500000000000000000e-01 8.012660136347677931e-01 6.356225294937256631e-01 1.656434841410421299e-01 1.694940047759292412e-01 2.307094430206800550e-01 2.018943743883639119e-01
-1.750000000000000000e+00 7.500000000000000000e-01 6.518292683849938873e-01 3.060980235153448192e-01 3.457312448696490681e-01 8.011455995563697419e-02 1.223742699575279674e-01 1.255260534422086294e-01
-1.500000000000000000e+00 7.500000000000000000e-01 3.731094631726718513e-01 8.935323161475479392e-02 2.837562315579170713e-01 2.682438021140658505e-02 4.506780958116964053e-02 5.998304078076590468e-02
-1.250000000000000000e+00 7.500000000000000000e-01 1.925958548600904818e-01 8.935323161475478004e-02 1.032426232453357018e-01 1.079198960746219522e-02 1.840181417872426353e-02 3.795630117067327891e-02
-1.000000000000000000e+00 7.500000000000000000e-01 2.571667828625239238e-01 0.000000000000000000e+00 2.571667828625239238e-01 5.219070841596030845e-03 9.144011918387803806e-03 2.464550106155437986e-02
-7.500000000000000000e-01 7.500000000000000000e-01 1.262375512019784651e-01 0.000000000000000000e+00 1.262375512019784651e-01 3.251981672589054906e-03 6.524416533232676660e-03 2.187748958501904706e-02
-5.000000000000000000e-01 7.500000000000000000e-01 1.829677454950890403e-01 0.000000000000000000e+00 1.829677454950890403e-01 2.590747282754238007e-03 6.727115980818616087e-03 2.836901954527957723e-02
-2.500000000000000000e-01 7.500000000000000000e-01 1.946549351856519394e-01 0.000000000000000000e+00 1.946549351856519394e-01 2.752731638049737192e-03 7.075239588739579318e-03 2.698103100662426271e-02
0.000000000000000000e+00 7.500000000000000000e-01 2.295495661296914902e-01 8.935323161475476617e-02 1.401963345149367379e-01 3.704382699170800236e-03 8.294363601808692199e-03 3.019447635503723013e-02
2.500000000000000000e-01 7.500000000000000000e-01 1.775448178311605230e-01 1.262378707044762016e-01 5.130694712668432134e-02 6.230208121755354163e-03 1.343559230982576368e-02 4.627507998663312611e-02
5.000000000000000000e-01 7.500000000000000000e-01 2.933402575496862896e-01 1.262378707044761461e-01 1.671023868452101435e-01 1.072753926562368051e-02 2.120243566862160464e-02 5.701153109987970591e-02
7.500000000000000000e-01 7.500000000000000000e-01 3.731882997157183746e-01 1.544538766104625316e-01 2.187344231052558430e-01 2.425063393367871481e-02 4.472388355491857537e-02 6.995480157106750974e-02
1.000000000000000000e+00 7.500000000000000000e-01 5.575042665023743904e-01 1.781684596105609919e-01 3.793358068918133985e-01 4.328454760007007657e-02 7.710972108670653691e-02 1.015631069351239646e-01
1.250000000000000000e+00 7.500000000000000000e-01 7.190662547147416150e-01 4.749736834815140307e-01 2.440925712332275843e-01 9.872259164578234270e-02 1.616126800770567584e-01 1.736083781412073590e-01
1.500000000000000000e+00 7.500000000000000000e-01 8.513014432764626216e-01 6.939740629158956953e-01 1.573273803605669263e-01 1.680447349216394604e-01 2.365266553043883502e-01 2.094563231007173787e-01
1.750000000000000000e+00 7.500000000000000000e-01 8.836916229576360360e-01 8.416650165000297834e-01 4.202660645760625258e-02 2.261276577981816693e-01 3.009020131587600289e-01 2.435439233504672341e-01
2.000000000000000000e+00 7.500000000000000000e-01 9.248613914685183124e-01 9.233330926594172094e-01 1.528298809101102940e-03 2.890445074964005379e-01 3.478254315524395013e-01 2.617893264700860700e-01
-2.000000000000000000e+00 1.000000000000000000e+00 7.339215486934475008e-01 4.965641952456918418e-01 2.373573534477556590e-01 1.242007817240017714e-01 1.841889580956977135e-01 1.756192885822485672e-01
-1.750000000000000000e+00 1.000000000000000000e+00 4.819634828453532305e-01 1.262378707044760628e-01 3.557256121408771676e-01 4.233699968880488135e-02 7.004966627914384347e-02 7.771533726189819302e-02
-1.500000000000000000e+00 1.000000000000000000e+00 3.690538794332370309e-01 0.000000000000000000e+00 3.690538794332370309e-01 1.539727078193863993e-02 2.968770684923132536e-02 4.799601911894670753e-02
-1.250000000000000000e+00 1.000000000000000000e+00 2.083162235546399121e-01 8.935323161475473841e-02 1.189629919398851737e-01 5.135469017911980204e-03 1.048202732223559898e-02 4.302453246932507608e-02
-1.000000000000000000e+00 1.000000000000000000e+00 1.733833011021332082e-01 0.000000000000000000e+00 1.733833011021332082e-01 2.013700386456861082e-03 4.698455844113620834e-03 1.632954822449733320e-02
-7.500000000000000000e-01 1.000000000000000000e+00 1.836239174489566195e-01 0.000000000000000000e+00 1.836239174489566195e-01 1.052876556047847856e-03 2.975057572820213273e-03 1.757843067173173179e-02
-5.000000000000000000e-01 1.000000000000000000e+00 1.222385871979854016e-01 0.000000000000000000e+00 1.222385871979854016e-01 8.614138481527229682e-04 2.087274548391171956e-03 8.676675875835565543e-03
-2.500000000000000000e-01 1.000000000000000000e+00 1.260818023950798228e-01 0.000000000000000000e+00 1.260818023950798228e-01 1.024436359406374550e-03 3.696578703875042730e-03 1.811549545490358237e-02
0.000000000000000000e+00 1.000000000000000000e+00 1.780733282765935843e-01 8.935323161475471065e-02 8.872009666183887366e-02 1.553414500941700587e-03 4.784816641591119538e-03 4.143630436862050237e-02
2.500000000000000000e-01 1.000000000000000000e+00 1.850499480175559763e-01 0.000000000000000000e+00 1.850499480175559763e-01 3.309573091707368811e-03 8.887555612160107435e-03 3.017469648500233428e-02
5.000000000000000000e-01 1.000000000000000000e+00 2.660700630069626760e-01 0.000000000000000000e+00 2.660700630069626760e-01 7.084434748915340897e-03 1.631660330363196229e-02 4.378620076722798682e-02
7.500000000000000000e-01 1.000000000000000000e+00 2.916105854362839866e-01 1.262378707044762016e-01 1.653727147318077850e-01 1.568828490015938132e-02 2.999743229690628871e-02 5.237421593815703991e-02
1.000000000000000000e+00 1.000000000000000000e+00 4.220697140566619932e-01 1.262378707044762016e-01 2.958318433521858193e-01 3.922204030213198578e-02 6.667962741863926734e-02 7.699807255068202849e-02
1.250000000000000000e+00 1.000000000000000000e+00 6.583445557265722448e-01 3.182703253525234754e-01 3.400742303740487693e-01 8.565998967546818721e-02 1.340403897075514161e-01 1.399619097402771406e-01
1.500000000000000000e+00 1.000000000000000000e+00 7.853942339907890036e-01 6.257795138864776785e-01 1.596147201043113251e-01 1.504202967235069577e-01 2.167754017758984075e-01 1.965063227583510874e-01
1.750000000000000000e+00 1.000000000000000000e+00 8.792148008216714716e-01 8.284926070883211757e-01 5.072219373335029591e-02 2.209011804679470448e-01 2.965056769021017780e-01 2.447458511022518879e-01
2.000000000000000000e+00 1.000000000000000000e+00 9.030215537301172768e-01 9.147589846511491318e-01 -1.173743092103185504e-02 2.750657248544215450e-01 3.443833282864685597e-01 2.630854390975752022e-01
-2.000000000000000000e+00 1.250000000000000000e+00 7.241727920170039079e-01 4.895058733049089117e-01 2.346669187120949962e-01 1.163181608241618814e-01 1.759727392935046819e-01 1.695388618879268561e-01
-1.750000000000000000e+00 1.250000000000000000e+00 4.162506524957879650e-01 1.262378707044762571e-01 2.900127817913117356e-01 3.547987177317742796e-02 6.675464238032956243e-02 8.901612567743386051e-02
-1.500000000000000000e+00 1.250000000000000000e+00 3.406144465333827975e-01 8.935323161475473841e-02 2.512612149186280730e-01 1.011593311725422772e-02 2.325215593063119368e-02 4.986950721638882394e-02
-1.250000000000000000e+00 1.250000000000000000e+00 1.482210274850706277e-01 0.000000000000000000e+00 1.482210274850706277e-01 3.024611758214184546e-03 6.591678803900641488e-03 1.495739955926412776e-02
-1.000000000000000000e+00 1.250000000000000000e+00 1.261520694080031646e-01 0.000000000000000000e+00 1.261520694080031646e-01 1.199199776664797764e-03 2.586694179377068380e-03 5.423810573765076512e-03
-7.500000000000000000e-01 1.250000000000000000e+00 8.692491857118514319e-09 0.000000000000000000e+00 8.692491857118514319e-09 6.800019038054529608e-04 2.779976596509712260e-03 1.529580332900883945e-02
-5.000000000000000000e-01 1.250000000000000000e+00 1.242643403140555741e-01 0.000000000000000000e+00 1.242643403140555741e-01 4.995463828156571215e-04 1.983311665929920337e-03 1.721429666854702376e-02
-2.500000000000000000e-01 1.250000000000000000e+00 1.046399650041058070e-06 0.000000000000000000e+00 1.046399650041058070e-06 5.965221427463436544e-04 1.999435103475520181e-03 9.101696834836671413e-03
0.000000000000000000e+00 1.250000000000000000e+00 8.897231993014119433e-02 0.000000000000000000e+00 8.897231993014119433e-02 9.012414087217419977e-04 1.999259212237026757e-03 6.538715488064832104e-03
2.500000000000000000e-01 1.250000000000000000e+00 1.262057086251995308e-01 0.000000000000000000e+00 1.262057086251995308e-01 1.905152129851101894e-03 5.318105618270690775e-03 2.388355187752974965e-02
5.000000000000000000e-01 1.250000000000000000e+00 1.737582173645587091e-01 0.000000000000000000e+00 1.737582173645587091e-01 5.339533567901989797e-03 1.125355768423834391e-02 2.807720983194153183e-02
7.500000000000000000e-01 1.250000000000000000e+00 2.939314943963635685e-01 1.262378707044762294e-01 1.676936236918873391e-01 1.422509319896802550e-02 2.918776282472206746e-02 5.717177280857872052e-02
1.000000000000000000e+00 1.250000000000000000e+00 4.387573586426431471e-01 2.177705214210588769e-01 2.209868372215842702e-01 4.108341972472237535e-02 7.506101370732433387e-02 9.634412620810958727e-02
1.250000000000000000e+00 1.250000000000000000e+00 6.572348641756003973e-01 3.919183588453078460e-01 2.653165053302925513e-01 9.001312228349801770e-02 1.476686568307450653e-01 1.615444139509463473e-01
1.500000000000000000e+00 1.250000000000000000e+00 7.480111700393660135e-01 6.897999710060889189e-01 5.821119903327709455e-02 1.629466581378970769e-01 2.362836021191825064e-01 2.156645457103213703e-01
1.750000000000000000e+00 1.250000000000000000e+00 8.960905817763656911e-01 8.683225207260254486e-01 2.776806105034024252e-02 2.602493034807658590e-01 3.221964606938990117e-01 2.498877622160957379e-01
2.000000000000000000e+00 1.250000000000000000e+00 9.187926922905248484e-01 9.147589846511487988e-01 4.033707639376049592e-03 3.337873737851828060e-01 3.776888588185559059e-01 2.661906286848803038e-01
-2.000000000000000000e+00 1.500000000000000000e+00 7.531402135686962040e-01 4.965641952456925634e-01 2.565760183230036406e-01 1.252993028058154990e-01 1.843471849737944590e-01 1.752000163785119302e-01
-1.750000000000000000e+00 1.500000000000000000e+00 5.221615976329798681e-01 1.989974874213230882e-01 3.231641102116568076e-01 3.782097069157237812e-02 7.190782060392755803e-02 9.355335380350379704e-02
-1.500000000000000000e+00 1.500000000000000000e+00 3.058604609030027288e-01 0.000000000000000000e+00 3.058604609030027288e-01 9.686810335747400927e-03 2.153549103447690086e-02 3.845684680520746607e-02
-1.250000000000000000e+00 1.500000000000000000e+00 1.138967067714418691e-01 0.000000000000000000e+00 1.138967067714418691e-01 2.899962686440185362e-03 7.020833924659581303e-03 1.410487978469818562e-02
-1.000000000000000000e+00 1.500000000000000000e+00 1.258682201945162116e-01 0.000000000000000000e+00 1.258682201945162116e-01 1.163794293842682721e-03 4.637560052414415462e-03 2.380619364616446201e-02
-7.500000000000000000e-01 1.500000000000000000e+00 8.930860299290263593e-02 0.000000000000000000e+00 8.930860299290263593e-02 5.622603975578019733e-04 2.154659489461410379e-03 1.140728271500293309e-02
-5.000000000000000000e-01 1.500000000000000000e+00 8.900462763958555401e-02 0.000000000000000000e+00 8.900462763958555401e-02 4.149398570444127262e-04 2.222645910373406523e-03 1.456818809623121845e-02
-2.500000000000000000e-01 1.500000000000000000e+00 2.857386344351169061e-02 0.000000000000000000e+00 2.857386344351169061e-02 4.250551766760606379e-04 1.968673536741171685e-03 1.229795737479462067e-02
0.000000000000000000e+00 1.500000000000000000e+00 1.367499860318262539e-01 0.000000000000000000e+00 1.367499860318262539e-01 8.270280094779097193e-04 3.438246843284864518e-03 2.322942425660403862e-02
2.500000000000000000e-01 1.500000000000000000e+00 1.474105464386349651e-01 8.935323161475471065e-02 5.805731482388025444e-02 1.893446143539021399e-03 6.084503425899987807e-03 3.109043704964583807e-02
5.000000000000000000e-01 1.500000000000000000e+00 1.835638019152841249e-01 0.000000000000000000e+00 1.835638019152841249e-01 4.820993350525862656e-03 1.006770565915668554e-02 1.941349114142760027e-02
7.500000000000000000e-01 1.500000000000000000e+00 3.270898110396678882e-01 1.989974874213245315e-01 1.280923236183433567e-01 1.496978046213142191e-02 3.322517053499524087e-02 7.245280299014972281e-02
1.000000000000000000e+00 1.500000000000000000e+00 4.585182496708787858e-01 1.781684596105609919e-01 2.803497900603177939e-01 3.426133217554960808e-02 6.498256071740017570e-02 8.809190122431856396e-02
1.250000000000000000e+00 1.500000000000000000e+00 6.615187670741384807e-01 4.011782646156195620e-01 2.603405024585189187e-01 9.179684327729994986e-02 1.446472542658782112e-01 1.466486121420549904e-01
1.500000000000000000e+00 1.500000000000000000e+00 8.171559283086745618e-01 6.452162428209654577e-01 1.719396854877091041e-01 1.753479842147590562e-01 2.419293008003648437e-01 2.134623035009274306e-01
1.750000000000000000e+00 1.500000000000000000e+00 9.253996332996323737e-01 9.111838453352893996e-01 1.421578796434297409e-02 2.739424698859911356e-01 3.406720796876611668e-01 2.620279885388854813e-01
2.000000000000000000e+00 1.500000000000000000e+00 9.392326227999077126e-01 9.282327294380444682e-01 1.099989336186324440e-02 3.134587115644478783e-01 3.671219686703471874e-01 2.618019952731412414e-01
-2.000000000000000000e+00 1.750000000000000000e+00 8.188316464041747178e-01 6.052966215005687323e-01 2.135350249036059855e-01 1.497462260045512028e-01 2.214011300122188941e-01 2.017272917637784879e-01
-1.750000000000000000e+00 1.750000000000000000e+00 5.334015488022039175e-01 2.800000000000001932e-01 2.534015488022037244e-01 4.872524502181398154e-02 8.782715016658182439e-02 1.197960288515938082e-01
-1.500000000000000000e+00 1.750000000000000000e+00 2.937907163831996460e-01 8.935323161475476617e-02 2.044374847684448659e-01 1.288760541848703658e-02 2.953789799673873714e-02 5.536756106907570613e-02
-1.250000000000000000e+00 1.750000000000000000e+00 1.350377161635900325e-01 0.000000000000000000e+00 1.350377161635900325e-01 3.384728524675316257e-03 8.975438671291769213e-03 2.540054816500319362e-02
-1.000000000000000000e+00 1.750000000000000000e+00 1.542113151265119830e-01 0.000000000000000000e+00 1.542113151265119830e-01 1.362491587208638014e-03 4.571392409734844654e-03 1.527985084435685113e-02
-7.500000000000000000e-01 1.750000000000000000e+00 1.264308278317018142e-01 0.000000000000000000e+00 1.264308278317018142e-01 6.074614202707740232e-04 3.414391553852210315e-03 2.662868619033956566e-02
-5.000000000000000000e-01 1.750000000000000000e+00 9.910481588444527116e-08 0.000000000000000000e+00 9.910481588444527116e-08 4.015181660471413825e-04 1.750637292197789819e-03 1.096779153643931415e-02
-2.500000000000000000e-01 1.750000000000000000e+00 8.939875632437224717e-02 8.935323161475473841e-02 4.552470961750876288e-05 4.666926904619665695e-04 3.197810624255556251e-03 3.923107559752077311e-02
0.000000000000000000e+00 1.750000000000000000e+00 8.297632985648764614e-02 0.000000000000000000e+00 8.297632985648764614e-02 7.714151109657782458e-04 3.032310846613791092e-03 1.614288923758619432e-02
2.500000000000000000e-01 1.750000000000000000e+00 1.262377884133128736e-01 0.000000000000000000e+00 1.262377884133128736e-01 1.776504613415195305e-03 3.999072219737770731e-03 8.821205161568285158e-03
5.000000000000000000e-01 1.750000000000000000e+00 1.784985213864420384e-01 0.000000000000000000e+00 1.784985213864420384e-01 4.417165377214121724e-03 1.059036216801656320e-02 3.056066567723223285e-02
7.500000000000000000e-01 1.750000000000000000e+00 3.466546110529242219e-01 1.262378707044762016e-01 2.204167403484480203e-01 1.444453399599184874e-02 3.132647090405966950e-02 5.901353409518281939e-02
1.000000000000000000e+00 1.750000000000000000e+00 5.138891629797137650e-01 1.781684596105610752e-01 3.357207033691527176e-01 4.057795219075462090e-02 7.930263705342197045e-02 1.000133479636874934e-01
1.250000000000000000e+00 1.750000000000000000e+00 6.818458603939078211e-01 4.823111029200988220e-01 1.995347574738089991e-01 9.630389871573050153e-02 1.557349397422046755e-01 1.615160033126615546e-01
1.500000000000000000e+00 1.750000000000000000e+00 8.391042029451853956e-01 7.749683864519897325e-01 6.413581649319566313e-02 1.901272241146085840e-01 2.641875380424299480e-01 2.288478254052985772e-01
1.750000000000000000e+00 1.750000000000000000e+00 9.249300294019631163e-01 8.772684879784516943e-01 4.766154142351142209e-02 2.724688989897447455e-01 3.325823047583166270e-01 2.507246912937640682e-01
2.000000000000000000e+00 1.750000000000000000e+00 9.279166023232138238e-01 9.329523031752517959e-01 -5.035700852037972020e-03 3.338579008705981344e-01 3.766860747275845300e-01 2.632543051655416577e-01
-2.000000000000000000e+00 2.000000000000000000e+00 8.366380688095450546e-01 7.101999718389164773e-01 1.264380969706285773e-01 1.820521530921386244e-01 2.526540591480490039e-01 2.251433162038107560e-01
-1.750000000000000000e+00 2.000000000000000000e+00 5.961753856112266270e-01 3.060980235153453188e-01 2.900773620958813082e-01 6.517706300923482854e-02 1.176421418826030380e-01 1.378549368269497422e-01
-1.500000000000000000e+00 2.000000000000000000e+00 4.238734522755000511e-01 8.935323161475478004e-02 3.345202206607452711e-01 1.942841113190020563e-02 4.004071103177548469e-02 6.266922599589354326e-02
-1.250000000000000000e+00 2.000000000000000000e+00 2.899853961894600651e-01 8.935323161475478004e-02 2.006321645747052851e-01 5.439648638136356310e-03 1.571766577490738698e-02 4.356491596097892410e-02
-1.000000000000000000e+00 2.000000000000000000e+00 9.031207748297381821e-02 0.000000000000000000e+00 9.031207748297381821e-02 1.634309062803012596e-03 5.408677762266079873e-03 1.658113557734443994e-02
-7.500000000000000000e-01 2.000000000000000000e+00 1.600934846683832180e-01 0.000000000000000000e+00 1.600934846683832180e-01 7.786865992277232189e-04 2.675150350238285259e-03 7.379357473393114222e-03
-5.000000000000000000e-01 2.000000000000000000e+00 4.278464434397138863e-04 0.000000000000000000e+00 4.278464434397138863e-04 5.755297259942099243e-04 2.088047196457914166e-03 6.785513928745858826e-03
-2.500000000000000000e-01 2.000000000000000000e+00 3.508467694967614303e-05 0.000000000000000000e+00 3.508467694967614303e-05 6.151664490491511603e-04 3.265911264407317036e-03 1.985421942898566230e-02
0.000000000000000000e+00 2.000000000000000000e+00 1.157781553518370532e-01 0.000000000000000000e+00 1.157781553518370532e-01 8.729549720093646029e-04 2.447736336573403965e-03 5.769339067564464504e-03
2.500000000000000000e-01 2.000000000000000000e+00 1.508352588813974826e-01 0.000000000000000000e+00 1.508352588813974826e-01 1.869990235125756515e-03 6.387450673868435257e-03 2.878515494225135016e-02
5.000000000000000000e-01 2.000000000000000000e+00 2.187403355784918735e-01 0.000000000000000000e+00 2.187403355784918735e-01 4.875696729882407661e-03 1.238621542061644522e-02 3.016074488899555053e-02
7.500000000000000000e-01 2.000000000000000000e+00 3.322608656426573326e-01 8.935323161475473841e-02 2.429076340279026081e-01 1.465560582786917983e-02 3.373983010076092581e-02 5.858403058803222235e-02
1.000000000000000000e+00 2.000000000000000000e+00 5.150867847441045200e-01 1.781684596105609641e-01 3.369183251335435836e-01 3.750104542167469884e-02 7.502526900721369352e-02 9.777032069154990845e-02
1.250000000000000000e+00 2.000000000000000000e+00 7.087062419380147915e-01 4.598434516223978141e-01 2.488627903156169774e-01 8.746168468171701404e-02 1.470833387721678376e-01 1.675492959059249609e-01
1.500000000000000000e+00 2.000000000000000000e+00 7.794676044953535721e-01 7.294820080029372766e-01 4.998559649241629543e-02 1.842630811247832068e-01 2.527292640262994161e-01 2.226836182790830898e-01
1.750000000000000000e+00 2.000000000000000000e+00 9.198970125082758242e-01 8.879189152169251198e-01 3.197809729135070445e-02 2.754959331771671960e-01 3.388499303221033654e-01 2.565243405765100793e-01
2.000000000000000000e+00 2.000000000000000000e+00 9.450092778529816107e-01 9.432793859721487761e-01 1.729891880832834516e-03 3.545881811748781143e-01 3.923763337424395203e-01 2.623918452981809923e-01
-2.000000000000000000e+00 2.250000000000000000e+00 8.491467927893979750e-01 7.683749084919430095e-01 8.077188429745496556e-02 2.020221935142570979e-01 2.696666290867873461e-01 2.279179161518213592e-01
-1.750000000000000000e+00 2.250000000000000000e+00 6.657952669930388145e-01 4.440540507640954870e-01 2.217412162289433275e-01 8.658065426770845951e-02 1.482225409270800098e-01 1.661669550468742873e-01
-1.500000000000000000e+00 2.250000000000000000e+00 4.024699589938808275e-01 0.000000000000000000e+00 4.024699589938808275e-01 2.486629799292652820e-02 5.221481494199998324e-02 7.264697791312059449e-02
-1.250000000000000000e+00 2.250000000000000000e+00 2.663205079863563696e-01 8.935323161475473841e-02 1.769672763716016450e-01 7.594355966034970450e-03 2.084489560208846459e-02 4.615445979179015612e-02
-1.000000000000000000e+00 2.250000000000000000e+00 2.403182712532127008e-01 8.935323161475473841e-02 1.509650396384579762e-01 3.081254050618965033e-03 1.066776100071155364e-02 4.008356529514917749e-02
-7.500000000000000000e-01 2.250000000000000000e+00 1.544358061698539175e-01 8.935323161475475229e-02 6.508257455509916523e-02 1.262102846177250636e-03 5.337617435587326854e-03 4.043912690591091458e-02
-5.000000000000000000e-01 2.250000000000000000e+00 1.026544796868315984e-01 0.000000000000000000e+00 1.026544796868315984e-01 8.672648287448109184e-04 4.727416481542638139e-03 2.385896984568048468e-02
-2.500000000000000000e-01 2.250000000000000000e+00 8.905385566067584857e-02 0.000000000000000000e+00 8.905385566067584857e-02 7.691488269541828541e-04 4.981659975631668597e-03 3.084217990615187310e-02
0.000000000000000000e+00 2.250000000000000000e+00 1.097890131757422172e-01 8.935323161475476617e-02 2.043578156098745102e-02 1.146408800244662221e-03 6.582611166335802268e-03 3.342724981248630656e-02
2.500000000000000000e-01 2.250000000000000000e+00 9.181604725940685496e-02 0.000000000000000000e+00 9.181604725940685496e-02 2.411631568879246245e-03 7.971286309515917406e-03 1.922306420117079334e-02
5.000000000000000000e-01 2.250000000000000000e+00 2.435864105794523227e-01 1.262378707044760351e-01 1.173485398749762876e-01 5.831242391205446879e-03 1.921541590348580658e-02 5.873940357143600521e-02
7.500000000000000000e-01 2.250000000000000000e+00 3.925922366493436733e-01 0.000000000000000000e+00 3.925922366493436733e-01 1.436887605217657994e-02 3.313598328428561668e-02 5.609834186861796523e-02
1.000000000000000000e+00 2.250000000000000000e+00 5.585161526236560592e-01 2.509501942617306525e-01 3.075659583619254067e-01 3.589049728793326094e-02 7.389919017488531805e-02 1.095027719309845798e-01
1.250000000000000000e+00 2.250000000000000000e+00 7.674176006786811444e-01 5.235417843878386046e-01 2.438758162908425398e-01 1.005908933399612820e-01 1.671970720370047070e-01 1.789495462160213268e-01
1.500000000000000000e+00 2.250000000000000000e+00 8.217684487309384611e-01 6.769815359372781671e-01 1.447869127936602940e-01 1.599003880518371223e-01 2.354895306462139737e-01 2.212434279197420250e-01
1.750000000000000000e+00 2.250000000000000000e+00 9.198591832851406025e-01 8.794452797076146577e-01 4.041390357752594475e-02 2.737006145511332589e-01 3.323071460910582697e-01 2.476905568066513352e-01
2.000000000000000000e+00 2.250000000000000000e+00 9.335007226536342628e-01 9.576304088739019393e-01 -2.412968622026767651e-02 3.615759384610661153e-01 4.038212136680613962e-01 2.746783643016727505e-01
-2.000000000000000000e+00 2.500000000000000000e+00 8.950681805358330356e-01 8.492443700137183304e-01 4.582381052211470518e-02 2.425328336704532795e-01 3.089437792551643636e-01 2.503710081334439841e-01
-1.750000000000000000e+00 2.500000000000000000e+00 7.249171150412184739e-01 4.823111029200986555e-01 2.426060121211198184e-01 1.041480592327520549e-01 1.685504402571600946e-01 1.818419165358175216e-01
-1.500000000000000000e+00 2.500000000000000000e+00 5.389347810129977434e-01 2.509501942617312631e-01 2.879845867512664803e-01 4.015479915164475028e-02 8.168441077742651102e-02 1.169343217605107316e-01
-1.250000000000000000e+00 2.500000000000000000e+00 2.716842844186382888e-01 1.262378707044762016e-01 1.454464137141620872e-01 1.480876913443883273e-02 3.627312708660483664e-02 6.669305953882194438e-02
-1.000000000000000000e+00 2.500000000000000000e+00 2.135532072054211195e-01 8.935323161475471065e-02 1.241999755906664088e-01 4.597196257045533738e-03 1.300231994008675847e-02 3.678793701067157446e-02
-7.500000000000000000e-01 2.500000000000000000e+00 1.736386905483235932e-01 8.935323161475475229e-02 8.428545893356884089e-02 2.316343559197594267e-03 9.001475057952984526e-03 3.367439801148412737e-02
-5.000000000000000000e-01 2.500000000000000000e+00 2.088757678135112761e-01 0.000000000000000000e+00 2.088757678135112761e-01 1.273679925423520801e-03 7.648668575791946200e-03 3.204317310436444882e-02
-2.500000000000000000e-01 2.500000000000000000e+00 9.275457061044391216e-02 0.000000000000000000e+00 9.275457061044391216e-02 1.285406423530694679e-03 4.642705338165817840e-03 1.431256659152011640e-02
0.000000000000000000e+00 2.500000000000000000e+00 1.744001652193937213e-01 1.262378707044762016e-01 4.816229451491751967e-02 1.585978720321401308e-03 7.449254996337380426e-03 3.852057407861758653e-02
2.500000000000000000e-01 2.500000000000000000e+00 2.069387095596661730e-01 8.935323161475471065e-02 1.175854779449114623e-01 2.611937762593739398e-03 9.203026638718758007e-03 4.409237081479567416e-02
5.000000000000000000e-01 2.500000000000000000e+00 2.985087763004327654e-01 1.262378707044761739e-01 1.722709055959565916e-01 6.889705791954216056e-03 2.007734990549978407e-02 5.355084906574533038e-02
7.500000000000000000e-01 2.500000000000000000e+00 3.449284077824747441e-01 1.544538766104635030e-01 1.904745311720112411e-01 1.478293371874995869e-02 4.008818334964609625e-02 8.510838237764883907e-02
1.000000000000000000e+00 2.500000000000000000e+00 5.556770711079547231e-01 3.182703253525228648e-01 2.374067457554318583e-01 4.126137943143642905e-02 8.584874752462394454e-02 1.172570686254230388e-01
1.250000000000000000e+00 2.500000000000000000e+00 6.794023989351906101e-01 4.598434516223982582e-01 2.195589473127923519e-01 8.798421155455958542e-02 1.506831821938971472e-01 1.671193449471138071e-01
1.500000000000000000e+00 2.500000000000000000e+00 7.858462771858373275e-01 6.636987268331904222e-01 1.221475503526469053e-01 1.535490976033920263e-01 2.317656515160206321e-01 2.152078279845700826e-01
1.750000000000000000e+00 2.500000000000000000e+00 8.930552994436286030e-01 8.940335564172069427e-01 -9.782569735783397391e-04 2.777139412137981100e-01 3.403856900354495507e-01 2.550538527925662047e-01
2.000000000000000000e+00 2.500000000000000000e+00 9.502289859353084678e-01 9.551879396223549312e-01 -4.958953687046463443e-03 3.607710579316865673e-01 4.006525614762730392e-01 2.732074921982540761e-01
-2.000000000000000000e+00 2.750000000000000000e+00 9.116656012208608217e-01 8.541662601625015228e-01 5.749934105835929898e-02 2.742212798083689673e-01 3.329610586245485560e-01 2.509842097381970727e-01
-1.750000000000000000e+00 2.750000000000000000e+00 7.534790650874189089e-01 5.999999999999993117e-01 1.534790650874195972e-01 1.351349043182869802e-01 2.061622012568989082e-01 1.953636111355419591e-01
-1.500000000000000000e+00 2.750000000000000000e+00 5.744196630761548850e-01 3.823924685450789673e-01 1.920271945310759176e-01 6.347883913792440325e-02 1.208783307368277854e-01 1.451684525033300477e-01
-1.250000000000000000e+00 2.750000000000000000e+00 4.338790795693525104e-01 2.349808502835915858e-01 1.988982292857609246e-01 2.038302964504554865e-02 5.079804238465823046e-02 9.352494562464570838e-02
-1.000000000000000000e+00 2.750000000000000000e+00 3.073168632314968729e-01 8.935323161475473841e-02 2.179636316167421484e-01 8.181097695393966390e-03 2.402858735755234246e-02 5.148999866590191904e-02
-7.500000000000000000e-01 2.750000000000000000e+00 2.663949960294966224e-01 1.262378707044762016e-01 1.401571253250204208e-01 4.277456231931160702e-03 1.565639537636724990e-02 5.179033710245670163e-02
-5.000000000000000000e-01 2.750000000000000000e+00 1.262412349817467749e-01 8.935323161475473841e-02 3.688800336699203652e-02 2.480938643251983169e-03 1.050390426886179361e-02 4.295512802026493770e-02
-2.500000000000000000e-01 2.750000000000000000e+00 1.945930439483662955e-01 1.262378707044762016e-01 6.835517324389009386e-02 2.433713255255066325e-03 1.253647526532448986e-02 5.545742996979614869e-02
0.000000000000000000e+00 2.750000000000000000e+00 2.012565696802685322e-01 1.262378707044761184e-01 7.501869897579241386e-02 2.737460956941052161e-03 1.136304264166130770e-02 4.297656426349530379e-02
2.500000000000000000e-01 2.750000000000000000e+00 2.348105650229928010e-01 8.935323161475478004e-02 1.454573334082380209e-01 4.356751382419092773e-03 1.663727817303042866e-02 4.617636963379685017e-02
5.000000000000000000e-01 2.750000000000000000e+00 2.684644555754400752e-01 8.935323161475476617e-02 1.791112239606852952e-01 7.677196344714087850e-03 1.982416154177281398e-02 4.276159715969541503e-02
7.500000000000000000e-01 2.750000000000000000e+00 3.655396514805192010e-01 1.544538766104623928e-01 2.110857748700568082e-01 1.712106154931858013e-02 4.255447239512915453e-02 7.507535205789832300e-02
1.000000000000000000e+00 2.750000000000000000e+00 5.326238643927185823e-01 2.933666647729433197e-01 2.392571996197752626e-01 3.939285687768728783e-02 8.431531405210571095e-02 1.276662952615802982e-01
1.250000000000000000e+00 2.750000000000000000e+00 7.204189585209861413e-01 5.363431737236914465e-01 1.840757847972946948e-01 9.273413058693308342e-02 1.670211790535927054e-01 1.908791606193938895e-01
1.500000000000000000e+00 2.750000000000000000e+00 8.217045837926014729e-01 7.369016216565117405e-01 8.480296213608973233e-02 1.723516999031595442e-01 2.498031159482330121e-01 2.221901562965106491e-01
1.750000000000000000e+00 2.750000000000000000e+00 9.130302662169520467e-01 8.879189152169250088e-01 2.511135100002703791e-02 2.788403443054685571e-01 3.397871222133920233e-01 2.565663436683020548e-01
2.000000000000000000e+00 2.750000000000000000e+00 9.293429701949343924e-01 9.460570807303310126e-01 -1.671411053539662017e-02 3.395896327345312438e-01 3.891283304015707989e-01 2.669482327200334848e-01
-2.000000000000000000e+00 3.000000000000000000e+00 9.167173241053695465e-01 9.165151389911707636e-01 2.021851141987829337e-04 2.979367528622933747e-01 3.536526159166752947e-01 2.510951626883727306e-01
-1.750000000000000000e+00 3.000000000000000000e+00 8.104767996836439448e-01 6.769815359372781671e-01 1.334952637463657776e-01 1.662130065646972299e-01 2.378322753479999163e-01 2.200703597005431444e-01
-1.500000000000000000e+00 3.000000000000000000e+00 7.017677546943050793e-01 4.520353968440956605e-01 2.497323578502094188e-01 8.448162541755714627e-02 1.496099331063611981e-01 1.666524805260032882e-01
-1.250000000000000000e+00 3.000000000000000000e+00 4.996916999744636656e-01 2.800000000000001932e-01 2.196916999744634724e-01 3.888106409871432134e-02 8.431706588550519355e-02 1.201279033032023325e-01
-1.000000000000000000e+00 3.000000000000000000e+00 3.380842707291732419e-01 1.544538766104633087e-01 1.836303941187099331e-01 1.712198685209538954e-02 4.161188371476758074e-02 7.531447980622960059e-02
-7.500000000000000000e-01 3.000000000000000000e+00 2.420604327009508450e-01 8.935323161475478004e-02 1.527072010861960649e-01 7.204597244981772799e-03 1.933659687575924394e-02 4.428387193917027176e-02
-5.000000000000000000e-01 3.000000000000000000e+00 3.253730954795087116e-01 1.781684596105610474e-01 1.472046358689476642e-01 5.479127480587192740e-03 2.346633153864084026e-02 7.699567386045153006e-02
-2.500000000000000000e-01 3.000000000000000000e+00 2.386770920995189282e-01 0.000000000000000000e+00 2.386770920995189282e-01 4.798202320902885537e-03 1.672902761230934954e-02 4.521897174309381234e-02
0.000000000000000000e+00 3.000000000000000000e+00 2.732558771009315768e-01 8.935323161475475229e-02 1.839026454861768245e-01 4.805020094861954354e-03 1.806146955692106842e-02 4.824455009703242092e-02
2.500000000000000000e-01 3.000000000000000000e+00 3.164376669603424230e-01 1.989974874213236988e-01 1.174401795390187242e-01 7.304561665853481940e-03 2.692124838585935320e-02 8.422574012993638837e-02
5.000000000000000000e-01 3.000000000000000000e+00 3.781326696723518732e-01 2.800000000000004707e-01 9.813266967235140248e-02 1.114260599056737626e-02 3.960722996991714734e-02 9.722232248450229930e-02
7.500000000000000000e-01 3.000000000000000000e+00 4.543306965489595783e-01 1.989974874213242817e-01 2.553332091276352966e-01 2.378747618876671591e-02 5.594043354491588793e-02 8.971718277897733351e-02
1.000000000000000000e+00 3.000000000000000000e+00 6.265424167156390389e-01 3.624582734605462098e-01 2.640841432550928292e-01 5.353635757091300407e-02 1.083676871872388814e-01 1.444235604561946718e-01
1.250000000000000000e+00 3.000000000000000000e+00 7.345978924977629720e-01 5.363431737236922237e-01 1.982547187740707484e-01 9.356661291851874063e-02 1.643138820706283310e-01 1.819875255719680673e-01
1.500000000000000000e+00 3.000000000000000000e+00 8.459205697840156413e-01 7.332121111929307267e-01 1.127084585910849146e-01 1.674334505427018394e-01 2.481926509803190906e-01 2.308127071766505889e-01
1.750000000000000000e+00 3.000000000000000000e+00 8.839149143768100236e-01 8.960267853139236571e-01 -1.211187093711363350e-02 2.765822691926502763e-01 3.428632275260193318e-01 2.674345315909558707e-01
2.000000000000000000e+00 3.000000000000000000e+00 9.273478749768488960e-01 9.551879396223549312e-01 -2.784006464550603521e-02 3.444391216303420156e-01 3.911609975804073436e-01 2.648336261968327610e-01
