# position velocity action_std action_loc_std action_std_diff action_mean_p_0 action_p_0_mean action_p_0_std
-2.000000000000000000e+00 -3.000000000000000000e+00 9.702092399251455168e-01 9.917741678426553742e-01 -2.156492791750985738e-02 5.301694772814603551e-01 5.255487448154910757e-01 2.692375320792621540e-01
-1.750000000000000000e+00 -3.000000000000000000e+00 9.621541952747955095e-01 9.797958971132678663e-01 -1.764170183847235673e-02 5.874398370589091201e-01 5.653058404448937369e-01 2.725849669159226552e-01
-1.500000000000000000e+00 -3.000000000000000000e+00 9.605557020815079783e-01 9.564183185196717396e-01 4.137383561836238677e-03 6.311997749326094809e-01 5.920883230577631551e-01 2.787173896830100750e-01
-1.250000000000000000e+00 -3.000000000000000000e+00 9.063012693792985575e-01 8.794452797076155459e-01 2.685598967168301154e-02 7.235585410068590129e-01 6.623233040542737537e-01 2.538781312064868900e-01
-1.000000000000000000e+00 -3.000000000000000000e+00 8.766957074852197440e-01 8.492443700137187745e-01 2.745133747150096948e-02 7.641972517475651427e-01 6.892654224352757764e-01 2.539954792070300837e-01
-7.500000000000000000e-01 -3.000000000000000000e+00 8.396338080641398971e-01 7.405511461067363355e-01 9.908266195740356164e-02 8.190036381730249060e-01 7.377783623224457576e-01 2.418930954669334943e-01
-5.000000000000000000e-01 -3.000000000000000000e+00 7.892860610847939329e-01 6.591631057636667679e-01 1.301229553211271650e-01 8.377391786581369626e-01 7.681544322830372584e-01 2.112628203138447458e-01
-2.500000000000000000e-01 -3.000000000000000000e+00 7.793280562548110524e-01 6.105210889068422020e-01 1.688069673479688504e-01 8.648421675181777735e-01 7.914483180193448986e-01 2.037811811112439364e-01
0.000000000000000000e+00 -3.000000000000000000e+00 8.051060905973772552e-01 7.062124326291602250e-01 9.889365796821703025e-02 8.358512376368314456e-01 7.682493683500657422e-01 2.128784713330033052e-01
2.500000000000000000e-01 -3.000000000000000000e+00 8.295953731994515357e-01 7.141428428542861973e-01 1.154525303451653384e-01 8.083862240143715461e-01 7.385907773924610398e-01 2.183836501657106799e-01
5.000000000000000000e-01 -3.000000000000000000e+00 8.736099240585827319e-01 7.814243405474389226e-01 9.218558351114380933e-02 7.833883996941363170e-01 7.216833759054059882e-01 2.272877903503185137e-01
7.500000000000000000e-01 -3.000000000000000000e+00 9.082334354930911013e-01 8.815985480931762819e-01 2.663488739991481946e-02 7.171391758665591754e-01 6.625983337151107877e-01 2.556318964242715874e-01
1.000000000000000000e+00 -3.000000000000000000e+00 9.387807385857762643e-01 9.513863568498318601e-01 -1.260561826405559582e-02 6.432315189862217730e-01 6.074819587218143191e-01 2.540266198077535398e-01
1.250000000000000000e+00 -3.000000000000000000e+00 9.567957497329856453e-01 9.922822179198832471e-01 -3.548646818689760174e-02 5.592804034009885017e-01 5.418597552583781507e-01 2.574872204837175826e-01
1.500000000000000000e+00 -3.000000000000000000e+00 9.670257611136269249e-01 9.999279974078089106e-01 -3.290223629418198570e-02 4.887550119241372837e-01 4.930288051713239694e-01 2.689848860041226253e-01
1.750000000000000000e+00 -3.000000000000000000e+00 9.661268231824390318e-01 9.971078176406003024e-01 -3.098099445816127062e-02 4.641730393828142343e-01 4.766475293143321301e-01 2.654178903940682677e-01
2.000000000000000000e+00 -3.000000000000000000e+00 9.444480007847252390e-01 9.922822179198831360e-01 -4.783421713515789708e-02 4.347531809951007409e-01 4.556452706514405038e-01 2.719129427706663549e-01
-2.000000000000000000e+00 -2.750000000000000000e+00 9.630654594534007185e-01 9.922822179198833581e-01 -2.921675846648263963e-02 5.669425350939030217e-01 5.493589655513684278e-01 2.701558610685967921e-01
-1.750000000000000000e+00 -2.750000000000000000e+00 9.429467178069916855e-01 9.599999999999984102e-01 -1.705328219300672465e-02 6.415465073094118731e-01 6.000492519437164995e-01 2.783208578769200692e-01
-1.500000000000000000e+00 -2.750000000000000000e+00 9.396652258614808240e-01 9.500821017154231773e-01 -1.041687585394235338e-02 6.919630189869837578e-01 6.301423682195453901e-01 2.844011568279679603e-01
-1.250000000000000000e+00 -2.750000000000000000e+00 8.964739010684678044e-01 8.284926070883212867e-01 6.798129398014651770e-02 7.749615542528912604e-01 6.986805585035521515e-01 2.657386614195149654e-01
-1.000000000000000000e+00 -2.750000000000000000e+00 8.075694866455241927e-01 7.405511461067358914e-01 6.701834053878830133e-02 8.384768046401225305e-01 7.527178771882790942e-01 2.477035790944847882e-01
-7.500000000000000000e-01 -2.750000000000000000e+00 8.056798868532973890e-01 6.499230723708772084e-01 1.557568144824201806e-01 8.814171400276705759e-01 7.994582320702748879e-01 2.259193917399248963e-01
-5.000000000000000000e-01 -2.750000000000000000e+00 7.862047707385161344e-01 6.452162428209646805e-01 1.409885279175514539e-01 8.968898614345448550e-01 8.102172525320973095e-01 2.229276746802119902e-01
-2.500000000000000000e-01 -2.750000000000000000e+00 6.755170169664471702e-01 5.102940328869208786e-01 1.652229840795262916e-01 9.131084878539071914e-01 8.464231153900474425e-01 1.776925610509638431e-01
0.000000000000000000e+00 -2.750000000000000000e+00 7.030283363552963793e-01 4.965641952456923969e-01 2.064641411096039825e-01 9.147277409667164960e-01 8.470941467959182125e-01 1.735301766925149980e-01
2.500000000000000000e-01 -2.750000000000000000e+00 7.264723626952501734e-01 5.363431737236914465e-01 1.901291889715587269e-01 8.803029731731610852e-01 8.136285636924068809e-01 1.852100275124268502e-01
5.000000000000000000e-01 -2.750000000000000000e+00 7.921296841915737019e-01 6.681796165702769130e-01 1.239500676212967889e-01 8.275730906672784659e-01 7.617929429880233583e-01 2.028386518990077103e-01
7.500000000000000000e-01 -2.750000000000000000e+00 8.864254121620048776e-01 7.939370252104366310e-01 9.248838695156824663e-02 7.738128054944868328e-01 7.114910794910985770e-01 2.297993191662057733e-01
1.000000000000000000e+00 -2.750000000000000000e+00 9.298147201906831194e-01 9.249864863877786947e-01 4.828233802904424721e-03 6.857517167305230421e-01 6.313659811426055590e-01 2.560654106296598731e-01
1.250000000000000000e+00 -2.750000000000000000e+00 9.416069022162435465e-01 9.829262434180943142e-01 -4.131934120185076775e-02 6.044892110232614746e-01 5.739629444081718601e-01 2.643393921859161777e-01
1.500000000000000000e+00 -2.750000000000000000e+00 9.628135660032060006e-01 9.993517899118462555e-01 -3.653822390864025493e-02 5.084847377288878034e-01 5.036976270358616281e-01 2.538162325518671936e-01
1.750000000000000000e+00 -2.750000000000000000e+00 9.555127525108981779e-01 9.957590069891357754e-01 -4.024625447823759750e-02 4.717028700559164900e-01 4.778682743001086419e-01 2.559353537317997640e-01
2.000000000000000000e+00 -2.750000000000000000e+00 9.472963631825225272e-01 9.736611320166770334e-01 -2.636476883415450612e-02 4.030209195004383904e-01 4.296423993802666041e-01 2.663323512768098200e-01
-2.000000000000000000e+00 -2.500000000000000000e+00 9.466601780432398749e-01 9.697752316903089920e-01 -2.311505364706911703e-02 5.958728610353054567e-01 5.711261276786414598e-01 2.759735262301383774e-01
-1.750000000000000000e+00 -2.500000000000000000e+00 9.367443894476192856e-01 9.216593730874764745e-01 1.508501636014281111e-02 6.947298951205403972e-01 6.392146643415375085e-01 2.777244594074244066e-01
-1.500000000000000000e+00 -2.500000000000000000e+00 9.088736629010067958e-01 8.794452797076158790e-01 2.942838319339091679e-02 7.492807022594910604e-01 6.767720134399212162e-01 2.750280844872338704e-01
-1.250000000000000000e+00 -2.500000000000000000e+00 8.813118350964721515e-01 7.650254897714167113e-01 1.162863453250554402e-01 8.278914245418419471e-01 7.408271866919352577e-01 2.663517767339836917e-01
-1.000000000000000000e+00 -2.500000000000000000e+00 7.671414847915227764e-01 7.141428428542860862e-01 5.299864193723669015e-02 8.875747297281114667e-01 7.903483229676672162e-01 2.325901286015256419e-01
-7.500000000000000000e-01 -2.500000000000000000e+00 6.720807704892789447e-01 5.299962264016585545e-01 1.420845440876203902e-01 9.314333023973910830e-01 8.535238658174865156e-01 1.957289279568190932e-01
-5.000000000000000000e-01 -2.500000000000000000e+00 6.245729239029012003e-01 5.169758214849120570e-01 1.075971024179891433e-01 9.376724990881177835e-01 8.653700728627462535e-01 1.819739042699953513e-01
-2.500000000000000000e-01 -2.500000000000000000e+00 5.719580959398579134e-01 3.624582734605463208e-01 2.094998224793115926e-01 9.539088557687219749e-01 9.032237880172568900e-01 1.430078535485064528e-01
0.000000000000000000e+00 -2.500000000000000000e+00 6.246981840241000450e-01 3.823924685450773575e-01 2.423057154790226875e-01 9.432040399540386755e-01 8.837374625412469653e-01 1.522908045996786142e-01
2.500000000000000000e-01 -2.500000000000000000e+00 6.663077005565803956e-01 4.520353968440963266e-01 2.142723037124840690e-01 9.172988377153139528e-01 8.569713715589952763e-01 1.685453157423868475e-01
5.000000000000000000e-01 -2.500000000000000000e+00 7.808004687447610559e-01 5.607280981010314136e-01 2.200723706437296423e-01 8.749174106033527076e-01 8.066548407374543039e-01 1.866743458262864475e-01
7.500000000000000000e-01 -2.500000000000000000e+00 7.869919905767135404e-01 6.855771291401118184e-01 1.014148614366017220e-01 8.209554716400547791e-01 7.584279250938640304e-01 2.085085854753973567e-01
1.000000000000000000e+00 -2.500000000000000000e+00 9.202356646836142851e-01 8.589854480723150276e-01 6.125021661129925743e-02 7.349104996493538433e-01 6.762605419453379119e-01 2.407837051167907583e-01
1.250000000000000000e+00 -2.500000000000000000e+00 9.414131629006357027e-01 9.500821017154231773e-01 -8.668938814787474634e-03 6.222267884059565768e-01 5.917955896022956130e-01 2.522515473746751447e-01
1.500000000000000000e+00 -2.500000000000000000e+00 9.659530299140468568e-01 9.949874371066186329e-01 -2.903440719257177616e-02 5.222751797413438535e-01 5.188442212702955025e-01 2.573048620527450536e-01
1.750000000000000000e+00 -2.500000000000000000e+00 9.580172548864233084e-01 9.871170143402447916e-01 -2.909975945382148321e-02 4.348177257744925694e-01 4.531791157151537353e-01 2.724813212875094037e-01
2.000000000000000000e+00 -2.500000000000000000e+00 9.576433358695504161e-01 9.813949256033490665e-01 -2.375158973379865035e-02 4.002012961835313964e-01 4.307686819964883229e-01 2.602779295736347143e-01
-2.000000000000000000e+00 -2.250000000000000000e+00 9.355389328486726219e-01 9.500821017154230663e-01 -1.454316886675044440e-02 6.396916634036539095e-01 6.014395587068028792e-01 2.709974037333489072e-01
-1.750000000000000000e+00 -2.250000000000000000e+00 9.176633028058172048e-01 8.940335564172073868e-01 2.362974638860981802e-02 7.220736680234191018e-01 6.564196062923837172e-01 2.809702076909063595e-01
-1.500000000000000000e+00 -2.250000000000000000e+00 8.858440638604733186e-01 8.815985480931752827e-01 4.245515767298035925e-03 7.738960046598043485e-01 6.909374858688835941e-01 2.877030491609550711e-01
-1.250000000000000000e+00 -2.250000000000000000e+00 8.311654093915347152e-01 7.582189657348349376e-01 7.294644365669977759e-02 8.472950932103971988e-01 7.544642389155169493e-01 2.614639422646051758e-01
-1.000000000000000000e+00 -2.250000000000000000e+00 7.531406134339636571e-01 6.356225294937254411e-01 1.175180839402382160e-01 9.116076932021212054e-01 8.204661094211757044e-01 2.195822081024830508e-01
-7.500000000000000000e-01 -2.250000000000000000e+00 6.032463863374374347e-01 4.189701660023053553e-01 1.842762203351320793e-01 9.561654702030369934e-01 8.915137198661213791e-01 1.586823920249441633e-01
-5.000000000000000000e-01 -2.250000000000000000e+00 5.360371606951539469e-01 3.519999999999980922e-01 1.840371606951558547e-01 9.593851064371978765e-01 8.992499963758100456e-01 1.442278758410543704e-01
-2.500000000000000000e-01 -2.250000000000000000e+00 5.403874255805076743e-01 3.060980235153440421e-01 2.342894020651636322e-01 9.633981923282316506e-01 9.131290852229757560e-01 1.293305642101238995e-01
0.000000000000000000e+00 -2.250000000000000000e+00 4.969269431386791336e-01 1.781684596105607976e-01 3.187584835281183082e-01 9.635874607447294515e-01 9.250800562504413183e-01 9.991572228714726278e-02
2.500000000000000000e-01 -2.250000000000000000e+00 6.095614361644692281e-01 3.624582734605470979e-01 2.471031627039221301e-01 9.393735856778099302e-01 8.866284940897024569e-01 1.446701095509500545e-01
5.000000000000000000e-01 -2.250000000000000000e+00 7.001496551416920289e-01 5.034918072819052348e-01 1.966578478597867941e-01 9.059498105601010431e-01 8.398890259546364367e-01 1.775278979002455071e-01
7.500000000000000000e-01 -2.250000000000000000e+00 8.693405523170916194e-01 6.939740629158966945e-01 1.753664894011949249e-01 8.134150457311218885e-01 7.497390306195856891e-01 2.193268292041035405e-01
1.000000000000000000e+00 -2.250000000000000000e+00 8.972735825878808136e-01 8.683225207260253375e-01 2.895106186185547603e-02 7.409917763525036838e-01 6.799735574220238110e-01 2.519293222147855893e-01
1.250000000000000000e+00 -2.250000000000000000e+00 9.427103205511491169e-01 9.789708882290630854e-01 -3.626056767791396851e-02 5.986074493056569024e-01 5.703472198058396891e-01 2.497324466272829169e-01
1.500000000000000000e+00 -2.250000000000000000e+00 9.567139502621767599e-01 9.984307687566557066e-01 -4.171681849447894663e-02 4.811555359159817580e-01 4.868219502202217885e-01 2.654551869026841593e-01
1.750000000000000000e+00 -2.250000000000000000e+00 9.562727355829392373e-01 9.717530550505062426e-01 -1.548031946756700528e-02 4.101181883356557756e-01 4.365583242538401687e-01 2.565646049232467862e-01
2.000000000000000000e+00 -2.250000000000000000e+00 9.367721758560577650e-01 9.404254356407015791e-01 -3.653259784643814179e-03 3.469386310256050154e-01 3.864170237443663170e-01 2.466271391994663831e-01
-2.000000000000000000e+00 -2.000000000000000000e+00 9.371028851323582876e-01 9.418619856433347870e-01 -4.759100510976499443e-03 6.317611625853151169e-01 5.914013262892385825e-01 2.787857228691010825e-01
-1.750000000000000000e+00 -2.000000000000000000e+00 9.150193494119842619e-01 9.147589846511483547e-01 2.603647608359072052e-04 7.047418598201791173e-01 6.450386827665135492e-01 2.747442610993600098e-01
-1.500000000000000000e+00 -2.000000000000000000e+00 8.695969044803605330e-01 7.939370252104367420e-01 7.565987926992379098e-02 8.089409280086096166e-01 7.276832870520921759e-01 2.574936371843001282e-01
-1.250000000000000000e+00 -2.000000000000000000e+00 8.196540368644319452e-01 7.512655988397161089e-01 6.838843802471583633e-02 8.756911608848531037e-01 7.774327697339878940e-01 2.559384592983726670e-01
-1.000000000000000000e+00 -2.000000000000000000e+00 7.329580205148334970e-01 5.665897987080251719e-01 1.663682218068083252e-01 9.225361091290976701e-01 8.378506138088214206e-01 1.998378592307455126e-01
-7.500000000000000000e-01 -2.000000000000000000e+00 6.220240174426705515e-01 4.358898943540696624e-01 1.861341230886008891e-01 9.563705067042768126e-01 8.887838702938172242e-01 1.668645867556121098e-01
-5.000000000000000000e-01 -2.000000000000000000e+00 5.699882018872406420e-01 3.411744421846384934e-01 2.288137597026021486e-01 9.638958627498073195e-01 9.065413171984745277e-01 1.409419221536210853e-01
-2.500000000000000000e-01 -2.000000000000000000e+00 5.171967325866225762e-01 1.544538766104624761e-01 3.627428559761600724e-01 9.663886564979762284e-01 9.226684115375404227e-01 1.070319171212500281e-01
0.000000000000000000e+00 -2.000000000000000000e+00 5.579526372317006322e-01 2.659022376739250126e-01 2.920503995577756196e-01 9.604905335348251638e-01 9.111558740857922389e-01 1.274183912718115375e-01
2.500000000000000000e-01 -2.000000000000000000e+00 5.858083990705106325e-01 3.411744421846386044e-01 2.446339568858720281e-01 9.426764352442719153e-01 8.884120991722906924e-01 1.373951185363931071e-01
5.000000000000000000e-01 -2.000000000000000000e+00 6.912559713269594841e-01 4.275324549083961423e-01 2.637235164185633418e-01 9.009708379935204015e-01 8.394538593605336274e-01 1.657851674656490026e-01
7.500000000000000000e-01 -2.000000000000000000e+00 7.874500315349914903e-01 7.062124326291604470e-01 8.123759890583104326e-02 8.356924211309921802e-01 7.669350453366713394e-01 2.060828595034594479e-01
1.000000000000000000e+00 -2.000000000000000000e+00 8.929635642717563826e-01 8.311822904754402330e-01 6.178127379631614957e-02 7.480990988535564101e-01 6.908853952949254307e-01 2.273335755479142517e-01
1.250000000000000000e+00 -2.000000000000000000e+00 9.558127594573464503e-01 9.611576353543698215e-01 -5.344875897023371181e-03 6.192512224083618344e-01 5.871083652111309670e-01 2.529980364731670983e-01
1.500000000000000000e+00 -2.000000000000000000e+00 9.635243570161936555e-01 9.974046320325534731e-01 -3.388027501635981764e-02 4.963701963138004714e-01 5.023643474957862898e-01 2.528236905456410777e-01
1.750000000000000000e+00 -2.000000000000000000e+00 9.541816282051573950e-01 9.717530550505061315e-01 -1.757142684534873656e-02 3.743630684684556842e-01 4.101929095086260801e-01 2.611628152281805226e-01
2.000000000000000000e+00 -2.000000000000000000e+00 9.402659064825769075e-01 9.404254356407004689e-01 -1.595291581235613876e-04 3.499413022424822661e-01 3.901526347501579894e-01 2.584070168478924678e-01
-2.000000000000000000e+00 -1.750000000000000000e+00 9.533690293575343144e-01 9.551879396223549312e-01 -1.818910264820616796e-03 6.311402700637304131e-01 5.952156207561043466e-01 2.840246674960582030e-01
-1.750000000000000000e+00 -1.750000000000000000e+00 9.034130217691559439e-01 8.705951987002894521e-01 3.281782306886649181e-02 7.263786238946069451e-01 6.641969703575275608e-01 2.677795444709228367e-01
-1.500000000000000000e+00 -1.750000000000000000e+00 8.947972503553375256e-01 8.589854480723146946e-01 3.581180228302283108e-02 7.679306572735223879e-01 6.943652861128533083e-01 2.704127987475865025e-01
-1.250000000000000000e+00 -1.750000000000000000e+00 7.783995093346124383e-01 6.897999710060892520e-01 8.859953832852318634e-02 8.655792078185096106e-01 7.780470217771348063e-01 2.308952868572419215e-01
-1.000000000000000000e+00 -1.750000000000000000e+00 7.392906352542875092e-01 6.307329070216625144e-01 1.085577282326249948e-01 9.103617050137243760e-01 8.231332511019140430e-01 2.144784759057750123e-01
-7.500000000000000000e-01 -1.750000000000000000e+00 6.580862472736661584e-01 4.101901997854184856e-01 2.478960474882476728e-01 9.473757830640271438e-01 8.859628521919674649e-01 1.510731881811323840e-01
-5.000000000000000000e-01 -1.750000000000000000e+00 5.506299077241126882e-01 3.060980235153445417e-01 2.445318842087681466e-01 9.596444911645686249e-01 9.087431047261492756e-01 1.281465277209797027e-01
-2.500000000000000000e-01 -1.750000000000000000e+00 5.529682098337828089e-01 2.509501942617297643e-01 3.020180155720530446e-01 9.612861795337862558e-01 9.171585883934391115e-01 1.153047349708048730e-01
0.000000000000000000e+00 -1.750000000000000000e+00 5.576637611113289816e-01 3.060980235153446527e-01 2.515657375959843289e-01 9.541525693365836558e-01 9.072257715179412596e-01 1.283494043778968530e-01
2.500000000000000000e-01 -1.750000000000000000e+00 6.466313378164454395e-01 4.011782646156198395e-01 2.454530732008256000e-01 9.280640980494706538e-01 8.713393648134382108e-01 1.502379663312146674e-01
5.000000000000000000e-01 -1.750000000000000000e+00 7.068713714912850943e-01 5.034918072819052348e-01 2.033795642093798595e-01 8.939854413450947224e-01 8.283278726468616959e-01 1.741443314350040739e-01
7.500000000000000000e-01 -1.750000000000000000e+00 8.272405046831691200e-01 6.813046308370418469e-01 1.459358738461272731e-01 8.315501895448010883e-01 7.628971905312582624e-01 2.087240098758549323e-01
1.000000000000000000e+00 -1.750000000000000000e+00 9.076469271936207228e-01 8.683225207260243383e-01 3.932440646759638447e-02 7.227341655429505574e-01 6.669506463529110141e-01 2.431860653295224162e-01
1.250000000000000000e+00 -1.750000000000000000e+00 9.535528712213214853e-01 9.645226798784981570e-01 -1.096980865717667175e-02 6.030199659891138930e-01 5.761038566887325407e-01 2.540017308557668829e-01
1.500000000000000000e+00 -1.750000000000000000e+00 9.486528073713744735e-01 9.957590069891357754e-01 -4.710619961776130182e-02 4.668718480155105155e-01 4.746653968164560866e-01 2.646035446914580258e-01
1.750000000000000000e+00 -1.750000000000000000e+00 9.575679052103992506e-01 9.677272342969380770e-01 -1.015932908653882638e-02 3.850408851639425811e-01 4.154236000251507188e-01 2.532713214711380667e-01
2.000000000000000000e+00 -1.750000000000000000e+00 9.140220420886674413e-01 9.216593730874763635e-01 -7.637330998808922189e-03 3.277867766725478527e-01 3.711488969120248504e-01 2.430197541478899548e-01
-2.000000000000000000e+00 -1.500000000000000000e+00 9.633053831547779833e-01 9.857869952479594300e-01 -2.248161209318144671e-02 5.819427909802732390e-01 5.563139174437510270e-01 2.761783690807170233e-01
-1.750000000000000000e+00 -1.500000000000000000e+00 9.465639374174931175e-01 9.576304088739021614e-01 -1.106647145640904384e-02 6.583433888510289433e-01 6.124239744269703856e-01 2.686263046049477410e-01
-1.500000000000000000e+00 -1.500000000000000000e+00 8.987744444194978310e-01 8.589854480723153607e-01 3.978899634718247036e-02 7.595140104923194802e-01 6.903938019668104387e-01 2.561247841606347775e-01
-1.250000000000000000e+00 -1.500000000000000000e+00 8.504952492437831690e-01 6.981002793295552067e-01 1.523949699142279623e-01 8.467095595168184774e-01 7.688459159209125593e-01 2.248789444539845417e-01
-1.000000000000000000e+00 -1.500000000000000000e+00 7.545156621341236880e-01 5.547756303227432406e-01 1.997400318113804474e-01 8.857640839084869322e-01 8.142747258183213876e-01 1.998327120134939794e-01
-7.500000000000000000e-01 -1.500000000000000000e+00 7.045883993870331041e-01 4.520353968440963821e-01 2.525530025429367220e-01 9.175463181017257108e-01 8.576376193073287357e-01 1.640501339255016067e-01
-5.000000000000000000e-01 -1.500000000000000000e+00 6.735330311325667951e-01 3.823924685450779126e-01 2.911405625874888825e-01 9.298260166924317005e-01 8.722419148090614360e-01 1.532751948935762998e-01
-2.500000000000000000e-01 -1.500000000000000000e+00 6.447186187014829484e-01 3.519999999999992024e-01 2.927186187014837460e-01 9.325859645243558260e-01 8.845714331802164709e-01 1.388166936957671571e-01
0.000000000000000000e+00 -1.500000000000000000e+00 6.278289491521247268e-01 3.182703253525229758e-01 3.095586237996017509e-01 9.261543861862628901e-01 8.774899947522548649e-01 1.350222072794388106e-01
2.500000000000000000e-01 -1.500000000000000000e+00 6.845211599843392669e-01 4.101901997854177639e-01 2.743309601989215030e-01 9.110199105323875113e-01 8.535109093163938399e-01 1.544392324276511463e-01
5.000000000000000000e-01 -1.500000000000000000e+00 7.192112968305105491e-01 5.034918072819052348e-01 2.157194895486053143e-01 8.780930012232259774e-01 8.163528786594212994e-01 1.751120885012209805e-01
7.500000000000000000e-01 -1.500000000000000000e+00 8.820247440411227435e-01 7.814243405474390336e-01 1.006004034936837099e-01 7.921779243256301672e-01 7.246830480215750159e-01 2.251762045910961907e-01
1.000000000000000000e+00 -1.500000000000000000e+00 9.101570803747741634e-01 9.111838453352891776e-01 -1.026764960515014202e-03 7.052907879952127201e-01 6.525431459723930461e-01 2.454198290950838635e-01
1.250000000000000000e+00 -1.500000000000000000e+00 9.460579521204728337e-01 9.645226798784980460e-01 -1.846472775802521227e-02 6.093250902111249090e-01 5.821504121589079483e-01 2.537049079534988150e-01
1.500000000000000000e+00 -1.500000000000000000e+00 9.625177326481213491e-01 9.997119585160565425e-01 -3.719422586793519336e-02 5.108304554089622140e-01 5.027882272599302205e-01 2.690273506891822652e-01
1.750000000000000000e+00 -1.500000000000000000e+00 9.317820224008624974e-01 9.677272342969380770e-01 -3.594521189607557954e-02 3.765474640941001150e-01 4.090444517144496417e-01 2.622422571887730869e-01
2.000000000000000000e+00 -1.500000000000000000e+00 9.119206250388781632e-01 8.837284650841609190e-01 2.819215995471724412e-02 3.151314197836710962e-01 3.575705985423857092e-01 2.435498601761279247e-01
-2.000000000000000000e+00 -1.250000000000000000e+00 9.637957169805823066e-01 9.829262434180940922e-01 -1.913052643751178561e-02 5.732290572154354891e-01 5.538263402978289562e-01 2.774573696088362129e-01
-1.750000000000000000e+00 -1.250000000000000000e+00 9.423724482750605036e-01 9.460570807303311236e-01 -3.684632455270620000e-03 6.498673962475692845e-01 6.096693362514138403e-01 2.578070700681610594e-01
-1.500000000000000000e+00 -1.250000000000000000e+00 9.469391641226919676e-01 9.165151389911704305e-01 3.042402513152153709e-02 6.639322382139366541e-01 6.202168249431773139e-01 2.519890974015760454e-01
-1.250000000000000000e+00 -1.250000000000000000e+00 8.785738182004155794e-01 8.230285535751447057e-01 5.554526462527087372e-02 7.579774563478781646e-01 6.933673040336002513e-01 2.504060628447571379e-01
-1.000000000000000000e+00 -1.250000000000000000e+00 8.674548159465994557e-01 6.769815359372781671e-01 1.904732800093212886e-01 8.166183192274109048e-01 7.553802625812283678e-01 2.036748006802741595e-01
-7.500000000000000000e-01 -1.250000000000000000e+00 7.803272832609792209e-01 6.207608235061256030e-01 1.595664597548536179e-01 8.509234030727568232e-01 7.868791089706868025e-01 1.968288232782770542e-01
-5.000000000000000000e-01 -1.250000000000000000e+00 7.002184340896242531e-01 5.102940328869207676e-01 1.899244012027034856e-01 8.788981168038969560e-01 8.225307383887768831e-01 1.705331685981036349e-01
-2.500000000000000000e-01 -1.250000000000000000e+00 7.219692604838207073e-01 4.895058733049089117e-01 2.324633871789117956e-01 8.797951810591527755e-01 8.249383685583359105e-01 1.675086522063881922e-01
0.000000000000000000e+00 -1.250000000000000000e+00 7.910135458451433843e-01 5.425863986500194525e-01 2.484271471951239318e-01 8.609949498027030801e-01 8.021820109397875820e-01 1.781165544334040451e-01
2.500000000000000000e-01 -1.250000000000000000e+00 7.944036203603139779e-01 5.999999999999995337e-01 1.944036203603144441e-01 8.499342728056281659e-01 7.888915009936994238e-01 1.904300276133422953e-01
5.000000000000000000e-01 -1.250000000000000000e+00 7.962047970438201894e-01 6.939740629158959173e-01 1.022307341279242721e-01 8.240326372930071308e-01 7.559019263772298602e-01 2.209351898039552398e-01
7.500000000000000000e-01 -1.250000000000000000e+00 8.659518991996876247e-01 8.146164741766519501e-01 5.133542502303567456e-02 7.781555007285685388e-01 7.113664694354664420e-01 2.400334799971541866e-01
1.000000000000000000e+00 -1.250000000000000000e+00 9.194546567202659393e-01 9.075241043630766224e-01 1.193055235718931684e-02 7.020036967656919646e-01 6.512878467366789437e-01 2.422443282937854492e-01
1.250000000000000000e+00 -1.250000000000000000e+00 9.344377123229438142e-01 9.666767815562787858e-01 -3.223906923333497154e-02 5.995355842391458800e-01 5.736500780395389354e-01 2.481747409119667014e-01
1.500000000000000000e+00 -1.250000000000000000e+00 9.631723170711997684e-01 9.997119585160565425e-01 -3.653964144485677412e-02 5.107920140101470663e-01 5.063242369007103783e-01 2.694159269973784854e-01
1.750000000000000000e+00 -1.250000000000000000e+00 9.495265396354186649e-01 9.677272342969381880e-01 -1.820069466151952309e-02 4.099151606693007821e-01 4.328666141862461680e-01 2.591730829553266502e-01
2.000000000000000000e+00 -1.250000000000000000e+00 9.452149275146917162e-01 9.500821017154230663e-01 -4.867174200731350098e-03 3.563533923628323108e-01 3.933653793853186809e-01 2.518446621659721218e-01
-2.000000000000000000e+00 -1.000000000000000000e+00 9.614732784404885768e-01 9.994878688608481720e-01 -3.801459042035959524e-02 5.292657085366639924e-01 5.191485829827937604e-01 2.648307728304538089e-01
-1.750000000000000000e+00 -1.000000000000000000e+00 9.646277377735277270e-01 9.864603387871176965e-01 -2.183260101358996952e-02 5.639428373695525298e-01 5.473380158935380324e-01 2.707905257185882486e-01
-1.500000000000000000e+00 -1.000000000000000000e+00 9.458234343548594936e-01 9.789708882290634184e-01 -3.314745387420392486e-02 6.101275358026091444e-01 5.780638192253905183e-01 2.581007939887888236e-01
-1.250000000000000000e+00 -1.000000000000000000e+00 9.358535832536480914e-01 9.266196630764993447e-01 9.233920177148746689e-03 6.492986348372123961e-01 6.146132759048920091e-01 2.493361051941194451e-01
-1.000000000000000000e+00 -1.000000000000000000e+00 9.012138349327639686e-01 8.613570688164157163e-01 3.985676611634825228e-02 7.209205311898945201e-01 6.697568427979505579e-01 2.325476632807349231e-01
-7.500000000000000000e-01 -1.000000000000000000e+00 8.962134683019981063e-01 8.230285535751448167e-01 7.318491472685328958e-02 7.323943197916124026e-01 6.837569206126294930e-01 2.221552876911453978e-01
-5.000000000000000000e-01 -1.000000000000000000e+00 8.768774692803562587e-01 8.059379628730749534e-01 7.093950640728130530e-02 7.442674691287789468e-01 6.913718855762602811e-01 2.255488351303412409e-01
-2.500000000000000000e-01 -1.000000000000000000e+00 8.798777243759439148e-01 7.782133383590883469e-01 1.016643860168555680e-01 7.613702415099589116e-01 7.087801287428923125e-01 2.120165602875195565e-01
0.000000000000000000e+00 -1.000000000000000000e+00 8.683111079401647503e-01 7.650254897714168223e-01 1.032856181687479280e-01 7.714166339292904961e-01 7.140529605687696568e-01 2.101325129447767504e-01
2.500000000000000000e-01 -1.000000000000000000e+00 8.698293114964826822e-01 7.477325725150691937e-01 1.220967389814134885e-01 7.731094983090989192e-01 7.168229872105514877e-01 2.111734361992291809e-01
5.000000000000000000e-01 -1.000000000000000000e+00 8.921719491117616752e-01 8.311822904754402330e-01 6.098965863632144213e-02 7.600456167675971875e-01 6.968254598788549137e-01 2.335279059961917481e-01
7.500000000000000000e-01 -1.000000000000000000e+00 9.058121050308254318e-01 8.683225207260247824e-01 3.748958430480064941e-02 7.183168772648018674e-01 6.646204860471723874e-01 2.413213729025205367e-01
1.000000000000000000e+00 -1.000000000000000000e+00 9.089270306144370259e-01 8.837284650841609190e-01 2.519856553027610691e-02 7.098302608146154213e-01 6.569159727302987806e-01 2.466032332113426151e-01
1.250000000000000000e+00 -1.000000000000000000e+00 9.354715984312010901e-01 9.432793859721481100e-01 -7.807787540947019878e-03 6.496061989608633569e-01 6.103488632137284986e-01 2.491426420686249921e-01
1.500000000000000000e+00 -1.000000000000000000e+00 9.624412905978048105e-01 9.997999799959952361e-01 -3.735868939819042556e-02 5.075597408304738378e-01 5.044164911832155207e-01 2.697895839883364122e-01
1.750000000000000000e+00 -1.000000000000000000e+00 9.622315341108615971e-01 9.941508939793782806e-01 -3.191935986851668350e-02 4.376725431631471319e-01 4.566510523341729133e-01 2.671120122701532984e-01
2.000000000000000000e+00 -1.000000000000000000e+00 9.521318673680740918e-01 9.687600322061150626e-01 -1.662816483804097079e-02 3.857980813269983877e-01 4.192168346141862956e-01 2.649502480148946404e-01
-2.000000000000000000e+00 -7.500000000000000000e-01 9.653586776457523388e-01 9.998719918069520762e-01 -3.451331416119973738e-02 5.006428378564273807e-01 4.997090644916111768e-01 2.598637439655769876e-01
-1.750000000000000000e+00 -7.500000000000000000e-01 9.523129560643849301e-01 9.984307687566554845e-01 -4.611781269227055446e-02 5.278790277713819590e-01 5.168591787985743480e-01 2.544681631610909989e-01
-1.500000000000000000e+00 -7.500000000000000000e-01 9.537269916905125600e-01 9.829262434180943142e-01 -2.919925172758175425e-02 5.650998741245241153e-01 5.495478345471630499e-01 2.541936912001379056e-01
-1.250000000000000000e+00 -7.500000000000000000e-01 9.534281534169879446e-01 9.829262434180945363e-01 -2.949809000110659163e-02 5.855295332021379640e-01 5.603101259030353054e-01 2.606110811236219127e-01
-1.000000000000000000e+00 -7.500000000000000000e-01 9.621574113995690070e-01 9.857869952479594300e-01 -2.362958384839042303e-02 5.785094565265415101e-01 5.562955163137661696e-01 2.516431258029959150e-01
-7.500000000000000000e-01 -7.500000000000000000e-01 9.544829412114372857e-01 9.707728879609293093e-01 -1.628994674949202359e-02 6.028996094316102505e-01 5.763226303660162753e-01 2.573056926069401951e-01
-5.000000000000000000e-01 -7.500000000000000000e-01 9.559678216644262871e-01 9.727157858285259140e-01 -1.674796416409962685e-02 6.050494989559194181e-01 5.748574269574935336e-01 2.530936591174664518e-01
-2.500000000000000000e-01 -7.500000000000000000e-01 9.358285815504090444e-01 9.432793859721485541e-01 -7.450804421739509742e-03 6.391749735489594686e-01 5.992261932446339978e-01 2.437723730536274780e-01
0.000000000000000000e+00 -7.500000000000000000e-01 9.386143881126217670e-01 9.359999999999949472e-01 2.614388112626819805e-03 6.556758853737670867e-01 6.154278889749028592e-01 2.421983994658303829e-01
2.500000000000000000e-01 -7.500000000000000000e-01 9.186819164043261710e-01 8.794452797076155459e-01 3.923663669671062504e-02 7.007712132599349664e-01 6.525253599339211341e-01 2.397589334552668316e-01
5.000000000000000000e-01 -7.500000000000000000e-01 9.070551754417378598e-01 8.637036528810091429e-01 4.335152256072871690e-02 7.150731347831827955e-01 6.660842099063868371e-01 2.412590213777014991e-01
7.500000000000000000e-01 -7.500000000000000000e-01 9.115454149434341069e-01 9.129819275319710492e-01 -1.436512588536942303e-03 7.054384364574751709e-01 6.465595002633207633e-01 2.566833816249213807e-01
1.000000000000000000e+00 -7.500000000000000000e-01 9.269645214221081675e-01 8.960267853139226579e-01 3.093773610818550956e-02 6.935762536011889079e-01 6.420689999502841028e-01 2.518035893274747083e-01
1.250000000000000000e+00 -7.500000000000000000e-01 9.522360409542968140e-01 9.677272342969380770e-01 -1.549119334264126291e-02 6.356006484621045116e-01 5.956323803129985883e-01 2.641134487955674737e-01
1.500000000000000000e+00 -7.500000000000000000e-01 9.596782970991273309e-01 9.932492134404102835e-01 -3.357091634128295254e-02 5.649937197271551748e-01 5.474377045620307802e-01 2.685830767950067588e-01
1.750000000000000000e+00 -7.500000000000000000e-01 9.662821627552571346e-01 9.996079231378689478e-01 -3.332576038261181317e-02 4.866311789403778287e-01 4.939673266163697729e-01 2.620312717967013261e-01
2.000000000000000000e+00 -7.500000000000000000e-01 9.553974321982218187e-01 9.836666101886345492e-01 -2.826917799041273049e-02 4.035366551577003746e-01 4.323998726323825537e-01 2.651930228533884715e-01
-2.000000000000000000e+00 -5.000000000000000000e-01 9.610845096319067249e-01 9.993517899118461445e-01 -3.826728027993941961e-02 4.871717567504518787e-01 4.892135835527977594e-01 2.615082325498438443e-01
-1.750000000000000000e+00 -5.000000000000000000e-01 9.615308377239262239e-01 1.000000000000000000e+00 -3.846916227607377614e-02 5.017135580378480064e-01 5.014141690744257085e-01 2.614249083814321750e-01
-1.500000000000000000e+00 -5.000000000000000000e-01 9.694256024821642503e-01 9.998719918069518542e-01 -3.044638932478760385e-02 5.282739228085610028e-01 5.151839003652204374e-01 2.550659583750709003e-01
-1.250000000000000000e+00 -5.000000000000000000e-01 9.620415328222072793e-01 1.000000000000000000e+00 -3.795846717779272073e-02 5.031924643745880887e-01 5.006088870607356967e-01 2.575188105641937342e-01
-1.000000000000000000e+00 -5.000000000000000000e-01 9.641759168960185589e-01 9.998719918069518542e-01 -3.569607491093329532e-02 4.854886467404582184e-01 4.866271791379689349e-01 2.586539852283437080e-01
-7.500000000000000000e-01 -5.000000000000000000e-01 9.609199007431444839e-01 9.945772971468858081e-01 -3.365739640374132424e-02 4.747142696829703135e-01 4.766902676741349154e-01 2.641943377391404724e-01
-5.000000000000000000e-01 -5.000000000000000000e-01 9.697956982847721896e-01 9.996079231378689478e-01 -2.981222485309675818e-02 4.895017116802539703e-01 4.897360483941652909e-01 2.687962366491978283e-01
-2.500000000000000000e-01 -5.000000000000000000e-01 9.646851007332418737e-01 9.990315310339310528e-01 -3.434643030068917913e-02 4.886162469149003540e-01 4.843077746516752935e-01 2.696559123777542144e-01
0.000000000000000000e+00 -5.000000000000000000e-01 9.586083792868501652e-01 9.945772971468858081e-01 -3.596891786003564295e-02 5.519915360711672436e-01 5.332676183343330045e-01 2.544379706400213825e-01
2.500000000000000000e-01 -5.000000000000000000e-01 9.554325200225559644e-01 9.937082066683344816e-01 -3.827568664577851720e-02 5.620370656792731401e-01 5.442547767252030599e-01 2.539906124606042259e-01
5.000000000000000000e-01 -5.000000000000000000e-01 9.277116758997793200e-01 9.645226798784981570e-01 -3.681100397871883700e-02 6.254762773435312839e-01 5.904620242467462088e-01 2.440894731704343901e-01
7.500000000000000000e-01 -5.000000000000000000e-01 9.134140337734331094e-01 9.404254356407011350e-01 -2.701140186726802561e-02 6.633058567792611271e-01 6.199538718154142813e-01 2.500798126993155623e-01
1.000000000000000000e+00 -5.000000000000000000e-01 9.487876310125821222e-01 9.634189120003791018e-01 -1.463128098779697961e-02 6.457854339381284836e-01 5.997897794953046535e-01 2.694407985408107109e-01
1.250000000000000000e+00 -5.000000000000000000e-01 9.570863399884510514e-01 9.622972513729860511e-01 -5.210911384534999691e-03 6.302013432097502976e-01 5.915688941316887828e-01 2.754757215773988022e-01
1.500000000000000000e+00 -5.000000000000000000e-01 9.608351340048119082e-01 9.937082066683347037e-01 -3.287307266352279544e-02 5.632397066807190988e-01 5.399333549666738286e-01 2.667390429258109097e-01
1.750000000000000000e+00 -5.000000000000000000e-01 9.626943491701528410e-01 9.996079231378689478e-01 -3.691357396771610677e-02 5.031413864937476221e-01 4.974053349226986720e-01 2.644765084975589375e-01
2.000000000000000000e+00 -5.000000000000000000e-01 9.581560103672784878e-01 9.836666101886346603e-01 -2.551059982135617243e-02 4.314769256997299518e-01 4.497319556226027637e-01 2.580211355606126800e-01
-2.000000000000000000e+00 -2.500000000000000000e-01 9.553129885626892026e-01 9.961204746414956679e-01 -4.080748607880646528e-02 4.466069300483965776e-01 4.645688904674536435e-01 2.621277269611540506e-01
-1.750000000000000000e+00 -2.500000000000000000e-01 9.628829768816208334e-01 9.999279974078089106e-01 -3.704502052618807717e-02 5.110298590051302048e-01 5.052047217655846190e-01 2.577565631786941092e-01
-1.500000000000000000e+00 -2.500000000000000000e-01 9.678608654487685925e-01 9.999919999679972582e-01 -3.213113451922866570e-02 5.077736471131344409e-01 5.062764142520866928e-01 2.588810502019021631e-01
-1.250000000000000000e+00 -2.500000000000000000e-01 9.604505337260379472e-01 9.993517899118462555e-01 -3.890125618580830835e-02 4.708881165240899058e-01 4.788498712111957101e-01 2.694328191470377609e-01
-1.000000000000000000e+00 -2.500000000000000000e-01 9.730382767961950341e-01 9.901515035589237845e-01 -1.711322676272875043e-02 4.454167007458225691e-01 4.564612766990654436e-01 2.767050971307625784e-01
-7.500000000000000000e-01 -2.500000000000000000e-01 9.661482455143932668e-01 9.797958971132678663e-01 -1.364765159887459944e-02 4.373742118718083050e-01 4.464774408320636434e-01 2.841751134906345122e-01
-5.000000000000000000e-01 -2.500000000000000000e-01 9.545329525433832174e-01 9.564183185196717396e-01 -1.885365976288522205e-03 3.760477534116572484e-01 4.042523885334383671e-01 2.710862032282996270e-01
-2.500000000000000000e-01 -2.500000000000000000e-01 9.472154078352847950e-01 9.645226798784980460e-01 -1.730727204321325097e-02 3.913487047523587226e-01 4.162704436319666912e-01 2.836966407694636594e-01
0.000000000000000000e+00 -2.500000000000000000e-01 9.529532105886692195e-01 9.697752316903088809e-01 -1.682202110163966147e-02 4.075314571458083512e-01 4.300203062311490632e-01 2.654656967705611437e-01
2.500000000000000000e-01 -2.500000000000000000e-01 9.681765403793468616e-01 9.961204746414955569e-01 -2.794393426214869525e-02 4.683261777515075330e-01 4.748963577467193997e-01 2.576382436090829398e-01
5.000000000000000000e-01 -2.500000000000000000e-01 9.628294418599241400e-01 9.957590069891357754e-01 -3.292956512921163537e-02 5.462504618757438868e-01 5.345477636919829800e-01 2.650737387036385950e-01
7.500000000000000000e-01 -2.500000000000000000e-01 9.561190172252560515e-01 9.789708882290636405e-01 -2.285187100380758896e-02 5.854923464448338333e-01 5.627917946134117777e-01 2.558914368540787243e-01
1.000000000000000000e+00 -2.500000000000000000e-01 9.594895993126774103e-01 9.666767815562788968e-01 -7.187182243601486498e-03 5.855888597117775429e-01 5.661905266432402106e-01 2.544819437312927368e-01
1.250000000000000000e+00 -2.500000000000000000e-01 9.617732588312887243e-01 9.937082066683345927e-01 -3.193494783704586837e-02 5.612172351993772734e-01 5.428739834732712044e-01 2.821354211975524162e-01
1.500000000000000000e+00 -2.500000000000000000e-01 9.571894414787089911e-01 9.967948635501721055e-01 -3.960542207146311444e-02 5.372138547181785073e-01 5.263687869017394938e-01 2.863759178020011675e-01
1.750000000000000000e+00 -2.500000000000000000e-01 9.672294293702391466e-01 9.993517899118460335e-01 -3.212236054160688692e-02 5.009944415560955155e-01 5.039046161897299259e-01 2.720100686243585586e-01
2.000000000000000000e+00 -2.500000000000000000e-01 9.683480213673630876e-01 9.964657545545680950e-01 -2.811773318720500736e-02 4.729344414015703157e-01 4.800323266272094047e-01 2.706502166929738440e-01
-2.000000000000000000e+00 0.000000000000000000e+00 9.729314933564088275e-01 9.996079231378689478e-01 -2.667642978146012034e-02 5.201289485973897841e-01 5.151472550640501247e-01 2.625390787270846515e-01
-1.750000000000000000e+00 0.000000000000000000e+00 9.535284090905488119e-01 9.864603387871176965e-01 -3.293192969656888458e-02 5.422893259090110218e-01 5.339398225874463222e-01 2.509039160453935824e-01
-1.500000000000000000e+00 0.000000000000000000e+00 9.661052084912443716e-01 9.964657545545680950e-01 -3.036054606332372341e-02 5.250839755368789108e-01 5.186875938274393416e-01 2.614489095678265707e-01
-1.250000000000000000e+00 0.000000000000000000e+00 9.675630672431715373e-01 9.932492134404103945e-01 -2.568614619723885717e-02 4.791409066733026689e-01 4.762840733318082775e-01 2.681722713022646198e-01
-1.000000000000000000e+00 0.000000000000000000e+00 9.489492341095374650e-01 9.588242800430110124e-01 -9.875045933473547421e-03 3.825463657589864841e-01 4.078322786083021234e-01 2.748064846655619564e-01
-7.500000000000000000e-01 0.000000000000000000e+00 9.477155446301530617e-01 9.282327294380444682e-01 1.948281519210859347e-02 3.299144230330280370e-01 3.690381041039155763e-01 2.865709046289404149e-01
-5.000000000000000000e-01 0.000000000000000000e+00 9.418463268491740203e-01 9.037787339830435362e-01 3.806759286613048410e-02 3.168877690366427302e-01 3.587579470452707531e-01 2.899696433943773077e-01
-2.500000000000000000e-01 0.000000000000000000e+00 8.954331821571075434e-01 8.837284650841613631e-01 1.170471707294618025e-02 2.807620064847173857e-01 3.353673626366452942e-01 2.735230040399115325e-01
0.000000000000000000e+00 0.000000000000000000e+00 9.323043557948328397e-01 9.344859549506355778e-01 -2.181599155802738110e-03 3.419031282762326485e-01 3.808065373459641467e-01 2.692608803478965807e-01
2.500000000000000000e-01 0.000000000000000000e+00 9.413384869540951660e-01 9.697752316903093250e-01 -2.843674473621415899e-02 3.961005943741026103e-01 4.241931679859944904e-01 2.674933899465447018e-01
5.000000000000000000e-01 0.000000000000000000e+00 9.568879661657754276e-01 9.991996797437441291e-01 -4.231171357796870147e-02 4.887237880383069055e-01 4.895838842490818354e-01 2.435542609198850517e-01
7.500000000000000000e-01 0.000000000000000000e+00 9.657790501856180487e-01 9.945772971468858081e-01 -2.879824696126775940e-02 5.320272461707307166e-01 5.253694681583921389e-01 2.554684290057959162e-01
1.000000000000000000e+00 0.000000000000000000e+00 9.567507895650255723e-01 9.829262434180945363e-01 -2.617545385306896399e-02 5.625378312715567652e-01 5.502625654469188721e-01 2.486896777236192457e-01
1.250000000000000000e+00 0.000000000000000000e+00 9.631917308268747036e-01 9.877570551507082186e-01 -2.456532432383351505e-02 5.791944293547138800e-01 5.546113654931456027e-01 2.852082581254226090e-01
1.500000000000000000e+00 0.000000000000000000e+00 9.598560293741582594e-01 9.991996797437442401e-01 -3.934365036958598072e-02 5.275482694403491601e-01 5.163617710215723244e-01 2.717164567039567213e-01
1.750000000000000000e+00 0.000000000000000000e+00 9.585734079782192163e-01 9.961204746414960010e-01 -3.754706666327678466e-02 4.588114114930444409e-01 4.721346790807187110e-01 2.808132264046616089e-01
2.000000000000000000e+00 0.000000000000000000e+00 9.603796734152899583e-01 9.979498985420059975e-01 -3.757022512671603920e-02 4.585196123348374564e-01 4.696292598873877955e-01 2.773012098832493555e-01
-2.000000000000000000e+00 2.500000000000000000e-01 9.629795787506405524e-01 9.883804935347549891e-01 -2.540091478411443671e-02 5.408954076683664125e-01 5.338170796189287692e-01 2.549819809255395864e-01
-1.750000000000000000e+00 2.500000000000000000e-01 9.574308058168436997e-01 9.877570551507082186e-01 -3.032624933386451893e-02 5.478612014284015563e-01 5.372426523561451006e-01 2.625665345391548500e-01
-1.500000000000000000e+00 2.500000000000000000e-01 9.531934682199629805e-01 9.996079231378689478e-01 -4.641445491790596733e-02 4.924515961458476032e-01 4.925305243617339457e-01 2.592434825038187340e-01
-1.250000000000000000e+00 2.500000000000000000e-01 9.677320311133316144e-01 9.937082066683347037e-01 -2.597617555500308928e-02 4.849660472686473378e-01 4.815056939676906622e-01 2.684364009743347435e-01
-1.000000000000000000e+00 2.500000000000000000e-01 9.541708397005908004e-01 9.611576353543698215e-01 -6.986795653779021009e-03 4.041093460675482252e-01 4.207765824691032663e-01 2.916146011254479031e-01
-7.500000000000000000e-01 2.500000000000000000e-01 9.039511627188340226e-01 8.589854480723154717e-01 4.496571464651855088e-02 2.538957083578614049e-01 3.163410247866760838e-01 2.744803434885174642e-01
-5.000000000000000000e-01 2.500000000000000000e-01 8.931749161662376757e-01 8.541662601625016338e-01 3.900865600373604192e-02 2.506494241775583109e-01 3.161647460651125230e-01 2.829901687951180134e-01
-2.500000000000000000e-01 2.500000000000000000e-01 8.839213085676391746e-01 8.311822904754402330e-01 5.273901809219894155e-02 2.253615106010383728e-01 2.964945862282962197e-01 2.718717158922260846e-01
0.000000000000000000e+00 2.500000000000000000e-01 8.904545259319052164e-01 8.416650165000304495e-01 4.878950943187476685e-02 2.533402181529053609e-01 3.122464830115125878e-01 2.672833214252752221e-01
2.500000000000000000e-01 2.500000000000000000e-01 9.217795336275534934e-01 8.837284650841614742e-01 3.805106854339201927e-02 3.108582801121809180e-01 3.511711073925563031e-01 2.508765752856564890e-01
5.000000000000000000e-01 2.500000000000000000e-01 9.401407485136068498e-01 9.576304088739014952e-01 -1.748966036029464544e-02 3.827405263684097170e-01 4.109061876685414783e-01 2.633067348190059609e-01
7.500000000000000000e-01 2.500000000000000000e-01 9.606643431122098287e-01 9.877570551507081076e-01 -2.709271203849827891e-02 4.312198223901410055e-01 4.496215507056371963e-01 2.623565019276978827e-01
1.000000000000000000e+00 2.500000000000000000e-01 9.640938078780580955e-01 9.986470848102443343e-01 -3.455327693218623875e-02 5.142966533594314216e-01 5.118946486328718182e-01 2.685711781821072397e-01
1.250000000000000000e+00 2.500000000000000000e-01 9.536576493343909000e-01 9.967948635501723276e-01 -4.313721421578142756e-02 5.411879476951960699e-01 5.308470386668547869e-01 2.707371565885287601e-01
1.500000000000000000e+00 2.500000000000000000e-01 9.651352600870281018e-01 9.999919999679970362e-01 -3.485673988096893439e-02 4.862564578868890930e-01 4.958827811862249746e-01 2.803600001761644145e-01
1.750000000000000000e+00 2.500000000000000000e-01 9.724417992100208297e-01 9.998719918069520762e-01 -2.743019259693124656e-02 5.057317128700692388e-01 5.054221002132172069e-01 2.749141804268525613e-01
2.000000000000000000e+00 2.500000000000000000e-01 9.566589971334947817e-01 9.957590069891356643e-01 -3.910000985564088261e-02 4.577995727395163250e-01 4.686266369043609048e-01 2.838276832949571116e-01
-2.000000000000000000e+00 5.000000000000000000e-01 9.489855392682233770e-01 9.781288258711163808e-01 -2.914328660289300377e-02 5.760717482007537971e-01 5.554895724875226204e-01 2.639034568855745944e-01
-1.750000000000000000e+00 5.000000000000000000e-01 9.564314986779006711e-01 9.941508939793781696e-01 -3.771939530147749853e-02 5.554566931616964354e-01 5.420222273566530635e-01 2.575987932482710630e-01
-1.500000000000000000e+00 5.000000000000000000e-01 9.602329837911306454e-01 9.998719918069519652e-01 -3.963900801582131983e-02 5.179374315011766594e-01 5.094353224543705094e-01 2.604959103338417292e-01
-1.250000000000000000e+00 5.000000000000000000e-01 9.548809099554237401e-01 9.588242800430113455e-01 -3.943370087587605433e-03 3.796304203603302341e-01 4.060340385002380592e-01 2.667882170713108958e-01
-1.000000000000000000e+00 5.000000000000000000e-01 9.135905251653251291e-01 8.705951987002894521e-01 4.299532646503567701e-02 2.903399038791606990e-01 3.368714176615851263e-01 2.646660133131826798e-01
-7.500000000000000000e-01 5.000000000000000000e-01 8.639400645055563821e-01 7.650254897714163782e-01 9.891457473414000390e-02 2.180496884986658501e-01 2.808484166386981395e-01 2.676670338233992918e-01
-5.000000000000000000e-01 5.000000000000000000e-01 8.523812171224404155e-01 8.029844332239568505e-01 4.939678389848356499e-02 1.822277894444618851e-01 2.646453404422452471e-01 2.800451884065490726e-01
-2.500000000000000000e-01 5.000000000000000000e-01 8.400966915734473517e-01 7.939370252104370751e-01 4.615966636301027659e-02 1.666472296197460956e-01 2.585868274859265403e-01 2.729654633779970974e-01
0.000000000000000000e+00 5.000000000000000000e-01 8.335233234023919913e-01 8.000000000000011546e-01 3.352332340239083663e-02 1.958303261636814563e-01 2.749017338626169038e-01 2.794291320415807633e-01
2.500000000000000000e-01 5.000000000000000000e-01 9.147934965975494936e-01 8.517182632772437589e-01 6.307523332030573471e-02 2.493053290487284024e-01 3.104557072198639300e-01 2.665782111956724876e-01
5.000000000000000000e-01 5.000000000000000000e-01 9.058965653465207435e-01 8.879189152169253418e-01 1.797765012959540165e-02 3.073065539208686414e-01 3.509148918999938083e-01 2.466974664443949972e-01
7.500000000000000000e-01 5.000000000000000000e-01 9.356141692245942831e-01 9.576304088739021614e-01 -2.201623964930787825e-02 3.628151869533578489e-01 3.976705942378528369e-01 2.506078347100169079e-01
1.000000000000000000e+00 5.000000000000000000e-01 9.530328972812903698e-01 9.889873608899182322e-01 -3.595446360862786239e-02 4.491167312359706787e-01 4.609232117846052135e-01 2.452500676544318858e-01
1.250000000000000000e+00 5.000000000000000000e-01 9.627236431605911138e-01 9.974046320325530290e-01 -3.468098887196191527e-02 4.717160068189317768e-01 4.803296312219039743e-01 2.747801091048518440e-01
1.500000000000000000e+00 5.000000000000000000e-01 9.632643352208968279e-01 9.997999799959949030e-01 -3.653564477509807507e-02 5.103099817041273356e-01 5.054396748979573806e-01 2.836812512258827801e-01
1.750000000000000000e+00 5.000000000000000000e-01 9.653827217772780189e-01 9.996079231378690588e-01 -3.422520136059103990e-02 4.816562340536680309e-01 4.874398065549689907e-01 2.715459465450557608e-01
2.000000000000000000e+00 5.000000000000000000e-01 9.667895124832398546e-01 9.993517899118461445e-01 -3.256227742860628993e-02 4.835846000006456258e-01 4.859269765937450081e-01 2.873266503709362985e-01
-2.000000000000000000e+00 7.500000000000000000e-01 9.642141383308837632e-01 9.697752316903093250e-01 -5.561093359425561822e-03 5.966078521126157996e-01 5.709054801272427371e-01 2.568630511426502894e-01
-1.750000000000000000e+00 7.500000000000000000e-01 9.693696234692207314e-01 9.857869952479593190e-01 -1.641737177873858755e-02 5.647472889598251777e-01 5.471143359552179675e-01 2.622243920269207162e-01
-1.500000000000000000e+00 7.500000000000000000e-01 9.618423440993751905e-01 9.957590069891357754e-01 -3.391666288976058485e-02 4.785512677965572670e-01 4.767877016315034688e-01 2.648799576332125927e-01
-1.250000000000000000e+00 7.500000000000000000e-01 9.251791912110676197e-01 9.329523031752521289e-01 -7.773111964184509226e-03 3.484420615018273826e-01 3.837545733876837617e-01 2.560907410007190466e-01
-1.000000000000000000e+00 7.500000000000000000e-01 9.068013371941162637e-01 8.117536572138092099e-01 9.504767998030705378e-02 2.658965609918203521e-01 3.176867533779820785e-01 2.660029895303804293e-01
-7.500000000000000000e-01 7.500000000000000000e-01 8.360148710471601019e-01 7.908577621797749924e-01 4.515710886738510954e-02 1.777411745012141830e-01 2.602464930168231771e-01 2.642230028198173097e-01
-5.000000000000000000e-01 7.500000000000000000e-01 7.954566520251584727e-01 6.939740629158963614e-01 1.014825891092621113e-01 1.166609924951655525e-01 2.071150052179797918e-01 2.572546244243743008e-01
-2.500000000000000000e-01 7.500000000000000000e-01 7.748861272278182444e-01 7.062124326291605581e-01 6.867369459865768633e-02 1.022763147300432551e-01 1.937416836295850486e-01 2.607797714901062824e-01
0.000000000000000000e+00 7.500000000000000000e-01 8.103105601661365620e-01 7.405511461067358914e-01 6.975941405940067064e-02 1.442551592512029968e-01 2.297976080968188728e-01 2.569581075263936421e-01
2.500000000000000000e-01 7.500000000000000000e-01 8.754668773550144945e-01 8.059379628730755085e-01 6.952891448193898594e-02 2.044818328438496591e-01 2.822773015135067176e-01 2.768016211944858695e-01
5.000000000000000000e-01 7.500000000000000000e-01 9.062993304012674223e-01 8.794452797076157680e-01 2.685405069365165431e-02 2.738435304164633100e-01 3.283917659006206358e-01 2.696625088604631681e-01
7.500000000000000000e-01 7.500000000000000000e-01 9.445930706944045685e-01 9.344859549506356888e-01 1.010711574376887967e-02 3.500840751820125663e-01 3.847900180249369528e-01 2.513861901874353544e-01
1.000000000000000000e+00 7.500000000000000000e-01 9.392213333890688798e-01 9.806038955663961554e-01 -4.138256217732727560e-02 4.130843597645552090e-01 4.339721786456512964e-01 2.493730562697071274e-01
1.250000000000000000e+00 7.500000000000000000e-01 9.670647994902705769e-01 9.945772971468858081e-01 -2.751249765661523128e-02 4.461439397955277442e-01 4.617879935303194072e-01 2.759350011937438674e-01
1.500000000000000000e+00 7.500000000000000000e-01 9.652044330080372658e-01 9.927738916792685497e-01 -2.756945867123128391e-02 4.705482555068686290e-01 4.749545951870664529e-01 2.683155741531891292e-01
1.750000000000000000e+00 7.500000000000000000e-01 9.632316309680520883e-01 9.986470848102441122e-01 -3.541545384219202397e-02 5.047300627005877338e-01 5.066139064301492523e-01 2.741132496586047851e-01
2.000000000000000000e+00 7.500000000000000000e-01 9.578049709711875526e-01 9.979498985420057755e-01 -4.014492757081822294e-02 4.772466926267453502e-01 4.834406776506078307e-01 2.736350072603633832e-01
-2.000000000000000000e+00 1.000000000000000000e+00 9.572773085097577850e-01 9.727157858285258030e-01 -1.543847731876801799e-02 6.268589192879815419e-01 5.875147987370014091e-01 2.686045800517007920e-01
-1.750000000000000000e+00 1.000000000000000000e+00 9.614287355472723728e-01 9.991996797437441291e-01 -3.777094419647175627e-02 5.320140711671011990e-01 5.215658786097827626e-01 2.488934180249852135e-01
-1.500000000000000000e+00 1.000000000000000000e+00 9.635334161083224380e-01 9.917741678426553742e-01 -2.824075173433293617e-02 4.480408301957267692e-01 4.599309537074962040e-01 2.501281207690482233e-01
-1.250000000000000000e+00 1.000000000000000000e+00 9.129618434217204870e-01 8.750679973579181814e-01 3.789384606380230558e-02 3.079124288330152281e-01 3.485076007984929669e-01 2.453165470728265463e-01
-1.000000000000000000e+00 1.000000000000000000e+00 8.861139102177036930e-01 7.877461520058344213e-01 9.836775821186927171e-02 2.086196983054494913e-01 2.726743705569426024e-01 2.548281879144365658e-01
-7.500000000000000000e-01 1.000000000000000000e+00 8.465264310014342097e-01 7.218974996493623397e-01 1.246289313520718700e-01 1.388340071622738148e-01 2.259565520972146857e-01 2.569958372619502995e-01
-5.000000000000000000e-01 1.000000000000000000e+00 7.965908753408735832e-01 7.294820080029362774e-01 6.710886733793730574e-02 1.011862189319997496e-01 2.026182934294519788e-01 2.682816308188611942e-01
-2.500000000000000000e-01 1.000000000000000000e+00 7.394785119694246012e-01 6.545716156388101670e-01 8.490689633061443420e-02 8.678729471506999027e-02 1.821117813107537287e-01 2.577121755218061416e-01
0.000000000000000000e+00 1.000000000000000000e+00 8.419980870047303334e-01 7.512655988397166640e-01 9.073248816501366942e-02 1.159746625616457222e-01 2.221499060927333291e-01 2.766663011778235925e-01
2.500000000000000000e-01 1.000000000000000000e+00 8.496911863268802323e-01 7.814243405474389226e-01 6.826684577944130972e-02 1.678002235597891301e-01 2.549744582720405162e-01 2.668269382703711834e-01
5.000000000000000000e-01 1.000000000000000000e+00 8.918603479264223255e-01 8.202536193153913135e-01 7.160672861103101194e-02 2.271780765836984295e-01 2.990583824355657061e-01 2.677510087728498522e-01
7.500000000000000000e-01 1.000000000000000000e+00 9.203423175414955359e-01 9.182505104817563213e-01 2.091807059739214658e-03 3.311545866325956711e-01 3.736200419149396379e-01 2.645858757362363756e-01
1.000000000000000000e+00 1.000000000000000000e+00 9.593729377408550807e-01 9.889873608899182322e-01 -2.961442314906315154e-02 4.284568182925649338e-01 4.515905164314233389e-01 2.695652200776669227e-01
1.250000000000000000e+00 1.000000000000000000e+00 9.544000032831313485e-01 9.979498985420059975e-01 -4.354989525887464907e-02 4.755439673183569638e-01 4.818620659159791875e-01 2.621773068011521990e-01
1.500000000000000000e+00 1.000000000000000000e+00 9.583474137348012567e-01 9.976853211308690517e-01 -3.933790739606779496e-02 4.826262246845027803e-01 4.867523843162809283e-01 2.625519962319493028e-01
1.750000000000000000e+00 1.000000000000000000e+00 9.641127343852373688e-01 9.988473356824822957e-01 -3.473460129724492695e-02 4.994881031251739989e-01 4.953264584337161436e-01 2.624877661301820431e-01
2.000000000000000000e+00 1.000000000000000000e+00 9.642732504300708385e-01 9.981983770774244258e-01 -3.392512664735358729e-02 5.064677310153348211e-01 4.994886336323111631e-01 2.640659509930660120e-01
-2.000000000000000000e+00 1.250000000000000000e+00 9.565697794791396813e-01 9.857869952479596520e-01 -2.921721576881997073e-02 5.967890571876585115e-01 5.627763215372445504e-01 2.616393484586201357e-01
-1.750000000000000000e+00 1.250000000000000000e+00 9.595156343543801425e-01 9.895776877031930985e-01 -3.006205334881295599e-02 5.561720783193606632e-01 5.394682313348204694e-01 2.582161116902599307e-01
-1.500000000000000000e+00 1.250000000000000000e+00 9.673778662840382125e-01 9.836666101886342162e-01 -1.628874390459600363e-02 4.286596763042553326e-01 4.461890830854436385e-01 2.623517814625817568e-01
-1.250000000000000000e+00 1.250000000000000000e+00 8.934089311538249145e-01 8.660254037844385966e-01 2.738352736938631793e-02 2.689858131548397147e-01 3.270874162985430433e-01 2.507552662796392884e-01
-1.000000000000000000e+00 1.250000000000000000e+00 7.986748737581155222e-01 7.062124326291604470e-01 9.246244112895507516e-02 1.633132184268370202e-01 2.359925303458787760e-01 2.279065844372770155e-01
-7.500000000000000000e-01 1.250000000000000000e+00 7.319284541578299219e-01 6.307329070216619593e-01 1.011955471361679626e-01 9.587225750465055985e-02 1.822122340389173700e-01 2.358397238751796243e-01
-5.000000000000000000e-01 1.250000000000000000e+00 6.908316163144244682e-01 5.780519007840018153e-01 1.127797155304226528e-01 6.606960777620089764e-02 1.520426844221003659e-01 2.230381215032942177e-01
-2.500000000000000000e-01 1.250000000000000000e+00 7.461451712564459715e-01 6.307329070216619593e-01 1.154122642347840122e-01 6.865989424897749049e-02 1.599971049022511360e-01 2.341124682663193457e-01
0.000000000000000000e+00 1.250000000000000000e+00 7.489299368004969093e-01 6.499230723708778745e-01 9.900686442961903477e-02 8.674702157182391515e-02 1.824150649621412990e-01 2.458571092519223900e-01
2.500000000000000000e-01 1.250000000000000000e+00 8.073921474464257342e-01 7.062124326291606691e-01 1.011797148172650651e-01 1.235487368158456056e-01 2.139476991733667843e-01 2.434506069997277589e-01
5.000000000000000000e-01 1.250000000000000000e+00 8.513058579087446898e-01 7.939370252104362979e-01 5.736883269830839183e-02 1.839268274453884078e-01 2.667734046593620567e-01 2.653755871496285557e-01
7.500000000000000000e-01 1.250000000000000000e+00 9.241842590995803519e-01 8.728436286070920813e-01 5.134063049248827060e-02 2.948532440250513642e-01 3.416318375971663657e-01 2.635734424139464793e-01
1.000000000000000000e+00 1.250000000000000000e+00 9.490091998361422920e-01 9.474175425861599553e-01 1.591657249982336708e-03 3.725384558163304383e-01 4.042558791845455302e-01 2.621699644630628989e-01
1.250000000000000000e+00 1.250000000000000000e+00 9.500982091443107569e-01 9.945772971468858081e-01 -4.447908800257505124e-02 4.615368094954178102e-01 4.714918946398164445e-01 2.584848789524012980e-01
1.500000000000000000e+00 1.250000000000000000e+00 9.682772830010483167e-01 9.998719918069520762e-01 -3.159470880590375952e-02 4.972571015604766442e-01 5.011596292349770332e-01 2.638135313110571700e-01
1.750000000000000000e+00 1.250000000000000000e+00 9.662047090783867365e-01 9.945772971468858081e-01 -2.837258806849907167e-02 5.457524366849278996e-01 5.295269950701786410e-01 2.623249546945201072e-01
2.000000000000000000e+00 1.250000000000000000e+00 9.556012486499789738e-01 9.996079231378685037e-01 -4.400667448788952996e-02 5.244517048086182465e-01 5.145625675540894672e-01 2.734914808912322637e-01
-2.000000000000000000e+00 1.500000000000000000e+00 9.419487073767548457e-01 9.781288258711164918e-01 -3.618011849436164606e-02 5.880313938665862050e-01 5.667409310952692403e-01 2.709749952730173272e-01
-1.750000000000000000e+00 1.500000000000000000e+00 9.644079403306305975e-01 9.971078176406004134e-01 -3.269987730996981590e-02 5.381905652090092085e-01 5.275758717746391602e-01 2.538145268077186545e-01
-1.500000000000000000e+00 1.500000000000000000e+00 9.511270001209969349e-01 9.864603387871175855e-01 -3.533333866612065055e-02 4.104230221074068319e-01 4.380077387343633277e-01 2.581610791113159165e-01
-1.250000000000000000e+00 1.500000000000000000e+00 9.005410141739672580e-01 8.837284650841610301e-01 1.681254908980622798e-02 2.840033643693205545e-01 3.400596133003953581e-01 2.516487662990983254e-01
-1.000000000000000000e+00 1.500000000000000000e+00 8.621765960393489303e-01 7.441612728434601198e-01 1.180153231958888105e-01 1.612898730887068199e-01 2.411966766962241049e-01 2.380633591926968884e-01
-7.500000000000000000e-01 1.500000000000000000e+00 7.407860932560050848e-01 5.102940328869205455e-01 2.304920603690845393e-01 9.184882394273291562e-02 1.654814954665616289e-01 1.956475670510317566e-01
-5.000000000000000000e-01 1.500000000000000000e+00 7.701085860873881916e-01 6.307329070216620703e-01 1.393756790657261213e-01 7.360944506314660851e-02 1.711176494498828082e-01 2.412749718490878326e-01
-2.500000000000000000e-01 1.500000000000000000e+00 7.352965681805512244e-01 6.052966215005689543e-01 1.299999466799822700e-01 6.488235097440959998e-02 1.561190108801292498e-01 2.254420080893201894e-01
0.000000000000000000e+00 1.500000000000000000e+00 7.430441536907420597e-01 6.636987268331903111e-01 7.934542685755174851e-02 8.818758050106120794e-02 1.889058974971795923e-01 2.469740664224244209e-01
2.500000000000000000e-01 1.500000000000000000e+00 8.150540440424628441e-01 7.180417815141363347e-01 9.701226252832650943e-02 1.235976769462148461e-01 2.164672883303907780e-01 2.520136420657654308e-01
5.000000000000000000e-01 1.500000000000000000e+00 8.786645541831726858e-01 8.416650165000294503e-01 3.699953768314323543e-02 2.044098729979402229e-01 2.889565435338439237e-01 2.787348026755687713e-01
7.500000000000000000e-01 1.500000000000000000e+00 9.236053289010458522e-01 8.815985480931755047e-01 4.200678080787034752e-02 2.704380453878796886e-01 3.352885802888198041e-01 2.660909519929446354e-01
1.000000000000000000e+00 1.500000000000000000e+00 9.506716281814812097e-01 9.634189120003792128e-01 -1.274728381889800310e-02 3.699453528911401667e-01 4.077985007568828979e-01 2.739972598645684654e-01
1.250000000000000000e+00 1.500000000000000000e+00 9.556785574535161532e-01 9.979498985420057755e-01 -4.227134108848962235e-02 4.646097756108433230e-01 4.735434895486596019e-01 2.599237007949793399e-01
1.500000000000000000e+00 1.500000000000000000e+00 9.676336048277197621e-01 9.999279974078089106e-01 -3.229439258008914848e-02 5.040043565201455245e-01 5.018299719007912607e-01 2.702481738895334273e-01
1.750000000000000000e+00 1.500000000000000000e+00 9.556230969539971642e-01 9.981983770774243148e-01 -4.257528012342715051e-02 5.406716447221905364e-01 5.267847579894912036e-01 2.557779177212098909e-01
2.000000000000000000e+00 1.500000000000000000e+00 9.663296221847273992e-01 9.993517899118461445e-01 -3.302216772711874526e-02 5.209011912451615434e-01 5.172323297805704323e-01 2.617272108421980770e-01
-2.000000000000000000e+00 1.750000000000000000e+00 9.580682540523504098e-01 9.500821017154230663e-01 7.986152336927343498e-03 6.142334418403510021e-01 5.857113280807741962e-01 2.601725599505836373e-01
-1.750000000000000000e+00 1.750000000000000000e+00 9.719609878378275836e-01 9.997999799959949030e-01 -2.783899215816731942e-02 5.044354549205678495e-01 5.004510771946958370e-01 2.691235614369159590e-01
-1.500000000000000000e+00 1.750000000000000000e+00 9.601042461320409283e-01 9.687600322061141744e-01 -8.655786074073246184e-03 4.181808534116699394e-01 4.325508010134269665e-01 2.528509260555477089e-01
-1.250000000000000000e+00 1.750000000000000000e+00 9.163373279037648755e-01 8.794452797076158790e-01 3.689204819614899655e-02 2.770730009734520549e-01 3.348626147301991818e-01 2.512893290475057828e-01
-1.000000000000000000e+00 1.750000000000000000e+00 8.162619568715275831e-01 7.141428428542859752e-01 1.021191140172416079e-01 1.557396403532718410e-01 2.344811683619689446e-01 2.322802626171210361e-01
-7.500000000000000000e-01 1.750000000000000000e+00 7.645612272808395282e-01 6.156752390668295272e-01 1.488859882140100011e-01 9.919946288125371103e-02 1.856738036751175436e-01 2.236432230183590386e-01
-5.000000000000000000e-01 1.750000000000000000e+00 7.241232951179230604e-01 5.999999999999995337e-01 1.241232951179235267e-01 6.574102796961479866e-02 1.498304542007105888e-01 2.068093166639839997e-01
-2.500000000000000000e-01 1.750000000000000000e+00 7.364857704142704353e-01 6.499230723708783186e-01 8.656269804339211671e-02 6.690506054640521505e-02 1.603340309055588941e-01 2.297138420498097411e-01
0.000000000000000000e+00 1.750000000000000000e+00 7.305718800040962302e-01 5.836574337742995722e-01 1.469144462297966580e-01 6.942174080294301330e-02 1.559668292718751903e-01 2.139398079544145292e-01
2.500000000000000000e-01 1.750000000000000000e+00 7.223061769037706359e-01 6.636987268331904222e-01 5.860745007058021372e-02 1.027749232152371933e-01 1.978520749431222914e-01 2.482493082080963753e-01
5.000000000000000000e-01 1.750000000000000000e+00 7.745683744744213950e-01 6.769815359372780561e-01 9.758683853714333889e-02 1.450643581773576607e-01 2.255619977567019652e-01 2.242257910606220428e-01
7.500000000000000000e-01 1.750000000000000000e+00 8.795798681047124479e-01 8.728436286070918593e-01 6.736239497620588601e-03 2.492751160398951060e-01 3.197970095982627381e-01 2.561511301818147901e-01
1.000000000000000000e+00 1.750000000000000000e+00 9.286361177418832602e-01 9.404254356407005799e-01 -1.178931789881731973e-02 3.302613699556460891e-01 3.803371464391326340e-01 2.700382387032065346e-01
1.250000000000000000e+00 1.750000000000000000e+00 9.605365656969256927e-01 9.829262434180943142e-01 -2.238967772116862154e-02 4.064172796162479062e-01 4.338644875034999848e-01 2.666545014164389271e-01
1.500000000000000000e+00 1.750000000000000000e+00 9.631272638089907190e-01 9.961204746414960010e-01 -3.299321083250528197e-02 4.695950295333726765e-01 4.771327219196251357e-01 2.655435206544675131e-01
1.750000000000000000e+00 1.750000000000000000e+00 9.664599707582008925e-01 9.993517899118461445e-01 -3.289181915364525199e-02 4.951194507349426788e-01 4.967636071401378972e-01 2.618153884727928982e-01
2.000000000000000000e+00 1.750000000000000000e+00 9.524582581454344998e-01 9.927738916792683277e-01 -4.031563353383382786e-02 5.575820454685509464e-01 5.418620178213415794e-01 2.707334393064424471e-01
-2.000000000000000000e+00 2.000000000000000000e+00 9.505255462487276485e-01 9.836666101886342162e-01 -3.314106393990656763e-02 6.078142954915697338e-01 5.756898923593708473e-01 2.638951432900873972e-01
-1.750000000000000000e+00 2.000000000000000000e+00 9.659615370573418902e-01 9.941508939793782806e-01 -2.818935692203639043e-02 5.584742227836851924e-01 5.405161355787619915e-01 2.567777792481968913e-01
-1.500000000000000000e+00 2.000000000000000000e+00 9.588933322534721748e-01 9.976853211308691627e-01 -3.879198887739698787e-02 4.453906720505971251e-01 4.645095196712129559e-01 2.633567004709656545e-01
-1.250000000000000000e+00 2.000000000000000000e+00 9.066872863218783385e-01 8.899797750510946015e-01 1.670751127078373699e-02 2.805386848808731348e-01 3.408636968407520174e-01 2.610333181461299557e-01
-1.000000000000000000e+00 2.000000000000000000e+00 8.560953090524133779e-01 7.650254897714163782e-01 9.106981928099699974e-02 1.906951260048753705e-01 2.575628679544561539e-01 2.341673942715140344e-01
-7.500000000000000000e-01 2.000000000000000000e+00 7.453450865892965460e-01 6.156752390668287500e-01 1.296698475224677960e-01 1.206351977219909943e-01 1.990683847250749317e-01 2.171208748075584283e-01
-5.000000000000000000e-01 2.000000000000000000e+00 7.659361125617949462e-01 6.769815359372787222e-01 8.895457662451622394e-02 1.079381096893994169e-01 1.964521894738354701e-01 2.282141645634306881e-01
-2.500000000000000000e-01 2.000000000000000000e+00 7.003285131915318873e-01 5.487294415283341387e-01 1.515990716631977486e-01 6.932630973664030694e-02 1.507455141584906066e-01 2.034814635135795413e-01
0.000000000000000000e+00 2.000000000000000000e+00 7.184371479103811575e-01 6.207608235061254920e-01 9.767632440425566553e-02 8.733141190006286914e-02 1.740935187727056244e-01 2.143106093202997720e-01
2.500000000000000000e-01 2.000000000000000000e+00 8.062284571041504755e-01 7.369016216565125177e-01 6.932683544763795780e-02 1.230140222782554887e-01 2.217985045907847619e-01 2.506169785309587117e-01
5.000000000000000000e-01 2.000000000000000000e+00 8.431248811931106868e-01 7.477325725150689717e-01 9.539230867804171510e-02 1.672002738648754039e-01 2.478444039369477325e-01 2.432583902595547576e-01
7.500000000000000000e-01 2.000000000000000000e+00 8.453630654400244859e-01 8.088609274776473734e-01 3.650213796237711250e-02 2.213710271579562294e-01 2.885425625552456297e-01 2.488644195471507448e-01
1.000000000000000000e+00 2.000000000000000000e+00 9.409620864346658342e-01 9.389696480717583116e-01 1.992438362907522631e-03 3.250315459576260113e-01 3.764070997112912154e-01 2.748807688234715663e-01
1.250000000000000000e+00 2.000000000000000000e+00 9.473973332339178377e-01 9.645226798784981570e-01 -1.712534664458031930e-02 3.772032822223961301e-01 4.094353466578399825e-01 2.561212895410941992e-01
1.500000000000000000e+00 2.000000000000000000e+00 9.661151822474911555e-01 9.941508939793780586e-01 -2.803571173188690313e-02 4.651763985292566850e-01 4.712344397682000641e-01 2.581038689819676879e-01
1.750000000000000000e+00 2.000000000000000000e+00 9.653918998641799476e-01 9.991996797437439071e-01 -3.380777987956395947e-02 4.977853507904039243e-01 4.948965879211890684e-01 2.619422477904101432e-01
2.000000000000000000e+00 2.000000000000000000e+00 9.689433501559986395e-01 9.999919999679973692e-01 -3.104864981199872975e-02 4.924437163834997078e-01 4.960778920248265500e-01 2.656944377816677916e-01
-2.000000000000000000e+00 2.250000000000000000e+00 9.589726675841222514e-01 9.763933633531142187e-01 -1.742069576899196726e-02 6.272482440427390449e-01 5.913093665339665961e-01 2.572709835699637515e-01
-1.750000000000000000e+00 2.250000000000000000e+00 9.599737336190992121e-01 9.932492134404103945e-01 -3.327547982131118243e-02 5.635882068673162548e-01 5.428747656903323282e-01 2.661712828355262128e-01
-1.500000000000000000e+00 2.250000000000000000e+00 9.579888940865081137e-01 9.971078176406000804e-01 -3.911892355409196664e-02 4.643781385906005088e-01 4.760021683502086987e-01 2.583320233227215379e-01
-1.250000000000000000e+00 2.250000000000000000e+00 9.297089122502704139e-01 9.266196630764992337e-01 3.089249173771180246e-03 3.181832944553877884e-01 3.703967451662820709e-01 2.634215814940156775e-01
-1.000000000000000000e+00 2.250000000000000000e+00 9.080563626123355769e-01 8.442179813294667934e-01 6.383838128286878355e-02 2.378281450692332488e-01 3.094373351729924893e-01 2.581587749199577564e-01
-7.500000000000000000e-01 2.250000000000000000e+00 7.994941215368033260e-01 7.257106861553020982e-01 7.378343538150122782e-02 1.414522403634767833e-01 2.283597798374376875e-01 2.361954487377468936e-01
-5.000000000000000000e-01 2.250000000000000000e+00 7.460385156718742916e-01 6.545716156388100559e-01 9.146690003306423566e-02 1.015128940751518494e-01 1.956870641562923341e-01 2.340497399814684409e-01
-2.500000000000000000e-01 2.250000000000000000e+00 8.161481395197366373e-01 6.897999710060892520e-01 1.263481685136473853e-01 1.052687907143680657e-01 1.993062487236806346e-01 2.289540313357473211e-01
0.000000000000000000e+00 2.250000000000000000e+00 7.537909221920625624e-01 7.021794642397333197e-01 5.161145795232924272e-02 1.051537627055636748e-01 2.017848194231182946e-01 2.322690846056587877e-01
2.500000000000000000e-01 2.250000000000000000e+00 7.835752435060886478e-01 6.356225294937259962e-01 1.479527140123626516e-01 1.190445729936256830e-01 1.990564035460023751e-01 2.166725801335386281e-01
5.000000000000000000e-01 2.250000000000000000e+00 8.406689525900503668e-01 7.582189657348348266e-01 8.244998685521554016e-02 1.713791743090896935e-01 2.569696947806898724e-01 2.521489101744009975e-01
7.500000000000000000e-01 2.250000000000000000e+00 8.864551782258156543e-01 8.284926070883213978e-01 5.796257113749425649e-02 2.288913237254941169e-01 3.026708249482846780e-01 2.554029105060303118e-01
1.000000000000000000e+00 2.250000000000000000e+00 9.143493544239658100e-01 8.960267853139227689e-01 1.832256911004304101e-02 2.996092777636917281e-01 3.535027606107499221e-01 2.650318800596561108e-01
1.250000000000000000e+00 2.250000000000000000e+00 9.508299445153228779e-01 9.656086163658633703e-01 -1.477867185054049237e-02 3.741449760186836282e-01 4.107925869429214227e-01 2.630806754707953332e-01
1.500000000000000000e+00 2.250000000000000000e+00 9.471148374483286947e-01 9.883804935347548781e-01 -4.126565608642618344e-02 4.384204235150473417e-01 4.511359635823927183e-01 2.501137040635303399e-01
1.750000000000000000e+00 2.250000000000000000e+00 9.689257245275165742e-01 9.986470848102438902e-01 -2.972136028272731600e-02 4.782552952667203372e-01 4.853980882742935377e-01 2.702524951891003835e-01
2.000000000000000000e+00 2.250000000000000000e+00 9.649212558969262332e-01 9.999919999679977023e-01 -3.507074407107146907e-02 4.847711422147431559e-01 4.924413234632296632e-01 2.678367073398557063e-01
-2.000000000000000000e+00 2.500000000000000000e+00 9.521601127582784985e-01 9.576304088739018283e-01 -5.470296115623329847e-03 6.124513806828965068e-01 5.836455436439569322e-01 2.519994909841192232e-01
-1.750000000000000000e+00 2.500000000000000000e+00 9.705180536886729437e-01 9.957590069891356643e-01 -2.524095330046272068e-02 5.613356225317307491e-01 5.404663584141110588e-01 2.661346025135197246e-01
-1.500000000000000000e+00 2.500000000000000000e+00 9.619776771656861625e-01 9.949874371066186329e-01 -3.300975994093247046e-02 4.594943689323011116e-01 4.703873874046352044e-01 2.573650134895808517e-01
-1.250000000000000000e+00 2.500000000000000000e+00 9.426466629743172065e-01 9.418619856433344539e-01 7.846773309827526077e-04 3.329321559154834742e-01 3.818380983321014721e-01 2.664912995284325348e-01
-1.000000000000000000e+00 2.500000000000000000e+00 9.152298630663385781e-01 8.837284650841612521e-01 3.150139798217732601e-02 2.856646140016713131e-01 3.395750555222774580e-01 2.463663923433870862e-01
-7.500000000000000000e-01 2.500000000000000000e+00 8.605868815096642255e-01 7.814243405474384785e-01 7.916254096222574699e-02 1.862293818900218612e-01 2.579153115901310911e-01 2.333044861047446350e-01
-5.000000000000000000e-01 2.500000000000000000e+00 8.441237517898338982e-01 7.477325725150678615e-01 9.639117927476603676e-02 1.633077193718054099e-01 2.479738784043269695e-01 2.409870650595921371e-01
-2.500000000000000000e-01 2.500000000000000000e+00 7.555735741451143905e-01 6.681796165702764689e-01 8.739395757483792160e-02 1.176750485437025040e-01 2.019911713465066816e-01 2.235277246242728388e-01
0.000000000000000000e+00 2.500000000000000000e+00 7.722782870574342873e-01 6.769815359372782781e-01 9.529675112015600913e-02 1.308026369327082161e-01 2.122291032648745412e-01 2.237438635475857696e-01
2.500000000000000000e-01 2.500000000000000000e+00 7.656970617549903046e-01 6.681796165702769130e-01 9.751744518471339163e-02 1.318500822876932654e-01 2.142306330229593603e-01 2.173162734399844143e-01
5.000000000000000000e-01 2.500000000000000000e+00 8.571154716531009798e-01 8.202536193153912025e-01 3.686185233770977732e-02 2.058406749634688337e-01 2.821625085789205012e-01 2.462295671956503396e-01
7.500000000000000000e-01 2.500000000000000000e+00 8.697447055561134954e-01 8.230285535751447057e-01 4.671615198096878974e-02 2.283246562527158630e-01 2.975849733997156799e-01 2.486865476923439677e-01
1.000000000000000000e+00 2.500000000000000000e+00 9.050014827265755457e-01 9.037787339830435362e-01 1.222748743532009463e-03 2.952299308227796515e-01 3.506086869528786121e-01 2.556834203337903233e-01
1.250000000000000000e+00 2.500000000000000000e+00 9.455942329847857319e-01 9.374945333173901885e-01 8.099699667395543479e-03 3.583627658623748657e-01 3.937807445820743490e-01 2.595017587910918855e-01
1.500000000000000000e+00 2.500000000000000000e+00 9.577094773013216100e-01 9.772696659571534772e-01 -1.956018865583186717e-02 4.103614159816149076e-01 4.340235589155253537e-01 2.574849427068389707e-01
1.750000000000000000e+00 2.500000000000000000e+00 9.466820653426351040e-01 9.953813339620097844e-01 -4.869926861937468043e-02 4.650488576116905137e-01 4.726911802948663421e-01 2.627466560162664555e-01
2.000000000000000000e+00 2.500000000000000000e+00 9.576678747712351614e-01 9.961204746414957789e-01 -3.845259987026061754e-02 4.558787641544893576e-01 4.692628004214153825e-01 2.604577726704486729e-01
-2.000000000000000000e+00 2.750000000000000000e+00 9.514520744878134373e-01 9.889873608899182322e-01 -3.753528640210479494e-02 5.739254179036785697e-01 5.575472533608746284e-01 2.643160111452104166e-01
-1.750000000000000000e+00 2.750000000000000000e+00 9.626095601981231598e-01 9.949874371066185219e-01 -3.237787690849536215e-02 5.380973188529026840e-01 5.294041906922304364e-01 2.559226477067201300e-01
-1.500000000000000000e+00 2.750000000000000000e+00 9.563485286647217531e-01 9.988473356824822957e-01 -4.249880701776054259e-02 4.803321180496854526e-01 4.825157419796901603e-01 2.653800040187873077e-01
-1.250000000000000000e+00 2.750000000000000000e+00 9.528882627635206770e-01 9.666767815562787858e-01 -1.378851879275810877e-02 3.933940676869259745e-01 4.213428326716827654e-01 2.587658586102909997e-01
-1.000000000000000000e+00 2.750000000000000000e+00 9.377950609492541334e-01 9.199652167337628583e-01 1.782984421549127507e-02 3.239551230474019827e-01 3.679686415748670836e-01 2.541398896830066034e-01
-7.500000000000000000e-01 2.750000000000000000e+00 9.225706700157464413e-01 8.492443700137185525e-01 7.332630000202788878e-02 2.605633875758162077e-01 3.194834942047914406e-01 2.449602009323721130e-01
-5.000000000000000000e-01 2.750000000000000000e+00 8.574128204963785693e-01 7.782133383590884579e-01 7.919948213729011144e-02 1.860834548459586180e-01 2.638632248264753399e-01 2.424401388722291217e-01
-2.500000000000000000e-01 2.750000000000000000e+00 8.687750151330108084e-01 7.294820080029362774e-01 1.392930071300745309e-01 1.810775894806097019e-01 2.524815642869067123e-01 2.291509660804824100e-01
0.000000000000000000e+00 2.750000000000000000e+00 8.696107512662639705e-01 7.683749084919428984e-01 1.012358427743210720e-01 1.899832618649692773e-01 2.670096285832364025e-01 2.327973632115827307e-01
2.500000000000000000e-01 2.750000000000000000e+00 8.410332934368804914e-01 7.441612728434597868e-01 9.687202059342070459e-02 1.974486257269880973e-01 2.645942520213495075e-01 2.338893937989586502e-01
5.000000000000000000e-01 2.750000000000000000e+00 9.007545827431563401e-01 8.117536572138094320e-01 8.900092552934690815e-02 2.266957327511108511e-01 2.952446407247812932e-01 2.497299688876332413e-01
7.500000000000000000e-01 2.750000000000000000e+00 8.849769540503065191e-01 8.517182632772433148e-01 3.325869077306320420e-02 2.598511146024988228e-01 3.239447439758642022e-01 2.513370833963497475e-01
1.000000000000000000e+00 2.750000000000000000e+00 9.309402022140693678e-01 9.018736053350301374e-01 2.906659687903923039e-02 3.063809759369154895e-01 3.599765013695784277e-01 2.586539139697599521e-01
1.250000000000000000e+00 2.750000000000000000e+00 9.476427056591446574e-01 9.526720317087130629e-01 -5.029326049568405566e-03 3.537479119581009579e-01 3.950764052238791013e-01 2.699956503590871248e-01
1.500000000000000000e+00 2.750000000000000000e+00 9.479758883965713201e-01 9.622972513729857180e-01 -1.432136297641439793e-02 3.906215825644815398e-01 4.189983774425543595e-01 2.539074875364947248e-01
1.750000000000000000e+00 2.750000000000000000e+00 9.615793461913667572e-01 9.949874371066186329e-01 -3.340809091525187569e-02 4.401448251796593047e-01 4.565746042223258749e-01 2.602239025577063325e-01
2.000000000000000000e+00 2.750000000000000000e+00 9.678153810215055497e-01 9.937082066683345927e-01 -2.589282564682904297e-02 4.520124824681596154e-01 4.654999476969362004e-01 2.566287737786481227e-01
-2.000000000000000000e+00 3.000000000000000000e+00 9.499599437791625967e-01 9.763933633531134415e-01 -2.643341957395084485e-02 5.890059982954438667e-01 5.663199063208216311e-01 2.552885908507374624e-01
-1.750000000000000000e+00 3.000000000000000000e+00 9.566935475696990432e-01 9.927738916792684387e-01 -3.608034410956939553e-02 5.582456392935245537e-01 5.433814890697747924e-01 2.703534878596544622e-01
-1.500000000000000000e+00 3.000000000000000000e+00 9.669124790332129793e-01 9.957590069891357754e-01 -2.884652795592279606e-02 4.742852471610547460e-01 4.805807564502678209e-01 2.540955671107381630e-01
-1.250000000000000000e+00 3.000000000000000000e+00 9.476106087497975228e-01 9.797958971132679773e-01 -3.218528836347045452e-02 4.267682910572441202e-01 4.447938192317967276e-01 2.537775701224033176e-01
-1.000000000000000000e+00 3.000000000000000000e+00 9.436981545671853100e-01 9.460570807303310126e-01 -2.358926163145702581e-03 3.703371451197470798e-01 4.040201188116412379e-01 2.492905343937772966e-01
-7.500000000000000000e-01 3.000000000000000000e+00 9.337390473670201807e-01 9.111838453352893996e-01 2.255520203173078109e-02 3.191455747757239725e-01 3.679484182078048837e-01 2.597381053784484362e-01
-5.000000000000000000e-01 3.000000000000000000e+00 9.061155770268364273e-01 8.257747876994073755e-01 8.034078932742905188e-02 2.501996925936331717e-01 3.059958963342820359e-01 2.325629974815104362e-01
-2.500000000000000000e-01 3.000000000000000000e+00 8.467673761111028652e-01 8.311822904754402330e-01 1.558508563566263216e-02 2.348804495314567031e-01 2.990749717312699008e-01 2.338569188842574420e-01
0.000000000000000000e+00 3.000000000000000000e+00 8.752451504511405966e-01 8.059379628730751755e-01 6.930718757806542119e-02 2.347869343331468739e-01 3.002656113989313758e-01 2.412532077147641896e-01
2.500000000000000000e-01 3.000000000000000000e+00 8.981249879478799825e-01 8.442179813294677926e-01 5.390700661841218988e-02 2.375711868504839785e-01 3.083443293503688731e-01 2.520490148072206393e-01
5.000000000000000000e-01 3.000000000000000000e+00 9.153059198441614308e-01 8.705951987002893411e-01 4.471072114387208973e-02 2.709544115046272350e-01 3.292743518152675408e-01 2.443776072947130840e-01
7.500000000000000000e-01 3.000000000000000000e+00 9.280619178870171959e-01 8.794452797076153239e-01 4.861663817940187204e-02 2.840880349507032276e-01 3.392240057075366355e-01 2.428571019753823779e-01
1.000000000000000000e+00 3.000000000000000000e+00 9.401223037841824892e-01 9.551879396223551533e-01 -1.506563583817266405e-02 3.518757772936794148e-01 3.910221293252231778e-01 2.568473448066243559e-01
1.250000000000000000e+00 3.000000000000000000e+00 9.567006026029802879e-01 9.727157858285259140e-01 -1.601518322554562612e-02 3.949063893499945022e-01 4.200634137154607983e-01 2.594750635202833777e-01
1.500000000000000000e+00 3.000000000000000000e+00 9.371490795818877562e-01 9.539392014169472134e-01 -1.679012183505945721e-02 3.743919964967509229e-01 4.067523693753969383e-01 2.554917248378705263e-01
1.750000000000000000e+00 3.000000000000000000e+00 9.452606650971766555e-01 9.917741678426552632e-01 -4.651350274547860764e-02 4.466318009272331468e-01 4.597701949291146395e-01 2.596164146265386163e-01
2.000000000000000000e+00 3.000000000000000000e+00 9.672043861449370894e-01 9.988473356824822957e-01 -3.164294953754520634e-02 4.585881974152103968e-01 4.720286993004898513e-01 2.626702773342943775e-01
