# position velocity action_std action_loc_std action_std_diff action_mean_p_0 action_p_0_mean action_p_0_std
-2.000000000000000000e+00 -3.000000000000000000e+00 8.450905571798817961e-01 7.512655988397162199e-01 9.382495834016557623e-02 8.391891090229475214e-01 7.508108884296319507e-01 2.500893989485961644e-01
-1.750000000000000000e+00 -3.000000000000000000e+00 6.967902753774529723e-01 5.299962264016584435e-01 1.667940489757945288e-01 9.250952720986470590e-01 8.502500433288722181e-01 1.933775991731705723e-01
-1.500000000000000000e+00 -3.000000000000000000e+00 5.251345465673727952e-01 2.933666647729429866e-01 2.317678817944298086e-01 9.675965626413903786e-01 9.218181037153808655e-01 1.201196128355413312e-01
-1.250000000000000000e+00 -3.000000000000000000e+00 3.899205757492495428e-01 1.781684596105610752e-01 2.117521161386884676e-01 9.865197729160245510e-01 9.599403449621020101e-01 8.275140014134040045e-02
-1.000000000000000000e+00 -3.000000000000000000e+00 2.764871197497785205e-01 8.935323161475476617e-02 1.871338881350237404e-01 9.944073679481788552e-01 9.808313120367382343e-01 5.119283439910130018e-02
-7.500000000000000000e-01 -3.000000000000000000e+00 1.923898079118454563e-01 8.935323161475472453e-02 1.030365762970907317e-01 9.966844999680121164e-01 9.864750921083658142e-01 4.180902913756851663e-02
-5.000000000000000000e-01 -3.000000000000000000e+00 3.071181241475185453e-01 1.262378707044762016e-01 1.808802534430423437e-01 9.976687177945439133e-01 9.885192758559468995e-01 6.013615259607283520e-02
-2.500000000000000000e-01 -3.000000000000000000e+00 1.898693658551417751e-01 0.000000000000000000e+00 1.898693658551417751e-01 9.974739065989863818e-01 9.900693620125220473e-01 2.778489119972629012e-02
0.000000000000000000e+00 -3.000000000000000000e+00 2.173152414618903239e-01 1.544538766104631144e-01 6.286136485142720942e-02 9.967812970940999051e-01 9.878278189012674737e-01 4.868319953946937534e-02
2.500000000000000000e-01 -3.000000000000000000e+00 2.295399219659947643e-01 8.935323161475475229e-02 1.401866903512400120e-01 9.933783873853587743e-01 9.801488429999030139e-01 5.734482539169047377e-02
5.000000000000000000e-01 -3.000000000000000000e+00 3.217192218841527507e-01 1.781684596105612417e-01 1.435507622735915090e-01 9.851024761827267273e-01 9.599166313587252919e-01 7.933109666579224450e-02
7.500000000000000000e-01 -3.000000000000000000e+00 5.334457621499670843e-01 3.725801927102404543e-01 1.608655694397266300e-01 9.603641486323233334e-01 9.097929757862533995e-01 1.381580124202216042e-01
1.000000000000000000e+00 -3.000000000000000000e+00 7.001742453816037770e-01 5.425863986500200076e-01 1.575878467315837694e-01 9.006174859701425728e-01 8.233527389046949585e-01 1.989240276152728359e-01
1.250000000000000000e+00 -3.000000000000000000e+00 8.862338099366074973e-01 8.683225207260247824e-01 1.791128921058271484e-02 7.658589986790547144e-01 6.870222581243191629e-01 2.582938701754445843e-01
1.500000000000000000e+00 -3.000000000000000000e+00 9.486743631161340673e-01 9.404254356407009130e-01 8.248927475433154299e-03 6.664970600876556350e-01 6.178281685163201642e-01 2.735690314631613607e-01
1.750000000000000000e+00 -3.000000000000000000e+00 9.609496393890157862e-01 9.988473356824821847e-01 -3.789769629346639856e-02 4.750089428089955268e-01 4.847525193079155192e-01 2.995463179008893140e-01
2.000000000000000000e+00 -3.000000000000000000e+00 9.577632555405778403e-01 9.945772971468858081e-01 -3.681404160630796785e-02 4.294534648150976630e-01 4.574549853475328720e-01 2.891632156099821493e-01
-2.000000000000000000e+00 -2.750000000000000000e+00 7.441641285778795023e-01 6.356225294937254411e-01 1.085415990841540612e-01 8.910093474424310989e-01 8.052086759440056918e-01 2.113747935162326452e-01
-1.750000000000000000e+00 -2.750000000000000000e+00 6.083875640218291414e-01 3.919183588453077904e-01 2.164692051765213510e-01 9.509273999402230171e-01 8.870250531889309897e-01 1.547274590551945272e-01
-1.500000000000000000e+00 -2.750000000000000000e+00 4.107489308372949677e-01 2.349808502835919743e-01 1.757680805537029933e-01 9.798868625115547681e-01 9.465914313202884456e-01 1.013943260259566187e-01
-1.250000000000000000e+00 -2.750000000000000000e+00 2.939752205099148696e-01 1.262378707044761184e-01 1.677373498054387513e-01 9.927666729339157392e-01 9.721381555247221584e-01 7.312567555533076857e-02
-1.000000000000000000e+00 -2.750000000000000000e+00 1.771505769530705154e-01 0.000000000000000000e+00 1.771505769530705154e-01 9.971531722204116654e-01 9.896855006421909629e-01 2.453700698653797641e-02
-7.500000000000000000e-01 -2.750000000000000000e+00 2.365570548548185659e-01 0.000000000000000000e+00 2.365570548548185659e-01 9.985202095890154395e-01 9.920923439435749280e-01 3.377977997828715551e-02
-5.000000000000000000e-01 -2.750000000000000000e+00 1.550821632437391351e-01 0.000000000000000000e+00 1.550821632437391351e-01 9.990412614307782047e-01 9.939513687398884301e-01 3.017953285434828159e-02
-2.500000000000000000e-01 -2.750000000000000000e+00 1.544526615287544480e-01 0.000000000000000000e+00 1.544526615287544480e-01 9.990173206206651724e-01 9.943748168592598802e-01 2.224705981613050651e-02
0.000000000000000000e+00 -2.750000000000000000e+00 1.965808049300589444e-01 8.935323161475472453e-02 1.072275733153042199e-01 9.985948597838499863e-01 9.931878678283567741e-01 3.647625219361431276e-02
2.500000000000000000e-01 -2.750000000000000000e+00 2.224636172381121713e-01 1.262378707044762016e-01 9.622574653363596964e-02 9.967979679958227646e-01 9.878597391765847613e-01 4.632337948316742754e-02
5.000000000000000000e-01 -2.750000000000000000e+00 2.263436005687270991e-01 0.000000000000000000e+00 2.263436005687270991e-01 9.907825416855523537e-01 9.753259796599129672e-01 4.402709209718030925e-02
7.500000000000000000e-01 -2.750000000000000000e+00 5.051705467871141497e-01 2.509501942617310966e-01 2.542203525253830532e-01 9.740232916569840915e-01 9.330471670694601150e-01 1.148854003630420395e-01
1.000000000000000000e+00 -2.750000000000000000e+00 6.971904684077414593e-01 5.299962264016604419e-01 1.671942420060810175e-01 9.215948108787019866e-01 8.481404277543280745e-01 1.847811808681371626e-01
1.250000000000000000e+00 -2.750000000000000000e+00 8.270906125734175385e-01 7.294820080029372766e-01 9.760860457048026184e-02 8.362202853616110820e-01 7.585074684861476957e-01 2.241252379718829402e-01
1.500000000000000000e+00 -2.750000000000000000e+00 9.487627422289360846e-01 9.418619856433344539e-01 6.900756585601630633e-03 6.516159207832585842e-01 6.084850819688175649e-01 2.714025395994845713e-01
1.750000000000000000e+00 -2.750000000000000000e+00 9.689809087674700061e-01 9.976853211308688296e-01 -2.870441236339882352e-02 5.266845469584837680e-01 5.195261816509737507e-01 2.828420156431148969e-01
2.000000000000000000e+00 -2.750000000000000000e+00 9.477858820501010584e-01 9.806038955663963774e-01 -3.281801351629531904e-02 3.811040821312491889e-01 4.257576538144550171e-01 2.936031887345754710e-01
-2.000000000000000000e+00 -2.500000000000000000e+00 7.211169698395878402e-01 5.425863986500195635e-01 1.785305711895682768e-01 9.152703748551918039e-01 8.381296605003006883e-01 1.928952438410961034e-01
-1.750000000000000000e+00 -2.500000000000000000e+00 4.821919131397530700e-01 2.800000000000003597e-01 2.021919131397527103e-01 9.686358777589075819e-01 9.199859727237950091e-01 1.286296563074278698e-01
-1.500000000000000000e+00 -2.500000000000000000e+00 3.136277966061096767e-01 8.935323161475471065e-02 2.242745649913549522e-01 9.885910297650338796e-01 9.640004094113271416e-01 6.932868626014465629e-02
-1.250000000000000000e+00 -2.500000000000000000e+00 2.140324877018391359e-01 1.262378707044761739e-01 8.779461699736296199e-02 9.964604766056027740e-01 9.844260807589400031e-01 5.181406325260479173e-02
-1.000000000000000000e+00 -2.500000000000000000e+00 1.489627963373004738e-01 8.935323161475475229e-02 5.960956472254572147e-02 9.986809855465660357e-01 9.924675532379968468e-01 3.957892316785868725e-02
-7.500000000000000000e-01 -2.500000000000000000e+00 1.542004891379045173e-01 8.935323161475479392e-02 6.484725752314972336e-02 9.992473863120485689e-01 9.960065631824748245e-01 2.483093428216611234e-02
-5.000000000000000000e-01 -2.500000000000000000e+00 1.267699459785763365e-02 0.000000000000000000e+00 1.267699459785763365e-02 9.995524706586619290e-01 9.972257430897205621e-01 1.237838216010049563e-02
-2.500000000000000000e-01 -2.500000000000000000e+00 8.899643564206503876e-02 0.000000000000000000e+00 8.899643564206503876e-02 9.995497585079280434e-01 9.979499610368389728e-01 1.035211917472540939e-02
0.000000000000000000e+00 -2.500000000000000000e+00 3.897999337040421695e-04 0.000000000000000000e+00 3.897999337040421695e-04 9.992379026028490596e-01 9.968985620199002362e-01 1.285347034291434848e-02
2.500000000000000000e-01 -2.500000000000000000e+00 1.771856725644640751e-01 0.000000000000000000e+00 1.771856725644640751e-01 9.982526922154389970e-01 9.942150626343215780e-01 1.374129573440450829e-02
5.000000000000000000e-01 -2.500000000000000000e+00 2.954801881341815872e-01 8.935323161475473841e-02 2.061269565194268627e-01 9.946217766671040517e-01 9.825140655848347837e-01 4.537141521682514639e-02
7.500000000000000000e-01 -2.500000000000000000e+00 3.636182824716656103e-01 1.989974874213244205e-01 1.646207950503411899e-01 9.798064616915461711e-01 9.479031722013185890e-01 9.420790853868267478e-02
1.000000000000000000e+00 -2.500000000000000000e+00 6.653229977267844930e-01 4.598434516223988688e-01 2.054795461043856242e-01 9.340672697682479431e-01 8.645450229110053231e-01 1.748860704761079632e-01
1.250000000000000000e+00 -2.500000000000000000e+00 8.326747157806961841e-01 7.021794642397333197e-01 1.304952515409628644e-01 8.372940536554880353e-01 7.621592946281043890e-01 2.209915784269458894e-01
1.500000000000000000e+00 -2.500000000000000000e+00 9.441205167850811319e-01 9.666767815562786748e-01 -2.255626477119754281e-02 6.570157847351819624e-01 6.006897938871561538e-01 2.858023478935260986e-01
1.750000000000000000e+00 -2.500000000000000000e+00 9.525742563424111076e-01 9.895776877031932095e-01 -3.700343136078210193e-02 4.361720780417170373e-01 4.498468166831450232e-01 2.801197441407761168e-01
2.000000000000000000e+00 -2.500000000000000000e+00 9.276237085102481128e-01 9.564183185196717396e-01 -2.879461000942362681e-02 3.337108202792301581e-01 3.840765652839694955e-01 2.778506111217565744e-01
-2.000000000000000000e+00 -2.250000000000000000e+00 6.818620172710807559e-01 4.189701660023070207e-01 2.628918512687737352e-01 9.327886585015093823e-01 8.673447665737317180e-01 1.643613664862915158e-01
-1.750000000000000000e+00 -2.250000000000000000e+00 4.994913671101888220e-01 2.659022376739244575e-01 2.335891294362643644e-01 9.743929716530446150e-01 9.341113077356203442e-01 1.171068859929010192e-01
-1.500000000000000000e+00 -2.250000000000000000e+00 3.182113297263149398e-01 1.989974874213241429e-01 1.192138423049907969e-01 9.915640555520877086e-01 9.665130584808198089e-01 8.641747390976881049e-02
-1.250000000000000000e+00 -2.250000000000000000e+00 1.409391479498349475e-01 1.262378707044761461e-01 1.470127724535880143e-02 9.974263270535392856e-01 9.861837291703469122e-01 5.086457559943938916e-02
-1.000000000000000000e+00 -2.250000000000000000e+00 1.249239130778432294e-01 8.935323161475475229e-02 3.557068146308847711e-02 9.991491874554744301e-01 9.948845852105933085e-01 3.752820582356763968e-02
-7.500000000000000000e-01 -2.250000000000000000e+00 2.371825740518420864e-02 0.000000000000000000e+00 2.371825740518420864e-02 9.996330755881478458e-01 9.975272312423344445e-01 1.330097635673668441e-02
-5.000000000000000000e-01 -2.250000000000000000e+00 4.783702841681240882e-08 8.935323161475472453e-02 -8.935318377772630272e-02 9.997502543221492566e-01 9.970897466799967246e-01 3.030186082045270221e-02
-2.500000000000000000e-01 -2.250000000000000000e+00 9.022907304367219772e-02 0.000000000000000000e+00 9.022907304367219772e-02 9.997309865793765349e-01 9.978620833747560148e-01 1.570473944455917301e-02
0.000000000000000000e+00 -2.250000000000000000e+00 8.991981017800829146e-02 0.000000000000000000e+00 8.991981017800829146e-02 9.994820690349592862e-01 9.981303820830961238e-01 7.039802643568471470e-03
2.500000000000000000e-01 -2.250000000000000000e+00 1.296307623623613181e-01 0.000000000000000000e+00 1.296307623623613181e-01 9.988974640980131658e-01 9.968180675638833588e-01 9.329734228410168501e-03
5.000000000000000000e-01 -2.250000000000000000e+00 1.659799063121582541e-01 0.000000000000000000e+00 1.659799063121582541e-01 9.960492181131093137e-01 9.884590296048052505e-01 2.713794089251656341e-02
7.500000000000000000e-01 -2.250000000000000000e+00 4.703664602116244819e-01 1.544538766104621708e-01 3.159125836011623112e-01 9.839770106398992855e-01 9.582762319455333522e-01 7.758041746477012390e-02
1.000000000000000000e+00 -2.250000000000000000e+00 5.367437609075534910e-01 4.101901997854176529e-01 1.265535611221358381e-01 9.403896817514582063e-01 8.808915034607168737e-01 1.519822942631632035e-01
1.250000000000000000e+00 -2.250000000000000000e+00 8.462992687033826789e-01 7.683749084919428984e-01 7.792436021143978042e-02 8.161465520565416298e-01 7.389122511445653796e-01 2.325061849721296037e-01
1.500000000000000000e+00 -2.250000000000000000e+00 9.310540584130770903e-01 9.474175425861599553e-01 -1.636348417308286507e-02 6.490601083713724018e-01 6.068793910343129872e-01 2.630653925584300334e-01
1.750000000000000000e+00 -2.250000000000000000e+00 9.661913784380976589e-01 9.976853211308690517e-01 -3.149394269277139280e-02 4.657818717602200120e-01 4.771080007874521356e-01 2.775584898306699966e-01
2.000000000000000000e+00 -2.250000000000000000e+00 9.173533801986047953e-01 9.182505104817560992e-01 -8.971302831513039422e-04 2.826812922483145085e-01 3.496410818423096312e-01 2.721233252756861121e-01
-2.000000000000000000e+00 -2.000000000000000000e+00 5.341876589426036714e-01 3.919183588453077904e-01 1.422693000972958810e-01 9.473096667067539833e-01 8.882148053567977541e-01 1.518777212893168971e-01
-1.750000000000000000e+00 -2.000000000000000000e+00 3.626137618168026044e-01 1.781684596105609641e-01 1.844453022062416403e-01 9.826401013631623771e-01 9.541259707640334931e-01 8.347328817896913777e-02
-1.500000000000000000e+00 -2.000000000000000000e+00 2.629204718636885540e-01 8.935323161475478004e-02 1.735672402489337740e-01 9.941692956608333409e-01 9.786797280057238924e-01 5.544619203081221220e-02
-1.250000000000000000e+00 -2.000000000000000000e+00 1.321111862021574213e-01 0.000000000000000000e+00 1.321111862021574213e-01 9.982689697290519915e-01 9.940278988042838826e-01 1.793875729063549446e-02
-1.000000000000000000e+00 -2.000000000000000000e+00 6.313658947558160872e-02 0.000000000000000000e+00 6.313658947558160872e-02 9.994450929162139730e-01 9.979546911850285529e-01 6.504306874851873733e-03
-7.500000000000000000e-01 -2.000000000000000000e+00 8.935323054665054998e-02 0.000000000000000000e+00 8.935323054665054998e-02 9.997515204258675681e-01 9.990130355092663450e-01 3.329896912198085021e-03
-5.000000000000000000e-01 -2.000000000000000000e+00 6.193198405987833051e-08 0.000000000000000000e+00 6.193198405987833051e-08 9.998287204519528126e-01 9.991562208910749199e-01 3.031557220100847532e-03
-2.500000000000000000e-01 -2.000000000000000000e+00 1.268102443203674989e-01 0.000000000000000000e+00 1.268102443203674989e-01 9.997759083360112653e-01 9.987419679753498647e-01 7.205819978118250049e-03
0.000000000000000000e+00 -2.000000000000000000e+00 4.875461334518507809e-08 0.000000000000000000e+00 4.875461334518507809e-08 9.995852957225211943e-01 9.986263152148887601e-01 7.437567473958840020e-03
2.500000000000000000e-01 -2.000000000000000000e+00 1.597447587812208802e-01 0.000000000000000000e+00 1.597447587812208802e-01 9.989350418209307358e-01 9.975159799794185433e-01 5.616814421649046762e-03
5.000000000000000000e-01 -2.000000000000000000e+00 2.378841143972025285e-01 8.935323161475471065e-02 1.485308827824478040e-01 9.963087546620535973e-01 9.896978497878703429e-01 2.932708929977803289e-02
7.500000000000000000e-01 -2.000000000000000000e+00 3.285110409927740616e-01 0.000000000000000000e+00 3.285110409927740616e-01 9.847654398878367132e-01 9.624666995656973034e-01 6.041052855376495556e-02
1.000000000000000000e+00 -2.000000000000000000e+00 6.253277597437596480e-01 3.823924685450780792e-01 2.429352911986815688e-01 9.322729375310634392e-01 8.732903107037894852e-01 1.538998799927580874e-01
1.250000000000000000e+00 -2.000000000000000000e+00 8.495890135181248803e-01 7.062124326291603360e-01 1.433765808889645443e-01 8.340989457356022818e-01 7.578115132108589336e-01 2.199175641893849620e-01
1.500000000000000000e+00 -2.000000000000000000e+00 9.525848518614180582e-01 9.836666101886345492e-01 -3.108175832721649101e-02 5.989395552010337020e-01 5.631557965555340495e-01 2.837775336993964004e-01
1.750000000000000000e+00 -2.000000000000000000e+00 9.723749360352379467e-01 9.895776877031930985e-01 -1.720275166795515176e-02 4.305906247801959408e-01 4.497623283120912863e-01 2.900960704186149597e-01
2.000000000000000000e+00 -2.000000000000000000e+00 9.132582374891494714e-01 8.899797750510943795e-01 2.327846243805509197e-02 2.611539690063259256e-01 3.341504095566836252e-01 2.646371481107181456e-01
-2.000000000000000000e+00 -1.750000000000000000e+00 5.568783216045624096e-01 3.411744421846387154e-01 2.157038794199236942e-01 9.573514558552037590e-01 9.026084801710049232e-01 1.397924329878271199e-01
-1.750000000000000000e+00 -1.750000000000000000e+00 4.105373790878000251e-01 1.262378707044761739e-01 2.842995083833238512e-01 9.851994051870027747e-01 9.597720551883960338e-01 7.706227477741312004e-02
-1.500000000000000000e+00 -1.750000000000000000e+00 2.233487681576172279e-01 0.000000000000000000e+00 2.233487681576172279e-01 9.951602170558726534e-01 9.852382839062266973e-01 3.091724479248654164e-02
-1.250000000000000000e+00 -1.750000000000000000e+00 1.532692698036068613e-01 0.000000000000000000e+00 1.532692698036068613e-01 9.986576355604439570e-01 9.940616354418576606e-01 2.523594128176841547e-02
-1.000000000000000000e+00 -1.750000000000000000e+00 8.935323046567891780e-02 0.000000000000000000e+00 8.935323046567891780e-02 9.994944188259748952e-01 9.972989986138101060e-01 2.032315978949095214e-02
-7.500000000000000000e-01 -1.750000000000000000e+00 8.888288579958730784e-02 0.000000000000000000e+00 8.888288579958730784e-02 9.997725040792443396e-01 9.990009481554562587e-01 3.458695229311781714e-03
-5.000000000000000000e-01 -1.750000000000000000e+00 3.558841753695992119e-07 0.000000000000000000e+00 3.558841753695992119e-07 9.998221731748128116e-01 9.984075106535160726e-01 1.255633414188864552e-02
-2.500000000000000000e-01 -1.750000000000000000e+00 1.352085859005137036e-05 0.000000000000000000e+00 1.352085859005137036e-05 9.997989395430183501e-01 9.989735173295282156e-01 7.027826553597770094e-03
0.000000000000000000e+00 -1.750000000000000000e+00 9.357360231470225059e-09 0.000000000000000000e+00 9.357360231470225059e-09 9.996150830043241120e-01 9.988146090916577569e-01 5.315694265811973275e-03
2.500000000000000000e-01 -1.750000000000000000e+00 9.545477565086050997e-02 0.000000000000000000e+00 9.545477565086050997e-02 9.989532259131752578e-01 9.976599006336993591e-01 6.632410523668748163e-03
5.000000000000000000e-01 -1.750000000000000000e+00 1.905826572676552755e-01 0.000000000000000000e+00 1.905826572676552755e-01 9.957485813305100297e-01 9.907299922144866544e-01 2.106316357904447836e-02
7.500000000000000000e-01 -1.750000000000000000e+00 3.794760402609531069e-01 8.935323161475473841e-02 2.901228086461983824e-01 9.823695135370240639e-01 9.633358756752758989e-01 5.385306330386862433e-02
1.000000000000000000e+00 -1.750000000000000000e+00 6.540582987586192054e-01 3.919183588453077349e-01 2.621399399133114705e-01 9.363299955291749521e-01 8.798873435296544754e-01 1.436502153480253285e-01
1.250000000000000000e+00 -1.750000000000000000e+00 8.751679302157105989e-01 8.000000000000021538e-01 7.516793021570844502e-02 7.786322129065491593e-01 7.072493314427590327e-01 2.375296614158407538e-01
1.500000000000000000e+00 -1.750000000000000000e+00 9.628511638697292430e-01 9.813949256033488444e-01 -1.854376173361960145e-02 5.945710470948722959e-01 5.678436530709277674e-01 2.842201326997299549e-01
1.750000000000000000e+00 -1.750000000000000000e+00 9.513516721203575388e-01 9.797958971132679773e-01 -2.844422499291043849e-02 4.047114665696139313e-01 4.382302763414217539e-01 2.849548135852569830e-01
2.000000000000000000e+00 -1.750000000000000000e+00 8.793108040473465170e-01 8.920179370393829243e-01 -1.270713299203640734e-02 2.577445596899686220e-01 3.335727471231699215e-01 2.739545894227036760e-01
-2.000000000000000000e+00 -1.500000000000000000e+00 5.253951814507256124e-01 3.411744421846379938e-01 1.842207392660876186e-01 9.621503829521240725e-01 9.138161146387301370e-01 1.278918253323842458e-01
-1.750000000000000000e+00 -1.500000000000000000e+00 3.103842718686289359e-01 8.935323161475473841e-02 2.210310402538742114e-01 9.866615279635387870e-01 9.694134643313939703e-01 5.764595900324863409e-02
-1.500000000000000000e+00 -1.500000000000000000e+00 2.367311302413775131e-01 8.935323161475471065e-02 1.473778986266228164e-01 9.958634389864235992e-01 9.876757208324594695e-01 3.373508051202406266e-02
-1.250000000000000000e+00 -1.500000000000000000e+00 1.497161702195931587e-01 8.935323161475478004e-02 6.036293860483837870e-02 9.988950468572245223e-01 9.940869919538727340e-01 4.543238799514753151e-02
-1.000000000000000000e+00 -1.500000000000000000e+00 8.187406977007774533e-02 0.000000000000000000e+00 8.187406977007774533e-02 9.995446033924139106e-01 9.980178922620703830e-01 9.761907142774842519e-03
-7.500000000000000000e-01 -1.500000000000000000e+00 2.413479562040293101e-08 0.000000000000000000e+00 2.413479562040293101e-08 9.997537221492953652e-01 9.990168063415097999e-01 3.307579729273760899e-03
-5.000000000000000000e-01 -1.500000000000000000e+00 8.929354184201367117e-02 0.000000000000000000e+00 8.929354184201367117e-02 9.998123570631575197e-01 9.986391712743916127e-01 1.326845326186298565e-02
-2.500000000000000000e-01 -1.500000000000000000e+00 8.935322991231411938e-02 0.000000000000000000e+00 8.935322991231411938e-02 9.997701386948817381e-01 9.989993242984195332e-01 7.662235515860595439e-03
0.000000000000000000e+00 -1.500000000000000000e+00 1.432839485896817144e-01 8.935323161475472453e-02 5.393071697492698990e-02 9.994600481578460593e-01 9.979628609631956415e-01 2.365110846737567690e-02
2.500000000000000000e-01 -1.500000000000000000e+00 9.311415153224855690e-02 0.000000000000000000e+00 9.311415153224855690e-02 9.983688084846502608e-01 9.971180652918701925e-01 4.228957071461137557e-03
5.000000000000000000e-01 -1.500000000000000000e+00 1.160146672811339513e-01 0.000000000000000000e+00 1.160146672811339513e-01 9.939759182035579066e-01 9.892317115806353867e-01 1.410343964327440483e-02
7.500000000000000000e-01 -1.500000000000000000e+00 3.941889594096276705e-01 8.935323161475471065e-02 3.048357277948729460e-01 9.786541005411002470e-01 9.573031756891394739e-01 5.961595429911120680e-02
1.000000000000000000e+00 -1.500000000000000000e+00 7.183515811379029836e-01 4.275324549083964198e-01 2.908191262295065638e-01 9.091928904799504441e-01 8.491446363298849054e-01 1.538559895647435560e-01
1.250000000000000000e+00 -1.500000000000000000e+00 9.004632335992717174e-01 8.637036528810091429e-01 3.675958071826257445e-02 7.560009704611144743e-01 6.825152546800372644e-01 2.511491879087079382e-01
1.500000000000000000e+00 -1.500000000000000000e+00 9.613299191447327585e-01 9.945772971468858081e-01 -3.324737800215304961e-02 5.476940828323323407e-01 5.307999485438262832e-01 2.709617373050138278e-01
1.750000000000000000e+00 -1.500000000000000000e+00 9.450250245634391755e-01 9.551879396223550422e-01 -1.016291505891586677e-02 3.593967474781938343e-01 4.024928215244099050e-01 2.730157475943232881e-01
2.000000000000000000e+00 -1.500000000000000000e+00 9.330985717998122597e-01 8.920179370393824803e-01 4.108063476042977946e-02 2.547102547110219328e-01 3.266342158054111877e-01 2.630238494725610221e-01
-2.000000000000000000e+00 -1.250000000000000000e+00 5.414902756890791480e-01 3.182703253525230314e-01 2.232199503365561166e-01 9.592164250774632972e-01 9.136048722113123688e-01 1.276725940545071214e-01
-1.750000000000000000e+00 -1.250000000000000000e+00 3.463363140600638768e-01 1.781684596105613527e-01 1.681678544495025240e-01 9.851690648098738734e-01 9.623027623302515821e-01 7.327414710997755265e-02
-1.500000000000000000e+00 -1.250000000000000000e+00 2.297971038651896170e-01 8.935323161475471065e-02 1.404438722504349202e-01 9.953827368814999188e-01 9.856428165450699108e-01 3.976717632312128797e-02
-1.250000000000000000e+00 -1.250000000000000000e+00 1.599543876521048735e-01 0.000000000000000000e+00 1.599543876521048735e-01 9.985179122471169455e-01 9.935566688004482394e-01 2.991818952394138115e-02
-1.000000000000000000e+00 -1.250000000000000000e+00 8.935315881755460932e-02 0.000000000000000000e+00 8.935315881755460932e-02 9.993663389090632343e-01 9.979529504518954708e-01 8.005222946304733564e-03
-7.500000000000000000e-01 -1.250000000000000000e+00 1.252511877367036650e-03 0.000000000000000000e+00 1.252511877367036650e-03 9.996544689886440738e-01 9.989055075747759194e-01 4.010873473792234481e-03
-5.000000000000000000e-01 -1.250000000000000000e+00 5.276701205727653624e-03 0.000000000000000000e+00 5.276701205727653624e-03 9.997064220424288772e-01 9.991104512250750247e-01 3.462832222438307680e-03
-2.500000000000000000e-01 -1.250000000000000000e+00 7.028187704164039207e-02 0.000000000000000000e+00 7.028187704164039207e-02 9.995881564339402781e-01 9.993082122589775906e-01 1.491689189764762750e-03
0.000000000000000000e+00 -1.250000000000000000e+00 8.935319675353872726e-02 0.000000000000000000e+00 8.935319675353872726e-02 9.989911256302362874e-01 9.977840626589907780e-01 1.298956048692825015e-02
2.500000000000000000e-01 -1.250000000000000000e+00 1.538852752839874605e-01 0.000000000000000000e+00 1.538852752839874605e-01 9.970759588608679724e-01 9.952602792130483822e-01 8.003404772472442336e-03
5.000000000000000000e-01 -1.250000000000000000e+00 2.556534505037653116e-01 0.000000000000000000e+00 2.556534505037653116e-01 9.906042898864200197e-01 9.838646299536869533e-01 2.178465956380627386e-02
7.500000000000000000e-01 -1.250000000000000000e+00 4.824200844343047856e-01 8.935323161475472453e-02 3.930668528195500611e-01 9.679626919686722397e-01 9.421366662695774830e-01 7.362119435399198941e-02
1.000000000000000000e+00 -1.250000000000000000e+00 7.016228199186665959e-01 4.189701660023068541e-01 2.826526539163597418e-01 8.940619378583780641e-01 8.359899913969471852e-01 1.623045442873612132e-01
1.250000000000000000e+00 -1.250000000000000000e+00 9.263279290406877253e-01 8.920179370393824803e-01 3.430999200130524507e-02 7.183952379236053787e-01 6.618028425146653682e-01 2.438110389556196189e-01
1.500000000000000000e+00 -1.250000000000000000e+00 9.605051676096333368e-01 9.976853211308689406e-01 -3.718015352123560380e-02 5.329925111637083823e-01 5.199242998957550599e-01 2.775826672328502442e-01
1.750000000000000000e+00 -1.250000000000000000e+00 9.484690860944665625e-01 9.697752316903091030e-01 -2.130614559584254053e-02 3.878256548994349906e-01 4.232517951615052398e-01 2.772938095422045612e-01
2.000000000000000000e+00 -1.250000000000000000e+00 8.908518570022060379e-01 8.772684879784514722e-01 1.358336902375456567e-02 2.529884102089093867e-01 3.210132288520856636e-01 2.601714192080243904e-01
-2.000000000000000000e+00 -1.000000000000000000e+00 5.127312804369872357e-01 2.509501942617303194e-01 2.617810861752569163e-01 9.620740746098118690e-01 9.223204188991062091e-01 1.100374175828473938e-01
-1.750000000000000000e+00 -1.000000000000000000e+00 4.036213432589299543e-01 1.989974874213226164e-01 2.046238558376073380e-01 9.814895194328232542e-01 9.547599672070138377e-01 8.445241405444028904e-02
-1.500000000000000000e+00 -1.000000000000000000e+00 2.367055325152253864e-01 0.000000000000000000e+00 2.367055325152253864e-01 9.930021935927981769e-01 9.816047798515096234e-01 4.555062877415951700e-02
-1.250000000000000000e+00 -1.000000000000000000e+00 9.598200271808367268e-02 0.000000000000000000e+00 9.598200271808367268e-02 9.977855803160134984e-01 9.953523595180754358e-01 7.736637591752295803e-03
-1.000000000000000000e+00 -1.000000000000000000e+00 8.935304633215203352e-02 0.000000000000000000e+00 8.935304633215203352e-02 9.988832672333157747e-01 9.968346154678531246e-01 1.352344027876556908e-02
-7.500000000000000000e-01 -1.000000000000000000e+00 9.025544271517785266e-02 8.935323161475473841e-02 9.022111004231142539e-04 9.992210957971894292e-01 9.966659875394850987e-01 2.815585537973011240e-02
-5.000000000000000000e-01 -1.000000000000000000e+00 2.220720540588143702e-08 0.000000000000000000e+00 2.220720540588143702e-08 9.992838272470583316e-01 9.985299813424023396e-01 4.347367860186758179e-03
-2.500000000000000000e-01 -1.000000000000000000e+00 1.167678160170073920e-01 0.000000000000000000e+00 1.167678160170073920e-01 9.989510577403717395e-01 9.979904260837745289e-01 7.289485083428376248e-03
0.000000000000000000e+00 -1.000000000000000000e+00 2.797853921840596364e-03 0.000000000000000000e+00 2.797853921840596364e-03 9.976817897960595927e-01 9.968005587456596484e-01 3.830737696993843575e-03
2.500000000000000000e-01 -1.000000000000000000e+00 1.987675964890473213e-01 0.000000000000000000e+00 1.987675964890473213e-01 9.934408359215910478e-01 9.900740779034159500e-01 1.391672999329261751e-02
5.000000000000000000e-01 -1.000000000000000000e+00 2.636083919144815990e-01 0.000000000000000000e+00 2.636083919144815990e-01 9.791379142655848300e-01 9.676776909248605563e-01 3.548524292694524296e-02
7.500000000000000000e-01 -1.000000000000000000e+00 5.982368820913377405e-01 2.177705214210594042e-01 3.804663606702783363e-01 9.370044697564169356e-01 8.994393497829464845e-01 1.078341766538209318e-01
1.000000000000000000e+00 -1.000000000000000000e+00 8.174836061154808764e-01 6.726068688320092637e-01 1.448767372834716127e-01 8.337767250307123179e-01 7.657752562355374382e-01 2.138495012406403661e-01
1.250000000000000000e+00 -1.000000000000000000e+00 9.213130617115536936e-01 9.359999999999949472e-01 -1.468693828844125360e-02 6.754879119146908195e-01 6.241410558901366867e-01 2.571056135329363723e-01
1.500000000000000000e+00 -1.000000000000000000e+00 9.741534073518087755e-01 9.984307687566555956e-01 -2.427736140484682004e-02 5.393797968578627477e-01 5.234680921153909150e-01 2.655845899058973947e-01
1.750000000000000000e+00 -1.000000000000000000e+00 9.571931382227691909e-01 9.754998718605792929e-01 -1.830673363781010199e-02 3.894376072617154461e-01 4.194755416913614199e-01 2.808199743935194115e-01
2.000000000000000000e+00 -1.000000000000000000e+00 9.178991184487749200e-01 9.313989478198907435e-01 -1.349982937111582348e-02 3.136213040145346409e-01 3.708188252778996108e-01 2.723433680090658893e-01
-2.000000000000000000e+00 -7.500000000000000000e-01 6.340301219578605707e-01 3.823924685450783012e-01 2.516376534127822695e-01 9.397787914695683309e-01 8.864753943000609482e-01 1.519371754797642637e-01
-1.750000000000000000e+00 -7.500000000000000000e-01 4.954147271898382554e-01 2.349808502835917801e-01 2.604338769062464753e-01 9.684657969487574514e-01 9.347438362597623174e-01 1.058690911340474800e-01
-1.500000000000000000e+00 -7.500000000000000000e-01 2.983192428812518893e-01 8.935323161475476617e-02 2.089660112664971092e-01 9.885060298073157226e-01 9.773414168295125881e-01 4.086606115218388569e-02
-1.250000000000000000e+00 -7.500000000000000000e-01 2.498845213553342326e-01 8.935323161475476617e-02 1.605312897405794526e-01 9.939311129351338092e-01 9.867921457985441291e-01 3.610535034994101500e-02
-1.000000000000000000e+00 -7.500000000000000000e-01 1.259413037847115502e-01 0.000000000000000000e+00 1.259413037847115502e-01 9.963263071841930163e-01 9.933225151647900875e-01 1.234364471514242355e-02
-7.500000000000000000e-01 -7.500000000000000000e-01 2.134203401894118057e-01 0.000000000000000000e+00 2.134203401894118057e-01 9.975313246235604225e-01 9.951710279902810097e-01 1.606455355820912007e-02
-5.000000000000000000e-01 -7.500000000000000000e-01 8.930359215591184008e-02 0.000000000000000000e+00 8.930359215591184008e-02 9.974698598771546409e-01 9.963263831902688938e-01 5.706966914657447820e-03
-2.500000000000000000e-01 -7.500000000000000000e-01 1.874842337890157973e-01 0.000000000000000000e+00 1.874842337890157973e-01 9.958966909673845347e-01 9.942780176387212565e-01 7.125709406473466033e-03
0.000000000000000000e+00 -7.500000000000000000e-01 1.927493751388234811e-01 0.000000000000000000e+00 1.927493751388234811e-01 9.917312302341132479e-01 9.894240091097363798e-01 8.515563852787611659e-03
2.500000000000000000e-01 -7.500000000000000000e-01 3.441007155923220262e-01 0.000000000000000000e+00 3.441007155923220262e-01 9.801138416491699257e-01 9.725245805134132837e-01 2.440320409383271716e-02
5.000000000000000000e-01 -7.500000000000000000e-01 5.291391022594513771e-01 0.000000000000000000e+00 5.291391022594513771e-01 9.427550674561715471e-01 9.149786839139230077e-01 7.790173817791384847e-02
7.500000000000000000e-01 -7.500000000000000000e-01 6.989691619924658372e-01 4.598434516223997015e-01 2.391257103700661357e-01 8.664122796889232037e-01 8.177035111695537539e-01 1.514138151962596546e-01
1.000000000000000000e+00 -7.500000000000000000e-01 8.766583475613283216e-01 8.750679973579181814e-01 1.590350203410140217e-03 7.200077781677217681e-01 6.693115432524557873e-01 2.249905987683331610e-01
1.250000000000000000e+00 -7.500000000000000000e-01 9.619290398057300795e-01 9.917741678426553742e-01 -2.984512803692529470e-02 5.741164011998793892e-01 5.528785350651920227e-01 2.743619056048887672e-01
1.500000000000000000e+00 -7.500000000000000000e-01 9.701495331576160952e-01 9.971078176406004134e-01 -2.695828448298431823e-02 4.707316579915304389e-01 4.778609970665843587e-01 2.905676317177007806e-01
1.750000000000000000e+00 -7.500000000000000000e-01 9.534715999965748257e-01 9.697752316903092140e-01 -1.630363169373438836e-02 3.734731495471431684e-01 4.120971709919563075e-01 2.764134564664458837e-01
2.000000000000000000e+00 -7.500000000000000000e-01 9.245851361567570814e-01 9.111838453352896217e-01 1.340129082146745976e-02 2.983400724793795478e-01 3.574448646913178651e-01 2.731199661208886242e-01
-2.000000000000000000e+00 -5.000000000000000000e-01 6.909637727767707904e-01 4.358898943540683857e-01 2.550738784227024047e-01 9.084574444760845635e-01 8.557390875754258275e-01 1.549308913298495793e-01
-1.750000000000000000e+00 -5.000000000000000000e-01 6.349371387251970811e-01 3.060980235153432649e-01 3.288391152098538162e-01 9.347082810732626479e-01 8.917930921357234419e-01 1.253692571427615643e-01
-1.500000000000000000e+00 -5.000000000000000000e-01 4.305958586273455069e-01 1.544538766104624206e-01 2.761419820168831141e-01 9.647441356821775393e-01 9.408667808649622266e-01 7.907543798301477911e-02
-1.250000000000000000e+00 -5.000000000000000000e-01 3.366763337740694695e-01 0.000000000000000000e+00 3.366763337740694695e-01 9.769669731473250573e-01 9.627592833769125225e-01 5.233475979630274749e-02
-1.000000000000000000e+00 -5.000000000000000000e-01 3.190822177662249737e-01 0.000000000000000000e+00 3.190822177662249737e-01 9.853245817983781185e-01 9.782143290846490036e-01 3.510683696388716690e-02
-7.500000000000000000e-01 -5.000000000000000000e-01 3.125725904516363785e-01 0.000000000000000000e+00 3.125725904516363785e-01 9.870861017455543340e-01 9.826481251053673649e-01 2.025293771575402413e-02
-5.000000000000000000e-01 -5.000000000000000000e-01 2.355205889140444264e-01 0.000000000000000000e+00 2.355205889140444264e-01 9.854934407244723138e-01 9.821599351363711206e-01 1.658865457326964485e-02
-2.500000000000000000e-01 -5.000000000000000000e-01 3.023860410505391783e-01 0.000000000000000000e+00 3.023860410505391783e-01 9.780985004122789706e-01 9.733775220745213286e-01 2.301625726128379498e-02
0.000000000000000000e+00 -5.000000000000000000e-01 2.991386871090848665e-01 0.000000000000000000e+00 2.991386871090848665e-01 9.583179554831551261e-01 9.496607351521570983e-01 3.344761443329979933e-02
2.500000000000000000e-01 -5.000000000000000000e-01 6.327405582102846315e-01 1.262378707044762294e-01 5.065026875058084022e-01 9.116723341394591396e-01 8.856580484783070917e-01 8.865957301088731035e-02
5.000000000000000000e-01 -5.000000000000000000e-01 8.115593445591680055e-01 5.034918072819052348e-01 3.080675372772627707e-01 8.260297329849092263e-01 7.819679512474754235e-01 1.575552506500598193e-01
7.500000000000000000e-01 -5.000000000000000000e-01 9.078386598250636208e-01 8.940335564172064986e-01 1.380510340785712220e-02 6.945761118280214808e-01 6.498706030145827706e-01 2.193781021687389865e-01
1.000000000000000000e+00 -5.000000000000000000e-01 9.632431867206223686e-01 9.945772971468858081e-01 -3.133411042626343956e-02 5.575079561789384464e-01 5.380136534177734076e-01 2.526304408594722828e-01
1.250000000000000000e+00 -5.000000000000000000e-01 9.640124330605810421e-01 9.912497162672985196e-01 -2.723728320671747749e-02 4.371855457151316848e-01 4.512435790319559992e-01 2.648032231100832523e-01
1.500000000000000000e+00 -5.000000000000000000e-01 9.396635092241979459e-01 9.797958971132678663e-01 -4.013238788906992038e-02 3.964086997517427546e-01 4.262923403141698486e-01 2.691910127689353671e-01
1.750000000000000000e+00 -5.000000000000000000e-01 9.379333910735585533e-01 9.329523031752520179e-01 4.981087898306535422e-03 2.910652430312345440e-01 3.552223126365222639e-01 2.694738451570414250e-01
2.000000000000000000e+00 -5.000000000000000000e-01 9.085023788485049323e-01 9.282327294380444682e-01 -1.973035058953953591e-02 2.911099642760959783e-01 3.556024800659565166e-01 2.856471340994616859e-01
-2.000000000000000000e+00 -2.500000000000000000e-01 8.574453556581316249e-01 7.062124326291603360e-01 1.512329230289712889e-01 7.885372962609130676e-01 7.323349007495919549e-01 2.150128599290862808e-01
-1.750000000000000000e+00 -2.500000000000000000e-01 7.635804118841754695e-01 5.547756303227436847e-01 2.088047815614317848e-01 8.267018922266181624e-01 7.816664965962579759e-01 1.727463942465724267e-01
-1.500000000000000000e+00 -2.500000000000000000e-01 7.458083737841683103e-01 4.101901997854175974e-01 3.356181739987507129e-01 8.514281413879097871e-01 8.183252032884644755e-01 1.427869219336226903e-01
-1.250000000000000000e+00 -2.500000000000000000e-01 6.496042513698633281e-01 1.781684596105610752e-01 4.714357917593022806e-01 8.882560794096695522e-01 8.670389614176851056e-01 9.506691870361580476e-02
-1.000000000000000000e+00 -2.500000000000000000e-01 6.721799810826657451e-01 0.000000000000000000e+00 6.721799810826657451e-01 9.001342930662955544e-01 8.872493028424469630e-01 6.625960462471931767e-02
-7.500000000000000000e-01 -2.500000000000000000e-01 6.083043114082405944e-01 8.935323161475478004e-02 5.189510797934857589e-01 9.005424249285509664e-01 8.887050758634746916e-01 6.426192028761688879e-02
-5.000000000000000000e-01 -2.500000000000000000e-01 6.309089718962163085e-01 0.000000000000000000e+00 6.309089718962163085e-01 8.868578989016726588e-01 8.757383464174367527e-01 6.070154562226684480e-02
-2.500000000000000000e-01 -2.500000000000000000e-01 7.257206691236293139e-01 1.781684596105609641e-01 5.475522095130683775e-01 8.366649781990195267e-01 8.212455258802301428e-01 8.605215162928790684e-02
0.000000000000000000e+00 -2.500000000000000000e-01 8.067651787319153334e-01 4.011782646156201726e-01 4.055869141162951608e-01 7.710443608203781940e-01 7.500774066040893917e-01 1.227568902777068371e-01
2.500000000000000000e-01 -2.500000000000000000e-01 9.406049923221548870e-01 8.750679973579182924e-01 6.553699496423659454e-02 6.494038171368549106e-01 6.275108351204645718e-01 1.743337824121043711e-01
5.000000000000000000e-01 -2.500000000000000000e-01 9.607871851667291185e-01 9.974046320325530290e-01 -3.661744686582391051e-02 4.897856410394766935e-01 4.885833321355201875e-01 2.148847703082139293e-01
7.500000000000000000e-01 -2.500000000000000000e-01 9.454774982472283762e-01 9.634189120003791018e-01 -1.794141375315072562e-02 4.064231152042833695e-01 4.256655677440247532e-01 2.443291522600955501e-01
1.000000000000000000e+00 -2.500000000000000000e-01 9.086309923639392938e-01 8.940335564172066096e-01 1.459743594673268419e-02 3.301340594576800958e-01 3.675129684245713735e-01 2.501156146050551587e-01
1.250000000000000000e+00 -2.500000000000000000e-01 9.383850602729112422e-01 9.093646133427442102e-01 2.902044693016703203e-02 2.986263326133244966e-01 3.590630599519845645e-01 2.606763413345594138e-01
1.500000000000000000e+00 -2.500000000000000000e-01 9.386101366902824816e-01 8.705951987002896741e-01 6.801493798999280749e-02 2.848013321844177770e-01 3.429763492946537040e-01 2.598198755927518810e-01
1.750000000000000000e+00 -2.500000000000000000e-01 8.880041245768919289e-01 8.728436286070917483e-01 1.516049596980018066e-02 2.678912888113021973e-01 3.300500178911733307e-01 2.531393418421203911e-01
2.000000000000000000e+00 -2.500000000000000000e-01 9.124431356985417407e-01 9.282327294380444682e-01 -1.578959373950272749e-02 2.885326587465046888e-01 3.528278711317042182e-01 2.715671324420707022e-01
-2.000000000000000000e+00 0.000000000000000000e+00 9.557914386553064690e-01 9.821690282227355517e-01 -2.637758956742908278e-02 5.588591421640020096e-01 5.448081460500264761e-01 2.471010853570750898e-01
-1.750000000000000000e+00 0.000000000000000000e+00 9.570845158677105946e-01 9.763933633531142187e-01 -1.930884748540362406e-02 5.574821156398471755e-01 5.475616247144854398e-01 2.138301191542740232e-01
-1.500000000000000000e+00 0.000000000000000000e+00 9.608977594207238626e-01 9.999919999679970362e-01 -3.909424054727317355e-02 4.885300814540974312e-01 4.926717169458826318e-01 1.936905822930827248e-01
-1.250000000000000000e+00 0.000000000000000000e+00 9.548702356031001370e-01 9.990315310339312749e-01 -4.416129543083113784e-02 4.990874590372685327e-01 4.988274448183390164e-01 1.504170150553191532e-01
-1.000000000000000000e+00 0.000000000000000000e+00 9.559597727733721850e-01 9.864603387871176965e-01 -3.050056601374551146e-02 4.643656946195653945e-01 4.676122088732611592e-01 1.321166815593071142e-01
-7.500000000000000000e-01 0.000000000000000000e+00 9.388141228404341954e-01 9.199652167337627473e-01 1.884890610667144806e-02 4.354999817208612956e-01 4.381301860796301684e-01 1.271551360760368454e-01
-5.000000000000000000e-01 0.000000000000000000e+00 9.504755700423650477e-01 8.589854480723153607e-01 9.149012197004968705e-02 4.049411434600972415e-01 4.099313148305623877e-01 1.428912897139998917e-01
-2.500000000000000000e-01 0.000000000000000000e+00 9.218542095557855642e-01 7.369016216565120736e-01 1.849525878992734906e-01 3.407645333210607141e-01 3.526826598358104303e-01 1.507334755609091859e-01
0.000000000000000000e+00 0.000000000000000000e+00 8.506683411415446594e-01 5.363431737236918906e-01 3.143251674178527688e-01 2.554819513197579273e-01 2.777915265972775161e-01 1.562489431913101912e-01
2.500000000000000000e-01 0.000000000000000000e+00 8.258404002092736285e-01 5.299962264016591096e-01 2.958441738076145189e-01 2.074689268550634069e-01 2.392235846152587220e-01 1.588661987466390424e-01
5.000000000000000000e-01 0.000000000000000000e+00 8.029991706573961219e-01 5.034918072819054569e-01 2.995073633754906650e-01 1.706191058441237640e-01 2.129291030385595807e-01 1.694196884677886816e-01
7.500000000000000000e-01 0.000000000000000000e+00 7.751704530252039316e-01 5.487294415283325844e-01 2.264410114968713472e-01 1.516008672927157963e-01 2.034339098513164579e-01 1.847787736728948582e-01
1.000000000000000000e+00 0.000000000000000000e+00 7.920646373128263917e-01 6.404498419080120186e-01 1.516147954048143731e-01 1.467289115635164731e-01 2.121277223558873937e-01 2.044777767466882112e-01
1.250000000000000000e+00 0.000000000000000000e+00 8.264192554056810636e-01 7.218974996493622287e-01 1.045217557563188349e-01 1.663537001382109082e-01 2.369843551171843254e-01 2.191550863388942449e-01
1.500000000000000000e+00 0.000000000000000000e+00 8.588159318670539610e-01 7.512655988397163309e-01 1.075503330273376301e-01 1.885709122868452214e-01 2.633918019254775089e-01 2.346619972806979759e-01
1.750000000000000000e+00 0.000000000000000000e+00 8.850533852638042820e-01 8.311822904754402330e-01 5.387109478836404897e-02 2.238913897289359078e-01 2.952220389113272003e-01 2.500484303966733490e-01
2.000000000000000000e+00 0.000000000000000000e+00 9.232284642931978258e-01 9.018736053350301374e-01 2.135485895816768842e-02 2.576688525877846581e-01 3.328172968002245935e-01 2.654213830822323428e-01
-2.000000000000000000e+00 2.500000000000000000e-01 9.184472669386883892e-01 8.879189152169252308e-01 3.052835172176315837e-02 3.110782132992817584e-01 3.542941694438774825e-01 2.304296715130929318e-01
-1.750000000000000000e+00 2.500000000000000000e-01 8.351837312777682376e-01 6.307329070216617373e-01 2.044508242561065003e-01 2.103889011570820311e-01 2.535493773633405445e-01 1.751487174956982418e-01
-1.500000000000000000e+00 2.500000000000000000e-01 7.118399583075126769e-01 1.989974874213245037e-01 5.128424708861881731e-01 1.352239710194828859e-01 1.620114645893420413e-01 1.071879086169987699e-01
-1.250000000000000000e+00 2.500000000000000000e-01 5.843101334928322288e-01 1.544538766104628091e-01 4.298562568823693919e-01 1.005623862711753080e-01 1.179768110504851863e-01 8.134627868873187118e-02
-1.000000000000000000e+00 2.500000000000000000e-01 5.475925247759805270e-01 1.544538766104629757e-01 3.931386481655175791e-01 7.701536000495697032e-02 9.207583356478858672e-02 7.191460428422499773e-02
-7.500000000000000000e-01 2.500000000000000000e-01 5.479634808599715967e-01 1.781684596105610752e-01 3.697950212494105493e-01 6.357955640960731569e-02 7.767354711906328257e-02 7.558735395949957303e-02
-5.000000000000000000e-01 2.500000000000000000e-01 4.665471546019809845e-01 8.935323161475475229e-02 3.771939229872262045e-01 5.097932707049241535e-02 6.388181848587530520e-02 6.079459080826429829e-02
-2.500000000000000000e-01 2.500000000000000000e-01 5.082378237491508299e-01 1.989974874213248646e-01 3.092403363278259931e-01 4.852123876275964837e-02 6.875660198337074647e-02 8.542322926193365862e-02
0.000000000000000000e+00 2.500000000000000000e-01 4.687602261934000203e-01 1.781684596105607976e-01 2.905917665828392504e-01 4.301750681091977280e-02 6.202405425813485584e-02 7.518074170967607717e-02
2.500000000000000000e-01 2.500000000000000000e-01 4.150227709129718501e-01 1.989974874213225886e-01 2.160252834916492615e-01 3.986167987246675565e-02 6.128364235089669987e-02 8.536965244140251596e-02
5.000000000000000000e-01 2.500000000000000000e-01 4.864449162411144667e-01 2.800000000000002487e-01 2.064449162411142180e-01 4.219746534406113719e-02 7.550438532598201247e-02 1.076527406489682093e-01
7.500000000000000000e-01 2.500000000000000000e-01 5.450432749296328927e-01 3.060980235153443751e-01 2.389452514142885176e-01 5.445784386429367019e-02 9.063391652534993903e-02 1.234545251833892437e-01
1.000000000000000000e+00 2.500000000000000000e-01 6.126280948313108654e-01 3.725801927102404543e-01 2.400479021210704111e-01 7.122987375344366767e-02 1.235076124482972215e-01 1.495727070734632624e-01
1.250000000000000000e+00 2.500000000000000000e-01 7.500987693335694484e-01 5.102940328869206565e-01 2.398047364466487918e-01 1.011803150490641345e-01 1.658633166494618005e-01 1.789406592314364552e-01
1.500000000000000000e+00 2.500000000000000000e-01 7.811625970475879477e-01 6.257795138864770124e-01 1.553830831611109353e-01 1.267016179579822377e-01 2.048468809731820162e-01 2.108284644492109117e-01
1.750000000000000000e+00 2.500000000000000000e-01 8.532412874090896659e-01 7.749683864519897325e-01 7.827290095709993345e-02 1.875436239193430943e-01 2.652873295433206269e-01 2.337765683844287568e-01
2.000000000000000000e+00 2.500000000000000000e-01 8.982061369702705189e-01 8.390852161729474012e-01 5.912092079732311767e-02 2.061017906605706052e-01 2.876260173038255319e-01 2.563913722259321681e-01
-2.000000000000000000e+00 5.000000000000000000e-01 7.797643956383236707e-01 5.665897987080242837e-01 2.131745969302993871e-01 1.532521238049705525e-01 2.122823896988984826e-01 1.825875066153151982e-01
-1.750000000000000000e+00 5.000000000000000000e-01 5.944888522871001335e-01 1.989974874213242817e-01 3.954913648657758518e-01 6.493110199894944201e-02 9.366441252421323083e-02 9.222240438394142814e-02
-1.500000000000000000e+00 5.000000000000000000e-01 4.296602304066966527e-01 0.000000000000000000e+00 4.296602304066966527e-01 3.213255054599491178e-02 4.808255291551877947e-02 5.589320561470024346e-02
-1.250000000000000000e+00 5.000000000000000000e-01 2.832982237706813677e-01 0.000000000000000000e+00 2.832982237706813677e-01 1.586038552397516996e-02 2.332336408254971280e-02 3.211779328505723341e-02
-1.000000000000000000e+00 5.000000000000000000e-01 2.365064382894124240e-01 0.000000000000000000e+00 2.365064382894124240e-01 8.937194864648587839e-03 1.326416196071632247e-02 2.727420846530507689e-02
-7.500000000000000000e-01 5.000000000000000000e-01 1.593956739655660038e-01 0.000000000000000000e+00 1.593956739655660038e-01 6.667698658671517183e-03 9.303636870757000035e-03 1.220808007783562993e-02
-5.000000000000000000e-01 5.000000000000000000e-01 1.618979694060826702e-01 0.000000000000000000e+00 1.618979694060826702e-01 5.658545341021599916e-03 9.027242746259340339e-03 1.443202535982875644e-02
-2.500000000000000000e-01 5.000000000000000000e-01 2.281980509206947838e-01 1.262378707044761184e-01 1.019601802162186654e-01 5.914944528625154171e-03 1.450972983051001391e-02 5.043786926752260452e-02
0.000000000000000000e+00 5.000000000000000000e-01 2.297559634311866494e-01 0.000000000000000000e+00 2.297559634311866494e-01 6.895366336397143643e-03 1.271687505821613752e-02 2.666372512700219619e-02
2.500000000000000000e-01 5.000000000000000000e-01 2.827600334299841811e-01 8.935323161475471065e-02 1.934068018152294566e-01 8.446159012024187160e-03 1.664208981776965982e-02 4.435818241895877340e-02
5.000000000000000000e-01 5.000000000000000000e-01 2.978461086996158635e-01 1.262378707044762294e-01 1.716082379951396342e-01 1.295651430333782245e-02 2.700917767362881125e-02 6.126275506815990340e-02
7.500000000000000000e-01 5.000000000000000000e-01 4.297918096126769338e-01 1.544538766104625316e-01 2.753379330022144300e-01 2.110919635340682832e-02 4.291316026666667366e-02 7.976426030516667320e-02
1.000000000000000000e+00 5.000000000000000000e-01 4.911535260214940357e-01 1.781684596105612972e-01 3.129850664109327107e-01 3.480794922700391342e-02 6.959544305059013614e-02 9.789361470563745504e-02
1.250000000000000000e+00 5.000000000000000000e-01 5.835188084398897912e-01 3.919183588453080680e-01 1.916004495945817232e-01 6.113101035171307485e-02 1.182364244612165993e-01 1.524671112163945852e-01
1.500000000000000000e+00 5.000000000000000000e-01 7.132533425641136571e-01 5.299962264016598867e-01 1.832571161624537703e-01 1.114017555076128180e-01 1.811207458736891485e-01 1.864769610683757739e-01
1.750000000000000000e+00 5.000000000000000000e-01 8.153661418780104864e-01 6.813046308370409587e-01 1.340615110409695276e-01 1.444312537415774755e-01 2.248647384819218442e-01 2.240811387777802699e-01
2.000000000000000000e+00 5.000000000000000000e-01 8.773491984941269584e-01 8.174496926416952025e-01 5.989950585243175585e-02 2.113088621116687160e-01 2.923103931899479480e-01 2.503897428793220858e-01
-2.000000000000000000e+00 7.500000000000000000e-01 6.828481800966478277e-01 4.011782646156189513e-01 2.816699154810288763e-01 7.766403895721415984e-02 1.258536285476959671e-01 1.417804826665695905e-01
-1.750000000000000000e+00 7.500000000000000000e-01 4.886523251777479260e-01 1.544538766104633365e-01 3.341984485672845895e-01 2.565142817313443777e-02 4.862505144657632006e-02 7.488816118286513446e-02
-1.500000000000000000e+00 7.500000000000000000e-01 2.501967684940066827e-01 8.935323161475472453e-02 1.608435368792519582e-01 8.715484105006764473e-03 1.722504317882368394e-02 4.021825601298967268e-02
-1.250000000000000000e+00 7.500000000000000000e-01 1.468693585881679364e-01 1.262378707044762016e-01 2.063148788369173481e-02 3.470791441228992559e-03 1.031348757331584758e-02 4.429055179773159351e-02
-1.000000000000000000e+00 7.500000000000000000e-01 1.229548896835253868e-01 0.000000000000000000e+00 1.229548896835253868e-01 1.791360200075694598e-03 4.154603014255612084e-03 1.182251881765855779e-02
-7.500000000000000000e-01 7.500000000000000000e-01 8.806598189344147509e-02 0.000000000000000000e+00 8.806598189344147509e-02 1.179881605574936362e-03 2.682722935531716996e-03 9.926466320758296769e-03
-5.000000000000000000e-01 7.500000000000000000e-01 9.167641325376055250e-02 0.000000000000000000e+00 9.167641325376055250e-02 1.007139460710867237e-03 3.588759523660830803e-03 1.716229507224218895e-02
-2.500000000000000000e-01 7.500000000000000000e-01 1.247679730675482768e-01 0.000000000000000000e+00 1.247679730675482768e-01 1.131206255514850432e-03 2.628256487602577060e-03 8.258905794868483946e-03
0.000000000000000000e+00 7.500000000000000000e-01 1.261451016473513209e-01 0.000000000000000000e+00 1.261451016473513209e-01 1.543122031520324832e-03 3.539473069771952550e-03 1.008499151441242560e-02
2.500000000000000000e-01 7.500000000000000000e-01 1.927800800489082311e-01 0.000000000000000000e+00 1.927800800489082311e-01 2.736814746580750954e-03 7.391263620630150050e-03 3.062891278831672559e-02
5.000000000000000000e-01 7.500000000000000000e-01 1.743834566900434591e-01 8.935323161475473841e-02 8.503022507528872065e-02 4.866728888866830686e-03 1.204666428874257358e-02 3.876451076493641484e-02
7.500000000000000000e-01 7.500000000000000000e-01 2.504411274047264047e-01 8.935323161475473841e-02 1.610878957899716801e-01 9.423305050333731850e-03 1.834789086260280727e-02 4.392612109400236692e-02
1.000000000000000000e+00 7.500000000000000000e-01 3.490353874654487654e-01 1.781684596105612972e-01 1.708669278548874682e-01 2.329320815968844230e-02 4.707887562518232177e-02 7.857698044869476650e-02
1.250000000000000000e+00 7.500000000000000000e-01 5.001147452269947280e-01 2.659022376739249016e-01 2.342125075530698264e-01 4.879691037499271633e-02 9.262200810091908432e-02 1.232499874566677506e-01
1.500000000000000000e+00 7.500000000000000000e-01 6.501179157928370644e-01 3.519999999999985363e-01 2.981179157928385282e-01 8.681022485708042580e-02 1.431561254603205546e-01 1.486979345669744157e-01
1.750000000000000000e+00 7.500000000000000000e-01 7.974015619298433499e-01 6.855771291401119294e-01 1.118244327897314205e-01 1.407008479565540204e-01 2.217386244534008122e-01 2.146130860403341889e-01
2.000000000000000000e+00 7.500000000000000000e-01 8.704648675744308672e-01 7.939370252104368531e-01 7.652784236399401419e-02 1.966721053920856555e-01 2.781259758054523412e-01 2.436817442264336275e-01
-2.000000000000000000e+00 1.000000000000000000e+00 5.179552224494130552e-01 3.060980235153441531e-01 2.118571989340689021e-01 4.619548231521887482e-02 8.620703373660555668e-02 1.159426881623986383e-01
-1.750000000000000000e+00 1.000000000000000000e+00 3.111603431006206844e-01 1.781684596105611029e-01 1.329918834900595814e-01 1.513206116162653381e-02 3.631835285288334547e-02 7.679078552464106699e-02
-1.500000000000000000e+00 1.000000000000000000e+00 1.774841402239839272e-01 0.000000000000000000e+00 1.774841402239839272e-01 4.066422806180588524e-03 9.566326516821236844e-03 2.436442078199172259e-02
-1.250000000000000000e+00 1.000000000000000000e+00 8.617194167961494955e-02 8.935323161475478004e-02 -3.181289935139830494e-03 1.397859588642904596e-03 4.678579690495025291e-03 2.988570656936279796e-02
-1.000000000000000000e+00 1.000000000000000000e+00 9.127607340418872339e-02 0.000000000000000000e+00 9.127607340418872339e-02 5.429197414549523371e-04 2.050104241787411782e-03 1.143669541780190958e-02
-7.500000000000000000e-01 1.000000000000000000e+00 8.254769475817204383e-02 0.000000000000000000e+00 8.254769475817204383e-02 3.470237333300840634e-04 1.134647198684727437e-03 6.414109725754763014e-03
-5.000000000000000000e-01 1.000000000000000000e+00 2.267927277282360057e-02 0.000000000000000000e+00 2.267927277282360057e-02 3.634300292386430636e-04 2.457481857374238955e-03 1.410881158352744920e-02
-2.500000000000000000e-01 1.000000000000000000e+00 8.935278872466394240e-02 0.000000000000000000e+00 8.935278872466394240e-02 3.626854096808283931e-04 1.287704203221434231e-03 6.673058644711465578e-03
0.000000000000000000e+00 1.000000000000000000e+00 1.791240503109037220e-03 0.000000000000000000e+00 1.791240503109037220e-03 5.866023088913765397e-04 1.808374868149476315e-03 7.555324630505019269e-03
2.500000000000000000e-01 1.000000000000000000e+00 9.072077729229027776e-02 0.000000000000000000e+00 9.072077729229027776e-02 1.253178985995386224e-03 3.126223026108477382e-03 9.419014128262598318e-03
5.000000000000000000e-01 1.000000000000000000e+00 1.999712747434842786e-01 8.935323161475475229e-02 1.106180431287295263e-01 2.834489371524739291e-03 7.229482264558383629e-03 2.954502700375299246e-02
7.500000000000000000e-01 1.000000000000000000e+00 2.956059574103420684e-01 8.935323161475472453e-02 2.062527257955873439e-01 6.978481378200592292e-03 1.609458609252488459e-02 4.277538801261288742e-02
1.000000000000000000e+00 1.000000000000000000e+00 3.194997886894425099e-01 1.262378707044762016e-01 1.932619179849663082e-01 1.613019853708392085e-02 3.200810988903947385e-02 5.662182250791920196e-02
1.250000000000000000e+00 1.000000000000000000e+00 5.538303407098948972e-01 2.933666647729432086e-01 2.604636759369516885e-01 4.072329689981730311e-02 8.309290235221288012e-02 1.161858581300206361e-01
1.500000000000000000e+00 1.000000000000000000e+00 7.030531260242787184e-01 4.358898943540699955e-01 2.671632316702087229e-01 8.742706550005958921e-02 1.472591463305930326e-01 1.628225784076231253e-01
1.750000000000000000e+00 1.000000000000000000e+00 7.925307405265498151e-01 6.591631057636671009e-01 1.333676347628827141e-01 1.476146288490375602e-01 2.247211893966730434e-01 2.133007575577763604e-01
2.000000000000000000e+00 1.000000000000000000e+00 9.002260350424942104e-01 8.230285535751447057e-01 7.719748146734950467e-02 2.243550044485080608e-01 2.940649494444920187e-01 2.472537301856221892e-01
-2.000000000000000000e+00 1.250000000000000000e+00 5.281942169455156044e-01 2.509501942617306525e-01 2.772440226837849520e-01 4.942343125792113961e-02 9.025418585502266444e-02 1.119309802347078636e-01
-1.750000000000000000e+00 1.250000000000000000e+00 3.102269758069418071e-01 8.935323161475472453e-02 2.208737441921870825e-01 1.065870518506763752e-02 2.402299099720098599e-02 4.684512864621463019e-02
-1.500000000000000000e+00 1.250000000000000000e+00 2.172817892197311251e-01 8.935323161475479392e-02 1.279285576049763451e-01 2.822822357088519349e-03 8.413992610961240279e-03 3.129371490330683930e-02
-1.250000000000000000e+00 1.250000000000000000e+00 1.052274834316513918e-01 0.000000000000000000e+00 1.052274834316513918e-01 8.281852355085586722e-04 2.647465694230508471e-03 9.517402469009115726e-03
-1.000000000000000000e+00 1.250000000000000000e+00 8.947987646910160464e-02 0.000000000000000000e+00 8.947987646910160464e-02 3.031693499747283396e-04 1.053771608152288299e-03 7.891083106109558765e-03
-7.500000000000000000e-01 1.250000000000000000e+00 8.935323161474760523e-02 8.935323161475473841e-02 -7.133182933216630772e-15 1.720552635308412515e-04 1.748669283689914446e-03 2.777458854052052006e-02
-5.000000000000000000e-01 1.250000000000000000e+00 1.996489570908321649e-03 0.000000000000000000e+00 1.996489570908321649e-03 1.570427696822776617e-04 1.108130245494080715e-03 8.643755782004904770e-03
-2.500000000000000000e-01 1.250000000000000000e+00 1.430477152000123184e-08 0.000000000000000000e+00 1.430477152000123184e-08 1.972946101096993460e-04 5.290357762047560343e-04 2.133975886192545756e-03
0.000000000000000000e+00 1.250000000000000000e+00 1.216263998367858312e-01 0.000000000000000000e+00 1.216263998367858312e-01 3.447002747106912368e-04 1.670141991997209623e-03 1.088162827522109501e-02
2.500000000000000000e-01 1.250000000000000000e+00 8.030700507792892795e-02 0.000000000000000000e+00 8.030700507792892795e-02 8.041801359731103093e-04 2.087071897128258639e-03 5.727548033199947840e-03
5.000000000000000000e-01 1.250000000000000000e+00 1.760702501318933471e-03 0.000000000000000000e+00 1.760702501318933471e-03 2.121874553744685678e-03 5.269047500262902077e-03 1.689119353962882999e-02
7.500000000000000000e-01 1.250000000000000000e+00 2.459550824124790147e-01 0.000000000000000000e+00 2.459550824124790147e-01 5.688538031619547186e-03 1.285402848651623527e-02 2.579716618065235403e-02
1.000000000000000000e+00 1.250000000000000000e+00 4.139329456426152354e-01 1.544538766104637251e-01 2.594790690321515103e-01 1.840956273289635556e-02 3.907648522562162663e-02 7.094802946892293793e-02
1.250000000000000000e+00 1.250000000000000000e+00 5.169954366806150947e-01 2.509501942617302639e-01 2.660452424188848308e-01 4.040430922641149308e-02 7.977246687070065068e-02 1.043641580648687478e-01
1.500000000000000000e+00 1.250000000000000000e+00 6.832287591123132886e-01 4.674868982121336836e-01 2.157418609001796050e-01 1.016587542123862514e-01 1.657092138753740174e-01 1.717675653895792964e-01
1.750000000000000000e+00 1.250000000000000000e+00 8.301334385723675435e-01 7.180417815141370008e-01 1.120916570582305427e-01 1.641496894344240953e-01 2.408073206597112770e-01 2.221807944186156569e-01
2.000000000000000000e+00 1.250000000000000000e+00 9.081117062789602068e-01 8.815985480931747276e-01 2.651315818578547923e-02 2.473044438636876896e-01 3.208717083559420313e-01 2.595721614496515062e-01
-2.000000000000000000e+00 1.500000000000000000e+00 5.549192536062541592e-01 2.933666647729431531e-01 2.615525888333110061e-01 5.394870944714940525e-02 1.018943944356830583e-01 1.338367591138560075e-01
-1.750000000000000000e+00 1.500000000000000000e+00 3.350461132128340069e-01 0.000000000000000000e+00 3.350461132128340069e-01 1.403716548990654144e-02 3.082593613185804354e-02 4.872009769873643370e-02
-1.500000000000000000e+00 1.500000000000000000e+00 1.909096245057865515e-01 0.000000000000000000e+00 1.909096245057865515e-01 3.226868604145412007e-03 8.435197671329114008e-03 1.792782288689217379e-02
-1.250000000000000000e+00 1.500000000000000000e+00 8.934088836181201809e-02 0.000000000000000000e+00 8.934088836181201809e-02 7.521513686160816170e-04 2.592428345359501334e-03 1.242924222502240703e-02
-1.000000000000000000e+00 1.500000000000000000e+00 2.741011661759232276e-03 0.000000000000000000e+00 2.741011661759232276e-03 2.966877433059901233e-04 1.628668168758700590e-03 9.244977021488028079e-03
-7.500000000000000000e-01 1.500000000000000000e+00 2.387001687533724518e-07 0.000000000000000000e+00 2.387001687533724518e-07 1.626364059905513373e-04 7.954845449733076402e-04 4.405379434739342681e-03
-5.000000000000000000e-01 1.500000000000000000e+00 1.111290004307914563e-08 0.000000000000000000e+00 1.111290004307914563e-08 1.239481948467845130e-04 5.148578384950669657e-04 3.741951394622865940e-03
-2.500000000000000000e-01 1.500000000000000000e+00 2.184165359283232573e-06 0.000000000000000000e+00 2.184165359283232573e-06 1.665427786181765987e-04 6.888918271505346585e-04 3.701645460821076112e-03
0.000000000000000000e+00 1.500000000000000000e+00 1.262915557243526887e-01 0.000000000000000000e+00 1.262915557243526887e-01 3.035519110806156220e-04 1.350522337114300067e-03 9.150292771106649861e-03
2.500000000000000000e-01 1.500000000000000000e+00 1.262256186035661254e-01 0.000000000000000000e+00 1.262256186035661254e-01 7.502040774010009481e-04 2.436475058971303547e-03 1.218448391546763689e-02
5.000000000000000000e-01 1.500000000000000000e+00 1.220171200907757825e-01 0.000000000000000000e+00 1.220171200907757825e-01 2.021476325492829653e-03 5.510247289152107875e-03 2.047436351370156629e-02
7.500000000000000000e-01 1.500000000000000000e+00 1.785921197957577589e-01 0.000000000000000000e+00 1.785921197957577589e-01 5.688950986943067112e-03 1.286441988729842938e-02 2.387953260629464489e-02
1.000000000000000000e+00 1.500000000000000000e+00 3.541683251980382585e-01 8.935323161475479392e-02 2.648150935832834785e-01 1.713862448723011897e-02 3.472641101312631817e-02 5.087025523958536855e-02
1.250000000000000000e+00 1.500000000000000000e+00 5.989911578382659529e-01 1.989974874213246703e-01 3.999936704169412827e-01 4.645321885976242543e-02 8.685860995958168129e-02 1.086614058619182061e-01
1.500000000000000000e+00 1.500000000000000000e+00 7.488108172936467355e-01 5.235417843878392707e-01 2.252690329058074648e-01 9.605296131239197954e-02 1.595059786004574542e-01 1.768779221863191753e-01
1.750000000000000000e+00 1.500000000000000000e+00 8.666827359500965944e-01 8.029844332239558513e-01 6.369830272614074307e-02 1.970334576499205292e-01 2.772450779503299323e-01 2.490859076470336997e-01
2.000000000000000000e+00 1.500000000000000000e+00 8.946321122011382521e-01 8.660254037844385966e-01 2.860670841669965547e-02 2.574611055588816866e-01 3.213926041110382048e-01 2.553527665430847526e-01
-2.000000000000000000e+00 1.750000000000000000e+00 6.714520259887948317e-01 4.189701660023054663e-01 2.524818599864893653e-01 7.560359459051749220e-02 1.352457609296205676e-01 1.568181881297384395e-01
-1.750000000000000000e+00 1.750000000000000000e+00 4.018546022405181661e-01 1.544538766104631144e-01 2.474007256300550517e-01 2.152415372806296828e-02 4.779558886852391941e-02 7.782539755974057782e-02
-1.500000000000000000e+00 1.750000000000000000e+00 2.342135977384063039e-01 8.935323161475475229e-02 1.448603661236515516e-01 4.643435613989875879e-03 1.393605733493279847e-02 3.994743218747437430e-02
-1.250000000000000000e+00 1.750000000000000000e+00 5.802844427102517993e-02 0.000000000000000000e+00 5.802844427102517993e-02 1.274269749393433558e-03 4.112954089544390394e-03 1.418422504723324158e-02
-1.000000000000000000e+00 1.750000000000000000e+00 8.626670471093993153e-02 0.000000000000000000e+00 8.626670471093993153e-02 4.741790589864366945e-04 1.926008111722634936e-03 1.212393505744639721e-02
-7.500000000000000000e-01 1.750000000000000000e+00 2.091448351173962334e-08 0.000000000000000000e+00 2.091448351173962334e-08 2.149117283628267604e-04 5.939618295857350145e-04 1.765298023001007129e-03
-5.000000000000000000e-01 1.750000000000000000e+00 3.990272781834124151e-06 0.000000000000000000e+00 3.990272781834124151e-06 1.419794845231962539e-04 4.672941801578939084e-04 1.859666123540934047e-03
-2.500000000000000000e-01 1.750000000000000000e+00 8.785624941861493176e-02 0.000000000000000000e+00 8.785624941861493176e-02 1.876819776734870164e-04 1.313148658672752284e-03 1.193213980278371930e-02
0.000000000000000000e+00 1.750000000000000000e+00 2.347423722218874506e-04 0.000000000000000000e+00 2.347423722218874506e-04 2.958175116845145058e-04 1.327331631092233764e-03 9.744854067287790633e-03
2.500000000000000000e-01 1.750000000000000000e+00 1.262381915210780969e-01 8.935323161475473841e-02 3.688495990632335852e-02 7.420878987862910506e-04 3.439752888841108268e-03 2.466717313985507254e-02
5.000000000000000000e-01 1.750000000000000000e+00 9.919564130427534210e-02 0.000000000000000000e+00 9.919564130427534210e-02 2.094910573065026597e-03 5.749133597764331111e-03 1.615765797244247612e-02
7.500000000000000000e-01 1.750000000000000000e+00 2.499844404838031386e-01 0.000000000000000000e+00 2.499844404838031386e-01 6.679480002862321283e-03 1.403763549480184329e-02 2.117240811074357423e-02
1.000000000000000000e+00 1.750000000000000000e+00 3.624867602768076513e-01 0.000000000000000000e+00 3.624867602768076513e-01 1.869085812836912552e-02 4.083268510852623712e-02 6.175647385328943140e-02
1.250000000000000000e+00 1.750000000000000000e+00 5.529965456529116752e-01 3.299454500368194099e-01 2.230510956160922653e-01 4.952765344616323617e-02 9.950586067146344194e-02 1.282372694017409609e-01
1.500000000000000000e+00 1.750000000000000000e+00 7.256078427660241914e-01 5.169758214849121680e-01 2.086320212811120234e-01 1.048708721230586366e-01 1.751208275163838035e-01 1.819347858057945022e-01
1.750000000000000000e+00 1.750000000000000000e+00 8.967190559711795128e-01 7.749683864519897325e-01 1.217506695191897803e-01 1.968647889922638949e-01 2.727060803362627572e-01 2.427531922102706130e-01
2.000000000000000000e+00 1.750000000000000000e+00 9.089197510051860718e-01 8.837284650841609190e-01 2.519128592102515274e-02 2.806040285160711911e-01 3.378313296243231068e-01 2.602082145384648215e-01
-2.000000000000000000e+00 2.000000000000000000e+00 7.393887928193303427e-01 5.235417843878387156e-01 2.158470084314916271e-01 1.067722833711562125e-01 1.777524092312293691e-01 1.873888338594246750e-01
-1.750000000000000000e+00 2.000000000000000000e+00 4.837308008116019131e-01 2.933666647729433752e-01 1.903641360386585379e-01 3.054870150921639230e-02 6.756695558499181686e-02 1.107005589381862831e-01
-1.500000000000000000e+00 2.000000000000000000e+00 2.474336463826712906e-01 8.935323161475478004e-02 1.580804147679165106e-01 7.872578947657145332e-03 2.010068843952906789e-02 5.245488720350100637e-02
-1.250000000000000000e+00 2.000000000000000000e+00 1.420372322972076884e-01 0.000000000000000000e+00 1.420372322972076884e-01 2.244263676381907328e-03 7.413385185138164114e-03 2.108595273743123916e-02
-1.000000000000000000e+00 2.000000000000000000e+00 6.908279632192045050e-02 0.000000000000000000e+00 6.908279632192045050e-02 7.159079085490208496e-04 3.883903520097331270e-03 2.505963302464976616e-02
-7.500000000000000000e-01 2.000000000000000000e+00 9.482198373290084970e-02 0.000000000000000000e+00 9.482198373290084970e-02 3.069856191270424017e-04 2.060453158599750371e-03 1.363126236599123027e-02
-5.000000000000000000e-01 2.000000000000000000e+00 8.933728165353706230e-02 0.000000000000000000e+00 8.933728165353706230e-02 1.926610347711125342e-04 7.434526278988367893e-04 3.153323239764679875e-03
-2.500000000000000000e-01 2.000000000000000000e+00 2.584477311110292959e-05 0.000000000000000000e+00 2.584477311110292959e-05 2.132780921085910316e-04 1.400301807121161202e-03 1.019024658941791034e-02
0.000000000000000000e+00 2.000000000000000000e+00 9.246934299723540145e-07 0.000000000000000000e+00 9.246934299723540145e-07 3.814162307777776203e-04 1.504077270627591882e-03 7.470171534569729904e-03
2.500000000000000000e-01 2.000000000000000000e+00 1.395726152105339901e-01 0.000000000000000000e+00 1.395726152105339901e-01 8.216708031981456196e-04 4.432060210703805785e-03 2.446464210622554050e-02
5.000000000000000000e-01 2.000000000000000000e+00 1.545429543739980927e-01 0.000000000000000000e+00 1.545429543739980927e-01 2.198137393573329490e-03 7.057384072637556439e-03 1.915095591915403142e-02
7.500000000000000000e-01 2.000000000000000000e+00 2.689594667970618969e-01 0.000000000000000000e+00 2.689594667970618969e-01 6.249481634217601486e-03 1.536233069722249371e-02 3.196150644868035740e-02
1.000000000000000000e+00 2.000000000000000000e+00 4.132595466799269812e-01 1.781684596105611862e-01 2.350910870693657950e-01 1.864421236495683240e-02 4.100959881686614544e-02 7.056860778682765012e-02
1.250000000000000000e+00 2.000000000000000000e+00 6.370748197040065897e-01 3.182703253525232534e-01 3.188044943514833363e-01 5.272386490878978177e-02 1.028262025062416096e-01 1.276294342753661326e-01
1.500000000000000000e+00 2.000000000000000000e+00 7.401317444237528465e-01 5.363431737236920016e-01 2.037885707000608448e-01 1.228363590953979595e-01 1.838993846842653102e-01 1.793744948864603728e-01
1.750000000000000000e+00 2.000000000000000000e+00 8.385150538918432206e-01 7.477325725150677505e-01 9.078248137677547014e-02 1.901307235495857118e-01 2.681220236894684139e-01 2.264816899275312601e-01
2.000000000000000000e+00 2.000000000000000000e+00 9.102702137414419026e-01 9.129819275319710492e-01 -2.711713790529146628e-03 3.074845517584841592e-01 3.616917865100438001e-01 2.587664501714960208e-01
-2.000000000000000000e+00 2.250000000000000000e+00 8.045806908456739626e-01 6.636987268331899781e-01 1.408819640124839845e-01 1.435036258082567628e-01 2.202030458303121108e-01 2.106344244931993015e-01
-1.750000000000000000e+00 2.250000000000000000e+00 5.663447303495723339e-01 2.933666647729433197e-01 2.729780655766290143e-01 4.773749418580442577e-02 9.752608204654462931e-02 1.277626936371414335e-01
-1.500000000000000000e+00 2.250000000000000000e+00 3.191455466492635895e-01 0.000000000000000000e+00 3.191455466492635895e-01 1.144296763753438473e-02 2.918187899490618312e-02 4.817923271727524159e-02
-1.250000000000000000e+00 2.250000000000000000e+00 2.337485383984485854e-01 0.000000000000000000e+00 2.337485383984485854e-01 3.526069272762006723e-03 1.024022185012639190e-02 2.590635495740018987e-02
-1.000000000000000000e+00 2.250000000000000000e+00 1.606934576278027937e-01 0.000000000000000000e+00 1.606934576278027937e-01 1.089271763361904666e-03 4.085977202303279349e-03 1.752265150485809650e-02
-7.500000000000000000e-01 2.250000000000000000e+00 1.772296731568443751e-01 0.000000000000000000e+00 1.772296731568443751e-01 5.540279082666176372e-04 2.261424504779143991e-03 7.363953612535374324e-03
-5.000000000000000000e-01 2.250000000000000000e+00 2.868374607194120388e-08 0.000000000000000000e+00 2.868374607194120388e-08 3.208148337871831175e-04 1.394613569391563472e-03 5.422846894099561145e-03
-2.500000000000000000e-01 2.250000000000000000e+00 8.935305535726258130e-02 8.935323161475478004e-02 -1.762574921987392074e-07 3.188871159201133094e-04 2.167628504129567521e-03 2.465031445973339327e-02
0.000000000000000000e+00 2.250000000000000000e+00 1.122236924582101832e-03 0.000000000000000000e+00 1.122236924582101832e-03 4.377031383801947883e-04 1.947017582836606340e-03 8.534858308666661009e-03
2.500000000000000000e-01 2.250000000000000000e+00 6.956367638801147502e-02 0.000000000000000000e+00 6.956367638801147502e-02 8.653772192524345321e-04 2.928821657493974485e-03 9.656362501047319885e-03
5.000000000000000000e-01 2.250000000000000000e+00 1.354367068844145316e-01 0.000000000000000000e+00 1.354367068844145316e-01 1.945660384111063367e-03 5.582259066955814163e-03 1.866812088602259542e-02
7.500000000000000000e-01 2.250000000000000000e+00 3.288231254577935192e-01 1.262378707044761739e-01 2.025852547533173453e-01 7.041066076777816214e-03 2.019937972479068228e-02 5.628913234336480748e-02
1.000000000000000000e+00 2.250000000000000000e+00 4.628457080517073829e-01 1.544538766104635308e-01 3.083918314412438244e-01 2.032545721845948478e-02 4.627342789611535445e-02 7.691852916564577425e-02
1.250000000000000000e+00 2.250000000000000000e+00 6.054409042936476082e-01 3.299454500368198540e-01 2.754954542568277542e-01 5.119137692901026826e-02 1.013044343856430163e-01 1.361675294697876348e-01
1.500000000000000000e+00 2.250000000000000000e+00 7.584166768874452957e-01 5.999999999999998668e-01 1.584166768874454290e-01 1.151101868895969133e-01 1.873831631047474799e-01 1.975800345617414744e-01
1.750000000000000000e+00 2.250000000000000000e+00 8.649734311261838560e-01 7.616403350663627503e-01 1.033330960598211057e-01 1.822778501900799153e-01 2.606669656433372451e-01 2.363138074384509013e-01
2.000000000000000000e+00 2.250000000000000000e+00 9.297245518104761963e-01 9.018736053350303594e-01 2.785094647544583690e-02 2.994534836175766768e-01 3.573208496176103477e-01 2.615822874136983778e-01
-2.000000000000000000e+00 2.500000000000000000e+00 8.102577611216356113e-01 7.180417815141362237e-01 9.221597960749938760e-02 1.623791012689609625e-01 2.395811376202548471e-01 2.144120527384879016e-01
-1.750000000000000000e+00 2.500000000000000000e+00 5.846662945219830432e-01 3.299454500368191323e-01 2.547208444851639109e-01 5.723664408028771716e-02 1.143724415925498755e-01 1.445005868255808124e-01
-1.500000000000000000e+00 2.500000000000000000e+00 4.601191600788398506e-01 2.349808502835916690e-01 2.251383097952481815e-01 2.553098301237359882e-02 6.131939745565945232e-02 1.041572348927603253e-01
-1.250000000000000000e+00 2.500000000000000000e+00 1.849321718008807569e-01 8.935323161475472453e-02 9.557894018612603237e-02 7.125930061086990439e-03 2.005511012959030476e-02 4.794666015929277547e-02
-1.000000000000000000e+00 2.500000000000000000e+00 1.758234305836464118e-01 0.000000000000000000e+00 1.758234305836464118e-01 2.034056020311072500e-03 5.815215657811557276e-03 1.296468295880789587e-02
-7.500000000000000000e-01 2.500000000000000000e+00 8.861236843249725714e-02 0.000000000000000000e+00 8.861236843249725714e-02 9.485671769930426045e-04 4.521311704888984068e-03 1.889074689902096524e-02
-5.000000000000000000e-01 2.500000000000000000e+00 8.935283143802705275e-02 0.000000000000000000e+00 8.935283143802705275e-02 5.183736678506458036e-04 2.634625714565688552e-03 1.278091021423361298e-02
-2.500000000000000000e-01 2.500000000000000000e+00 8.935292192050919846e-02 0.000000000000000000e+00 8.935292192050919846e-02 4.644069673816552486e-04 1.780291782651199309e-03 6.434031645848397110e-03
0.000000000000000000e+00 2.500000000000000000e+00 4.777490921513206142e-04 0.000000000000000000e+00 4.777490921513206142e-04 5.564017652030729850e-04 1.726975898779986368e-03 4.958039274203996337e-03
2.500000000000000000e-01 2.500000000000000000e+00 8.935249321608401685e-02 0.000000000000000000e+00 8.935249321608401685e-02 1.153857928753990918e-03 5.569361362837930811e-03 2.544478922749125391e-02
5.000000000000000000e-01 2.500000000000000000e+00 1.061710702745018581e-01 0.000000000000000000e+00 1.061710702745018581e-01 2.492714799971033901e-03 9.019999230331350246e-03 2.498945273928944791e-02
7.500000000000000000e-01 2.500000000000000000e+00 3.226944482858841168e-01 1.544538766104625871e-01 1.682405716754215297e-01 6.684252685854803408e-03 2.168064314766090725e-02 6.428409882930426200e-02
1.000000000000000000e+00 2.500000000000000000e+00 4.387820388461599053e-01 8.935323161475475229e-02 3.494288072314051252e-01 1.901598963581699678e-02 4.755521607032408421e-02 8.008065052204667300e-02
1.250000000000000000e+00 2.500000000000000000e+00 5.929257830778852378e-01 3.182703253525233089e-01 2.746554577253619289e-01 4.783674998341839318e-02 1.015873057891710368e-01 1.388543272091778413e-01
1.500000000000000000e+00 2.500000000000000000e+00 7.576334024048473337e-01 5.780519007840018153e-01 1.795815016208455184e-01 1.168507727702113724e-01 1.874726710955628983e-01 1.949537783393824886e-01
1.750000000000000000e+00 2.500000000000000000e+00 8.495622474163333493e-01 8.230285535751448167e-01 2.653369384118853258e-02 2.149758138144245712e-01 2.936799151880582492e-01 2.527324549397551023e-01
2.000000000000000000e+00 2.500000000000000000e+00 8.900902228131547522e-01 9.037787339830436473e-01 -1.368851116988889505e-02 2.833989214329194484e-01 3.449908306004306757e-01 2.632225871345376667e-01
-2.000000000000000000e+00 2.750000000000000000e+00 8.475009852505421826e-01 8.284926070883212867e-01 1.900837816222089582e-02 2.119122566719410516e-01 2.910345534313262816e-01 2.390010234391073407e-01
-1.750000000000000000e+00 2.750000000000000000e+00 7.394279538894338311e-01 5.169758214849120570e-01 2.224521324045217741e-01 9.604123934206353075e-02 1.651912067263613393e-01 1.760935544881871151e-01
-1.500000000000000000e+00 2.750000000000000000e+00 4.483095352797075162e-01 2.933666647729429866e-01 1.549428705067645295e-01 3.124934624664719995e-02 7.131830510338246776e-02 1.131810343468567792e-01
-1.250000000000000000e+00 2.750000000000000000e+00 2.952065290154353150e-01 1.262378707044762294e-01 1.689686583109590856e-01 1.022581042112246166e-02 2.586508077150927176e-02 5.976784299007958240e-02
-1.000000000000000000e+00 2.750000000000000000e+00 1.972510770190938623e-01 0.000000000000000000e+00 1.972510770190938623e-01 3.397144187070512238e-03 1.024884323698962638e-02 2.611425025285769863e-02
-7.500000000000000000e-01 2.750000000000000000e+00 1.799967463810886459e-01 0.000000000000000000e+00 1.799967463810886459e-01 1.578623095222532685e-03 6.295125643997852814e-03 2.170918124765035262e-02
-5.000000000000000000e-01 2.750000000000000000e+00 2.177099322118303537e-01 8.935323161475478004e-02 1.283567005970755737e-01 1.018790702760272388e-03 5.910655532597041892e-03 3.955452702701500733e-02
-2.500000000000000000e-01 2.750000000000000000e+00 1.245050370144289570e-01 0.000000000000000000e+00 1.245050370144289570e-01 8.866806153235443294e-04 4.987305511116836391e-03 2.753482961596759662e-02
0.000000000000000000e+00 2.750000000000000000e+00 1.259614951774074010e-01 0.000000000000000000e+00 1.259614951774074010e-01 9.611234846999985957e-04 4.473318205771148817e-03 2.296910208900814626e-02
2.500000000000000000e-01 2.750000000000000000e+00 1.272888241464270043e-01 0.000000000000000000e+00 1.272888241464270043e-01 1.450841715558247444e-03 5.901082460261916456e-03 2.113887504439317805e-02
5.000000000000000000e-01 2.750000000000000000e+00 1.546239620035760043e-01 8.935323161475476617e-02 6.527073038882123812e-02 3.104917215493458154e-03 1.149015559160449299e-02 4.236858581929551365e-02
7.500000000000000000e-01 2.750000000000000000e+00 2.435501999419273922e-01 1.781684596105609364e-01 6.538174033136645580e-02 9.113106036089606288e-03 2.734313273854684437e-02 6.736581797814937544e-02
1.000000000000000000e+00 2.750000000000000000e+00 4.476942221250165277e-01 2.177705214210592655e-01 2.299237007039572622e-01 1.985945143499332627e-02 5.582458164629588299e-02 1.001453505728619880e-01
1.250000000000000000e+00 2.750000000000000000e+00 6.492238489455613992e-01 4.189701660023051333e-01 2.302536829432562659e-01 5.498482264066379549e-02 1.193482392924995611e-01 1.565095007385704229e-01
1.500000000000000000e+00 2.750000000000000000e+00 7.011102056816894690e-01 5.547756303227425745e-01 1.463345753589468945e-01 1.001405211692861091e-01 1.755500039308841020e-01 1.927241716349211986e-01
1.750000000000000000e+00 2.750000000000000000e+00 8.668276918835088329e-01 8.059379628730755085e-01 6.088972901043332442e-02 2.063059575730401551e-01 2.876172097952531814e-01 2.516536389269115603e-01
2.000000000000000000e+00 2.750000000000000000e+00 9.122465025992181342e-01 9.182505104817556552e-01 -6.004007882537520935e-03 2.934554328576336468e-01 3.581872443848078125e-01 2.702347343160630411e-01
-2.000000000000000000e+00 3.000000000000000000e+00 8.666774148912894660e-01 8.492443700137185525e-01 1.743304487757091348e-02 2.282930691171937421e-01 3.045413106545047377e-01 2.495697788612479540e-01
-1.750000000000000000e+00 3.000000000000000000e+00 7.395489109946107309e-01 5.665897987080266152e-01 1.729591122865841157e-01 1.094364055300519889e-01 1.817769995705066643e-01 1.976006912761042178e-01
-1.500000000000000000e+00 3.000000000000000000e+00 6.062616378592382560e-01 3.725801927102404543e-01 2.336814451489978017e-01 5.128687959790215883e-02 1.065892719149050677e-01 1.457188201248650061e-01
-1.250000000000000000e+00 3.000000000000000000e+00 4.182641394854822448e-01 8.935323161475476617e-02 3.289109078707274647e-01 1.673053589575896477e-02 4.395546154228432978e-02 7.711079777974297333e-02
-1.000000000000000000e+00 3.000000000000000000e+00 1.771868048746452762e-01 0.000000000000000000e+00 1.771868048746452762e-01 6.621895742989875391e-03 1.856672599036886598e-02 4.077300314379648377e-02
-7.500000000000000000e-01 3.000000000000000000e+00 1.609901271684053559e-01 0.000000000000000000e+00 1.609901271684053559e-01 3.235734734081630645e-03 1.032282340863874964e-02 2.483843593631492042e-02
-5.000000000000000000e-01 3.000000000000000000e+00 2.888281243069445656e-02 0.000000000000000000e+00 2.888281243069445656e-02 1.821812430940822651e-03 7.129999509160937950e-03 2.626144923445070112e-02
-2.500000000000000000e-01 3.000000000000000000e+00 1.550448505946301070e-01 0.000000000000000000e+00 1.550448505946301070e-01 1.509193123846715254e-03 7.854963824346847256e-03 3.373593185117534921e-02
0.000000000000000000e+00 3.000000000000000000e+00 2.160485489084093824e-01 0.000000000000000000e+00 2.160485489084093824e-01 1.638652352067757967e-03 7.098229095399863527e-03 2.303296089433488208e-02
2.500000000000000000e-01 3.000000000000000000e+00 1.972698749637243898e-01 8.935323161475471065e-02 1.079166433489696791e-01 2.633656920053517158e-03 1.146731773456801350e-02 4.217763635897345265e-02
5.000000000000000000e-01 3.000000000000000000e+00 2.619952117105560085e-01 1.544538766104626426e-01 1.075413351000933659e-01 4.531427137296236210e-03 2.065922690781157520e-02 7.250586106329845459e-02
7.500000000000000000e-01 3.000000000000000000e+00 2.543978913471222070e-01 1.544538766104638916e-01 9.994401473665831537e-02 1.030385336786746736e-02 3.225896507284091441e-02 7.450875485111939367e-02
1.000000000000000000e+00 3.000000000000000000e+00 5.040154482613959930e-01 2.659022376739241800e-01 2.381132105874718130e-01 3.237678140671228916e-02 7.905597124288006594e-02 1.213233530543400135e-01
1.250000000000000000e+00 3.000000000000000000e+00 6.558655988651888036e-01 4.189701660023043006e-01 2.368954328628845030e-01 5.541259201954898406e-02 1.204451136260042965e-01 1.589846879820689673e-01
1.500000000000000000e+00 3.000000000000000000e+00 7.594577413488269313e-01 6.307329070216617373e-01 1.287248343271651940e-01 1.173136273620884601e-01 1.979022276306647565e-01 2.110780849320179342e-01
1.750000000000000000e+00 3.000000000000000000e+00 8.765020134379711836e-01 8.088609274776478175e-01 6.764108596032336607e-02 2.177788076158705677e-01 2.933439800183870183e-01 2.528064765909470712e-01
2.000000000000000000e+00 3.000000000000000000e+00 9.166383721324028455e-01 9.165151389911708746e-01 1.232331412319709329e-04 2.841449676625997234e-01 3.533915377695112658e-01 2.735608758857389633e-01
