# Y X aX aY aR
0.000000000000000000e+00 0.000000000000000000e+00 9.988294872507192945e-01 5.614714615216241933e-01 1.058688403794060262e+00
2.631578947368420907e-01 0.000000000000000000e+00 9.977476904339259711e-01 5.798656659861892715e-01 1.044334014552989576e+00
5.263157894736841813e-01 0.000000000000000000e+00 9.955869937779244783e-01 5.966731574833323837e-01 1.030878483806690449e+00
7.894736842105263275e-01 0.000000000000000000e+00 9.913624491061050481e-01 6.129091511732445152e-01 1.017066174212048368e+00
1.052631578947368363e+00 0.000000000000000000e+00 9.832753968277363477e-01 6.225993388178469035e-01 1.006329827320979975e+00
1.315789473684210398e+00 0.000000000000000000e+00 9.674777216145822312e-01 6.379726918806963853e-01 9.878284968045122350e-01
1.578947368421052655e+00 0.000000000000000000e+00 9.369493940600055470e-01 6.558659203104518776e-01 9.600693993577209540e-01
1.842105263157894690e+00 0.000000000000000000e+00 8.795192612013147393e-01 6.729844057258357326e-01 9.176549987566384736e-01
2.105263157894736725e+00 0.000000000000000000e+00 7.879181898371099280e-01 6.829084529851074947e-01 8.566722735510721165e-01
2.368421052631578760e+00 0.000000000000000000e+00 6.247264675819412805e-01 6.755989802780691944e-01 7.462951977502882972e-01
2.631578947368420796e+00 0.000000000000000000e+00 3.585716371406657554e-01 6.620376612444396347e-01 4.963852695976518348e-01
2.894736842105262831e+00 0.000000000000000000e+00 -1.309529091352873431e-02 6.373462689283223570e-01 -2.054369694981236089e-02
3.157894736842105310e+00 0.000000000000000000e+00 -3.652570535902583959e-01 5.994326752098280142e-01 -5.472573340738000613e-01
3.421052631578947345e+00 0.000000000000000000e+00 -5.743038678147558418e-01 5.257345958032081379e-01 -8.295218460655008341e-01
3.684210526315789380e+00 0.000000000000000000e+00 -6.890652971447714936e-01 4.165518875791762721e-01 -1.027061906688260473e+00
3.947368421052631415e+00 0.000000000000000000e+00 -7.824907493754380550e-01 2.714533825390108568e-01 -1.236877490520893685e+00
4.210526315789473450e+00 0.000000000000000000e+00 -8.511337603498776438e-01 1.017054591814442466e-01 -1.451866153081715405e+00
4.473684210526315930e+00 0.000000000000000000e+00 -8.993373201499996750e-01 -8.863761006516224228e-02 -1.669037849218948599e+00
4.736842105263157521e+00 0.000000000000000000e+00 -9.325014889498934867e-01 -2.944717981846143307e-01 -1.876672900552107004e+00
5.000000000000000000e+00 0.000000000000000000e+00 -9.559385540577629570e-01 -5.508711150981503435e-01 -2.093578556761698906e+00
0.000000000000000000e+00 2.631578947368420907e-01 9.990327110396373111e-01 4.341650535873866623e-01 1.160834834601673693e+00
2.631578947368420907e-01 2.631578947368420907e-01 9.982708582842325651e-01 4.614823995147288027e-01 1.137775964648962024e+00
5.263157894736841813e-01 2.631578947368420907e-01 9.966327952391917933e-01 4.824704959999999154e-01 1.119948980522940785e+00
7.894736842105263275e-01 2.631578947368420907e-01 9.934060820858818808e-01 5.024228086246661507e-01 1.102553147365096020e+00
1.052631578947368363e+00 2.631578947368420907e-01 9.871072519247239274e-01 5.217540897080249485e-01 1.084555752945993712e+00
1.315789473684210398e+00 2.631578947368420907e-01 9.748673348152037121e-01 5.404722498144448606e-01 1.064576724122814788e+00
1.578947368421052655e+00 2.631578947368420907e-01 9.506538658311227685e-01 5.695042018120317628e-01 1.031064034446079081e+00
1.842105263157894690e+00 2.631578947368420907e-01 9.050949340116583031e-01 5.902558602675510580e-01 9.929125632556052850e-01
2.105263157894736725e+00 2.631578947368420907e-01 8.201097213854375845e-01 6.087348525564346691e-01 9.322670835735249462e-01
2.368421052631578760e+00 2.631578947368420907e-01 6.590195232649298518e-01 5.973921379872958459e-01 8.344091958556781874e-01
2.631578947368420796e+00 2.631578947368420907e-01 3.934376314109715445e-01 5.729586941668765032e-01 6.017283652589978660e-01
2.894736842105262831e+00 2.631578947368420907e-01 2.123269921284909323e-02 5.381158289901522007e-01 3.943703071884424594e-02
3.157894736842105310e+00 2.631578947368420907e-01 -3.493352470314998737e-01 4.915411990109681550e-01 -6.178669651687684894e-01
3.421052631578947345e+00 2.631578947368420907e-01 -5.825761803896865043e-01 4.132152066380164745e-01 -9.538629245304809379e-01
3.684210526315789380e+00 2.631578947368420907e-01 -7.068606386744074044e-01 2.827568641362830926e-01 -1.190274572573309486e+00
3.947368421052631415e+00 2.631578947368420907e-01 -7.941942696250521294e-01 1.190647324313279798e-01 -1.421985694124949573e+00
4.210526315789473450e+00 2.631578947368420907e-01 -8.594350687624836560e-01 -6.947176168535051932e-02 -1.651455170287372098e+00
4.473684210526315930e+00 2.631578947368420907e-01 -9.050884469750923866e-01 -2.740977493067268123e-01 -1.864857358201357673e+00
4.736842105263157521e+00 2.631578947368420907e-01 -9.364212839427368262e-01 -4.877043733546571058e-01 -2.050958717843248902e+00
5.000000000000000000e+00 2.631578947368420907e-01 -9.609843920300698006e-01 -8.605846169468372997e-01 -2.301133006839820805e+00
0.000000000000000000e+00 5.263157894736841813e-01 9.991867593829086847e-01 2.822241915672338841e-01 1.295513580826494593e+00
2.631578947368420907e-01 5.263157894736841813e-01 9.985710015923991989e-01 3.129347890772420371e-01 1.267107572489131417e+00
5.263157894736841813e-01 5.263157894736841813e-01 9.974310799918848502e-01 3.440991714694058290e-01 1.238595812995971324e+00
7.894736842105263275e-01 5.263157894736841813e-01 9.949674161950314843e-01 3.680280563622774226e-01 1.216513555543119685e+00
1.052631578947368363e+00 5.263157894736841813e-01 9.901526803482889605e-01 3.913106432587004635e-01 1.194432704758802366e+00
1.315789473684210398e+00 5.263157894736841813e-01 9.807760141081838245e-01 4.139477548554962860e-01 1.171417281052089754e+00
1.578947368421052655e+00 5.263157894736841813e-01 9.624838176921133304e-01 4.401193713627326032e-01 1.141909361450910598e+00
1.842105263157894690e+00 5.263157894736841813e-01 9.265631383116030850e-01 4.769640126950186465e-01 1.095405126049731503e+00
2.105263157894736725e+00 5.263157894736841813e-01 8.525270986501385373e-01 5.011387982546740005e-01 1.039375341484332083e+00
2.368421052631578760e+00 5.263157894736841813e-01 6.975162429214178950e-01 4.982844972423543517e-01 9.504912042409243700e-01
2.631578947368420796e+00 5.263157894736841813e-01 4.227622523927874187e-01 4.601826832154325420e-01 7.430421241983010683e-01
2.894736842105262831e+00 5.263157894736841813e-01 4.877120538075208067e-02 4.138522513745387377e-01 1.173058541501200702e-01
3.157894736842105310e+00 5.263157894736841813e-01 -3.332091172403814361e-01 3.617250710292896354e-01 -7.443871361067314618e-01
3.421052631578947345e+00 5.263157894736841813e-01 -5.863167916955105419e-01 2.525892572423762417e-01 -1.164017571683422902e+00
3.684210526315789380e+00 5.263157894736841813e-01 -7.207399675681189777e-01 9.914318509225117371e-02 -1.434096735759672336e+00
3.947368421052631415e+00 5.263157894736841813e-01 -8.058072496856332201e-01 -6.582950142133336957e-02 -1.652309168590113009e+00
4.210526315789473450e+00 5.263157894736841813e-01 -8.673066492707952602e-01 -2.538086325742172633e-01 -1.855487240779628566e+00
4.473684210526315930e+00 5.263157894736841813e-01 -9.105264751521435773e-01 -4.669048052282862571e-01 -2.044619967924666160e+00
4.736842105263157521e+00 5.263157894736841813e-01 -9.426278541770760633e-01 -7.658817241211044458e-01 -2.253110704288942223e+00
5.000000000000000000e+00 5.263157894736841813e-01 -9.654625930042128878e-01 -1.140777655685947023e+00 -2.439239082498761757e+00
0.000000000000000000e+00 7.894736842105263275e-01 9.993070524532929877e-01 1.062248999898571800e-01 1.464895444242673594e+00
2.631578947368420907e-01 7.894736842105263275e-01 9.988005172874134807e-01 1.397343114945583942e-01 1.431796383394623007e+00
5.263157894736841813e-01 7.894736842105263275e-01 9.978891402343950112e-01 1.745389455435314430e-01 1.397639780349992256e+00
7.894736842105263275e-01 7.894736842105263275e-01 9.961597636177743631e-01 2.088103955947725465e-01 1.364172547078074782e+00
1.052631578947368363e+00 7.894736842105263275e-01 9.924814623153437321e-01 2.360664327108915606e-01 1.337280742137302969e+00
1.315789473684210398e+00 7.894736842105263275e-01 9.853059011957303603e-01 2.626969388158097996e-01 1.310242545550040827e+00
1.578947368421052655e+00 7.894736842105263275e-01 9.713804761333966198e-01 2.886944207715115285e-01 1.281910179635392444e+00
1.842105263157894690e+00 7.894736842105263275e-01 9.441382077532485262e-01 3.243751964861703030e-01 1.239863480047364241e+00
2.105263157894736725e+00 7.894736842105263275e-01 8.825604356090361868e-01 3.426239101354816574e-01 1.200489833398982853e+00
2.368421052631578760e+00 7.894736842105263275e-01 7.434081505133496304e-01 3.341888257013276853e-01 1.148328219263655248e+00
2.631578947368420796e+00 7.894736842105263275e-01 4.604530124873784658e-01 3.058828580983297130e-01 9.844280653894804667e-01
2.894736842105262831e+00 7.894736842105263275e-01 7.623576111959162738e-02 2.658275977806919821e-01 2.792906521993970270e-01
3.157894736842105310e+00 7.894736842105263275e-01 -3.160992676608432306e-01 2.056514879927912043e-01 -9.940054207074942028e-01
3.421052631578947345e+00 7.894736842105263275e-01 -5.900325661555312351e-01 6.502919018843478227e-02 -1.461026466964982617e+00
3.684210526315789380e+00 7.894736842105263275e-01 -7.268709429500190833e-01 -1.077517561661750500e-01 -1.717965108860362689e+00
3.947368421052631415e+00 7.894736842105263275e-01 -8.153392508562851138e-01 -2.911155840390522442e-01 -1.913736502623140767e+00
4.210526315789473450e+00 7.894736842105263275e-01 -8.737050174302645189e-01 -4.772609129420974927e-01 -2.070755501612053351e+00
4.473684210526315930e+00 7.894736842105263275e-01 -9.156825569364592798e-01 -6.748939630716301874e-01 -2.205950807078121301e+00
4.736842105263157521e+00 7.894736842105263275e-01 -9.491583874009827948e-01 -1.057566970697556785e+00 -2.410164658886479128e+00
5.000000000000000000e+00 7.894736842105263275e-01 -9.693266773611566300e-01 -1.374515304170124130e+00 -2.527376293759931780e+00
0.000000000000000000e+00 1.052631578947368363e+00 9.994013636793497302e-01 -8.598872256540079917e-02 1.656625177922850467e+00
2.631578947368420907e-01 1.052631578947368363e+00 9.989779133759240093e-01 -5.505180523213348831e-02 1.625848772668725850e+00
5.263157894736841813e-01 1.052631578947368363e+00 9.982309949341183763e-01 -1.841950393584312895e-02 1.589246378892067657e+00
7.894736842105263275e-01 1.052631578947368363e+00 9.968824292074693894e-01 2.007669964156932885e-02 1.550659563068887525e+00
1.052631578947368363e+00 1.052631578947368363e+00 9.942611012697795125e-01 5.684415842770340621e-02 1.513686233028832095e+00
1.315789473684210398e+00 1.052631578947368363e+00 9.887744274570766656e-01 8.717183231555603040e-02 1.482862182160689102e+00
1.578947368421052655e+00 1.052631578947368363e+00 9.780998238043994153e-01 1.169429837330016042e-01 1.451799797546585280e+00
1.842105263157894690e+00 1.052631578947368363e+00 9.572695979825580626e-01 1.444146696814029296e-01 1.421064410632974617e+00
2.105263157894736725e+00 1.052631578947368363e+00 9.063152743918225784e-01 1.488747765670225265e-01 1.407986496250686725e+00
2.368421052631578760e+00 1.052631578947368363e+00 7.817642505438124889e-01 1.165895582767123573e-01 1.422751017129814111e+00
2.631578947368420796e+00 1.052631578947368363e+00 5.292460621451535729e-01 8.069291156172331281e-02 1.419493892422735382e+00
2.894736842105262831e+00 1.052631578947368363e+00 1.303825685771944354e-01 5.310069942379591623e-02 1.184039838546239842e+00
3.157894736842105310e+00 1.052631578947368363e+00 -2.936781166328849557e-01 -1.287272664571070813e-02 -1.614601061409589589e+00
3.421052631578947345e+00 1.052631578947368363e+00 -5.893746196277307448e-01 -1.487003206350532292e-01 -1.817940282808091723e+00
3.684210526315789380e+00 1.052631578947368363e+00 -7.327641604994759028e-01 -3.319439325411145392e-01 -1.996144254359677461e+00
3.947368421052631415e+00 1.052631578947368363e+00 -8.221974484975864694e-01 -5.246536281149913883e-01 -2.138768610743260634e+00
4.210526315789473450e+00 1.052631578947368363e+00 -8.801254783745746657e-01 -7.125132342902222859e-01 -2.251338626152070255e+00
4.473684210526315930e+00 1.052631578947368363e+00 -9.237402103237932760e-01 -1.002013420101855123e+00 -2.396817624586088602e+00
4.736842105263157521e+00 1.052631578947368363e+00 -9.544171233495468698e-01 -1.320484716212607879e+00 -2.515742541062452098e+00
5.000000000000000000e+00 1.052631578947368363e+00 -9.729340596719258105e-01 -1.576205889486267386e+00 -2.588576157545745993e+00
0.000000000000000000e+00 1.315789473684210398e+00 9.994517361438250980e-01 -2.659560439224772921e-01 1.830871408143462942e+00
2.631578947368420907e-01 1.315789473684210398e+00 9.990935841311119336e-01 -2.486154611835431627e-01 1.814683883045275614e+00
5.263157894736841813e-01 1.315789473684210398e+00 9.984925563396762627e-01 -2.284565390872722590e-01 1.795726079597392388e+00
7.894736842105263275e-01 1.315789473684210398e+00 9.973914124970044703e-01 -1.894856360202968881e-01 1.758540146282523198e+00
1.052631578947368363e+00 1.315789473684210398e+00 9.953967038949407264e-01 -1.480296123623263682e-01 1.718428519779850339e+00
1.315789473684210398e+00 1.315789473684210398e+00 9.914277470195789199e-01 -1.096471214864171984e-01 1.680943871262299494e+00
1.578947368421052655e+00 1.315789473684210398e+00 9.832549899760556489e-01 -7.676847754781779276e-02 1.648714117138360358e+00
1.842105263157894690e+00 1.315789473684210398e+00 9.658253237951739401e-01 -6.143034266293623258e-02 1.634314753466344250e+00
2.105263157894736725e+00 1.315789473684210398e+00 9.218571358399658688e-01 -9.248834665659766419e-02 1.670790004655383632e+00
2.368421052631578760e+00 1.315789473684210398e+00 8.149951976472216142e-01 -1.374699826268112046e-01 1.737899216159038085e+00
2.631578947368420796e+00 1.315789473684210398e+00 5.920029662014478777e-01 -1.786174041670989254e-01 1.863827675278503460e+00
2.894736842105262831e+00 1.315789473684210398e+00 2.187474888776492765e-01 -2.110279928279564787e-01 2.338234726599664803e+00
3.157894736842105310e+00 1.315789473684210398e+00 -2.505709254575678724e-01 -2.868060850232827530e-01 -2.423522251984363329e+00
3.421052631578947345e+00 1.315789473684210398e+00 -5.802816190587307688e-01 -4.121219367094502983e-01 -2.188341969751467442e+00
3.684210526315789380e+00 1.315789473684210398e+00 -7.365523291092037628e-01 -5.859683616988382582e-01 -2.242821413910202732e+00
3.947368421052631415e+00 1.315789473684210398e+00 -8.257311290111448709e-01 -7.627906139412135023e-01 -2.316593137931674651e+00
4.210526315789473450e+00 1.315789473684210398e+00 -8.877000701581674313e-01 -9.620236162367092891e-01 -2.396353778183585526e+00
4.473684210526315930e+00 1.315789473684210398e+00 -9.314450743740354532e-01 -1.284659999906870409e+00 -2.514250494028793970e+00
4.736842105263157521e+00 1.315789473684210398e+00 -9.594442011715054175e-01 -1.566510793674274149e+00 -2.592052907705496345e+00
5.000000000000000000e+00 1.315789473684210398e+00 -9.762136649647352726e-01 -1.752021936179416262e+00 -2.633244066475324718e+00
0.000000000000000000e+00 1.578947368421052655e+00 9.994951701734073879e-01 -4.499799647407581871e-01 1.993822582833578938e+00
2.631578947368420907e-01 1.578947368421052655e+00 9.991698440612986065e-01 -4.353229186015886709e-01 1.981682011538440813e+00
5.263157894736841813e-01 1.578947368421052655e+00 9.986276731288921127e-01 -4.175589204984103686e-01 1.966835990545044988e+00
7.894736842105263275e-01 1.578947368421052655e+00 9.977318146517044628e-01 -3.998180867251955872e-01 1.951929279383004090e+00
1.052631578947368363e+00 1.578947368421052655e+00 9.961541251543113429e-01 -3.694284156145803966e-01 1.925927797032257471e+00
1.315789473684210398e+00 1.578947368421052655e+00 9.932053430254825788e-01 -3.260439711435157983e-01 1.887987027751212965e+00
1.578947368421052655e+00 1.578947368421052655e+00 9.871786467699590339e-01 -2.876538550738112487e-01 1.854335318908293617e+00
1.842105263157894690e+00 1.578947368421052655e+00 9.720776257428496159e-01 -2.928178914267869359e-01 1.863380187300958779e+00
2.105263157894736725e+00 1.578947368421052655e+00 9.336065203861076967e-01 -3.441801465426573836e-01 1.923994039723097238e+00
2.368421052631578760e+00 1.578947368421052655e+00 8.428854549220881065e-01 -4.075751180643789606e-01 2.021195482985937542e+00
2.631578947368420796e+00 1.578947368421052655e+00 6.484275298398383125e-01 -4.590514230872312362e-01 2.186835033504841430e+00
2.894736842105262831e+00 1.578947368421052655e+00 2.941285576132401935e-01 -5.186887368999939518e-01 2.625744621448674376e+00
3.157894736842105310e+00 1.578947368421052655e+00 -1.744214461407831984e-01 -5.986413444465954470e-01 -2.858079183818498237e+00
3.421052631578947345e+00 1.578947368421052655e+00 -5.650989449360452888e-01 -6.871658071661886913e-01 -2.453364386042327983e+00
3.684210526315789380e+00 1.578947368421052655e+00 -7.367918191225659719e-01 -8.468360332385787004e-01 -2.425571650167915205e+00
3.947368421052631415e+00 1.578947368421052655e+00 -8.275756396119180458e-01 -1.011157483380399347e+00 -2.455706193734793263e+00
4.210526315789473450e+00 1.578947368421052655e+00 -8.959246883363325420e-01 -1.286941599758244070e+00 -2.533444636656829285e+00
4.473684210526315930e+00 1.578947368421052655e+00 -9.400583943429559053e-01 -1.567300600737314031e+00 -2.601324216385646260e+00
4.736842105263157521e+00 1.578947368421052655e+00 -9.649669247975700692e-01 -1.748525738853088596e+00 -2.637311357627440955e+00
5.000000000000000000e+00 1.578947368421052655e+00 -9.794802248675353873e-01 -1.860329453832510138e+00 -2.656963426957569485e+00
0.000000000000000000e+00 1.842105263157894690e+00 9.995344972205197909e-01 -6.284732708220481801e-01 2.132099167955074481e+00
2.631578947368420907e-01 1.842105263157894690e+00 9.992335846146742639e-01 -6.156951689673429984e-01 2.123018888401381421e+00
5.263157894736841813e-01 1.842105263157894690e+00 9.987382773380231171e-01 -6.029001525312869258e-01 2.113903982498911649e+00
7.894736842105263275e-01 1.842105263157894690e+00 9.979225259378901036e-01 -5.886266733656984051e-01 2.103720701920826386e+00
1.052631578947368363e+00 1.842105263157894690e+00 9.965671362318682114e-01 -5.708701850477637674e-01 2.091003275754724111e+00
1.315789473684210398e+00 1.842105263157894690e+00 9.943298462428624696e-01 -5.531163073779195027e-01 2.078440949857379039e+00
1.578947368421052655e+00 1.842105263157894690e+00 9.899090718521774690e-01 -5.151123964351250750e-01 2.050601585038839936e+00
1.842105263157894690e+00 1.842105263157894690e+00 9.769126970942367816e-01 -5.413858296467383147e-01 2.076843360329724941e+00
2.105263157894736725e+00 1.842105263157894690e+00 9.436411002803659631e-01 -6.050658857138860869e-01 2.140962771736003134e+00
2.368421052631578760e+00 1.842105263157894690e+00 8.656789537777715982e-01 -6.683676175215753634e-01 2.228275337092070263e+00
2.631578947368420796e+00 1.842105263157894690e+00 6.964168093573339657e-01 -7.322720844214289926e-01 2.381285852180810902e+00
2.894736842105262831e+00 1.842105263157894690e+00 3.652046561149255854e-01 -8.267977892037099430e-01 2.725654239450398642e+00
3.157894736842105310e+00 1.842105263157894690e+00 -9.612687397042218862e-02 -9.021422142851058812e-01 -3.035439177546486178e+00
3.421052631578947345e+00 1.842105263157894690e+00 -5.195533065043669296e-01 -9.753619289554087413e-01 -2.652146101121561905e+00
3.684210526315789380e+00 1.842105263157894690e+00 -7.325808780911517992e-01 -1.092114072831614768e+00 -2.550739804195002680e+00
3.947368421052631415e+00 1.842105263157894690e+00 -8.355487670968824165e-01 -1.304335288859911124e+00 -2.571858502310861994e+00
4.210526315789473450e+00 1.842105263157894690e+00 -9.056972083114482874e-01 -1.580275410771319944e+00 -2.621167740083404585e+00
4.473684210526315930e+00 1.842105263157894690e+00 -9.467904836008707026e-01 -1.758245117779280386e+00 -2.647632276100421400e+00
4.736842105263157521e+00 1.842105263157894690e+00 -9.691851014394223807e-01 -1.863916193976568714e+00 -2.662095034637480762e+00
5.000000000000000000e+00 1.842105263157894690e+00 -9.819577876295739749e-01 -1.924243698687474247e+00 -2.669732347184622157e+00
0.000000000000000000e+00 2.105263157894736725e+00 9.995941194235513638e-01 -8.139970828068460174e-01 2.254212759219520912e+00
2.631578947368420907e-01 2.105263157894736725e+00 9.993317352157775613e-01 -8.016755430173543306e-01 2.246884371473609310e+00
5.263157894736841813e-01 2.105263157894736725e+00 9.988998243104070252e-01 -7.893114289707409137e-01 2.239521187590512774e+00
7.894736842105263275e-01 2.105263157894736725e+00 9.981890148888017400e-01 -7.769063473890231997e-01 2.232174678479151630e+00
1.052631578947368363e+00 2.105263157894736725e+00 9.970196453371444889e-01 -7.644619277482549435e-01 2.224929710861529575e+00
1.315789473684210398e+00 2.105263157894736725e+00 9.950949981298482516e-01 -7.585967097941024306e-01 2.222145821365412388e+00
1.578947368421052655e+00 2.105263157894736725e+00 9.915790067329972590e-01 -7.591319374050646829e-01 2.224193586125933209e+00
1.842105263157894690e+00 2.105263157894736725e+00 9.814039185705771828e-01 -8.093930439837359048e-01 2.260435568494593817e+00
2.105263157894736725e+00 2.105263157894736725e+00 9.541172863324243192e-01 -8.683891824120136826e-01 2.309190563961652565e+00
2.368421052631578760e+00 2.105263157894736725e+00 8.890343957735400426e-01 -9.261968689515202025e-01 2.376664213955641980e+00
2.631578947368420796e+00 2.105263157894736725e+00 7.370116910864710214e-01 -1.012415966475007867e+00 2.512338372626797600e+00
2.894736842105262831e+00 2.105263157894736725e+00 4.347929134766195247e-01 -1.102762659833559145e+00 2.766030428409074204e+00
3.157894736842105310e+00 2.105263157894736725e+00 -1.210731642577234091e-02 -1.177423689040057120e+00 -3.131310127569725488e+00
3.421052631578947345e+00 2.105263157894736725e+00 -4.582049114106254706e-01 -1.244317655078770235e+00 -2.788763545249590248e+00
3.684210526315789380e+00 2.105263157894736725e+00 -7.215226822356439751e-01 -1.375227683661435218e+00 -2.658414662505627302e+00
3.947368421052631415e+00 2.105263157894736725e+00 -8.489691603962832289e-01 -1.597227766461368770e+00 -2.653042951992059528e+00
4.210526315789473450e+00 2.105263157894736725e+00 -9.153061954104091402e-01 -1.771082879591136194e+00 -2.664590844479838072e+00
4.473684210526315930e+00 2.105263157894736725e+00 -9.536612091544336423e-01 -1.882742125659642829e+00 -2.672736459566088740e+00
4.736842105263157521e+00 2.105263157894736725e+00 -9.742702172205381927e-01 -1.940857571097336809e+00 -2.676362902888676398e+00
5.000000000000000000e+00 2.105263157894736725e+00 -9.849708484881827264e-01 -1.972456575850963345e+00 -2.678455173966544756e+00
0.000000000000000000e+00 2.368421052631578760e+00 9.996461064886350556e-01 -9.899901157257462447e-01 2.351341384460276185e+00
2.631578947368420907e-01 2.368421052631578760e+00 9.994173198729177088e-01 -9.784673388475403355e-01 2.345602771658054309e+00
5.263157894736841813e-01 2.368421052631578760e+00 9.990406972475964764e-01 -9.668813511577774022e-01 2.339837545627340809e+00
7.894736842105263275e-01 2.368421052631578760e+00 9.984208321218752680e-01 -9.552333490514388625e-01 2.334092088107685203e+00
1.052631578947368363e+00 2.368421052631578760e+00 9.974270859274518841e-01 -9.548626406546385503e-01 2.334395623761142069e+00
1.315789473684210398e+00 2.368421052631578760e+00 9.958155702730335790e-01 -9.561682346214435135e-01 2.335885979053864858e+00
1.578947368421052655e+00 2.368421052631578760e+00 9.926425518687180816e-01 -9.737227872815048535e-01 2.346573093599332971e+00
1.842105263157894690e+00 2.368421052631578760e+00 9.843310517205838828e-01 -1.043525129297628418e+00 2.385376674783863837e+00
2.105263157894736725e+00 2.368421052631578760e+00 9.638786637230085663e-01 -1.114653468371860967e+00 2.428606736914321385e+00
2.368421052631578760e+00 2.368421052631578760e+00 9.102086694024673630e-01 -1.194573508603355760e+00 2.490485517553079564e+00
2.631578947368420796e+00 2.368421052631578760e+00 7.817010629186100790e-01 -1.276707831078489175e+00 2.592193553568188591e+00
2.894736842105262831e+00 2.368421052631578760e+00 5.166968103844236104e-01 -1.350153088896501208e+00 2.776092824448691765e+00
3.157894736842105310e+00 2.368421052631578760e+00 9.204355597700852876e-02 -1.438510735401195895e+00 3.077694450451007757e+00
3.421052631578947345e+00 2.368421052631578760e+00 -3.768407845586732030e-01 -1.554189038206909901e+00 -2.903715594219955953e+00
3.684210526315789380e+00 2.368421052631578760e+00 -7.212448663559092310e-01 -1.723699022933922409e+00 -2.745301231907225858e+00
3.947368421052631415e+00 2.368421052631578760e+00 -8.612254483608781097e-01 -1.847634757762734337e+00 -2.705411854014245776e+00
4.210526315789473450e+00 2.368421052631578760e+00 -9.282358128102141670e-01 -1.918544274628060098e+00 -2.690970210126838680e+00
4.473684210526315930e+00 2.368421052631578760e+00 -9.640704821008521108e-01 -1.963728978698228378e+00 -2.685220354758731443e+00
4.736842105263157521e+00 2.368421052631578760e+00 -9.808236825317879770e-01 -1.983797316036457703e+00 -2.682421182545345228e+00
5.000000000000000000e+00 2.368421052631578760e+00 -9.882905781064734718e-01 -1.992007640275946789e+00 -2.681047515556481020e+00
0.000000000000000000e+00 2.631578947368420796e+00 9.996974982330291137e-01 -1.199081761957703218e+00 2.446626690641964696e+00
2.631578947368420907e-01 2.631578947368420796e+00 9.995016559229576991e-01 -1.187693955951850233e+00 2.442025831986045059e+00
5.263157894736841813e-01 2.631578947368420796e+00 9.991790756256559991e-01 -1.176204888578548102e+00 2.437392382268937396e+00
7.894736842105263275e-01 2.631578947368420796e+00 9.986603922437176095e-01 -1.173824889225562940e+00 2.436649070123796168e+00
1.052631578947368363e+00 2.631578947368420796e+00 9.978193146723379758e-01 -1.173680384543228206e+00 2.437004126355080125e+00
1.315789473684210398e+00 2.631578947368420796e+00 9.964491281763676600e-01 -1.173792564913998859e+00 2.437729313826043409e+00
1.578947368421052655e+00 2.631578947368420796e+00 9.934060964065429822e-01 -1.219925487695223021e+00 2.458182579980042526e+00
1.842105263157894690e+00 2.631578947368420796e+00 9.854448909803577017e-01 -1.287950622039366833e+00 2.488480792420742826e+00
2.105263157894736725e+00 2.631578947368420796e+00 9.669878853370610372e-01 -1.376135739820070203e+00 2.529067948602716775e+00
2.368421052631578760e+00 2.631578947368420796e+00 9.213851949579558998e-01 -1.463344062382995414e+00 2.579661101030076065e+00
2.631578947368420796e+00 2.631578947368420796e+00 8.133234390061394592e-01 -1.546274000233087698e+00 2.657370497328523928e+00
2.894736842105262831e+00 2.631578947368420796e+00 5.707932978888676789e-01 -1.640823174386925043e+00 2.806816566884450914e+00
3.157894736842105310e+00 2.631578947368420796e+00 1.297664266092077856e-01 -1.756690915859097313e+00 3.067856767012350439e+00
3.421052631578947345e+00 2.631578947368420796e+00 -3.883590166142796840e-01 -1.854421874217133226e+00 -2.935152933244711715e+00
3.684210526315789380e+00 2.631578947368420796e+00 -7.427686481996420564e-01 -1.923408296473565926e+00 -2.773062502639116911e+00
3.947368421052631415e+00 2.631578947368420796e+00 -8.916650084856823089e-01 -1.965883858193623768e+00 -2.715774275771790425e+00
4.210526315789473450e+00 2.631578947368420796e+00 -9.503317113894840240e-01 -1.985036461412452935e+00 -2.695090945524762471e+00
4.473684210526315930e+00 2.631578947368420796e+00 -9.772368534950723884e-01 -1.993525177115421210e+00 -2.685811363155922393e+00
4.736842105263157521e+00 2.631578947368420796e+00 -9.872639805776943778e-01 -1.997012186087358865e+00 -2.682458750812175552e+00
5.000000000000000000e+00 2.631578947368420796e+00 -9.918185253803548651e-01 -1.998323324386575228e+00 -2.680889082621271680e+00
0.000000000000000000e+00 2.894736842105262831e+00 9.997445347990325804e-01 -1.401685939638355194e+00 2.522033079240340481e+00
2.631578947368420907e-01 2.894736842105262831e+00 9.995791379673628629e-01 -1.392382892808946337e+00 2.518959956632050634e+00
5.263157894736841813e-01 2.894736842105262831e+00 9.993126045902778198e-01 -1.389832640321940538e+00 2.518217622141337930e+00
7.894736842105263275e-01 2.894736842105262831e+00 9.988807915898174628e-01 -1.389715310269783899e+00 2.518382452678505690e+00
1.052631578947368363e+00 2.894736842105262831e+00 9.981779663947933923e-01 -1.389597963418638615e+00 2.518675980964231620e+00
1.315789473684210398e+00 2.894736842105262831e+00 9.969546066725134548e-01 -1.400670295779748997e+00 2.523011193403633001e+00
1.578947368421052655e+00 2.894736842105262831e+00 9.935541302092962823e-01 -1.501030000875883230e+00 2.556886949879353388e+00
1.842105263157894690e+00 2.894736842105262831e+00 9.851498294308751458e-01 -1.583653013354655359e+00 2.585099984045466481e+00
2.105263157894736725e+00 2.894736842105262831e+00 9.659747948743320212e-01 -1.654484779274719930e+00 2.613131061262337962e+00
2.368421052631578760e+00 2.894736842105262831e+00 9.223651888387052189e-01 -1.729760640924375759e+00 2.651713564962552727e+00
2.631578947368420796e+00 2.894736842105262831e+00 8.012553484696964823e-01 -1.841621501799404648e+00 2.731214011981522027e+00
2.894736842105262831e+00 2.894736842105262831e+00 5.270213386309661185e-01 -1.913701228889142625e+00 2.872860422619448073e+00
3.157894736842105310e+00 2.894736842105262831e+00 2.189352577503611563e-02 -1.958041497942676124e+00 3.130411780521890730e+00
3.421052631578947345e+00 2.894736842105262831e+00 -5.075450022077006018e-01 -1.980410314080149892e+00 -2.890709610743368518e+00
3.684210526315789380e+00 2.894736842105262831e+00 -8.153830196828644183e-01 -1.990911505349830746e+00 -2.752878482212720801e+00
3.947368421052631415e+00 2.894736842105262831e+00 -9.267946432940858958e-01 -1.996078009607891168e+00 -2.706904247178369971e+00
4.210526315789473450e+00 2.894736842105262831e+00 -9.699203788576000740e-01 -1.998263863069891233e+00 -2.689708061025384289e+00
4.473684210526315930e+00 2.894736842105262831e+00 -9.866360547720041119e-01 -1.999198073862316072e+00 -2.683145759352935755e+00
4.736842105263157521e+00 2.894736842105262831e+00 -9.922239210764849382e-01 -1.999527295706862162e+00 -2.680966195910761574e+00
5.000000000000000000e+00 2.894736842105262831e+00 -9.950218216713651032e-01 -1.999729827878148125e+00 -2.679884419564222853e+00
0.000000000000000000e+00 3.157894736842105310e+00 9.997842583504050751e-01 -1.563218007102820550e+00 2.572585972554566780e+00
2.631578947368420907e-01 3.157894736842105310e+00 9.996473315508980217e-01 -1.560775184744966237e+00 2.571938087167735087e+00
5.263157894736841813e-01 3.157894736842105310e+00 9.994214776116088217e-01 -1.569477710434102224e+00 2.574562849965639888e+00
7.894736842105263275e-01 3.157894736842105310e+00 9.990269651751018110e-01 -1.593296105455232592e+00 2.581542774835488885e+00
1.052631578947368363e+00 3.157894736842105310e+00 9.983456461966180306e-01 -1.627691500564962590e+00 2.591414287348731360e+00
1.315789473684210398e+00 3.157894736842105310e+00 9.968240448513243646e-01 -1.683599932346151240e+00 2.607017828636603252e+00
1.578947368421052655e+00 3.157894736842105310e+00 9.928901619075551910e-01 -1.756721947461497901e+00 2.627158439684817548e+00
1.842105263157894690e+00 3.157894736842105310e+00 9.834427570095582993e-01 -1.832333666628123803e+00 2.649005479827827525e+00
2.105263157894736725e+00 3.157894736842105310e+00 9.573172927245487962e-01 -1.906062615113629066e+00 2.676147777704108943e+00
2.368421052631578760e+00 3.157894736842105310e+00 8.916359405878135913e-01 -1.949529838313045937e+00 2.712635467868866002e+00
2.631578947368420796e+00 3.157894736842105310e+00 7.244638805605307930e-01 -1.976583674484214015e+00 2.790274281924097988e+00
2.894736842105262831e+00 3.157894736842105310e+00 3.542186828248898856e-01 -1.989220453382975151e+00 2.965370651581097139e+00
3.157894736842105310e+00 3.157894736842105310e+00 -1.754225113911033751e-01 -1.995049394623936045e+00 -3.053889309028117172e+00
3.421052631578947345e+00 3.157894736842105310e+00 -6.229424242325034555e-01 -1.997725108940378469e+00 -2.839322032363512882e+00
3.684210526315789380e+00 3.157894736842105310e+00 -8.706805334597489399e-01 -1.998972970137338656e+00 -2.730808391475029850e+00
3.947368421052631415e+00 3.157894736842105310e+00 -9.512624532371749542e-01 -1.999555315503505515e+00 -2.697543160605948565e+00
4.210526315789473450e+00 3.157894736842105310e+00 -9.803166430493928107e-01 -1.999800729735481397e+00 -2.685809960283352282e+00
4.473684210526315930e+00 3.157894736842105310e+00 -9.903318646594017061e-01 -1.999885899054617777e+00 -2.681797083736984888e+00
4.736842105263157521e+00 3.157894736842105310e+00 -9.948559575109867659e-01 -1.999930284027506389e+00 -2.679990877359902157e+00
5.000000000000000000e+00 3.157894736842105310e+00 -9.969440543692738022e-01 -1.999956674612385132e+00 -2.679159520488551216e+00
0.000000000000000000e+00 3.421052631578947345e+00 9.998088600478414190e-01 -1.734468907121200942e+00 2.618680482686412514e+00
2.631578947368420907e-01 3.421052631578947345e+00 9.996741207744939128e-01 -1.760627849894492947e+00 2.625190654446114547e+00
5.263157894736841813e-01 3.421052631578947345e+00 9.994405436409019572e-01 -1.783128736967722672e+00 2.630725108077045959e+00
7.894736842105263275e-01 3.421052631578947345e+00 9.990315649166321421e-01 -1.802250289864809840e+00 2.635435321617444870e+00
1.052631578947368363e+00 3.421052631578947345e+00 9.982353780000583487e-01 -1.823013457363857892e+00 2.640613666280714256e+00
1.315789473684210398e+00 3.421052631578947345e+00 9.957794235346066891e-01 -1.891957991896308311e+00 2.657109733196403756e+00
1.578947368421052655e+00 3.421052631578947345e+00 9.894989934842901569e-01 -1.938486149511816636e+00 2.669620552522301349e+00
1.842105263157894690e+00 3.421052631578947345e+00 9.726059480248334665e-01 -1.968884795601765880e+00 2.682766002978766995e+00
2.105263157894736725e+00 3.421052631578947345e+00 9.253635638818771270e-01 -1.985596722762579036e+00 2.705481843117024887e+00
2.368421052631578760e+00 3.421052631578947345e+00 8.047149616133271177e-01 -1.993352796986588071e+00 2.757901370477807923e+00
2.631578947368420796e+00 3.421052631578947345e+00 5.360362701126801799e-01 -1.996936559505500197e+00 2.879345379051921672e+00
2.894736842105262831e+00 3.421052631578947345e+00 8.421696829149705188e-02 -1.998589441647514953e+00 3.099479364303007856e+00
3.157894736842105310e+00 3.421052631578947345e+00 -4.305316716645866126e-01 -1.999356313424053289e+00 -2.929496183014893340e+00
3.421052631578947345e+00 3.421052631578947345e+00 -7.712502747595033625e-01 -1.999711864254838600e+00 -2.773491117319487387e+00
3.684210526315789380e+00 3.421052631578947345e+00 -9.215711403932580481e-01 -1.999872820200031986e+00 -2.709781561253239879e+00
3.947368421052631415e+00 3.421052631578947345e+00 -9.705465018649210851e-01 -1.999945576501149791e+00 -2.689785012566141997e+00
4.210526315789473450e+00 3.421052631578947345e+00 -9.860141066759671169e-01 -1.999971439609723900e+00 -2.683549371658952687e+00
4.473684210526315930e+00 3.421052631578947345e+00 -9.928074313641621629e-01 -1.999983298405026533e+00 -2.680822882826681131e+00
4.736842105263157521e+00 3.421052631578947345e+00 -9.961875882888302502e-01 -1.999989992178298426e+00 -2.679469174753474014e+00
5.000000000000000000e+00 3.421052631578947345e+00 -9.978401581965330447e-01 -1.999993712782834665e+00 -2.678808098635273360e+00
0.000000000000000000e+00 3.684210526315789380e+00 9.998070074624958448e-01 -1.874498178472039367e+00 2.651604324833847226e+00
2.631578947368420907e-01 3.684210526315789380e+00 9.996574035822149984e-01 -1.892876697012528142e+00 2.655706501723414714e+00
5.263157894736841813e-01 3.684210526315789380e+00 9.993566477660806857e-01 -1.920835335735379124e+00 2.661859359136185876e+00
7.894736842105263275e-01 3.684210526315789380e+00 9.987126764396883072e-01 -1.942166866564484229e+00 2.666629131725200441e+00
1.052631578947368363e+00 3.684210526315789380e+00 9.972700498798836577e-01 -1.960206348034320145e+00 2.670963464918194585e+00
1.315789473684210398e+00 3.684210526315789380e+00 9.928014523620405374e-01 -1.979745181109817231e+00 2.676762214274910345e+00
1.578947368421052655e+00 3.684210526315789380e+00 9.800346990549733128e-01 -1.990642397644156514e+00 2.684107238454749744e+00
1.842105263157894690e+00 3.684210526315789380e+00 9.452479684681689420e-01 -1.995685334265026478e+00 2.699249805939908597e+00
2.105263157894736725e+00 3.684210526315789380e+00 8.543099774766618193e-01 -1.998012371362914985e+00 2.737538818519492434e+00
2.368421052631578760e+00 3.684210526315789380e+00 6.402643158758323239e-01 -1.999084746444246274e+00 2.831636893822168766e+00
2.631578947368420796e+00 3.684210526315789380e+00 2.405424316758046910e-01 -1.999578629817959641e+00 3.021871387155777189e+00
2.894736842105262831e+00 3.684210526315789380e+00 -2.616902021321980687e-01 -1.999806024185532216e+00 -3.011474205317922426e+00
3.157894736842105310e+00 3.684210526315789380e+00 -6.633406452738119796e-01 -1.999912194473589588e+00 -2.821326436091719181e+00
3.421052631578947345e+00 3.684210526315789380e+00 -8.797595562946287640e-01 -1.999961245097526374e+00 -2.727179363570729542e+00
3.684210526315789380e+00 3.684210526315789380e+00 -9.603699081889898181e-01 -1.999982894826685786e+00 -2.693919031644399276e+00
3.947368421052631415e+00 3.684210526315789380e+00 -9.829428643256807874e-01 -1.999991204166765568e+00 -2.684789406301695269e+00
4.210526315789473450e+00 3.684210526315789380e+00 -9.912564074098113576e-01 -1.999995117063452232e+00 -2.681447622603669423e+00
4.473684210526315930e+00 3.684210526315789380e+00 -9.953539500813022300e-01 -1.999997204537232731e+00 -2.679804633350181486e+00
4.736842105263157521e+00 3.684210526315789380e+00 -9.975260790661066856e-01 -1.999998396993261984e+00 -2.678934782379410962e+00
5.000000000000000000e+00 3.684210526315789380e+00 -9.985711454913692720e-01 -1.999999009709886755e+00 -2.678516551818732161e+00
0.000000000000000000e+00 3.947368421052631415e+00 9.997543099225134622e-01 -1.965486316502666142e+00 2.671045095796749980e+00
2.631578947368420907e-01 3.947368421052631415e+00 9.995350062508954192e-01 -1.974688345446813154e+00 2.673018411970516706e+00
5.263157894736841813e-01 3.947368421052631415e+00 9.990609349262695726e-01 -1.981624275776859623e+00 2.674620476998165852e+00
7.894736842105263275e-01 3.947368421052631415e+00 9.979424624332755567e-01 -1.988124864935668423e+00 2.676384981500267379e+00
1.052631578947368363e+00 3.947368421052631415e+00 9.947680885301215525e-01 -1.993924097282951724e+00 2.678825690185410835e+00
1.315789473684210398e+00 3.947368421052631415e+00 9.854637579359020183e-01 -1.997200137963826672e+00 2.683220766609138330e+00
1.578947368421052655e+00 3.947368421052631415e+00 9.599450417123831514e-01 -1.998710544683961476e+00 2.693843370083218502e+00
1.842105263157894690e+00 3.947368421052631415e+00 8.920630357678651645e-01 -1.999406312488458903e+00 2.721933357569675138e+00
2.105263157894736725e+00 3.947368421052631415e+00 7.252657488932017227e-01 -1.999726690226813153e+00 2.793664427354383140e+00
2.368421052631578760e+00 3.947368421052631415e+00 3.845550214661397348e-01 -1.999874186461336301e+00 2.951621806005612747e+00
2.631578947368420796e+00 3.947368421052631415e+00 -1.074609796003882511e-01 -1.999942085398893177e+00 -3.087912228977965690e+00
2.894736842105262831e+00 3.947368421052631415e+00 -5.604395537496138502e-01 -1.999973689739477090e+00 -2.868376745121972160e+00
3.157894736842105310e+00 3.947368421052631415e+00 -8.267154208359301926e-01 -1.999988282639175274e+00 -2.749622239874994545e+00
3.421052631578947345e+00 3.947368421052631415e+00 -9.385813978102437449e-01 -1.999994787753934355e+00 -2.702811888383722216e+00
3.684210526315789380e+00 3.947368421052631415e+00 -9.776309153306066424e-01 -1.999997354702155450e+00 -2.686932124577169567e+00
3.947368421052631415e+00 3.947368421052631415e+00 -9.900526011771828561e-01 -1.999998516849567531e+00 -2.681931619986822835e+00
4.210526315789473450e+00 3.947368421052631415e+00 -9.948927971384633473e-01 -1.999999172124121039e+00 -2.679989846632320205e+00
4.473684210526315930e+00 3.947368421052631415e+00 -9.971768026106422322e-01 -1.999999522886772851e+00 -2.679074865798897864e+00
4.736842105263157521e+00 3.947368421052631415e+00 -9.984537715814782999e-01 -1.999999724879337748e+00 -2.678563672229377968e+00
5.000000000000000000e+00 3.947368421052631415e+00 -9.991095767225035562e-01 -1.999999835432370032e+00 -2.678301244428570982e+00
0.000000000000000000e+00 4.210526315789473450e+00 9.996544963108904280e-01 -1.992224471689195919e+00 2.676523622211417042e+00
2.631578947368420907e-01 4.210526315789473450e+00 9.992371190230875388e-01 -1.995033585759595995e+00 2.677255439076712928e+00
5.263157894736841813e-01 4.210526315789473450e+00 9.982987828100726713e-01 -1.996926654547585445e+00 2.678010965843168556e+00
7.894736842105263275e-01 4.210526315789473450e+00 9.961116758950772088e-01 -1.998225505335808894e+00 2.679147262974769017e+00
1.052631578947368363e+00 4.210526315789473450e+00 9.894244065609565375e-01 -1.999163546458179175e+00 2.682017946177562173e+00
1.315789473684210398e+00 4.210526315789473450e+00 9.707562922728860677e-01 -1.999614913723255061e+00 2.689635154183858123e+00
1.578947368421052655e+00 4.210526315789473450e+00 9.204527189225906181e-01 -1.999822728470722843e+00 2.710233437059174300e+00
1.842105263157894690e+00 4.210526315789473450e+00 7.927204312115896379e-01 -1.999918397455020092e+00 2.764213977638643627e+00
2.105263157894736725e+00 4.210526315789473450e+00 5.120016094598465184e-01 -1.999962436941971067e+00 2.890969684814042040e+00
2.368421052631578760e+00 4.210526315789473450e+00 5.211970101618446094e-02 -1.999982709213907750e+00 3.115538474751234244e+00
2.631578947368420796e+00 4.210526315789473450e+00 -4.387676129509091028e-01 -1.999992122048587451e+00 -2.925629346673944475e+00
2.894736842105262831e+00 4.210526315789473450e+00 -7.677809297936950550e-01 -1.999996491540454002e+00 -2.775049888401239340e+00
3.157894736842105310e+00 4.210526315789473450e+00 -9.152738108423525976e-01 -1.999998437502620074e+00 -2.712405757894357450e+00
3.421052631578947345e+00 4.210526315789473450e+00 -9.678609963678244110e-01 -1.999999226300405608e+00 -2.690882940225518105e+00
3.684210526315789380e+00 4.210526315789473450e+00 -9.865028682123473391e-01 -1.999999556029709691e+00 -2.683358369608184191e+00
3.947368421052631415e+00 4.210526315789473450e+00 -9.941976228060340759e-01 -1.999999749439101304e+00 -2.680268637883306493e+00
4.210526315789473450e+00 4.210526315789473450e+00 -9.970113170053820362e-01 -1.999999859483554854e+00 -2.679141204168989709e+00
4.473684210526315930e+00 4.210526315789473450e+00 -9.983805969217658394e-01 -1.999999919624929179e+00 -2.678592999535494457e+00
4.736842105263157521e+00 4.210526315789473450e+00 -9.990908145727419587e-01 -1.999999953387697760e+00 -2.678308775567955102e+00
5.000000000000000000e+00 4.210526315789473450e+00 -9.994605564383609586e-01 -1.999999972156067729e+00 -2.678160839725769904e+00
0.000000000000000000e+00 4.473684210526315930e+00 9.993756770206676521e-01 -1.998676031274776443e+00 2.677929970170191520e+00
2.631578947368420907e-01 4.473684210526315930e+00 9.985923315655329535e-01 -1.999208262148056248e+00 2.678350006630228375e+00
5.263157894736841813e-01 4.473684210526315930e+00 9.968094356461358885e-01 -1.999534882370498146e+00 2.679129222203304295e+00
7.894736842105263275e-01 4.473684210526315930e+00 9.922938084260239933e-01 -1.999750800156973707e+00 2.680982656395155761e+00
1.052631578947368363e+00 4.473684210526315930e+00 9.786812141969665202e-01 -1.999885021156773135e+00 2.686486166425559485e+00
1.315789473684210398e+00 4.473684210526315930e+00 9.416057750675503879e-01 -1.999947072938790704e+00 2.701564151422549465e+00
1.578947368421052655e+00 4.473684210526315930e+00 8.451001506365221072e-01 -1.999975636887108887e+00 2.741794575562504388e+00
1.842105263157894690e+00 4.473684210526315930e+00 6.202942671083275794e-01 -1.999988785354672505e+00 2.840851168940942362e+00
2.105263157894736725e+00 4.473684210526315930e+00 2.090822610317979446e-01 -1.999994837770817879e+00 3.037429616255953757e+00
2.368421052631578760e+00 4.473684210526315930e+00 -2.985558252774200838e-01 -1.999997641154056094e+00 -2.993408806362284569e+00
2.631578947368420796e+00 4.473684210526315930e+00 -6.921802533463567997e-01 -1.999998949484873556e+00 -2.808405092669374437e+00
2.894736842105262831e+00 4.473684210526315930e+00 -8.845547726363152119e-01 -1.999999532151827575e+00 -2.725179297318109040e+00
3.157894736842105310e+00 4.473684210526315930e+00 -9.570458694289094570e-01 -1.999999775995499052e+00 -2.695273802079372505e+00
3.421052631578947345e+00 4.473684210526315930e+00 -9.816956449854083999e-01 -1.999999871250339512e+00 -2.685293531293234892e+00
3.684210526315789380e+00 4.473684210526315930e+00 -9.922558077786525210e-01 -1.999999925999367045e+00 -2.681047502036009611e+00
3.947368421052631415e+00 4.473684210526315930e+00 -9.966040171848919993e-01 -1.999999957471980894e+00 -2.679304351632585846e+00
4.210526315789473450e+00 4.473684210526315930e+00 -9.982518233127000151e-01 -1.999999976149966274e+00 -2.678644554960064816e+00
4.473684210526315930e+00 4.473684210526315930e+00 -9.990713392844021712e-01 -1.999999986459919832e+00 -2.678316575157299706e+00
4.736842105263157521e+00 4.473684210526315930e+00 -9.994786987699915137e-01 -1.999999992147636130e+00 -2.678153585250650615e+00
5.000000000000000000e+00 4.473684210526315930e+00 -9.996979570678590221e-01 -1.999999995368288319e+00 -2.678065868133916894e+00
0.000000000000000000e+00 4.736842105263157521e+00 9.988352573633985099e-01 -1.999796152190704612e+00 2.678370305795538808e+00
2.631578947368420907e-01 4.736842105263157521e+00 9.973596349569224806e-01 -1.999880256396328049e+00 2.678977836376033483e+00
5.263157894736841813e-01 4.736842105263157521e+00 9.940126083340794505e-01 -1.999929843518309935e+00 2.680328886945352540e+00
7.894736842105263275e-01 4.736842105263157521e+00 9.844754333856948758e-01 -1.999965671850068683e+00 2.684167330650209848e+00
1.052631578947368363e+00 4.736842105263157521e+00 9.572590398993627847e-01 -1.999984198295263305e+00 2.695184046240497455e+00
1.315789473684210398e+00 4.736842105263157521e+00 8.850918856773732912e-01 -1.999992726289040013e+00 2.724953441310100200e+00
1.578947368421052655e+00 4.736842105263157521e+00 7.091777603054378876e-01 -1.999996651830239669e+00 2.800835081352612388e+00
1.842105263157894690e+00 4.736842105263157521e+00 3.559633919729967566e-01 -1.999998458801444112e+00 2.965455231310415218e+00
2.105263157894736725e+00 4.736842105263157521e+00 -1.441520130928501953e-01 -1.999999293706355319e+00 -3.069641044562845700e+00
2.368421052631578760e+00 4.736842105263157521e+00 -5.975701348589081974e-01 -1.999999685451297582e+00 -2.851250805383068077e+00
2.631578947368420796e+00 4.736842105263157521e+00 -8.436074403903250918e-01 -1.999999859915376765e+00 -2.742432370753346671e+00
2.894736842105262831e+00 4.736842105263157521e+00 -9.420961796045004277e-01 -1.999999934381550437e+00 -2.701373643379305634e+00
3.157894736842105310e+00 4.736842105263157521e+00 -9.754780154928246461e-01 -1.999999962723905789e+00 -2.687801855129472894e+00
3.421052631578947345e+00 4.736842105263157521e+00 -9.896064445100509754e-01 -1.999999978575053960e+00 -2.682111098506109403e+00
3.684210526315789380e+00 4.736842105263157521e+00 -9.956128065006231154e-01 -1.999999987685718628e+00 -2.679701458875809905e+00
3.947368421052631415e+00 4.736842105263157521e+00 -9.980978087436960244e-01 -1.999999992811785088e+00 -2.678706209085201184e+00
4.210526315789473450e+00 4.736842105263157521e+00 -9.989776988823237946e-01 -1.999999995951903697e+00 -2.678354047829192730e+00
4.473684210526315930e+00 4.736842105263157521e+00 -9.994675299769626431e-01 -1.999999997719021927e+00 -2.678158054823292389e+00
4.736842105263157521e+00 4.736842105263157521e+00 -9.997011253474041848e-01 -1.999999998677181479e+00 -2.678064601331451300e+00
5.000000000000000000e+00 4.736842105263157521e+00 -9.998308902494632555e-01 -1.999999999229535863e+00 -2.678012690622947556e+00
0.000000000000000000e+00 5.000000000000000000e+00 9.978150585453986476e-01 -1.999969174884198786e+00 2.678813246028449946e+00
2.631578947368420907e-01 5.000000000000000000e+00 9.950501382409968620e-01 -1.999981893243655717e+00 2.679923338147227607e+00
5.263157894736841813e-01 5.000000000000000000e+00 9.885113665186440191e-01 -1.999989920529160914e+00 2.682549046933325521e+00
7.894736842105263275e-01 5.000000000000000000e+00 9.687837234935146036e-01 -1.999995282343296488e+00 2.690508414788691294e+00
1.052631578947368363e+00 5.000000000000000000e+00 9.152329814328992175e-01 -1.999997828411337997e+00 2.712422522386393364e+00
1.315789473684210398e+00 5.000000000000000000e+00 7.800789642319780892e-01 -1.999999000394591331e+00 2.769702141301878306e+00
1.578947368421052655e+00 5.000000000000000000e+00 4.871375948409335521e-01 -1.999999539871072374e+00 2.902675933124357233e+00
1.842105263157894690e+00 5.000000000000000000e+00 1.760526696304309802e-02 -1.999999788519245536e+00 3.132790246528311062e+00
2.105263157894736725e+00 5.000000000000000000e+00 -4.827693198375619388e-01 -1.999999905816806756e+00 -2.904738826860863821e+00
2.368421052631578760e+00 5.000000000000000000e+00 -7.897567502529840855e-01 -1.999999958055409310e+00 -2.765509245697687302e+00
2.631578947368420796e+00 5.000000000000000000e+00 -9.215019307639162882e-01 -1.999999980596488980e+00 -2.709834272970274682e+00
2.894736842105262831e+00 5.000000000000000000e+00 -9.671833540926026984e-01 -1.999999989207682960e+00 -2.691157655704069729e+00
3.157894736842105310e+00 5.000000000000000000e+00 -9.860570516884825665e-01 -1.999999993796967912e+00 -2.683537760327504351e+00
3.421052631578947345e+00 5.000000000000000000e+00 -9.941085088269403514e-01 -1.999999996434722149e+00 -2.680304416018941094e+00
3.684210526315789380e+00 5.000000000000000000e+00 -9.975078469745175536e-01 -1.999999997943001651e+00 -2.678942402171611281e+00
3.947368421052631415e+00 5.000000000000000000e+00 -9.989288190697074299e-01 -1.999999998790774169e+00 -2.678373608507133685e+00
4.210526315789473450e+00 5.000000000000000000e+00 -9.994259028379457455e-01 -1.999999999315574595e+00 -2.678174709682964671e+00
4.473684210526315930e+00 5.000000000000000000e+00 -9.996925096791307030e-01 -1.999999999614675561e+00 -2.678068048204152785e+00
4.736842105263157521e+00 5.000000000000000000e+00 -9.998286560375890808e-01 -1.999999999777156257e+00 -2.678013584478060594e+00
5.000000000000000000e+00 5.000000000000000000e+00 -9.999038325018771989e-01 -1.999999999870765377e+00 -2.677983512302241298e+00
