# Y X a0 a1
0.000000000000000000e+00 -1.000000000000000000e+00 9.956679153082693690e-01 4.332084691730554715e-03
0.000000000000000000e+00 -9.859719438877755371e-01 9.956912621714373302e-01 4.308737828562623010e-03
0.000000000000000000e+00 -9.719438877755510742e-01 9.957095135641750305e-01 4.290486435825025847e-03
0.000000000000000000e+00 -9.579158316633266113e-01 9.957309632356843299e-01 4.269036764315695294e-03
1.202094019310734119e+00 -9.438877755511021483e-01 9.957444763934156784e-01 4.255523606584247880e-03
0.000000000000000000e+00 -9.298597194388777964e-01 9.957653735218950919e-01 4.234626478104804026e-03
0.000000000000000000e+00 -9.158316633266533335e-01 9.957757397714849246e-01 4.224260228515041606e-03
0.000000000000000000e+00 -9.018036072144288706e-01 9.957904112930594520e-01 4.209588706940502884e-03
8.842935112755204718e-01 -8.877755511022044077e-01 9.958076821805246226e-01 4.192317819475364395e-03
2.099318458665844656e+00 -8.737474949899799448e-01 9.958184582354804304e-01 4.181541764519467255e-03
1.788549661396999557e+00 -8.597194388777554819e-01 9.958336749128748888e-01 4.166325087125174499e-03
0.000000000000000000e+00 -8.456913827655310190e-01 9.958478065044060745e-01 4.152193495593895119e-03
0.000000000000000000e+00 -8.316633266533066671e-01 9.958599262908444105e-01 4.140073709155612028e-03
1.869263074293005200e+00 -8.176352705410820931e-01 9.958708513910446980e-01 4.129148608955253430e-03
2.181761979448074151e-01 -8.036072144288577412e-01 9.958801465189319746e-01 4.119853481067949942e-03
2.682068447960721524e+00 -7.895791583166332783e-01 9.958883046268216521e-01 4.111695373178386910e-03
2.335920267683719409e+00 -7.755511022044088154e-01 9.958992959941764811e-01 4.100704005823506762e-03
0.000000000000000000e+00 -7.615230460921843525e-01 9.959074899326799679e-01 4.092510067319934941e-03
2.023218303503484083e+00 -7.474949899799598896e-01 9.959103602191042848e-01 4.089639780895754258e-03
0.000000000000000000e+00 -7.334669338677355377e-01 9.959187728179998977e-01 4.081227182000228895e-03
7.192956726731544181e-01 -7.194388777555109638e-01 9.959204456359338486e-01 4.079554364066266710e-03
1.587788501609885161e+00 -7.054108216432866119e-01 9.959267321436824361e-01 4.073267856317612512e-03
0.000000000000000000e+00 -6.913827655310621489e-01 9.959314811434392123e-01 4.068518856560741741e-03
0.000000000000000000e+00 -6.773547094188376860e-01 9.959323272435118835e-01 4.067672756487995117e-03
2.142750206273503544e+00 -6.633266533066132231e-01 9.959337435169157704e-01 4.066256483084152405e-03
1.416173707712087504e+00 -6.492985971943887602e-01 9.959366022292031051e-01 4.063397770797051028e-03
2.620352005932657935e+00 -6.352705410821642973e-01 9.959336083848691068e-01 4.066391615130920956e-03
5.436352721101183061e-01 -6.212424849699398344e-01 9.959363003434447137e-01 4.063699656555275035e-03
1.648562515732582945e+00 -6.072144288577154825e-01 9.959337014147158218e-01 4.066298585284048965e-03
1.391744396267518225e+00 -5.931863727454909085e-01 9.959304288729257104e-01 4.069571127074313004e-03
8.932862682542677124e-01 -5.791583166332665567e-01 9.959287169242857507e-01 4.071283075714316087e-03
0.000000000000000000e+00 -5.651302605210420937e-01 9.959266941463328360e-01 4.073305853667291525e-03
4.876051509998630684e-01 -5.511022044088176308e-01 9.959212095581275737e-01 4.078790441872479251e-03
2.425210419069247170e+00 -5.370741482965931679e-01 9.959151129708455619e-01 4.084887029154524000e-03
2.589981506237066244e-01 -5.230460921843687050e-01 9.959090089226406706e-01 4.090991077359375401e-03
0.000000000000000000e+00 -5.090180360721443531e-01 9.959001988398276106e-01 4.099801160172477851e-03
1.470830820245491832e+00 -4.949899799599197792e-01 9.958960122900344381e-01 4.103987709965665164e-03
5.684646592695596912e-01 -4.809619238476954273e-01 9.958875095769280650e-01 4.112490423071905529e-03
0.000000000000000000e+00 -4.669338677354709644e-01 9.958759549909000919e-01 4.124045009099966234e-03
0.000000000000000000e+00 -4.529058116232465014e-01 9.958677177187272855e-01 4.132282281272738750e-03
1.373253423997204126e-01 -4.388777555110220385e-01 9.958557570569195327e-01 4.144242943080382255e-03
2.462206545332977559e+00 -4.248496993987975756e-01 9.958437005194700209e-01 4.156299480530108344e-03
2.908158037654651196e-01 -4.108216432865731127e-01 9.958304579500066867e-01 4.169542049993276919e-03
1.609005811862748159e+00 -3.967935871743486498e-01 9.958208547332040306e-01 4.179145266796067439e-03
1.568979350252554861e+00 -3.827655310621242979e-01 9.958023939795959123e-01 4.197606020404012241e-03
0.000000000000000000e+00 -3.687374749498998350e-01 9.957883394012764233e-01 4.211660598723605299e-03
1.304602001703570657e+00 -3.547094188376753721e-01 9.957724770351351617e-01 4.227522964864698606e-03
2.269411830142796571e+00 -3.406813627254509091e-01 9.957590976390983117e-01 4.240902360901639689e-03
2.888963249918092280e-01 -3.266533066132264462e-01 9.957393912138120529e-01 4.260608786187940200e-03
2.736200858557359172e+00 -3.126252505010019833e-01 9.957184672197837427e-01 4.281532780216363090e-03
1.674267621209505563e+00 -2.985971943887775204e-01 9.957019308299873694e-01 4.298069170012673926e-03
2.858677629349198224e+00 -2.845691382765530575e-01 9.956768839981302577e-01 4.323116001869788290e-03
0.000000000000000000e+00 -2.705410821643285946e-01 9.956564425659156781e-01 4.343557434084406935e-03
7.146080419384511773e-01 -2.565130260521042427e-01 9.956351111682765209e-01 4.364888831723407955e-03
3.030638039785370275e+00 -2.424849699398797798e-01 9.956121151298220617e-01 4.387884870178018065e-03
1.198898070711784225e+00 -2.284569138276553169e-01 9.955865907898262535e-01 4.413409210173795984e-03
1.220965300246141361e+00 -2.144288577154308539e-01 9.955585662828918547e-01 4.441433717108215530e-03
0.000000000000000000e+00 -2.004008016032063910e-01 9.955337816599453271e-01 4.466218340054748347e-03
1.382659365717257227e+00 -1.863727454909819281e-01 9.955079387895304777e-01 4.492061210469547490e-03
1.979702674475129598e+00 -1.723446893787574652e-01 9.954778531904409089e-01 4.522146809559222935e-03
3.223289015171669547e+00 -1.583166332665331133e-01 9.954463317749814300e-01 4.553668225018439944e-03
4.443084532330305869e-01 -1.442885771543086504e-01 9.954145993373618717e-01 4.585400662638139564e-03
3.046376506258849481e+00 -1.302605210420841875e-01 9.953824711263510316e-01 4.617528873648937132e-03
0.000000000000000000e+00 -1.162324649298597246e-01 9.953510106374265920e-01 4.648989362573429686e-03
1.955683102442695276e+00 -1.022044088176352616e-01 9.953142625014504974e-01 4.685737498549407201e-03
2.303666720910030108e+00 -8.817635270541079873e-02 9.952797289248417334e-01 4.720271075158363749e-03
8.032972711903323126e-02 -7.414829659318633581e-02 9.952439323392743287e-01 4.756067660725631432e-03
1.002198546170270710e+00 -6.012024048096187290e-02 9.952065473804755369e-01 4.793452619524509947e-03
9.373225296035849752e-01 -4.609218436873740998e-02 9.951670374976439026e-01 4.832962502356047928e-03
3.997984974574239625e-02 -3.206412825651305809e-02 9.951244748212999536e-01 4.875525178699955352e-03
1.737683108663314435e+00 -1.803607214428859518e-02 9.950824051185803709e-01 4.917594881419759187e-03
3.445529928251826135e+00 -4.008016032064132261e-03 9.950434040066350461e-01 4.956595993364994700e-03
8.662661067777595036e-01 1.002004008016044168e-02 9.949990825865706601e-01 5.000917413429391105e-03
3.455439974566548056e+00 2.404809619238479357e-02 9.949478150322995651e-01 5.052184967700516435e-03
3.427406992647950013e-01 3.807615230460914546e-02 9.949017321543047743e-01 5.098267845695166750e-03
1.950224831519721258e+00 5.210420841683371940e-02 9.948531730694595288e-01 5.146826930540561451e-03
6.564556998570149071e-01 6.613226452905807129e-02 9.948069706395988865e-01 5.193029360401110045e-03
1.033120732435066191e+00 8.016032064128264523e-02 9.947519192710780889e-01 5.248080728921949295e-03
3.118779646196934596e+00 9.418837675350699712e-02 9.946996419343666629e-01 5.300358065633453339e-03
2.878408780285764301e+00 1.082164328657315711e-01 9.946434869193024886e-01 5.356513080697537441e-03
1.214395039530915765e+00 1.222444889779559229e-01 9.945899011807457502e-01 5.410098819254281939e-03
5.058801778369478308e-01 1.362725450901802748e-01 9.945295358912938921e-01 5.470464108706067988e-03
1.926213547002331161e+00 1.503006012024048488e-01 9.944673235162743152e-01 5.532676483725677830e-03
1.244233106856537763e+00 1.643286573146292007e-01 9.944111600358537251e-01 5.588839964146326104e-03
3.374319975760531776e+00 1.783567134268537746e-01 9.943408467997704170e-01 5.659153200229602096e-03
2.803382504666304120e-01 1.923847695390781265e-01 9.942812584746414384e-01 5.718741525358485289e-03
3.609373803620098631e+00 2.064128256513027004e-01 9.942155991380708935e-01 5.784400861929102182e-03
2.570012260064754361e+00 2.204408817635270523e-01 9.941453699746500838e-01 5.854630025349822492e-03
1.580932589452014092e+00 2.344689378757514042e-01 9.940736187463312667e-01 5.926381253668743659e-03
1.700746629665400578e+00 2.484969939879759782e-01 9.940044911105235803e-01 5.995508889476325147e-03
2.032660249698735377e+00 2.625250501002003300e-01 9.939334612578731853e-01 6.066538742126787766e-03
2.898692111727959819e+00 2.765531062124249040e-01 9.938527649150711296e-01 6.147235084928773241e-03
5.708542421466517719e-02 2.905811623246492559e-01 9.937778712200969755e-01 6.222128779902949026e-03
2.909405648410458234e+00 3.046092184368738298e-01 9.936922228329859719e-01 6.307777167014101856e-03
3.800678858028923024e-01 3.186372745490981817e-01 9.936115826658235006e-01 6.388417334176421311e-03
1.439018086235947180e+00 3.326653306613227556e-01 9.935279235192505665e-01 6.472076480749363279e-03
2.083957193668173780e+00 3.466933867735471075e-01 9.934417867223247489e-01 6.558213277675356036e-03
1.557101957712591300e+00 3.607214428857714594e-01 9.933502472785614712e-01 6.649752721438477628e-03
1.324786068798246008e+00 3.747494989979960334e-01 9.932608884364487745e-01 6.739111563551139668e-03
1.126010350246168690e+00 3.887775551102203853e-01 9.931679828485968642e-01 6.832017151403173977e-03
6.468315659904705361e-01 4.028056112224449592e-01 9.930669550221661313e-01 6.933044977833747319e-03
2.923458734903224610e+00 4.168336673346693111e-01 9.929644604807177366e-01 7.035539519282307634e-03
2.293632826864854479e+00 4.308617234468938850e-01 9.928626386590667652e-01 7.137361340933212270e-03
1.927333701171022762e+00 4.448897795591182369e-01 9.927593576942886910e-01 7.240642305711392224e-03
1.982184765448630870e+00 4.589178356713428109e-01 9.926542764480995595e-01 7.345723551900397094e-03
1.642755844790267261e+00 4.729458917835671627e-01 9.925441066078456442e-01 7.455893392154355759e-03
1.676540923752783740e+00 4.869739478957915146e-01 9.924271295508605428e-01 7.572870449139396457e-03
2.442033648669497126e+00 5.010020040080160886e-01 9.923094357231305729e-01 7.690564276869342117e-03
2.807542958846573455e+00 5.150300601202404405e-01 9.921884514717519421e-01 7.811548528248055297e-03
1.731833611696142194e-01 5.290581162324650144e-01 9.920655946155709781e-01 7.934405384428902183e-03
3.685174674602488931e+00 5.430861723446893663e-01 9.919333593648415048e-01 8.066640635158555880e-03
1.374342791710768230e+00 5.571142284569139402e-01 9.918053111857392246e-01 8.194688814260733811e-03
8.310194860998818545e-01 5.711422845691382921e-01 9.916718073463154370e-01 8.328192653684634086e-03
2.192875720188728117e+00 5.851703406813626440e-01 9.915345139589595291e-01 8.465486041040545459e-03
2.554218732854119267e+00 5.991983967935872180e-01 9.914016840055477342e-01 8.598315994452303962e-03
1.719284652316396933e+00 6.132264529058115698e-01 9.912592317945618792e-01 8.740768205438198893e-03
4.913501048599147603e-01 6.272545090180361438e-01 9.911119001275708884e-01 8.888099872429012713e-03
1.115212868933096013e+00 6.412825651302604957e-01 9.909515941609196021e-01 9.048405839080370106e-03
2.137285724168846990e+00 6.553106212424850696e-01 9.907870522557833404e-01 9.212947744216734222e-03
3.416484936122707428e+00 6.693386773547094215e-01 9.906420471563099905e-01 9.357952843689901906e-03
1.405745855310380321e+00 6.833667334669337734e-01 9.904770590959321996e-01 9.522940904067691073e-03
9.611284582373673668e-01 6.973947895791583473e-01 9.903036229463941797e-01 9.696377053605827190e-03
2.989180851306372233e+00 7.114228456913826992e-01 9.901359279363080024e-01 9.864072063691990688e-03
4.849507955548477689e-01 7.254509018036072732e-01 9.899554855868363257e-01 1.004451441316360147e-02
4.669993823285180645e-01 7.394789579158316251e-01 9.897753183375974650e-01 1.022468166240249679e-02
1.070704759033403120e+00 7.535070140280561990e-01 9.895863168748711969e-01 1.041368312512888292e-02
1.406215728846997193e+00 7.675350701402805509e-01 9.893965841492584623e-01 1.060341585074143014e-02
2.997135984988825719e+00 7.815631262525051248e-01 9.891984637420073723e-01 1.080153625799269539e-02
4.898987502812321981e-01 7.955911823647294767e-01 9.889899023011395895e-01 1.101009769886047290e-02
2.843008975190017829e+00 8.096192384769538286e-01 9.887839572523199339e-01 1.121604274768015289e-02
9.968871649714585725e-01 8.236472945891784025e-01 9.885666014944664015e-01 1.143339850553362277e-02
3.558301896303333045e+00 8.376753507014027544e-01 9.883487810441221599e-01 1.165121895587790425e-02
1.669164168942622872e+00 8.517034068136273284e-01 9.881287439492101310e-01 1.187125605078990197e-02
2.259541633157750695e+00 8.657314629258516803e-01 9.878974039142712771e-01 1.210259608572863618e-02
2.565382971051021421e+00 8.797595190380762542e-01 9.876571980555552965e-01 1.234280194444474510e-02
2.315598794503546110e+00 8.937875751503006061e-01 9.874165564630464909e-01 1.258344353695343455e-02
1.984372603761511478e+00 9.078156312625251800e-01 9.871658366438430532e-01 1.283416335615701273e-02
3.435869395292051376e+00 9.218436873747495319e-01 9.869090738218229131e-01 1.309092617817706090e-02
2.866649792592836477e+00 9.358717434869738838e-01 9.866444110785540511e-01 1.335558892144586562e-02
3.793749207011352098e+00 9.498997995991984578e-01 9.863681203469817360e-01 1.363187965301831256e-02
2.008552580495744699e+00 9.639278557114228096e-01 9.860985107327061572e-01 1.390148926729375782e-02
4.252638784063572430e+00 9.779559118236473836e-01 9.858103396670150342e-01 1.418966033298506117e-02
2.786338744293565650e+00 9.919839679358717355e-01 9.855103501949404876e-01 1.448964980505951933e-02
6.982416408807550212e-01 1.006012024048096087e+00 9.852067427699378044e-01 1.479325723006215745e-02
4.443929036376126795e+00 1.020040080160320883e+00 9.849028157539551076e-01 1.509718424604500689e-02
8.951525280286425357e-01 1.034068136272545235e+00 9.845934748614793008e-01 1.540652513852082753e-02
4.069362579604375973e+00 1.048096192384769587e+00 9.842768278677160865e-01 1.572317213228395516e-02
1.803013432632096347e+00 1.062124248496993939e+00 9.839369819204488721e-01 1.606301807955111752e-02
1.058551056587912598e+00 1.076152304609218291e+00 9.835900007231686004e-01 1.640999927683136142e-02
1.728463868136653758e+00 1.090180360721443087e+00 9.832471855430712226e-01 1.675281445692865592e-02
3.045655792754494051e+00 1.104208416833667439e+00 9.828836245279132244e-01 1.711637547208678597e-02
7.585546577346828911e-01 1.118236472945891791e+00 9.825055034202079263e-01 1.749449657979212577e-02
1.213300377480604819e+00 1.132264529058116143e+00 9.821231697850916209e-01 1.787683021490842072e-02
2.135313743591745528e+00 1.146292585170340494e+00 9.817386256208378015e-01 1.826137437916222281e-02
3.058368853533841580e+00 1.160320641282565290e+00 9.813195497157404246e-01 1.868045028425958584e-02
1.237247228525444775e+00 1.174348697394789642e+00 9.809239406530073646e-01 1.907605934699264927e-02
7.933664871314594080e-01 1.188376753507013994e+00 9.804945133078597497e-01 1.950548669214025727e-02
4.101265462936686035e+00 1.202404809619238346e+00 9.800589594805497740e-01 1.994104051945021910e-02
1.923089218197454375e+00 1.216432865731463142e+00 9.796298619527397111e-01 2.037013804726037908e-02
3.712033576979504090e+00 1.230460921843687494e+00 9.791481755950660615e-01 2.085182440493402178e-02
4.428318612958420886e+00 1.244488977955911846e+00 9.786869764947193628e-01 2.131302350528059206e-02
9.403952803312169983e-01 1.258517034068136198e+00 9.781920928515870362e-01 2.180790714841294650e-02
2.561389832741585160e+00 1.272545090180360550e+00 9.777202062613701283e-01 2.227979373862979881e-02
2.141795035051116791e+00 1.286573146292585346e+00 9.771830336341149614e-01 2.281696636588494490e-02
3.827599003492014429e+00 1.300601202404809698e+00 9.766710167190130187e-01 2.332898328098689453e-02
1.432100302685008320e+00 1.314629258517034049e+00 9.761387984126207451e-01 2.386120158737920285e-02
3.089453700274676251e+00 1.328657314629258401e+00 9.755772588624990194e-01 2.442274113750105696e-02
4.105325219569550654e+00 1.342685370741483197e+00 9.750096142034891944e-01 2.499038579651073275e-02
2.330855512780959149e+00 1.356713426853707549e+00 9.744107630937698383e-01 2.558923690623017555e-02
2.663288160311509944e+00 1.370741482965931901e+00 9.738520438095982223e-01 2.614795619040162500e-02
1.013144478810246163e+00 1.384769539078156253e+00 9.732341142852527494e-01 2.676588571474730616e-02
9.278639868476532548e-01 1.398797595190380605e+00 9.725919207751156925e-01 2.740807922488432136e-02
3.725872642835084125e+00 1.412825651302605401e+00 9.719488224838893631e-01 2.805117751611056753e-02
4.031924886620162241e+00 1.426853707414829753e+00 9.713062896359713205e-01 2.869371036402870029e-02
3.847512216518345962e+00 1.440881763527054105e+00 9.705963945196789400e-01 2.940360548032108431e-02
4.086755399080214346e+00 1.454909819639278457e+00 9.699227173600613039e-01 3.007728263993866141e-02
1.734640622685808431e+00 1.468937875751502808e+00 9.691926854106458489e-01 3.080731458935406786e-02
3.745608269332255880e+00 1.482965931863727604e+00 9.684399082278545290e-01 3.156009177214539468e-02
1.445613472091575868e+00 1.496993987975951956e+00 9.676756940799537965e-01 3.232430592004623821e-02
1.487719936245720298e+00 1.511022044088176308e+00 9.669134095613663993e-01 3.308659043863355909e-02
1.884474601924769122e+00 1.525050100200400660e+00 9.661049259375820153e-01 3.389507406241787368e-02
9.732543106908941866e-01 1.539078156312625456e+00 9.653288327810279901e-01 3.467116721897203074e-02
3.975760426240682488e+00 1.553106212424849808e+00 9.644636950165669242e-01 3.553630498343296473e-02
1.318722189019304825e+00 1.567134268537074160e+00 9.635699326988883540e-01 3.643006730111165992e-02
3.773673568642279985e+00 1.581162324649298512e+00 9.627455710431016556e-01 3.725442895689839301e-02
4.301366436231551127e+00 1.595190380761522864e+00 9.618289832820006158e-01 3.817101671799936341e-02
2.119853636492071036e+00 1.609218436873747660e+00 9.609348282235177230e-01 3.906517177648228395e-02
1.301952525122192839e+00 1.623246492985972012e+00 9.599431954666333144e-01 4.005680453336669944e-02
2.375470594666538648e+00 1.637274549098196363e+00 9.589817026156252089e-01 4.101829738437480499e-02
3.551105700307091606e+00 1.651302605210420715e+00 9.579612456843155099e-01 4.203875431568452475e-02
2.688835866310580691e+00 1.665330661322645511e+00 9.569474939887467890e-01 4.305250601125310689e-02
4.096464371849077857e+00 1.679358717434869863e+00 9.559096514378572218e-01 4.409034856214284065e-02
2.560407468248913965e+00 1.693386773547094215e+00 9.548222598201638878e-01 4.517774017983604978e-02
4.213327681138304470e+00 1.707414829659318567e+00 9.536937009168567903e-01 4.630629908314328608e-02
5.089620452032670404e-03 1.721442885771542919e+00 9.525956300460237669e-01 4.740436995397627473e-02
2.890793753289492951e+00 1.735470941883767715e+00 9.513690205373770414e-01 4.863097946262300020e-02
3.864021780235268988e+00 1.749498997995992067e+00 9.502135906474346028e-01 4.978640935256529315e-02
4.702587866442197395e+00 1.763527054108216419e+00 9.490004168138325147e-01 5.099958318616747838e-02
1.319890487756138597e+00 1.777555110220440771e+00 9.477330661251696098e-01 5.226693387483046654e-02
1.698419968424991655e+00 1.791583166332665567e+00 9.464436997222860359e-01 5.355630027771397100e-02
4.558518860403562911e+00 1.805611222444889918e+00 9.451101787900566542e-01 5.488982120994325559e-02
3.900409299790989159e+00 1.819639278557114270e+00 9.437081399418139060e-01 5.629186005818612865e-02
2.686491145258147917e+00 1.833667334669338622e+00 9.423948600556788513e-01 5.760513994432121115e-02
1.858794658755799301e+00 1.847695390781562974e+00 9.409558516761168390e-01 5.904414832388323042e-02
3.303246094847763104e+00 1.861723446893787770e+00 9.395165546956970593e-01 6.048344530430298238e-02
3.403973609687452218e+00 1.875751503006012122e+00 9.380739191280401679e-01 6.192608087195972805e-02
4.277150127333627871e+00 1.889779559118236474e+00 9.364930167476329670e-01 6.350698325236696362e-02
3.978629053975202723e+00 1.903807615230460826e+00 9.349246466600444894e-01 6.507535333995545512e-02
4.235151357652648940e+00 1.917835671342685622e+00 9.333278556400546044e-01 6.667214435994527066e-02
2.112925159963693567e+00 1.931863727454909974e+00 9.317390868950582439e-01 6.826091310494165898e-02
1.816199783428451564e+00 1.945891783567134325e+00 9.299899199152695806e-01 7.001008008473041944e-02
4.606641749918456874e+00 1.959919839679358677e+00 9.282934032553542547e-01 7.170659674464573141e-02
3.859765118430443268e-06 1.973947895791583029e+00 9.265769411601737504e-01 7.342305883982616632e-02
4.365238529567544212e+00 1.987975951903807825e+00 9.247906924702885556e-01 7.520930752971154154e-02
4.710098598719272722e+00 2.002004008016032177e+00 9.229562299836140404e-01 7.704377001638587630e-02
4.775207190390797329e+00 2.016032064128256529e+00 9.210678238124205830e-01 7.893217618757941700e-02
3.263150663581230404e+00 2.030060120240480881e+00 9.191586355312454382e-01 8.084136446875453408e-02
3.932741036101503607e+00 2.044088176352705233e+00 9.171292699808549775e-01 8.287073001914510573e-02
4.197619981228720931e+00 2.058116232464930029e+00 9.151615208375425414e-01 8.483847916245745857e-02
3.725123936332618513e+00 2.072144288577154381e+00 9.131837606217237946e-01 8.681623937827608051e-02
2.498765130745991492e+00 2.086172344689378733e+00 9.110107290021142168e-01 8.898927099788586648e-02
1.716557264679710038e+00 2.100200400801603084e+00 9.089616418879526982e-01 9.103835811204734341e-02
7.727169544058085648e-04 2.114228456913827880e+00 9.066750857674951147e-01 9.332491423250487139e-02
4.246174969257069165e+00 2.128256513026052232e+00 9.043759785343037372e-01 9.562402146569619343e-02
3.547142430297979931e+00 2.142284569138276584e+00 9.021987366590994428e-01 9.780126334090044615e-02
4.269552594411722524e+00 2.156312625250500936e+00 8.998008797397468728e-01 1.001991202602531411e-01
4.096762190240550439e+00 2.170340681362725288e+00 8.974283861524144923e-01 1.025716138475854522e-01
3.028684568019358175e-05 2.184368737474950084e+00 8.949924544256028236e-01 1.050075455743971764e-01
3.178126943045904707e+00 2.198396793587174436e+00 8.924875503100520024e-01 1.075124496899481225e-01
2.359708178090946795e+00 2.212424849699398788e+00 8.899586129377096144e-01 1.100413870622904688e-01
3.483577819682890375e+00 2.226452905811623140e+00 8.872787574303649949e-01 1.127212425696349773e-01
3.446150572115910027e+00 2.240480961923847936e+00 8.846489902494517610e-01 1.153510097505482390e-01
4.498762789188665678e+00 2.254509018036072288e+00 8.820017841983980311e-01 1.179982158016018717e-01
2.372684542142745379e+00 2.268537074148296639e+00 8.794083311059880392e-01 1.205916688940120024e-01
4.148602910811456823e+00 2.282565130260520991e+00 8.763762051948734699e-01 1.236237948051265301e-01
4.802603051462810413e+00 2.296593186372745343e+00 8.735750454486259642e-01 1.264249545513741191e-01
2.780283033350960498e+00 2.310621242484970139e+00 8.706698707067040965e-01 1.293301292932958479e-01
1.879494042696906231e+00 2.324649298597194491e+00 8.677243237141073484e-01 1.322756762858927626e-01
3.345451288429989400e+00 2.338677354709418843e+00 8.647282208130776526e-01 1.352717791869223751e-01
4.742541424739394884e+00 2.352705410821643195e+00 8.616227072107733864e-01 1.383772927892265303e-01
2.715579491950752544e+00 2.366733466933867547e+00 8.584570459994891323e-01 1.415429540005107845e-01
4.736133412033419532e+00 2.380761523046092343e+00 8.552325965860673174e-01 1.447674034139327104e-01
2.898060034544705399e+00 2.394789579158316695e+00 8.520558092778316439e-01 1.479441907221682728e-01
1.227661385034662067e-05 2.408817635270541047e+00 8.487175963321801353e-01 1.512824036678198925e-01
4.743458329193204648e+00 2.422845691382765398e+00 8.453277861820043260e-01 1.546722138179956463e-01
6.731252334665825676e-05 2.436873747494990194e+00 8.420278768559374960e-01 1.579721231440624762e-01
3.681403698471468644e+00 2.450901803607214546e+00 8.385077188119887115e-01 1.614922811880112608e-01
2.950226413817763405e+00 2.464929859719438898e+00 8.349266832537557415e-01 1.650733167462442030e-01
4.059139219128347520e+00 2.478957915831663250e+00 8.313421620067671380e-01 1.686578379932328620e-01
4.040693006862986714e+00 2.492985971943887602e+00 8.276445706403930958e-01 1.723554293596068487e-01
1.299834818573257056e-08 2.507014028056112398e+00 8.241042005472304366e-01 1.758957994527696744e-01
2.950400220215842584e+00 2.521042084168336750e+00 8.202911217193132876e-01 1.797088782806867124e-01
2.820522745719055369e+00 2.535070140280561102e+00 8.163580475895237942e-01 1.836419524104763168e-01
3.085169255423304779e+00 2.549098196392785454e+00 8.125868495359657162e-01 1.874131504640342283e-01
4.677618690479968144e+00 2.563126252505010250e+00 8.085718879270004100e-01 1.914281120729996455e-01
3.931883999158419130e+00 2.577154308617234602e+00 8.046703304633415765e-01 1.953296695366585345e-01
4.488655471667713392e+00 2.591182364729458953e+00 8.005662113277483005e-01 1.994337886722516440e-01
4.580681872436281665e+00 2.605210420841683305e+00 7.965352443656054104e-01 2.034647556343946173e-01
2.305211925798378303e+00 2.619238476953907657e+00 7.924339208793189648e-01 2.075660791206810907e-01
3.790620472040819422e+00 2.633266533066132453e+00 7.882313196621223428e-01 2.117686803378777405e-01
3.683666914864354602e+00 2.647294589178356805e+00 7.837663300796370303e-01 2.162336699203630808e-01
3.484271649017841810e+00 2.661322645290581157e+00 7.795917439064948828e-01 2.204082560935051727e-01
2.966746426273521829e-03 2.675350701402805509e+00 7.751835975732416228e-01 2.248164024267584327e-01
4.324414094527371688e+00 2.689378757515030305e+00 7.708738859718505809e-01 2.291261140281493081e-01
3.361237671681891470e+00 2.703406813627254657e+00 7.663492785341461389e-01 2.336507214658538611e-01
4.867511998761846925e+00 2.717434869739479009e+00 7.617904727865736358e-01 2.382095272134264197e-01
4.165278711562512726e+00 2.731462925851703361e+00 7.571025860762242710e-01 2.428974139237757845e-01
4.847748328716380506e+00 2.745490981963927712e+00 7.526531263322955301e-01 2.473468736677043867e-01
3.373889338681239636e+00 2.759519038076152508e+00 7.478006889560003811e-01 2.521993110439996744e-01
4.055565841482696499e+00 2.773547094188376860e+00 7.431550532990549573e-01 2.568449467009450427e-01
2.446057592296787764e+00 2.787575150300601212e+00 7.385130864623113967e-01 2.614869135376886589e-01
5.076949059412240173e-04 2.801603206412825564e+00 7.336402265775650022e-01 2.663597734224349423e-01
4.164760668703520352e+00 2.815631262525050360e+00 7.288526230956801077e-01 2.711473769043198923e-01
3.532903041004371136e+00 2.829659318637274712e+00 7.239374648965447578e-01 2.760625351034552977e-01
2.643722805707613421e+00 2.843687374749499064e+00 7.188757073018547938e-01 2.811242926981452062e-01
3.157443904958501246e+00 2.857715430861723416e+00 7.139766181007172197e-01 2.860233818992827803e-01
2.429490075977003283e+00 2.871743486973947768e+00 7.089938639129236275e-01 2.910061360870762615e-01
2.752279025741880325e+00 2.885771543086172564e+00 7.037921972250551494e-01 2.962078027749448506e-01
0.000000000000000000e+00 2.899799599198396916e+00 6.989041397689702562e-01 3.010958602310297993e-01
3.563752458600428330e+00 2.913827655310621267e+00 6.937807308207832868e-01 3.062192691792167687e-01
4.687735112969222406e+00 2.927855711422845619e+00 6.885130791561830943e-01 3.114869208438167947e-01
4.834869736426290920e+00 2.941883767535069971e+00 6.831804638515496242e-01 3.168195361484503758e-01
4.031448732005705970e+00 2.955911823647294767e+00 6.780742316890984167e-01 3.219257683109014723e-01
3.916406242760982703e+00 2.969939879759519119e+00 6.729154873279025173e-01 3.270845126720974827e-01
0.000000000000000000e+00 2.983967935871743471e+00 6.674229755012650589e-01 3.325770244987349411e-01
4.462664145769135615e+00 2.997995991983967823e+00 6.623015465119516110e-01 3.376984534880483890e-01
2.516026363894301454e+00 3.012024048096192175e+00 6.569900842813792829e-01 3.430099157186207726e-01
4.858366367024053112e+00 3.026052104208416971e+00 6.515091382284016186e-01 3.484908617715983814e-01
0.000000000000000000e+00 3.040080160320641767e+00 6.461131117154755854e-01 3.538868882845245256e-01
0.000000000000000000e+00 3.054108216432865675e+00 6.407931049929094236e-01 3.592068950070906319e-01
3.632855001819415008e+00 3.068136272545090470e+00 6.353611231444183938e-01 3.646388768555816062e-01
2.729850798278433910e+00 3.082164328657314378e+00 6.299642531282770852e-01 3.700357468717230258e-01
6.237303011042871300e-06 3.096192384769539174e+00 6.242528696341617112e-01 3.757471303658383444e-01
2.924456048608729208e+00 3.110220440881763970e+00 6.193039640775636068e-01 3.806960359224363932e-01
4.029407999618395764e-10 3.124248496993987878e+00 6.137026571548722664e-01 3.862973428451277891e-01
0.000000000000000000e+00 3.138276553106212674e+00 6.082313202238580629e-01 3.917686797761419926e-01
4.294342659342312610e-13 3.152304609218436582e+00 6.025890201154547876e-01 3.974109798845451014e-01
2.117480546980982792e-07 3.166332665330661378e+00 5.972062792608663351e-01 4.027937207391336094e-01
3.056312109198155991e+00 3.180360721442886174e+00 5.917523125943178197e-01 4.082476874056821803e-01
1.868109520848607041e-03 3.194388777555110082e+00 5.862109367218644174e-01 4.137890632781356381e-01
4.264188960158521446e+00 3.208416833667334878e+00 5.806319464405595987e-01 4.193680535594404013e-01
2.799139651359122460e+00 3.222444889779558785e+00 5.751814575980845889e-01 4.248185424019154666e-01
4.399023498198270765e+00 3.236472945891783581e+00 5.696314407098941324e-01 4.303685592901059787e-01
3.486544313065504497e+00 3.250501002004008377e+00 5.642942475979121353e-01 4.357057524020879202e-01
3.746234073802642506e+00 3.264529058116232285e+00 5.587766884627949349e-01 4.412233115372050096e-01
0.000000000000000000e+00 3.278557114228457081e+00 5.532030716890872224e-01 4.467969283109128331e-01
0.000000000000000000e+00 3.292585170340680989e+00 5.477528397961590745e-01 4.522471602038409810e-01
7.047759601877862014e-04 3.306613226452905785e+00 5.425696026158596252e-01 4.574303973841403193e-01
0.000000000000000000e+00 3.320641282565130581e+00 5.370616134273418218e-01 4.629383865726582337e-01
0.000000000000000000e+00 3.334669338677354489e+00 5.315622009819108706e-01 4.684377990180891849e-01
4.750059779648991842e+00 3.348697394789579285e+00 5.262418195523174136e-01 4.737581804476825864e-01
1.413980044262566247e-12 3.362725450901804081e+00 5.208324322075460477e-01 4.791675677924539523e-01
4.026938993107503251e+00 3.376753507014027988e+00 5.154789526093905838e-01 4.845210473906094717e-01
3.039320066815087706e+00 3.390781563126252784e+00 5.100360321309348466e-01 4.899639678690651534e-01
4.104841094011849378e+00 3.404809619238476692e+00 5.049895409177955763e-01 4.950104590822044237e-01
3.625081734667588762e+00 3.418837675350701488e+00 4.995823739872879976e-01 5.004176260127120024e-01
4.867838241215753037e+00 3.432865731462926284e+00 4.941510055826700554e-01 5.058489944173300001e-01
1.823995673415072033e-07 3.446893787575150192e+00 4.891917164854183153e-01 5.108082835145817402e-01
3.387105152162673605e+00 3.460921843687374988e+00 4.836921032400037235e-01 5.163078967599963320e-01
0.000000000000000000e+00 3.474949899799598896e+00 4.785542330418725010e-01 5.214457669581274990e-01
2.621014516878555502e-12 3.488977955911823692e+00 4.734371694237356487e-01 5.265628305762642958e-01
0.000000000000000000e+00 3.503006012024048488e+00 4.681000508535613225e-01 5.318999491464386775e-01
0.000000000000000000e+00 3.517034068136272396e+00 4.631004499860841284e-01 5.368995500139158716e-01
3.145092347290104229e+00 3.531062124248497192e+00 4.579791955205151366e-01 5.420208044794848634e-01
4.053898641395798919e+00 3.545090180360721099e+00 4.531416338720561932e-01 5.468583661279438068e-01
4.184379107080454574e+00 3.559118236472945895e+00 4.483038516826818309e-01 5.516961483173181691e-01
4.807746332316210847e+00 3.573146292585170691e+00 4.431692295100430612e-01 5.568307704899569943e-01
3.257132914629491616e+00 3.587174348697394599e+00 4.383314301311691530e-01 5.616685698688309580e-01
0.000000000000000000e+00 3.601202404809619395e+00 4.332972277448383092e-01 5.667027722551617464e-01
3.903373104556658202e+00 3.615230460921843303e+00 4.285865697216951764e-01 5.714134302783048236e-01
3.397707404654742191e+00 3.629258517034068099e+00 4.234879157796906379e-01 5.765120842203094176e-01
3.943805360115057578e-10 3.643286573146292895e+00 4.189504035543862859e-01 5.810495964456137141e-01
4.561125568160405486e+00 3.657314629258516803e+00 4.141576693418539956e-01 5.858423306581460599e-01
4.091364065988330800e+00 3.671342685370741599e+00 4.094703267032994143e-01 5.905296732967006967e-01
4.176270248390023809e+00 3.685370741482966395e+00 4.049111523811550484e-01 5.950888476188449516e-01
4.107701034676255247e+00 3.699398797595190302e+00 4.001354223598911908e-01 5.998645776401088092e-01
6.315170628613505949e-11 3.713426853707415098e+00 3.956701772389569216e-01 6.043298227610431894e-01
3.491140755817928820e+00 3.727454909819639006e+00 3.911888124843648229e-01 6.088111875156351216e-01
3.925784684681921544e+00 3.741482965931863802e+00 3.865629749801870463e-01 6.134370250198128982e-01
0.000000000000000000e+00 3.755511022044088598e+00 3.820000929690232083e-01 6.179999070309768472e-01
8.815659352512502676e-11 3.769539078156312506e+00 3.779456418143499752e-01 6.220543581856501358e-01
0.000000000000000000e+00 3.783567134268537302e+00 3.731896495311010642e-01 6.268103504688989913e-01
4.023896071359194693e+00 3.797595190380761210e+00 3.691630798287287019e-01 6.308369201712713537e-01
6.562733559199150646e-05 3.811623246492986006e+00 3.648704334200297827e-01 6.351295665799702173e-01
7.000863261732759726e-07 3.825651302605210802e+00 3.609283358883617066e-01 6.390716641116384045e-01
0.000000000000000000e+00 3.839679358717434710e+00 3.566048041963029713e-01 6.433951958036970842e-01
4.583362606724798560e+00 3.853707414829659506e+00 3.524534445490992152e-01 6.475465554509008959e-01
2.774402933465937059e-11 3.867735470941883413e+00 3.483278313919918046e-01 6.516721686080081399e-01
3.870813788606029426e+00 3.881763527054108209e+00 3.442913833318762551e-01 6.557086166681237449e-01
4.705760487308994655e+00 3.895791583166333005e+00 3.405358923381335834e-01 6.594641076618664721e-01
0.000000000000000000e+00 3.909819639278556913e+00 3.365931678536818739e-01 6.634068321463181261e-01
2.628519627636093242e-11 3.923847695390781709e+00 3.326879998325831256e-01 6.673120001674168744e-01
1.434408147825990006e-13 3.937875751503005617e+00 3.287145442006637053e-01 6.712854557993364057e-01
4.337621623838354701e+00 3.951903807615230413e+00 3.252379292581097925e-01 6.747620707418902075e-01
4.686117627380921746e+00 3.965931863727455209e+00 3.212886271781358327e-01 6.787113728218642228e-01
4.407343444102287400e+00 3.979959919839679117e+00 3.176502655569402589e-01 6.823497344430596856e-01
2.265743148911699105e-12 3.993987975951903913e+00 3.137851128182210236e-01 6.862148871817789209e-01
0.000000000000000000e+00 4.008016032064128709e+00 3.103191665144158229e-01 6.896808334855842881e-01
3.833961921268355333e+00 4.022044088176352616e+00 3.067336352371565211e-01 6.932663647628435344e-01
0.000000000000000000e+00 4.036072144288577412e+00 3.034314728412556561e-01 6.965685271587442884e-01
4.686937739636189981e+00 4.050100200400801320e+00 2.998425428532386361e-01 7.001574571467612529e-01
4.044888559005586082e+00 4.064128256513026116e+00 2.965100159753485398e-01 7.034899840246514602e-01
3.347100375200075886e-12 4.078156312625250912e+00 2.931174196670106591e-01 7.068825803329892299e-01
3.713513950058040525e+00 4.092184368737474820e+00 2.895196459661416588e-01 7.104803540338584522e-01
0.000000000000000000e+00 4.106212424849699616e+00 2.864871732247635805e-01 7.135128267752364195e-01
0.000000000000000000e+00 4.120240480961923524e+00 2.833004871758506016e-01 7.166995128241494539e-01
0.000000000000000000e+00 4.134268537074148320e+00 2.800240273553877279e-01 7.199759726446123276e-01
4.472604299943377271e+00 4.148296593186373116e+00 2.770961656252152738e-01 7.229038343747847817e-01
4.249273689322495606e+00 4.162324649298597024e+00 2.739024715624003292e-01 7.260975284375995598e-01
0.000000000000000000e+00 4.176352705410821819e+00 2.708600355810608651e-01 7.291399644189392459e-01
0.000000000000000000e+00 4.190380761523045727e+00 2.679584231712445197e-01 7.320415768287554803e-01
4.270468961979488220e+00 4.204408817635270523e+00 2.648314617859548470e-01 7.351685382140451530e-01
0.000000000000000000e+00 4.218436873747495319e+00 2.620374792616774751e-01 7.379625207383225804e-01
4.416298880039964736e+00 4.232464929859719227e+00 2.589367451233758333e-01 7.410632548766240557e-01
0.000000000000000000e+00 4.246492985971944023e+00 2.561116237649597727e-01 7.438883762350401163e-01
3.632649736639492779e-13 4.260521042084168819e+00 2.533895269629855007e-01 7.466104730370145548e-01
0.000000000000000000e+00 4.274549098196392727e+00 2.507748604877513277e-01 7.492251395122486723e-01
0.000000000000000000e+00 4.288577154308617523e+00 2.478837364134891252e-01 7.521162635865107360e-01
0.000000000000000000e+00 4.302605210420841431e+00 2.452100205819197354e-01 7.547899794180802369e-01
9.547918011821927262e-14 4.316633266533066227e+00 2.427327153379742475e-01 7.572672846620257525e-01
4.541406481798724748e+00 4.330661322645291023e+00 2.400425689510546079e-01 7.599574310489454199e-01
4.478206007660861410e+00 4.344689378757514930e+00 2.374128735275936319e-01 7.625871264724063403e-01
0.000000000000000000e+00 4.358717434869739726e+00 2.349875310155720154e-01 7.650124689844279846e-01
4.338653862245386073e+00 4.372745490981963634e+00 2.324662665351075186e-01 7.675337334648925092e-01
4.854436030829266002e+00 4.386773547094188430e+00 2.299584034763614560e-01 7.700415965236385718e-01
0.000000000000000000e+00 4.400801603206413226e+00 2.275342902453360294e-01 7.724657097546639983e-01
0.000000000000000000e+00 4.414829659318637134e+00 2.252357460972462810e-01 7.747642539027536079e-01
0.000000000000000000e+00 4.428857715430861930e+00 2.228643217482370875e-01 7.771356782517628847e-01
0.000000000000000000e+00 4.442885771543085838e+00 2.205979708398596584e-01 7.794020291601403416e-01
4.310558511417756478e+00 4.456913827655310634e+00 2.183583999742998438e-01 7.816416000257000452e-01
7.829436316175993429e-05 4.470941883767535430e+00 2.162214945504725705e-01 7.837785054495274295e-01
0.000000000000000000e+00 4.484969939879759337e+00 2.138832144857589768e-01 7.861167855142410232e-01
4.267469386258761155e+00 4.498997995991984133e+00 2.117439934474681651e-01 7.882560065525318072e-01
0.000000000000000000e+00 4.513026052104208041e+00 2.095561555175733393e-01 7.904438444824266607e-01
4.298286899610013201e+00 4.527054108216432837e+00 2.076112227564124169e-01 7.923887772435875831e-01
0.000000000000000000e+00 4.541082164328657633e+00 2.053747825117021031e-01 7.946252174882978414e-01
3.579871125883459061e-07 4.555110220440881541e+00 2.034388964773343189e-01 7.965611035226656256e-01
0.000000000000000000e+00 4.569138276553106337e+00 2.015476460942927095e-01 7.984523539057073460e-01
8.304468224230653610e-14 4.583166332665331133e+00 1.995959192534125792e-01 8.004040807465874208e-01
0.000000000000000000e+00 4.597194388777555041e+00 1.976181229038966591e-01 8.023818770961033131e-01
0.000000000000000000e+00 4.611222444889779837e+00 1.955775956173673447e-01 8.044224043826326831e-01
5.523330430712783855e-09 4.625250501002003745e+00 1.938826208502143489e-01 8.061173791497855401e-01
4.342360255018940407e+00 4.639278557114228541e+00 1.920532056447058766e-01 8.079467943552941511e-01
0.000000000000000000e+00 4.653306613226453337e+00 1.900911820345750070e-01 8.099088179654250208e-01
4.440892098500724769e-16 4.667334669338677244e+00 1.885380040582030625e-01 8.114619959417970207e-01
0.000000000000000000e+00 4.681362725450902040e+00 1.866149841877955406e-01 8.133850158122044594e-01
0.000000000000000000e+00 4.695390781563125948e+00 1.849666929772016688e-01 8.150333070227983034e-01
0.000000000000000000e+00 4.709418837675350744e+00 1.833685607503288684e-01 8.166314392496710761e-01
0.000000000000000000e+00 4.723446893787575540e+00 1.816150963202352031e-01 8.183849036797647969e-01
0.000000000000000000e+00 4.737474949899799448e+00 1.799422313022928932e-01 8.200577686977070790e-01
4.756247424459639106e+00 4.751503006012024244e+00 1.782365173164788263e-01 8.217634826835211737e-01
5.530673849738142201e-10 4.765531062124248152e+00 1.767208541214897455e-01 8.232791458785102545e-01
0.000000000000000000e+00 4.779559118236472948e+00 1.752077988901593331e-01 8.247922011098406392e-01
4.297509730530337357e+00 4.793587174348697744e+00 1.737403207010438377e-01 8.262596792989561623e-01
4.550616526022462693e+00 4.807615230460921651e+00 1.721800034848371963e-01 8.278199965151628037e-01
2.582183133976689599e-03 4.821643286573146447e+00 1.706558091398694688e-01 8.293441908601305590e-01
4.674386439364668355e+00 4.835671342685371243e+00 1.693214212252554807e-01 8.306785787747446026e-01
3.722273588223924765e-03 4.849699398797595151e+00 1.678041839930775603e-01 8.321958160069223842e-01
4.517449280875322160e+00 4.863727454909819947e+00 1.664098046386363050e-01 8.335901953613638060e-01
0.000000000000000000e+00 4.877755511022043855e+00 1.649629991018692898e-01 8.350370008981305991e-01
0.000000000000000000e+00 4.891783567134268651e+00 1.636712746477114733e-01 8.363287253522886378e-01
0.000000000000000000e+00 4.905811623246493447e+00 1.624245577004385654e-01 8.375754422995613790e-01
0.000000000000000000e+00 4.919839679358717355e+00 1.610430512441680950e-01 8.389569487558319327e-01
0.000000000000000000e+00 4.933867735470942151e+00 1.597226010908169014e-01 8.402773989091831819e-01
0.000000000000000000e+00 4.947895791583166059e+00 1.583932059996649433e-01 8.416067940003350012e-01
4.530393555426945440e+00 4.961923847695390855e+00 1.570700586464783277e-01 8.429299413535217278e-01
0.000000000000000000e+00 4.975951903807615651e+00 1.558817210508869344e-01 8.441182789491130656e-01
0.000000000000000000e+00 4.989979959919839558e+00 1.546115407513008466e-01 8.453884592486992089e-01
0.000000000000000000e+00 5.004008016032064354e+00 1.535024415721123470e-01 8.464975584278876530e-01
0.000000000000000000e+00 5.018036072144288262e+00 1.523198125779909318e-01 8.476801874220090127e-01
0.000000000000000000e+00 5.032064128256513058e+00 1.512215453652323571e-01 8.487784546347676429e-01
0.000000000000000000e+00 5.046092184368737854e+00 1.500597240482405836e-01 8.499402759517593609e-01
1.332267629550276595e-15 5.060120240480961762e+00 1.489088541844653391e-01 8.510911458155346887e-01
0.000000000000000000e+00 5.074148296593186558e+00 1.478491781475348710e-01 8.521508218524650458e-01
0.000000000000000000e+00 5.088176352705410466e+00 1.467467284689659424e-01 8.532532715310341409e-01
9.832135106563741720e-13 5.102204408817635262e+00 1.457274755503789598e-01 8.542725244496210957e-01
0.000000000000000000e+00 5.116232464929860058e+00 1.446108590104329128e-01 8.553891409895670872e-01
0.000000000000000000e+00 5.130260521042083965e+00 1.435943397053618120e-01 8.564056602946382712e-01
0.000000000000000000e+00 5.144288577154308761e+00 1.426352742715511213e-01 8.573647257284490175e-01
4.810451129103479495e+00 5.158316633266533557e+00 1.415848381863343275e-01 8.584151618136656170e-01
1.027134283526433656e+00 5.172344689378757465e+00 1.405939246075681714e-01 8.594060753924318563e-01
0.000000000000000000e+00 5.186372745490982261e+00 1.396587752756585366e-01 8.603412247243413802e-01
0.000000000000000000e+00 5.200400801603206169e+00 1.387339677448568287e-01 8.612660322551430880e-01
2.664535259100730684e-15 5.214428857715430965e+00 1.379345781214418032e-01 8.620654218785581691e-01
0.000000000000000000e+00 5.228456913827655761e+00 1.370223167716694557e-01 8.629776832283304611e-01
0.000000000000000000e+00 5.242484969939879669e+00 1.361086820447792722e-01 8.638913179552207833e-01
4.869005916498047704e+00 5.256513026052104465e+00 1.351893530380219866e-01 8.648106469619779579e-01
0.000000000000000000e+00 5.270541082164328373e+00 1.344029778773838946e-01 8.655970221226160222e-01
4.021125083293489055e+00 5.284569138276553169e+00 1.334853364956324895e-01 8.665146635043675660e-01
0.000000000000000000e+00 5.298597194388777964e+00 1.326046310601048939e-01 8.673953689398952172e-01
0.000000000000000000e+00 5.312625250501001872e+00 1.318404947231816005e-01 8.681595052768185106e-01
4.746130407690094088e+00 5.326653306613226668e+00 1.311198696179298739e-01 8.688801303820702371e-01
0.000000000000000000e+00 5.340681362725450576e+00 1.301997112484769847e-01 8.698002887515229320e-01
0.000000000000000000e+00 5.354709418837675372e+00 1.295030257282491770e-01 8.704969742717507675e-01
0.000000000000000000e+00 5.368737474949900168e+00 1.287213011988138367e-01 8.712786988011861355e-01
0.000000000000000000e+00 5.382765531062124076e+00 1.279340118280549166e-01 8.720659881719450279e-01
4.440892098500724769e-16 5.396793587174348872e+00 1.272291916108927445e-01 8.727708083891071444e-01
0.000000000000000000e+00 5.410821643286572780e+00 1.265145632493706596e-01 8.734854367506292849e-01
4.440892098501612238e-15 5.424849699398797576e+00 1.258269587104337561e-01 8.741730412895661884e-01
0.000000000000000000e+00 5.438877755511022372e+00 1.250469062736758452e-01 8.749530937263242381e-01
7.774366212939387566e-01 5.452905811623246279e+00 1.244162143737857912e-01 8.755837856262140839e-01
0.000000000000000000e+00 5.466933867735471075e+00 1.238055023331486176e-01 8.761944976668513130e-01
0.000000000000000000e+00 5.480961923847695871e+00 1.230964653429515165e-01 8.769035346570484002e-01
0.000000000000000000e+00 5.494989979959919779e+00 1.225023232139461904e-01 8.774976767860537263e-01
0.000000000000000000e+00 5.509018036072144575e+00 1.218123708066763677e-01 8.781876291933236045e-01
0.000000000000000000e+00 5.523046092184368483e+00 1.211544816974217953e-01 8.788455183025781770e-01
0.000000000000000000e+00 5.537074148296593279e+00 1.205268063036181864e-01 8.794731936963817720e-01
0.000000000000000000e+00 5.551102204408818075e+00 1.199646410448334810e-01 8.800353589551664912e-01
0.000000000000000000e+00 5.565130260521041983e+00 1.193069059682153737e-01 8.806930940317846401e-01
0.000000000000000000e+00 5.579158316633266779e+00 1.187999201117022063e-01 8.812000798882977382e-01
1.484945500999170966e-11 5.593186372745490686e+00 1.181565520352937521e-01 8.818434479647061508e-01
0.000000000000000000e+00 5.607214428857715482e+00 1.176951157002466691e-01 8.823048842997532892e-01
0.000000000000000000e+00 5.621242484969940278e+00 1.170751013388833944e-01 8.829248986611164529e-01
0.000000000000000000e+00 5.635270541082164186e+00 1.165665837206943667e-01 8.834334162793056056e-01
0.000000000000000000e+00 5.649298597194388982e+00 1.160396315964810077e-01 8.839603684035189923e-01
0.000000000000000000e+00 5.663326653306612890e+00 1.155764639422633411e-01 8.844235360577367144e-01
0.000000000000000000e+00 5.677354709418837686e+00 1.149301854080276991e-01 8.850698145919722037e-01
0.000000000000000000e+00 5.691382765531062482e+00 1.143773696040290833e-01 8.856226303959708890e-01
0.000000000000000000e+00 5.705410821643286390e+00 1.139501162524192840e-01 8.860498837475806466e-01
4.440892098500724769e-16 5.719438877755511186e+00 1.133950866221863085e-01 8.866049133778136637e-01
0.000000000000000000e+00 5.733466933867735094e+00 1.129946670946141846e-01 8.870053329053858571e-01
0.000000000000000000e+00 5.747494989979959890e+00 1.126084160913150556e-01 8.873915839086849999e-01
0.000000000000000000e+00 5.761523046092184686e+00 1.121200194104606529e-01 8.878799805895393193e-01
0.000000000000000000e+00 5.775551102204408593e+00 1.116960022983063960e-01 8.883039977016935484e-01
6.667999488121801086e-12 5.789579158316633389e+00 1.110866135184874759e-01 8.889133864815126351e-01
0.000000000000000000e+00 5.803607214428858185e+00 1.108425348870849675e-01 8.891574651129151574e-01
0.000000000000000000e+00 5.817635270541082093e+00 1.102986076863633202e-01 8.897013923136367630e-01
4.516209638689271324e-11 5.831663326653306889e+00 1.099789410868118184e-01 8.900210589131881678e-01
0.000000000000000000e+00 5.845691382765530797e+00 1.095363358462635717e-01 8.904636641537363451e-01
0.000000000000000000e+00 5.859719438877755593e+00 1.090823654885406530e-01 8.909176345114592221e-01
0.000000000000000000e+00 5.873747494989980389e+00 1.086497634647534821e-01 8.913502365352465873e-01
0.000000000000000000e+00 5.887775551102204297e+00 1.083467726175176560e-01 8.916532273824823163e-01
0.000000000000000000e+00 5.901803607214429093e+00 1.079093741084174302e-01 8.920906258915826115e-01
0.000000000000000000e+00 5.915831663326653000e+00 1.075341326189299673e-01 8.924658673810699216e-01
0.000000000000000000e+00 5.929859719438877796e+00 1.072433791216130389e-01 8.927566208783869195e-01
0.000000000000000000e+00 5.943887775551102592e+00 1.068745413919291593e-01 8.931254586080709101e-01
0.000000000000000000e+00 5.957915831663326500e+00 1.065138922185333847e-01 8.934861077814665320e-01
0.000000000000000000e+00 5.971943887775551296e+00 1.061822559618983003e-01 8.938177440381015471e-01
0.000000000000000000e+00 5.985971943887775204e+00 1.058583409478093124e-01 8.941416590521906738e-01
0.000000000000000000e+00 6.000000000000000000e+00 1.055430790213923581e-01 8.944569209786077391e-01
