# Y X a0 a1
0.000000000000000000e+00 -1.000000000000000000e+00 5.184907919722567815e-01 4.815092080277432185e-01
0.000000000000000000e+00 -9.859719438877755371e-01 5.208302082476972128e-01 4.791697917523028427e-01
1.386604334579254472e+00 -9.719438877755510742e-01 5.231074717006821695e-01 4.768925282993177750e-01
1.673996928668999296e+00 -9.579158316633266113e-01 5.252712547420488320e-01 4.747287452579512790e-01
6.583434883808141347e-01 -9.438877755511021483e-01 5.276408885081677047e-01 4.723591114918322398e-01
0.000000000000000000e+00 -9.298597194388777964e-01 5.294714464082199701e-01 4.705285535917800299e-01
0.000000000000000000e+00 -9.158316633266533335e-01 5.319189322364676897e-01 4.680810677635323103e-01
1.918049106307169405e+00 -9.018036072144288706e-01 5.336557077871665333e-01 4.663442922128334667e-01
0.000000000000000000e+00 -8.877755511022044077e-01 5.362749787412250946e-01 4.637250212587749054e-01
0.000000000000000000e+00 -8.737474949899799448e-01 5.383183456758612317e-01 4.616816543241388238e-01
0.000000000000000000e+00 -8.597194388777554819e-01 5.405273293668431123e-01 4.594726706331569432e-01
0.000000000000000000e+00 -8.456913827655310190e-01 5.425926070942337365e-01 4.574073929057663190e-01
5.354893222764948169e-01 -8.316633266533066671e-01 5.448793061188611508e-01 4.551206938811387381e-01
0.000000000000000000e+00 -8.176352705410820931e-01 5.470209163183967771e-01 4.529790836816032229e-01
2.714793296705524939e-01 -8.036072144288577412e-01 5.488504552384538826e-01 4.511495447615461174e-01
0.000000000000000000e+00 -7.895791583166332783e-01 5.509342546217858017e-01 4.490657453782141983e-01
0.000000000000000000e+00 -7.755511022044088154e-01 5.530752205921225517e-01 4.469247794078774483e-01
0.000000000000000000e+00 -7.615230460921843525e-01 5.552838422407767593e-01 4.447161577592232962e-01
0.000000000000000000e+00 -7.474949899799598896e-01 5.572030334166792054e-01 4.427969665833207391e-01
0.000000000000000000e+00 -7.334669338677355377e-01 5.592901409418256087e-01 4.407098590581742803e-01
6.869227674326138233e-01 -7.194388777555109638e-01 5.612415902771707987e-01 4.387584097228292013e-01
0.000000000000000000e+00 -7.054108216432866119e-01 5.632082395551687437e-01 4.367917604448311453e-01
2.271980700479358628e+00 -6.913827655310621489e-01 5.655930814537770690e-01 4.344069185462229310e-01
0.000000000000000000e+00 -6.773547094188376860e-01 5.672268042633875629e-01 4.327731957366124926e-01
0.000000000000000000e+00 -6.633266533066132231e-01 5.692152808718308199e-01 4.307847191281691801e-01
0.000000000000000000e+00 -6.492985971943887602e-01 5.711766579178466641e-01 4.288233420821533359e-01
0.000000000000000000e+00 -6.352705410821642973e-01 5.731603501116909749e-01 4.268396498883090251e-01
2.849946094685059439e+00 -6.212424849699398344e-01 5.750089009698510223e-01 4.249910990301489777e-01
2.463147287885939285e+00 -6.072144288577154825e-01 5.768941557517437424e-01 4.231058442482563686e-01
0.000000000000000000e+00 -5.931863727454909085e-01 5.788651682499482698e-01 4.211348317500517302e-01
0.000000000000000000e+00 -5.791583166332665567e-01 5.807347966982150389e-01 4.192652033017849611e-01
0.000000000000000000e+00 -5.651302605210420937e-01 5.825002128856140438e-01 4.174997871143860118e-01
1.302708566491139752e+00 -5.511022044088176308e-01 5.843161891450096013e-01 4.156838108549903432e-01
0.000000000000000000e+00 -5.370741482965931679e-01 5.863552739769714028e-01 4.136447260230285417e-01
0.000000000000000000e+00 -5.230460921843687050e-01 5.882247386749386298e-01 4.117752613250613702e-01
0.000000000000000000e+00 -5.090180360721443531e-01 5.897515549691811909e-01 4.102484450308187536e-01
0.000000000000000000e+00 -4.949899799599197792e-01 5.918043466958631260e-01 4.081956533041369295e-01
9.177546075597944331e-01 -4.809619238476954273e-01 5.935716613624260063e-01 4.064283386375738827e-01
1.706372054167787589e+00 -4.669338677354709644e-01 5.952558416788993334e-01 4.047441583211006666e-01
0.000000000000000000e+00 -4.529058116232465014e-01 5.970503223721784769e-01 4.029496776278214121e-01
0.000000000000000000e+00 -4.388777555110220385e-01 5.987229449531731307e-01 4.012770550468268138e-01
0.000000000000000000e+00 -4.248496993987975756e-01 6.004982388725015330e-01 3.995017611274985225e-01
1.299058026993440418e+00 -4.108216432865731127e-01 6.022692253431480847e-01 3.977307746568520264e-01
9.171718270533040229e-01 -3.967935871743486498e-01 6.039100028810878706e-01 3.960899971189121294e-01
1.613059246022402915e+00 -3.827655310621242979e-01 6.055118285605548545e-01 3.944881714394450900e-01
0.000000000000000000e+00 -3.687374749498998350e-01 6.072707278541504827e-01 3.927292721458495728e-01
0.000000000000000000e+00 -3.547094188376753721e-01 6.090477620255968505e-01 3.909522379744030940e-01
0.000000000000000000e+00 -3.406813627254509091e-01 6.104090231238540332e-01 3.895909768761459668e-01
4.265790442586918085e-01 -3.266533066132264462e-01 6.121507495446757430e-01 3.878492504553242570e-01
1.391942615139549311e+00 -3.126252505010019833e-01 6.138030255715735128e-01 3.861969744284264316e-01
0.000000000000000000e+00 -2.985971943887775204e-01 6.153759038777181223e-01 3.846240961222819332e-01
7.952760848294470053e-01 -2.845691382765530575e-01 6.168662226818821814e-01 3.831337773181177631e-01
0.000000000000000000e+00 -2.705410821643285946e-01 6.183696456940509512e-01 3.816303543059489933e-01
0.000000000000000000e+00 -2.565130260521042427e-01 6.201107242659978924e-01 3.798892757340021631e-01
2.120622150460790500e+00 -2.424849699398797798e-01 6.215560925599220576e-01 3.784439074400779424e-01
0.000000000000000000e+00 -2.284569138276553169e-01 6.230016811601368776e-01 3.769983188398630669e-01
0.000000000000000000e+00 -2.144288577154308539e-01 6.245410497512878800e-01 3.754589502487120645e-01
3.264887196336019315e+00 -2.004008016032063910e-01 6.261510601551998345e-01 3.738489398448000545e-01
0.000000000000000000e+00 -1.863727454909819281e-01 6.276522686530807693e-01 3.723477313469192862e-01
0.000000000000000000e+00 -1.723446893787574652e-01 6.289779892671905071e-01 3.710220107328095485e-01
2.328589037116897575e+00 -1.583166332665331133e-01 6.303171144947034010e-01 3.696828855052965990e-01
0.000000000000000000e+00 -1.442885771543086504e-01 6.316764260631724248e-01 3.683235739368275197e-01
2.387816514727807871e+00 -1.302605210420841875e-01 6.331521844564816925e-01 3.668478155435182519e-01
0.000000000000000000e+00 -1.162324649298597246e-01 6.344467051774571598e-01 3.655532948225428957e-01
2.278179421957571726e+00 -1.022044088176352616e-01 6.358871934554912730e-01 3.641128065445086714e-01
0.000000000000000000e+00 -8.817635270541079873e-02 6.372527014819232560e-01 3.627472985180767440e-01
9.070020659072490776e-01 -7.414829659318633581e-02 6.384251128235636230e-01 3.615748871764363215e-01
0.000000000000000000e+00 -6.012024048096187290e-02 6.398021488876973750e-01 3.601978511123026805e-01
0.000000000000000000e+00 -4.609218436873740998e-02 6.410529672100455656e-01 3.589470327899544899e-01
0.000000000000000000e+00 -3.206412825651305809e-02 6.425589994045141085e-01 3.574410005954859471e-01
2.962361407114517675e-01 -1.803607214428859518e-02 6.435438785759846070e-01 3.564561214240152820e-01
1.706453152023905462e+00 -4.008016032064132261e-03 6.448562461704405724e-01 3.551437538295594831e-01
0.000000000000000000e+00 1.002004008016044168e-02 6.461671818457741523e-01 3.538328181542259032e-01
4.994427279802307607e-01 2.404809619238479357e-02 6.474287059619358020e-01 3.525712940380641980e-01
6.410502655431894459e-01 3.807615230460914546e-02 6.488662044968652731e-01 3.511337955031347269e-01
3.550738806891204469e+00 5.210420841683371940e-02 6.496180138910576662e-01 3.503819861089423893e-01
0.000000000000000000e+00 6.613226452905807129e-02 6.509782254065011875e-01 3.490217745934989235e-01
1.112794413311745778e+00 8.016032064128264523e-02 6.521218341750484315e-01 3.478781658249516240e-01
2.127130800680023359e+00 9.418837675350699712e-02 6.532135412857705825e-01 3.467864587142293620e-01
7.753723262795697568e-01 1.082164328657315711e-01 6.543300748862700411e-01 3.456699251137298479e-01
0.000000000000000000e+00 1.222444889779559229e-01 6.556001000753448604e-01 3.443998999246551951e-01
7.672118983316205121e-01 1.362725450901802748e-01 6.566137829689325800e-01 3.433862170310674755e-01
7.673252372484427042e-01 1.503006012024048488e-01 6.577806028084787204e-01 3.422193971915211685e-01
1.979218099306442102e+00 1.643286573146292007e-01 6.585951573063774100e-01 3.414048426936224789e-01
0.000000000000000000e+00 1.783567134268537746e-01 6.597086119874557841e-01 3.402913880125443269e-01
1.762734478711020847e+00 1.923847695390781265e-01 6.608773011611804860e-01 3.391226988388196251e-01
6.495221312787416990e-01 2.064128256513027004e-01 6.617808586449460684e-01 3.382191413550540426e-01
1.720138142901790346e+00 2.204408817635270523e-01 6.627507750562399158e-01 3.372492249437599732e-01
0.000000000000000000e+00 2.344689378757514042e-01 6.638574420561932365e-01 3.361425579438067079e-01
0.000000000000000000e+00 2.484969939879759782e-01 6.647420061014810422e-01 3.352579938985189023e-01
2.118914875573449486e+00 2.625250501002003300e-01 6.656618582430264830e-01 3.343381417569734615e-01
4.943196140312980935e-01 2.765531062124249040e-01 6.664480993589093627e-01 3.335519006410905818e-01
2.644165628414326008e+00 2.905811623246492559e-01 6.675809786908274424e-01 3.324190213091725021e-01
0.000000000000000000e+00 3.046092184368738298e-01 6.683413138729700220e-01 3.316586861270300890e-01
0.000000000000000000e+00 3.186372745490981817e-01 6.692328361535687664e-01 3.307671638464312891e-01
3.611013744286316829e+00 3.326653306613227556e-01 6.702297473805687300e-01 3.297702526194313255e-01
0.000000000000000000e+00 3.466933867735471075e-01 6.711174635587093817e-01 3.288825364412905072e-01
0.000000000000000000e+00 3.607214428857714594e-01 6.718175320332278044e-01 3.281824679667722511e-01
2.182165253790841475e-01 3.747494989979960334e-01 6.725874334414521094e-01 3.274125665585478351e-01
0.000000000000000000e+00 3.887775551102203853e-01 6.735466849332226724e-01 3.264533150667773276e-01
3.503174308259185743e+00 4.028056112224449592e-01 6.743540519065753802e-01 3.256459480934246198e-01
3.626336592976991735e+00 4.168336673346693111e-01 6.750032649949242458e-01 3.249967350050758652e-01
0.000000000000000000e+00 4.308617234468938850e-01 6.757981936077039897e-01 3.242018063922960658e-01
1.624523131169628987e-01 4.448897795591182369e-01 6.769311320849750180e-01 3.230688679150249820e-01
1.850940658384423454e-01 4.589178356713428109e-01 6.773686878708882197e-01 3.226313121291117803e-01
2.551454995657113756e+00 4.729458917835671627e-01 6.780066078538654617e-01 3.219933921461345383e-01
2.603415563105422326e-01 4.869739478957915146e-01 6.788540991214265796e-01 3.211459008785733094e-01
4.621897359405346961e-01 5.010020040080160886e-01 6.794571981627842705e-01 3.205428018372156185e-01
3.193684850295181121e+00 5.150300601202404405e-01 6.800799150160102835e-01 3.199200849839897165e-01
2.191526412385875755e+00 5.290581162324650144e-01 6.808966038310753088e-01 3.191033961689246912e-01
1.597518067820199228e+00 5.430861723446893663e-01 6.813264874272987326e-01 3.186735125727012119e-01
2.043640421541048191e+00 5.571142284569139402e-01 6.821610825368091824e-01 3.178389174631908731e-01
3.501686939848142721e+00 5.711422845691382921e-01 6.827892933841275269e-01 3.172107066158724176e-01
1.007848206364401422e+00 5.851703406813626440e-01 6.833299363424408801e-01 3.166700636575590644e-01
8.050988650775828259e-02 5.991983967935872180e-01 6.839534622332020808e-01 3.160465377667979192e-01
3.142682845728978158e+00 6.132264529058115698e-01 6.846928488678170055e-01 3.153071511321831055e-01
1.513632220829034258e+00 6.272545090180361438e-01 6.849863186819877825e-01 3.150136813180121065e-01
3.040771225230892938e+00 6.412825651302604957e-01 6.858519134473638479e-01 3.141480865526361521e-01
0.000000000000000000e+00 6.553106212424850696e-01 6.863427558158596842e-01 3.136572441841403713e-01
3.652573221102204837e+00 6.693386773547094215e-01 6.867646018383893880e-01 3.132353981616106120e-01
3.290174016143917690e+00 6.833667334669337734e-01 6.874218759060465311e-01 3.125781240939534689e-01
2.637038978740267048e-01 6.973947895791583473e-01 6.878798456446321152e-01 3.121201543553678293e-01
2.690866400168192563e+00 7.114228456913826992e-01 6.884269431047551624e-01 3.115730568952448931e-01
1.359163932394345409e+00 7.254509018036072732e-01 6.887901581785432770e-01 3.112098418214567785e-01
2.059021390688643205e+00 7.394789579158316251e-01 6.893793811189624643e-01 3.106206188810374802e-01
0.000000000000000000e+00 7.535070140280561990e-01 6.897501183074630227e-01 3.102498816925369773e-01
0.000000000000000000e+00 7.675350701402805509e-01 6.900456074704021114e-01 3.099543925295978886e-01
3.930888013673797254e-01 7.815631262525051248e-01 6.905920269978683690e-01 3.094079730021315200e-01
0.000000000000000000e+00 7.955911823647294767e-01 6.909571310844323522e-01 3.090428689155677588e-01
0.000000000000000000e+00 8.096192384769538286e-01 6.912377005215667447e-01 3.087622994784331998e-01
0.000000000000000000e+00 8.236472945891784025e-01 6.916355889986298688e-01 3.083644110013701312e-01
3.866727237498351677e+00 8.376753507014027544e-01 6.920172491745300025e-01 3.079827508254699975e-01
2.818959603235332789e+00 8.517034068136273284e-01 6.923815583691922404e-01 3.076184416308077041e-01
0.000000000000000000e+00 8.657314629258516803e-01 6.928696656128656706e-01 3.071303343871342739e-01
0.000000000000000000e+00 8.797595190380762542e-01 6.931067078053777530e-01 3.068932921946221914e-01
0.000000000000000000e+00 8.937875751503006061e-01 6.935156659234885668e-01 3.064843340765114887e-01
9.364577344655873326e-01 9.078156312625251800e-01 6.936768538139910234e-01 3.063231461860088656e-01
0.000000000000000000e+00 9.218436873747495319e-01 6.940210354814208005e-01 3.059789645185791995e-01
0.000000000000000000e+00 9.358717434869738838e-01 6.942306811759821894e-01 3.057693188240178106e-01
0.000000000000000000e+00 9.498997995991984578e-01 6.946927758627539085e-01 3.053072241372460915e-01
0.000000000000000000e+00 9.639278557114228096e-01 6.946817139455171430e-01 3.053182860544829680e-01
6.803644881599101198e-03 9.779559118236473836e-01 6.953584671268140394e-01 3.046415328731860162e-01
3.281901756618698318e+00 9.919839679358717355e-01 6.952683778785827551e-01 3.047316221214172449e-01
0.000000000000000000e+00 1.006012024048096087e+00 6.954237077890527141e-01 3.045762922109472304e-01
3.192776819290752854e+00 1.020040080160320883e+00 6.958036540427464667e-01 3.041963459572536443e-01
2.618800334536578678e+00 1.034068136272545235e+00 6.959476059744122978e-01 3.040523940255876467e-01
1.553687670123055753e+00 1.048096192384769587e+00 6.961109386683297373e-01 3.038890613316702072e-01
3.859541253187795729e+00 1.062124248496993939e+00 6.963931244114633934e-01 3.036068755885366066e-01
1.506726757300184349e+00 1.076152304609218291e+00 6.965899308499831077e-01 3.034100691500168923e-01
4.214961933481416345e+00 1.090180360721443087e+00 6.966310094440746337e-01 3.033689905559253108e-01
0.000000000000000000e+00 1.104208416833667439e+00 6.967661428711792171e-01 3.032338571288208384e-01
3.833548431620441121e+00 1.118236472945891791e+00 6.971902989952556418e-01 3.028097010047444138e-01
4.410956838485121878e+00 1.132264529058116143e+00 6.970127656660066728e-01 3.029872343339932717e-01
8.693121217177641746e-01 1.146292585170340494e+00 6.972829971908822699e-01 3.027170028091176190e-01
0.000000000000000000e+00 1.160320641282565290e+00 6.972989341720091661e-01 3.027010658279908339e-01
0.000000000000000000e+00 1.174348697394789642e+00 6.972720073833347243e-01 3.027279926166652757e-01
3.030815687963501759e+00 1.188376753507013994e+00 6.973933795005150538e-01 3.026066204994849462e-01
1.732228728930925721e-01 1.202404809619238346e+00 6.973831758714735818e-01 3.026168241285264182e-01
6.004074252358355679e-01 1.216432865731463142e+00 6.974668435736756100e-01 3.025331564263243900e-01
3.701992715739013562e+00 1.230460921843687494e+00 6.975496729561517784e-01 3.024503270438483327e-01
9.280469929917645189e-01 1.244488977955911846e+00 6.976659226587387241e-01 3.023340773412612204e-01
1.423710788254218151e+00 1.258517034068136198e+00 6.975817378562274573e-01 3.024182621437725982e-01
1.242070841600206865e+00 1.272545090180360550e+00 6.977215971684074258e-01 3.022784028315926297e-01
0.000000000000000000e+00 1.286573146292585346e+00 6.975902381323532131e-01 3.024097618676467314e-01
7.973970421595817371e-01 1.300601202404809698e+00 6.976701901786378501e-01 3.023298098213620388e-01
3.819953257608264874e+00 1.314629258517034049e+00 6.975526426263142232e-01 3.024473573736857213e-01
0.000000000000000000e+00 1.328657314629258401e+00 6.976878458800531702e-01 3.023121541199468854e-01
0.000000000000000000e+00 1.342685370741483197e+00 6.976218122185031678e-01 3.023781877814967767e-01
1.630093719068022917e+00 1.356713426853707549e+00 6.975462190258524542e-01 3.024537809741476013e-01
4.476736072434404967e+00 1.370741482965931901e+00 6.974534200114285154e-01 3.025465799885714291e-01
0.000000000000000000e+00 1.384769539078156253e+00 6.974908063657767610e-01 3.025091936342232946e-01
1.306060048903866733e+00 1.398797595190380605e+00 6.973348782190982309e-01 3.026651217809018246e-01
4.735395719174877449e-01 1.412825651302605401e+00 6.973569595535553667e-01 3.026430404464445778e-01
1.775672974244527413e+00 1.426853707414829753e+00 6.972557407632581361e-01 3.027442592367418084e-01
4.286836251945638665e+00 1.440881763527054105e+00 6.969497389569565549e-01 3.030502610430435007e-01
2.720085880189770489e+00 1.454909819639278457e+00 6.971760806363660468e-01 3.028239193636339532e-01
4.100317368728170209e+00 1.468937875751502808e+00 6.970065025295820726e-01 3.029934974704178163e-01
0.000000000000000000e+00 1.482965931863727604e+00 6.967656181635077939e-01 3.032343818364922061e-01
1.575055380611187772e+00 1.496993987975951956e+00 6.967471734629794300e-01 3.032528265370206810e-01
8.609771866538058482e-01 1.511022044088176308e+00 6.964195453786748979e-01 3.035804546213250465e-01
2.441811983125602437e-02 1.525050100200400660e+00 6.963003084001988530e-01 3.036996915998012025e-01
4.812271631260173876e+00 1.539078156312625456e+00 6.961161475096356854e-01 3.038838524903643146e-01
0.000000000000000000e+00 1.553106212424849808e+00 6.958845663062781517e-01 3.041154336937217373e-01
4.027636687949886607e+00 1.567134268537074160e+00 6.958037421248889354e-01 3.041962578751110091e-01
0.000000000000000000e+00 1.581162324649298512e+00 6.956543131287963311e-01 3.043456868712036689e-01
2.406341803269075985e+00 1.595190380761522864e+00 6.955085888221005375e-01 3.044914111778994625e-01
3.813766523832643696e+00 1.609218436873747660e+00 6.954914935683986776e-01 3.045085064316013224e-01
2.807027028104163158e+00 1.623246492985972012e+00 6.948051122887437536e-01 3.051948877112563019e-01
7.071713165620351071e-02 1.637274549098196363e+00 6.948149998906266722e-01 3.051850001093733833e-01
4.502058915181368803e+00 1.651302605210420715e+00 6.944756961810942819e-01 3.055243038189056626e-01
3.483491593296640154e+00 1.665330661322645511e+00 6.943657861832304157e-01 3.056342138167696398e-01
2.539401806472945111e-01 1.679358717434869863e+00 6.941285934176117944e-01 3.058714065823881501e-01
4.327595281334676969e+00 1.693386773547094215e+00 6.938093231264660377e-01 3.061906768735340179e-01
0.000000000000000000e+00 1.707414829659318567e+00 6.936825248058762217e-01 3.063174751941237228e-01
0.000000000000000000e+00 1.721442885771542919e+00 6.933287349992220960e-01 3.066712650007779595e-01
0.000000000000000000e+00 1.735470941883767715e+00 6.929704183443020638e-01 3.070295816556979918e-01
2.903441637123165275e+00 1.749498997995992067e+00 6.927143196893984500e-01 3.072856803106014945e-01
4.399117766754528702e+00 1.763527054108216419e+00 6.924737542733372386e-01 3.075262457266627614e-01
1.206407072323081753e+00 1.777555110220440771e+00 6.921712611774335500e-01 3.078287388225665611e-01
7.448924535229268784e-01 1.791583166332665567e+00 6.919042847691481146e-01 3.080957152308519409e-01
3.831660822233507346e+00 1.805611222444889918e+00 6.915687927427599524e-01 3.084312072572400476e-01
1.417882592320244659e-05 1.819639278557114270e+00 6.913211288709599778e-01 3.086788711290399667e-01
4.654006556275662732e+00 1.833667334669338622e+00 6.910045213971657274e-01 3.089954786028342726e-01
0.000000000000000000e+00 1.847695390781562974e+00 6.906237268228492265e-01 3.093762731771506624e-01
2.902693945473780790e+00 1.861723446893787770e+00 6.904563467623181516e-01 3.095436532376818484e-01
1.553856651956230794e-01 1.875751503006012122e+00 6.900234846774411235e-01 3.099765153225588210e-01
2.967649005664569462e+00 1.889779559118236474e+00 6.898860476791097707e-01 3.101139523208902293e-01
0.000000000000000000e+00 1.903807615230460826e+00 6.894400627473165066e-01 3.105599372526834934e-01
1.370149564540118714e+00 1.917835671342685622e+00 6.891432424447355709e-01 3.108567575552644846e-01
2.891071129138449880e+00 1.931863727454909974e+00 6.885279024886701293e-01 3.114720975113298151e-01
0.000000000000000000e+00 1.945891783567134325e+00 6.882080900926338396e-01 3.117919099073661604e-01
2.213380573229331016e+00 1.959919839679358677e+00 6.880142347893485333e-01 3.119857652106515222e-01
0.000000000000000000e+00 1.973947895791583029e+00 6.876073296617066788e-01 3.123926703382933212e-01
3.438865119315379637e+00 1.987975951903807825e+00 6.872602126197926431e-01 3.127397873802074679e-01
1.769879979126125491e+00 2.002004008016032177e+00 6.867997474695348714e-01 3.132002525304651286e-01
2.119488516019170099e+00 2.016032064128256529e+00 6.865192759440705839e-01 3.134807240559294161e-01
0.000000000000000000e+00 2.030060120240480881e+00 6.861275539248627986e-01 3.138724460751372014e-01
3.194130606980037257e+00 2.044088176352705233e+00 6.856252267699224356e-01 3.143747732300775088e-01
1.759716551738180756e-01 2.058116232464930029e+00 6.854102343682680898e-01 3.145897656317318547e-01
3.212155576605467910e+00 2.072144288577154381e+00 6.847708127847076387e-01 3.152291872152923613e-01
2.085819921655267084e+00 2.086172344689378733e+00 6.844350606077794774e-01 3.155649393922204116e-01
1.456441695685618321e+00 2.100200400801603084e+00 6.839654241400054957e-01 3.160345758599945043e-01
2.130397679746792505e+00 2.114228456913827880e+00 6.837291618391420078e-01 3.162708381608580477e-01
2.278636576477368170e+00 2.128256513026052232e+00 6.831155250134023360e-01 3.168844749865976085e-01
4.430101413694572443e+00 2.142284569138276584e+00 6.827345392128412183e-01 3.172654607871586707e-01
3.595407993144708492e+00 2.156312625250500936e+00 6.824794863087993990e-01 3.175205136912004900e-01
0.000000000000000000e+00 2.170340681362725288e+00 6.818888205135361646e-01 3.181111794864637798e-01
2.395289741561766661e+00 2.184368737474950084e+00 6.815433712332529259e-01 3.184566287667470741e-01
2.961870400466762199e+00 2.198396793587174436e+00 6.811449890479283065e-01 3.188550109520717490e-01
0.000000000000000000e+00 2.212424849699398788e+00 6.807899122350649090e-01 3.192100877649350910e-01
7.465554952462478031e-08 2.226452905811623140e+00 6.802403094869995392e-01 3.197596905130004608e-01
4.473299063010397703e+00 2.240480961923847936e+00 6.797157501445392214e-01 3.202842498554607786e-01
3.372387317288196851e+00 2.254509018036072288e+00 6.793464110597163819e-01 3.206535889402836181e-01
5.866358801428073200e-01 2.268537074148296639e+00 6.786023764739042008e-01 3.213976235260956882e-01
6.265214076430924983e-01 2.282565130260520991e+00 6.784039592696960996e-01 3.215960407303039004e-01
1.048268888102564134e+00 2.296593186372745343e+00 6.778969371500680463e-01 3.221030628499319537e-01
0.000000000000000000e+00 2.310621242484970139e+00 6.774018734445659273e-01 3.225981265554341282e-01
0.000000000000000000e+00 2.324649298597194491e+00 6.770342508067465070e-01 3.229657491932533819e-01
3.464825252189120963e-01 2.338677354709418843e+00 6.764816123485015709e-01 3.235183876514984846e-01
3.614476770361142233e+00 2.352705410821643195e+00 6.761284476602444915e-01 3.238715523397554530e-01
0.000000000000000000e+00 2.366733466933867547e+00 6.757541170676504283e-01 3.242458829323496272e-01
0.000000000000000000e+00 2.380761523046092343e+00 6.752071851098084831e-01 3.247928148901915724e-01
0.000000000000000000e+00 2.394789579158316695e+00 6.744799331777655560e-01 3.255200668222344440e-01
4.601103098559939375e-01 2.408817635270541047e+00 6.741024949632472563e-01 3.258975050367527992e-01
2.182311195107287105e+00 2.422845691382765398e+00 6.737616840505431526e-01 3.262383159494568474e-01
3.804302726455235817e+00 2.436873747494990194e+00 6.731799932745177184e-01 3.268200067254823371e-01
1.865403073118469202e+00 2.450901803607214546e+00 6.725836924578596498e-01 3.274163075421403502e-01
3.778999583201286594e+00 2.464929859719438898e+00 6.722612417123441375e-01 3.277387582876558070e-01
4.797950953455374368e+00 2.478957915831663250e+00 6.716639117351956845e-01 3.283360882648043710e-01
0.000000000000000000e+00 2.492985971943887602e+00 6.713928112981611962e-01 3.286071887018388593e-01
0.000000000000000000e+00 2.507014028056112398e+00 6.707624222384271917e-01 3.292375777615728083e-01
1.121353831683966629e+00 2.521042084168336750e+00 6.703984510905202088e-01 3.296015489094797357e-01
3.816160906667279473e+00 2.535070140280561102e+00 6.699310762417403087e-01 3.300689237582596913e-01
1.249779749675409501e+00 2.549098196392785454e+00 6.693306466847708247e-01 3.306693533152291753e-01
1.476321463877750428e+00 2.563126252505010250e+00 6.690128007828134438e-01 3.309871992171865007e-01
2.062390420509109479e+00 2.577154308617234602e+00 6.684439140722034933e-01 3.315560859277963957e-01
2.029009003177451920e+00 2.591182364729458953e+00 6.677938211165137528e-01 3.322061788834861362e-01
1.844801904697968453e+00 2.605210420841683305e+00 6.674085049054104823e-01 3.325914950945895732e-01
1.641265229470127540e+00 2.619238476953907657e+00 6.670445668533995232e-01 3.329554331466005324e-01
4.770624647200523150e+00 2.633266533066132453e+00 6.665602629883453645e-01 3.334397370116546910e-01
2.211186949743733976e+00 2.647294589178356805e+00 6.660983675327367681e-01 3.339016324672631764e-01
5.195843755259230966e-14 2.661322645290581157e+00 6.655222750494855788e-01 3.344777249505144767e-01
0.000000000000000000e+00 2.675350701402805509e+00 6.649301168958547947e-01 3.350698831041452608e-01
4.232152429857409526e-03 2.689378757515030305e+00 6.643989464270656509e-01 3.356010535729343491e-01
4.018107554802856640e-01 2.703406813627254657e+00 6.640288639389849701e-01 3.359711360610149744e-01
3.019473646849339499e+00 2.717434869739479009e+00 6.636632733459660871e-01 3.363367266540339684e-01
4.190558939158591123e+00 2.731462925851703361e+00 6.630887141457301182e-01 3.369112858542698263e-01
0.000000000000000000e+00 2.745490981963927712e+00 6.626562575760355234e-01 3.373437424239644766e-01
9.223732889011186650e-13 2.759519038076152508e+00 6.620136654853718827e-01 3.379863345146280063e-01
1.960791240622737686e+00 2.773547094188376860e+00 6.617081194631732055e-01 3.382918805368267945e-01
2.386315726231651002e+00 2.787575150300601212e+00 6.611146093466679918e-01 3.388853906533320082e-01
3.384081702444530215e+00 2.801603206412825564e+00 6.607676790627040608e-01 3.392323209372959947e-01
0.000000000000000000e+00 2.815631262525050360e+00 6.601015927004223460e-01 3.398984072995776540e-01
0.000000000000000000e+00 2.829659318637274712e+00 6.597233215673564688e-01 3.402766784326435867e-01
3.047512462045779191e+00 2.843687374749499064e+00 6.593650788453333522e-01 3.406349211546665923e-01
4.296278986120127819e+00 2.857715430861723416e+00 6.588088748788564208e-01 3.411911251211435236e-01
4.432443945535886054e-01 2.871743486973947768e+00 6.581667565969476774e-01 3.418332434030523226e-01
0.000000000000000000e+00 2.885771543086172564e+00 6.578425883012805064e-01 3.421574116987193825e-01
4.655797701609549755e+00 2.899799599198396916e+00 6.574694263746834189e-01 3.425305736253165811e-01
4.495494657032906433e-03 2.913827655310621267e+00 6.569018732192726251e-01 3.430981267807274304e-01
2.672293333005986149e+00 2.927855711422845619e+00 6.565664503585844081e-01 3.434335496414155364e-01
0.000000000000000000e+00 2.941883767535069971e+00 6.561059150302005483e-01 3.438940849697993962e-01
1.857128772743548595e+00 2.955911823647294767e+00 6.557254185809254787e-01 3.442745814190744102e-01
1.972778498566346794e+00 2.969939879759519119e+00 6.552766613979200683e-01 3.447233386020799317e-01
1.950639334703845595e-01 2.983967935871743471e+00 6.545965599265752832e-01 3.454034400734247723e-01
3.335637661618601868e+00 2.997995991983967823e+00 6.544183152583611385e-01 3.455816847416388615e-01
9.732758277589343976e-01 3.012024048096192175e+00 6.537546395811739686e-01 3.462453604188259204e-01
4.420337941056240894e+00 3.026052104208416971e+00 6.534746947021730090e-01 3.465253052978269910e-01
0.000000000000000000e+00 3.040080160320641767e+00 6.529052755069676417e-01 3.470947244930324138e-01
0.000000000000000000e+00 3.054108216432865675e+00 6.525628776142956555e-01 3.474371223857043445e-01
2.442278425665706632e+00 3.068136272545090470e+00 6.521142670411819164e-01 3.478857329588180836e-01
3.463895836836487536e-14 3.082164328657314378e+00 6.515715199270354363e-01 3.484284800729645082e-01
2.754039333454973537e+00 3.096192384769539174e+00 6.513085447615669654e-01 3.486914552384329791e-01
1.319163491182296255e+00 3.110220440881763970e+00 6.508191746249556431e-01 3.491808253750443569e-01
1.064083184398797038e-01 3.124248496993987878e+00 6.504242896261949181e-01 3.495757103738050819e-01
3.601206815436685638e+00 3.138276553106212674e+00 6.500742984480465392e-01 3.499257015519534608e-01
0.000000000000000000e+00 3.152304609218436582e+00 6.497527762642798521e-01 3.502472237357201479e-01
2.944880940109023904e+00 3.166332665330661378e+00 6.491321458580394665e-01 3.508678541419604779e-01
1.537503780802656150e+00 3.180360721442886174e+00 6.486879757719035133e-01 3.513120242280965977e-01
1.303481255472714428e+00 3.194388777555110082e+00 6.484232457689833584e-01 3.515767542310167526e-01
7.962268344534368936e-01 3.208416833667334878e+00 6.481913750384985518e-01 3.518086249615014482e-01
4.502872202692423720e+00 3.222444889779558785e+00 6.475841268654243255e-01 3.524158731345757301e-01
2.017908090680033517e+00 3.236472945891783581e+00 6.472124721933102398e-01 3.527875278066897602e-01
3.635665859094108221e+00 3.250501002004008377e+00 6.468845812286518893e-01 3.531154187713481662e-01
3.201248062571907579e-03 3.264529058116232285e+00 6.466334067817600673e-01 3.533665932182398772e-01
3.216036419200010450e-03 3.278557114228457081e+00 6.461272408803554468e-01 3.538727591196446642e-01
3.516700427151376207e+00 3.292585170340680989e+00 6.457941554293471498e-01 3.542058445706527392e-01
3.592462706226912661e-01 3.306613226452905785e+00 6.455898031053680652e-01 3.544101968946318237e-01
1.567422076863377978e+00 3.320641282565130581e+00 6.451529398902284829e-01 3.548470601097715171e-01
1.571856310508108479e+00 3.334669338677354489e+00 6.449133323465836565e-01 3.550866676534163990e-01
2.821340882699916897e+00 3.348697394789579285e+00 6.443753456880320085e-01 3.556246543119679360e-01
4.715774738907192898e+00 3.362725450901804081e+00 6.441080993476459016e-01 3.558919006523539874e-01
3.738347006959231500e+00 3.376753507014027988e+00 6.438101141133996119e-01 3.561898858866002771e-01
6.433365822355592289e-01 3.390781563126252784e+00 6.434804721336686573e-01 3.565195278663314538e-01
0.000000000000000000e+00 3.404809619238476692e+00 6.431002347407209774e-01 3.568997652592790781e-01
4.126822375994342096e+00 3.418837675350701488e+00 6.426637698798983722e-01 3.573362301201016833e-01
3.033871350610270134e+00 3.432865731462926284e+00 6.423048958253834151e-01 3.576951041746165294e-01
0.000000000000000000e+00 3.446893787575150192e+00 6.420818916023852685e-01 3.579181083976148425e-01
1.895320096150283184e+00 3.460921843687374988e+00 6.419765042716495396e-01 3.580234957283505159e-01
3.786406873002063911e+00 3.474949899799598896e+00 6.415745942212364161e-01 3.584254057787634729e-01
0.000000000000000000e+00 3.488977955911823692e+00 6.411976338533071917e-01 3.588023661466928083e-01
0.000000000000000000e+00 3.503006012024048488e+00 6.410773351552117028e-01 3.589226648447882417e-01
3.256324973232466082e-03 3.517034068136272396e+00 6.405129464479785151e-01 3.594870535520214849e-01
2.664535259100730684e-15 3.531062124248497192e+00 6.403974367809537327e-01 3.596025632190463228e-01
3.430167320172613164e-10 3.545090180360721099e+00 6.399803113115629660e-01 3.600196886884370895e-01
0.000000000000000000e+00 3.559118236472945895e+00 6.397967063230478590e-01 3.602032936769521410e-01
0.000000000000000000e+00 3.573146292585170691e+00 6.394398065952436871e-01 3.605601934047563684e-01
0.000000000000000000e+00 3.587174348697394599e+00 6.394560591757066925e-01 3.605439408242932520e-01
4.183469888317274510e+00 3.601202404809619395e+00 6.390579826318393275e-01 3.609420173681606725e-01
3.142644586859862699e+00 3.615230460921843303e+00 6.388378453015736147e-01 3.611621546984263853e-01
0.000000000000000000e+00 3.629258517034068099e+00 6.385806351406273507e-01 3.614193648593727048e-01
3.016314209242282551e+00 3.643286573146292895e+00 6.385262691900291943e-01 3.614737308099707502e-01
9.818812430266929196e-13 3.657314629258516803e+00 6.380051814643494801e-01 3.619948185356504644e-01
3.408501093289211248e+00 3.671342685370741599e+00 6.380350150702414069e-01 3.619649849297586486e-01
9.587886041122490462e-13 3.685370741482966395e+00 6.378793013783521371e-01 3.621206986216479184e-01
0.000000000000000000e+00 3.699398797595190302e+00 6.375652191108032163e-01 3.624347808891967282e-01
4.285848595501433600e+00 3.713426853707415098e+00 6.371003850447373162e-01 3.628996149552626838e-01
2.036237377399948478e+00 3.727454909819639006e+00 6.371017277439953164e-01 3.628982722560047391e-01
0.000000000000000000e+00 3.741482965931863802e+00 6.368755044917751018e-01 3.631244955082248982e-01
3.165934331133148483e+00 3.755511022044088598e+00 6.367545871418365255e-01 3.632454128581635300e-01
2.737227238080505387e+00 3.769539078156312506e+00 6.367424842670469376e-01 3.632575157329531179e-01
1.966662451919594989e+00 3.783567134268537302e+00 6.364570405762179917e-01 3.635429594237820083e-01
0.000000000000000000e+00 3.797595190380761210e+00 6.364078393595066219e-01 3.635921606404932671e-01
0.000000000000000000e+00 3.811623246492986006e+00 6.359062250404199368e-01 3.640937749595800077e-01
0.000000000000000000e+00 3.825651302605210802e+00 6.358589368936891084e-01 3.641410631063110026e-01
1.968629860766377249e+00 3.839679358717434710e+00 6.357394915591694229e-01 3.642605084408306881e-01
3.363310275697313223e+00 3.853707414829659506e+00 6.354745471760930853e-01 3.645254528239068592e-01
0.000000000000000000e+00 3.867735470941883413e+00 6.352737742438560042e-01 3.647262257561439958e-01
3.227146076881072023e+00 3.881763527054108209e+00 6.353077882446760416e-01 3.646922117553239029e-01
0.000000000000000000e+00 3.895791583166333005e+00 6.351328931242039566e-01 3.648671068757959879e-01
6.597497302155379550e-01 3.909819639278556913e+00 6.352335042027945633e-01 3.647664957972054367e-01
2.959508793228512680e+00 3.923847695390781709e+00 6.350760961449248843e-01 3.649239038550751157e-01
4.235900484612633576e+00 3.937875751503005617e+00 6.350044268662767832e-01 3.649955731337231613e-01
5.750421087871471215e-01 3.951903807615230413e+00 6.346724978224408398e-01 3.653275021775591602e-01
0.000000000000000000e+00 3.965931863727455209e+00 6.347852960447696313e-01 3.652147039552304242e-01
4.781596732507739311e+00 3.979959919839679117e+00 6.345821482962407112e-01 3.654178517037592333e-01
4.124547488214263424e+00 3.993987975951903913e+00 6.344796579454908825e-01 3.655203420545091175e-01
3.832306676465676354e+00 4.008016032064128709e+00 6.343517438481626192e-01 3.656482561518374363e-01
3.992798802003761693e+00 4.022044088176352616e+00 6.343963471354312489e-01 3.656036528645686956e-01
8.485140164569857646e-01 4.036072144288577412e+00 6.341160900285289781e-01 3.658839099714709109e-01
4.609984954488828279e+00 4.050100200400801320e+00 6.343202610310076928e-01 3.656797389689924183e-01
6.910868933698991775e-09 4.064128256513026116e+00 6.342259274477036746e-01 3.657740725522962699e-01
8.593830307140022384e-01 4.078156312625250912e+00 6.342774418223258159e-01 3.657225581776742396e-01
8.521501580033885581e-01 4.092184368737474820e+00 6.342905749030778306e-01 3.657094250969221139e-01
0.000000000000000000e+00 4.106212424849699616e+00 6.339976400224186515e-01 3.660023599775812930e-01
0.000000000000000000e+00 4.120240480961923524e+00 6.339703622059826849e-01 3.660296377940172596e-01
0.000000000000000000e+00 4.134268537074148320e+00 6.339254104478763141e-01 3.660745895521235749e-01
2.581770492900389069e+00 4.148296593186373116e+00 6.339764862427329506e-01 3.660235137572669939e-01
0.000000000000000000e+00 4.162324649298597024e+00 6.342617814946482913e-01 3.657382185053517643e-01
4.760679816377605178e+00 4.176352705410821819e+00 6.339762374684535517e-01 3.660237625315463927e-01
2.362948018734927478e-06 4.190380761523045727e+00 6.341132410072622960e-01 3.658867589927377595e-01
3.896026107512950976e+00 4.204408817635270523e+00 6.339880225449536777e-01 3.660119774550463223e-01
1.928388925491630879e+00 4.218436873747495319e+00 6.341429299324635727e-01 3.658570700675363718e-01
1.798815168099309414e+00 4.232464929859719227e+00 6.339176884788081390e-01 3.660823115211918610e-01
1.213280666318761636e+00 4.246492985971944023e+00 6.339289394491337548e-01 3.660710605508662452e-01
4.737280135602020276e-09 4.260521042084168819e+00 6.342528770022332063e-01 3.657471229977667937e-01
0.000000000000000000e+00 4.274549098196392727e+00 6.339330224748664921e-01 3.660669775251336189e-01
0.000000000000000000e+00 4.288577154308617523e+00 6.340286348854605736e-01 3.659713651145394264e-01
2.873257596328546271e+00 4.302605210420841431e+00 6.342081570081689046e-01 3.657918429918310954e-01
2.723292256587672711e+00 4.316633266533066227e+00 6.344697930106126815e-01 3.655302069893872630e-01
2.083854541270063088e+00 4.330661322645291023e+00 6.342420010417110232e-01 3.657579989582890323e-01
0.000000000000000000e+00 4.344689378757514930e+00 6.344656577909263406e-01 3.655343422090736594e-01
2.916997264204307605e+00 4.358717434869739726e+00 6.344841477057803214e-01 3.655158522942197896e-01
1.556984156699785515e+00 4.372745490981963634e+00 6.345388314278778141e-01 3.654611685721222414e-01
2.770471161223587497e+00 4.386773547094188430e+00 6.345910503107098366e-01 3.654089496892901634e-01
0.000000000000000000e+00 4.400801603206413226e+00 6.347431427795411363e-01 3.652568572204589747e-01
0.000000000000000000e+00 4.414829659318637134e+00 6.347831329252328070e-01 3.652168670747671930e-01
1.819087388381129600e+00 4.428857715430861930e+00 6.348869764850342268e-01 3.651130235149658287e-01
0.000000000000000000e+00 4.442885771543085838e+00 6.348436394662945181e-01 3.651563605337054819e-01
4.788141215158659314e+00 4.456913827655310634e+00 6.351469958656855708e-01 3.648530041343143737e-01
0.000000000000000000e+00 4.470941883767535430e+00 6.352017762155071079e-01 3.647982237844928921e-01
2.387423592438926195e-12 4.484969939879759337e+00 6.352100882691888994e-01 3.647899117308110450e-01
0.000000000000000000e+00 4.498997995991984133e+00 6.354218308367032275e-01 3.645781691632967170e-01
0.000000000000000000e+00 4.513026052104208041e+00 6.354596093150639557e-01 3.645403906849360998e-01
0.000000000000000000e+00 4.527054108216432837e+00 6.356234416472483773e-01 3.643765583527515117e-01
2.010954716217016342e-09 4.541082164328657633e+00 6.357968067526452716e-01 3.642031932473548395e-01
0.000000000000000000e+00 4.555110220440881541e+00 6.360452406493865007e-01 3.639547593506134993e-01
0.000000000000000000e+00 4.569138276553106337e+00 6.361951044160651936e-01 3.638048955839348064e-01
0.000000000000000000e+00 4.583166332665331133e+00 6.361017259153078918e-01 3.638982740846921082e-01
3.929701724608649194e+00 4.597194388777555041e+00 6.363883749544895219e-01 3.636116250455103671e-01
4.671703393987060693e+00 4.611222444889779837e+00 6.366178767410807238e-01 3.633821232589192207e-01
4.830404793940380692e+00 4.625250501002003745e+00 6.367208118554272822e-01 3.632791881445727178e-01
4.712587136394694731e+00 4.639278557114228541e+00 6.366833446073630887e-01 3.633166553926369113e-01
1.407762795234607596e-13 4.653306613226453337e+00 6.368872532679713538e-01 3.631127467320287572e-01
4.838012495210155961e-09 4.667334669338677244e+00 6.372515782432580655e-01 3.627484217567419900e-01
4.113145562044580039e+00 4.681362725450902040e+00 6.372029560346879062e-01 3.627970439653122048e-01
3.588573775381453501e+00 4.695390781563125948e+00 6.374824995581256371e-01 3.625175004418744185e-01
3.923334786303079635e+00 4.709418837675350744e+00 6.375920480313667094e-01 3.624079519686334017e-01
1.598721155473004965e-13 4.723446893787575540e+00 6.377488775597824899e-01 3.622511224402174546e-01
2.666679982994686782e+00 4.737474949899799448e+00 6.380479134226357818e-01 3.619520865773641072e-01
2.727194974899168400e+00 4.751503006012024244e+00 6.383059238172943406e-01 3.616940761827057149e-01
0.000000000000000000e+00 4.765531062124248152e+00 6.382862586013287043e-01 3.617137413986713512e-01
1.836901520155045819e+00 4.779559118236472948e+00 6.386593317500324218e-01 3.613406682499675227e-01
1.745165669326094081e-08 4.793587174348697744e+00 6.386835848848161357e-01 3.613164151151838088e-01
4.088516275848621664e-10 4.807615230460921651e+00 6.389721373561894069e-01 3.610278626438106486e-01
3.901151162477266343e+00 4.821643286573146447e+00 6.392182517348912185e-01 3.607817482651087260e-01
0.000000000000000000e+00 4.835671342685371243e+00 6.393662070027531508e-01 3.606337929972469603e-01
0.000000000000000000e+00 4.849699398797595151e+00 6.394129342037457864e-01 3.605870657962543246e-01
1.698450537287035100e+00 4.863727454909819947e+00 6.398564070396313141e-01 3.601435929603687414e-01
3.786597649599489301e+00 4.877755511022043855e+00 6.400559229412300377e-01 3.599440770587700178e-01
1.759008682314301630e+00 4.891783567134268651e+00 6.403965514697093075e-01 3.596034485302906369e-01
0.000000000000000000e+00 4.905811623246493447e+00 6.405247901418869017e-01 3.594752098581130983e-01
2.580997167830521910e+00 4.919839679358717355e+00 6.405167093647579080e-01 3.594832906352422031e-01
0.000000000000000000e+00 4.933867735470942151e+00 6.408992422623999152e-01 3.591007577376000848e-01
0.000000000000000000e+00 4.947895791583166059e+00 6.410948361685424590e-01 3.589051638314575410e-01
3.949010100362686515e+00 4.961923847695390855e+00 6.414504774305546109e-01 3.585495225694454446e-01
0.000000000000000000e+00 4.975951903807615651e+00 6.415827349486670217e-01 3.584172650513330338e-01
4.242865590939157493e-06 4.989979959919839558e+00 6.418348600465911824e-01 3.581651399534088176e-01
4.382059315082842410e+00 5.004008016032064354e+00 6.417898471873731969e-01 3.582101528126267476e-01
4.220175039527641836e+00 5.018036072144288262e+00 6.422481970600699697e-01 3.577518029399299193e-01
1.981596910478224061e+00 5.032064128256513058e+00 6.425258014853058031e-01 3.574741985146940859e-01
0.000000000000000000e+00 5.046092184368737854e+00 6.426549062694222325e-01 3.573450937305778230e-01
0.000000000000000000e+00 5.060120240480961762e+00 6.429376344178928671e-01 3.570623655821071885e-01
0.000000000000000000e+00 5.074148296593186558e+00 6.431832065304279311e-01 3.568167934695720689e-01
0.000000000000000000e+00 5.088176352705410466e+00 6.433543182164617180e-01 3.566456817835382265e-01
0.000000000000000000e+00 5.102204408817635262e+00 6.435948462233133105e-01 3.564051537766866340e-01
0.000000000000000000e+00 5.116232464929860058e+00 6.440145964318750860e-01 3.559854035681249140e-01
4.565662021473838372e+00 5.130260521042083965e+00 6.442980202228463238e-01 3.557019797771536762e-01
1.872008375061954055e+00 5.144288577154308761e+00 6.443224488429681873e-01 3.556775511570319237e-01
3.808974306401627332e-09 5.158316633266533557e+00 6.445955129233008618e-01 3.554044870766992492e-01
0.000000000000000000e+00 5.172344689378757465e+00 6.449804145230165764e-01 3.550195854769833126e-01
3.207840767643380886e+00 5.186372745490982261e+00 6.449461732734350639e-01 3.550538267265649917e-01
0.000000000000000000e+00 5.200400801603206169e+00 6.456481623667137404e-01 3.543518376332861486e-01
4.505669665570069427e+00 5.214428857715430965e+00 6.457202362847955790e-01 3.542797637152044210e-01
2.418560348170944341e+00 5.228456913827655761e+00 6.458972044773920729e-01 3.541027955226080381e-01
4.254869361195763311e+00 5.242484969939879669e+00 6.461787827777016879e-01 3.538212172222982566e-01
4.866259777063646652e+00 5.256513026052104465e+00 6.463736392861051394e-01 3.536263607138949161e-01
1.823707093522594302e+00 5.270541082164328373e+00 6.468296433007032498e-01 3.531703566992967502e-01
0.000000000000000000e+00 5.284569138276553169e+00 6.470346970475026049e-01 3.529653029524974506e-01
0.000000000000000000e+00 5.298597194388777964e+00 6.470610313624853838e-01 3.529389686375147273e-01
3.945755501193367376e+00 5.312625250501001872e+00 6.473692586536409221e-01 3.526307413463591334e-01
0.000000000000000000e+00 5.326653306613226668e+00 6.475786316514153818e-01 3.524213683485846182e-01
3.077859519870084437e+00 5.340681362725450576e+00 6.477647059677558161e-01 3.522352940322441839e-01
3.604933819569248854e+00 5.354709418837675372e+00 6.480599450733341982e-01 3.519400549266658573e-01
3.548776365267437782e+00 5.368737474949900168e+00 6.483479234647696599e-01 3.516520765352303401e-01
0.000000000000000000e+00 5.382765531062124076e+00 6.487031315987940028e-01 3.512968684012059417e-01
0.000000000000000000e+00 5.396793587174348872e+00 6.486988512357252379e-01 3.513011487642748176e-01
0.000000000000000000e+00 5.410821643286572780e+00 6.490630909994090647e-01 3.509369090005908798e-01
2.780231262047171636e+00 5.424849699398797576e+00 6.493377238174855570e-01 3.506622761825144430e-01
2.803207879129168578e+00 5.438877755511022372e+00 6.494963109729239292e-01 3.505036890270760153e-01
3.312854045300909434e+00 5.452905811623246279e+00 6.497228148284034388e-01 3.502771851715965057e-01
0.000000000000000000e+00 5.466933867735471075e+00 6.499985898506441817e-01 3.500014101493558183e-01
7.233893368108283706e-02 5.480961923847695871e+00 6.502222701958064732e-01 3.497777298041936378e-01
3.318183332181392498e+00 5.494989979959919779e+00 6.503648349971883347e-01 3.496351650028115543e-01
4.660745371908880941e+00 5.509018036072144575e+00 6.507739448905982549e-01 3.492260551094017451e-01
4.251430208736165284e+00 5.523046092184368483e+00 6.507699189565233633e-01 3.492300810434765812e-01
0.000000000000000000e+00 5.537074148296593279e+00 6.512319715274739185e-01 3.487680284725260815e-01
3.308818793408190295e+00 5.551102204408818075e+00 6.511601111121581020e-01 3.488398888878418425e-01
0.000000000000000000e+00 5.565130260521041983e+00 6.515964919641218378e-01 3.484035080358782177e-01
4.241080116481204421e+00 5.579158316633266779e+00 6.516713121449988488e-01 3.483286878550011512e-01
4.212794535390445259e-04 5.593186372745490686e+00 6.521021842889206388e-01 3.478978157110792502e-01
0.000000000000000000e+00 5.607214428857715482e+00 6.520781207997410345e-01 3.479218792002590210e-01
3.659531321575748564e+00 5.621242484969940278e+00 6.525903685365632700e-01 3.474096314634366744e-01
0.000000000000000000e+00 5.635270541082164186e+00 6.527741744546587954e-01 3.472258255453412046e-01
0.000000000000000000e+00 5.649298597194388982e+00 6.529801515673411272e-01 3.470198484326589283e-01
0.000000000000000000e+00 5.663326653306612890e+00 6.533020737081249862e-01 3.466979262918749582e-01
4.180368100397219067e+00 5.677354709418837686e+00 6.533304423545021056e-01 3.466695576454978944e-01
3.884162973764580862e+00 5.691382765531062482e+00 6.537562378911648819e-01 3.462437621088352291e-01
4.167312827269265441e+00 5.705410821643286390e+00 6.537386747494208228e-01 3.462613252505791217e-01
3.142213304292770459e+00 5.719438877755511186e+00 6.538090938718901235e-01 3.461909061281098765e-01
3.077053751346030097e+00 5.733466933867735094e+00 6.539039903253516250e-01 3.460960096746484305e-01
2.854772363561082660e+00 5.747494989979959890e+00 6.542518142208481047e-01 3.457481857791518953e-01
0.000000000000000000e+00 5.761523046092184686e+00 6.544489303057703378e-01 3.455510696942296067e-01
0.000000000000000000e+00 5.775551102204408593e+00 6.545371194893733202e-01 3.454628805106267353e-01
0.000000000000000000e+00 5.789579158316633389e+00 6.549713333408371252e-01 3.450286666591628193e-01
4.160546779898853131e+00 5.803607214428858185e+00 6.550263621896024180e-01 3.449736378103975265e-01
0.000000000000000000e+00 5.817635270541082093e+00 6.551445823605555052e-01 3.448554176394444948e-01
4.933304867789470305e-01 5.831663326653306889e+00 6.552368003110748962e-01 3.447631996889251593e-01
4.809982305049741669e+00 5.845691382765530797e+00 6.556071842003616812e-01 3.443928157996383743e-01
0.000000000000000000e+00 5.859719438877755593e+00 6.555685145552767601e-01 3.444314854447232399e-01
0.000000000000000000e+00 5.873747494989980389e+00 6.560402674130804135e-01 3.439597325869195310e-01
0.000000000000000000e+00 5.887775551102204297e+00 6.558906978449491332e-01 3.441093021550509223e-01
0.000000000000000000e+00 5.901803607214429093e+00 6.560157579154206609e-01 3.439842420845792836e-01
0.000000000000000000e+00 5.915831663326653000e+00 6.563105458375363410e-01 3.436894541624637700e-01
0.000000000000000000e+00 5.929859719438877796e+00 6.564439681512227454e-01 3.435560318487771436e-01
2.087219286297472499e-14 5.943887775551102592e+00 6.563641579677449434e-01 3.436358420322550566e-01
0.000000000000000000e+00 5.957915831663326500e+00 6.566590513583253630e-01 3.433409486416746925e-01
4.334998493000010278e+00 5.971943887775551296e+00 6.568248835427765719e-01 3.431751164572234281e-01
0.000000000000000000e+00 5.985971943887775204e+00 6.569390252236922967e-01 3.430609747763077033e-01
0.000000000000000000e+00 6.000000000000000000e+00 6.570961804803210349e-01 3.429038195196790206e-01
